42.95 1250 44.27 1180 45.61 1110 47.00 1040 48.44 970 49.91 900
42.97 1249 44.29 1179 45.63 1109 47.02 1039 48.46 969 49.94 899
42.98 1248 44.30 1178 45.65 1108 47.04 1038 48.48 968 49.96 898
43.00 1247 44.32 1177 45.68 1107 47.06 1037 48.50 967 49.98 897
43.02 1246 44.34 1176 45.70 1106 47.08 1036 48.52 966 50.01 896
43.04 1245 44.36 1175 45.72 1105 47.11 1035 48.54 965 50.03 895
43.07 1244 44.38 1174 45.74 1104 47.13 1034 48.57 964 50.05 894
43.08 1243 44.40 1173 45.75 1103 47.15 1033 48.59 963 50.07 893
43.10 1242 44.41 1172 45.77 1102 47.17 1032 48.61 962 50.09 892
43.12 1241 44.43 1171 45.79 1101 47.19 1031 48.63 961 50.11 891
43.14 1240 44.45 1170 45.81 1100 47.21 1030 48.65 960 50.13 890
43.16 1239 44.47 1169 45.83 1099 47.23 1029 48.67 959 50.15 889
43.17 1238 44.49 1168 45.85 1098 47.25 1028 48.69 958 50.17 888
43.19 1237 44.52 1167 45.87 1097 47.27 1027 48.71 957 50.19 887
43.21 1236 44.54 1166 45.89 1096 47.29 1026 48.73 956 50.22 886
43.23 1235 44.55 1165 45.91 1095 47.31 1025 48.75 955 50.24 885
43.25 1234 44.57 1164 45.93 1094 47.33 1024 48.77 954 50.26 884
43.26 1233 44.59 1163 45.94 1093 47.35 1023 48.79 953 50.29 883
43.28 1232 44.61 1162 45.97 1092 47.36 1022 48.81 952 50.31 882
43.30 1231 44.63 1161 45.99 1091 47.38 1021 48.83 951 50.33 881
43.32 1230 44.65 1160 46.01 1090 47.41 1020 48.86 950 50.35 880
43.34 1229 44.67 1159 46.03 1089 47.43 1019 48.88 949 50.37 879
43.36 1228 44.68 1158 46.05 1088 47.45 1018 48.90 948 50.39 878
43.38 1227 44.70 1157 46.07 1087 47.47 1017 48.92 947 50.41 877
43.40 1226 44.72 1156 46.09 1086 47.49 1016 48.94 946 50.44 876
43.42 1225 44.74 1155 46.11 1085 47.51 1015 48.96 945 50.46 875
43.44 1224 44.76 1154 46.13 1084 47.53 1014 48.98 944 50.48 874
43.45 1223 44.78 1153 46.14 1083 47.55 1013 49.00 943 50.50 873
43.47 1222 44.81 1152 46.16 1082 47.57 1012 49.02 942 50.52 872
43.49 1221 44.82 1151 46.18 1081 47.59 1011 49.04 941 50.54 871
43.51 1220 44.84 1150 46.20 1080 47.61 1010 49.06 940 50.56 870
43.53 1219 44.86 1149 46.22 1079 47.63 1009 49.08 939 50.59 869
43.54 1218 44.88 1148 46.25 1078 47.65 1008 49.10 938 50.61 868
43.56 1217 44.90 1147 46.27 1077 47.67 1007 49.12 937 50.63 867
43.58 1216 44.92 1146 46.29 1076 47.70 1006 49.15 936 50.66 866
43.60 1215 44.94 1145 46.31 1075 47.72 1005 49.17 935 50.68 865
43.62 1214 44.95 1144 46.33 1074 47.74 1004 49.19 934 50.70 864
43.63 1213 44.97 1143 46.35 1073 47.76 1003 49.22 933 50.72 863
43.66 1212 44.99 1142 46.37 1072 47.78 1002 49.24 932 50.74 862
43.68 1211 45.01 1141 46.38 1071 47.80 1001 49.26 931 50.76 861
43.70 1210 45.03 1140 46.40 1070 47.82 1000 49.28 930 50.78 860
43.72 1209 45.05 1139 46.42 1069 47.84 999 49.30 929 50.80 859
43.74 1208 45.07 1138 46.44 1068 47.86 998 49.32 928 50.83 858
43.75 1207 45.09 1137 46.46 1067 47.88 997 49.34 927 50.85 857
43.77 1206 45.11 1136 46.48 1066 47.90 996 49.36 926 50.88 856
43.79 1205 45.13 1135 46.50 1065 47.92 995 49.38 925 50.90 855
43.81 1204 45.15 1134 46.52 1064 47.94 994 49.40 924 50.92 854
43.83 1203 45.17 1133 46.55 1063 47.96 993 49.43 923 50.94 853
43.84 1202 45.19 1132 46.57 1062 47.99 992 49.45 922 50.96 852
43.86 1201 45.21 1131 46.59 1061 48.01 991 49.47 921 50.98 851
43.88 1200 45.23 1130 46.61 1060 48.03 990 49.49 920 51.00 850
43.90 1199 45.24 1129 46.63 1059 48.05 989 49.51 919 51.03 849
43.92 1198 45.26 1128 46.64 1058 48.07 988 49.53 918 51.05 848
43.95 1197 45.28 1127 46.66 1057 48.09 987 49.55 917 51.07 847
43.96 1196 45.30 1126 46.68 1056 48.11 986 49.57 916 51.09 846
43.98 1195 45.32 1125 46.70 1055 48.13 985 49.59 915 51.11 845
44.00 1194 45.34 1124 46.72 1054 48.15 984 49.61 914 51.13 844
44.02 1193 45.36 1123 46.74 1053 48.17 983 49.64 913 51.16 843
44.04 1192 45.39 1122 46.76 1052 48.19 982 49.66 912 51.19 842
44.06 1191 45.40 1121 46.78 1051 48.21 981 49.68 911 51.21 841
44.07 1190 45.42 1120 46.80 1050 48.23 980 49.70 910 51.23 840
44.09 1189 45.44 1119 46.83 1049 48.25 979 49.73 909 51.25 839
44.11 1188 45.46 1118 46.85 1048 48.28 978 49.75 908 51.27 838
44.13 1187 45.48 1117 46.87 1047 48.30 977 49.77 907 51.29 837
44.15 1186 45.50 1116 46.89 1046 48.32 976 49.79 906 51.31 836
44.17 1185 45.52 1115 46.91 1045 48.34 975 49.81 905 51.34 835
44.18 1184 45.54 1114 46.93 1044 48.36 974 49.83 904 51.36 834
44.20 1183 45.56 1113 46.95 1043 48.38 973 49.85 903 51.38 833
44.23 1182 45.57 1112 46.96 1042 48.40 972 49.87 902 51.40 832
44.25 1181 45.59 1111 46.98 1041 48.42 971 49.89 901 51.42 831
51.45 830 53.04 760 54.70 690 56.43 620 58.26 550 1:00.19 480
51.47 829 53.06 759 54.72 689 56.46 619 58.28 549 1:00.22 479
51.50 828 53.08 758 54.75 688 56.48 618 58.31 548 1:00.25 478
51.52 827 53.11 757 54.77 687 56.51 617 58.33 547 1:00.27 477
51.54 826 53.13 756 54.79 686 56.53 616 58.36 546 1:00.30 476
51.56 825 53.15 755 54.82 685 56.56 615 58.40 545 1:00.33 475
51.58 824 53.18 754 54.84 684 56.58 614 58.42 544 1:00.36 474
51.60 823 53.21 753 54.86 683 56.61 613 58.45 543 1:00.38 473
51.63 822 53.23 752 54.89 682 56.63 612 58.47 542 1:00.42 472
51.65 821 53.25 751 54.92 681 56.67 611 58.50 541 1:00.45 471
51.67 820 53.27 750 54.94 680 56.69 610 58.53 540 1:00.48 470
51.69 819 53.30 749 54.97 679 56.71 609 58.55 539 1:00.51 469
51.71 818 53.32 748 54.99 678 56.74 608 58.58 538 1:00.53 468
51.74 817 53.34 747 55.01 677 56.76 607 58.60 537 1:00.56 467
51.77 816 53.36 746 55.04 676 56.79 606 58.63 536 1:00.59 466
51.79 815 53.39 745 55.06 675 56.81 605 58.66 535 1:00.62 465
51.81 814 53.41 744 55.08 674 56.84 604 58.69 534 1:00.64 464
51.83 813 53.43 743 55.11 673 56.86 603 58.72 533 1:00.67 463
51.85 812 53.45 742 55.13 672 56.89 602 58.75 532 1:00.71 462
51.87 811 53.49 741 55.16 671 56.91 601 58.77 531 1:00.74 461
51.90 810 53.51 740 55.18 670 56.95 600 58.80 530 1:00.77 460
51.92 809 53.53 739 55.21 669 56.97 599 58.82 529 1:00.79 459
51.94 808 53.55 738 55.24 668 57.00 598 58.85 528 1:00.82 458
51.96 807 53.58 737 55.26 667 57.02 597 58.88 527 1:00.85 457
51.98 806 53.60 736 55.28 666 57.05 596 58.90 526 1:00.88 456
52.00 805 53.62 735 55.31 665 57.07 595 58.93 525 1:00.91 455
52.04 804 53.65 734 55.33 664 57.10 594 58.97 524 1:00.94 454
52.06 803 53.67 733 55.36 663 57.12 593 58.99 523 1:00.96 453
52.08 802 53.69 732 55.38 662 57.15 592 59.02 522 1:01.00 452
52.10 801 53.71 731 55.40 661 57.17 591 59.05 521 1:01.03 451
52.12 800 53.74 730 55.43 660 57.20 590 59.07 520 1:01.06 450
52.15 799 53.77 729 55.45 659 57.23 589 59.10 519 1:01.09 449
52.17 798 53.79 728 55.47 658 57.26 588 59.12 518 1:01.11 448
52.19 797 53.81 727 55.51 657 57.28 587 59.15 517 1:01.14 447
52.21 796 53.84 726 55.53 656 57.31 586 59.18 516 1:01.17 446
52.23 795 53.86 725 55.56 655 57.33 585 59.20 515 1:01.20 445
52.26 794 53.88 724 55.58 654 57.36 584 59.23 514 1:01.23 444
52.28 793 53.91 723 55.60 653 57.38 583 59.27 513 1:01.26 443
52.30 792 53.93 722 55.63 652 57.41 582 59.29 512 1:01.30 442
52.33 791 53.95 721 55.65 651 57.43 581 59.32 511 1:01.32 441
52.35 790 53.97 720 55.68 650 57.46 580 59.35 510 1:01.35 440
52.38 789 54.00 719 55.70 649 57.48 579 59.37 509 1:01.38 439
52.40 788 54.02 718 55.72 648 57.52 578 59.40 508 1:01.41 438
52.42 787 54.05 717 55.75 647 57.55 577 59.43 507 1:01.44 437
52.44 786 54.08 716 55.77 646 57.57 576 59.46 506 1:01.47 436
52.46 785 54.10 715 55.81 645 57.60 575 59.48 505 1:01.50 435
52.49 784 54.12 714 55.83 644 57.62 574 59.51 504 1:01.52 434
52.51 783 54.15 713 55.85 643 57.65 573 59.55 503 1:01.55 433
52.53 782 54.17 712 55.88 642 57.67 572 59.57 502 1:01.59 432
52.55 781 54.19 711 55.90 641 57.70 571 59.60 501 1:01.62 431
52.57 780 54.21 710 55.93 640 57.72 570 59.63 500 1:01.65 430
52.61 779 54.24 709 55.95 639 57.75 569 59.65 499 1:01.68 429
52.63 778 54.26 708 55.98 638 57.77 568 59.68 498 1:01.71 428
52.65 777 54.28 707 56.00 637 57.81 567 59.71 497 1:01.74 427
52.67 776 54.31 706 56.02 636 57.83 566 59.73 496 1:01.77 426
52.69 775 54.34 705 56.05 635 57.86 565 59.76 495 1:01.79 425
52.72 774 54.36 704 56.08 634 57.89 564 59.79 494 1:01.82 424
52.74 773 54.39 703 56.11 633 57.91 563 59.83 493 1:01.86 423
52.76 772 54.41 702 56.13 632 57.94 562 59.85 492 1:01.89 422
52.78 771 54.43 701 56.16 631 57.96 561 59.88 491 1:01.92 421
52.81 770 54.46 700 56.18 630 57.99 560 59.91 490 1:01.95 420
52.83 769 54.48 699 56.20 629 58.01 559 59.94 489 1:01.98 419
52.85 768 54.50 698 56.23 628 58.04 558 59.96 488 1:02.01 418
52.87 767 54.53 697 56.25 627 58.07 557 59.99 487 1:02.04 417
52.90 766 54.55 696 56.28 626 58.10 556 1:00.02 486 1:02.07 416
52.93 765 54.57 695 56.30 625 58.13 555 1:00.04 485 1:02.10 415
52.95 764 54.60 694 56.33 624 58.15 554 1:00.07 484 1:02.14 414
52.97 763 54.63 693 56.36 623 58.18 553 1:00.10 483 1:02.17 413
52.99 762 54.65 692 56.39 622 58.20 552 1:00.14 482 1:02.19 412
53.02 761 54.68 691 56.41 621 58.23 551 1:00.16 481 1:02.22 411
1:02.25 410 1:04.44 341 1:06.85 272 1:09.55 203 1:12.70 134 1:16.73 65
1:02.28 409 1:04.48 340 1:06.89 271 1:09.59 202 1:12.75 133 1:16.80 64
1:02.31 408 1:04.52 339 1:06.93 270 1:09.63 201 1:12.80 132 1:16.88 63
1:02.34 407 1:04.55 338 1:06.96 269 1:09.68 200 1:12.86 131 1:16.95 62
1:02.37 406 1:04.58 337 1:07.00 268 1:09.72 199 1:12.91 130 1:17.01 61
1:02.40 405 1:04.61 336 1:07.03 267 1:09.76 198 1:12.96 129 1:17.08 60
1:02.44 404 1:04.65 335 1:07.08 266 1:09.80 197 1:13.01 128 1:17.15 59
1:02.47 403 1:04.68 334 1:07.11 265 1:09.84 196 1:13.06 127 1:17.23 58
1:02.50 402 1:04.71 333 1:07.15 264 1:09.89 195 1:13.11 126 1:17.31 57
1:02.53 401 1:04.75 332 1:07.19 263 1:09.93 194 1:13.17 125 1:17.38 56
1:02.56 400 1:04.79 331 1:07.22 262 1:09.98 193 1:13.22 124 1:17.46 55
1:02.59 399 1:04.82 330 1:07.26 261 1:10.02 192 1:13.27 123 1:17.53 54
1:02.62 398 1:04.85 329 1:07.29 260 1:10.06 191 1:13.32 122 1:17.61 53
1:02.65 397 1:04.88 328 1:07.33 259 1:10.10 190 1:13.37 121 1:17.68 52
1:02.68 396 1:04.92 327 1:07.38 258 1:10.14 189 1:13.43 120 1:17.76 51
1:02.72 395 1:04.95 326 1:07.41 257 1:10.19 188 1:13.48 119 1:17.84 50
1:02.75 394 1:04.98 325 1:07.45 256 1:10.24 187 1:13.53 118 1:17.92 49
1:02.78 393 1:05.01 324 1:07.49 255 1:10.28 186 1:13.59 117 1:17.99 48
1:02.81 392 1:05.06 323 1:07.52 254 1:10.32 185 1:13.64 116 1:18.08 47
1:02.84 391 1:05.09 322 1:07.56 253 1:10.36 184 1:13.70 115 1:18.16 46
1:02.87 390 1:05.12 321 1:07.60 252 1:10.41 183 1:13.75 114 1:18.24 45
1:02.90 389 1:05.15 320 1:07.64 251 1:10.45 182 1:13.80 113 1:18.33 44
1:02.93 388 1:05.19 319 1:07.68 250 1:10.49 181 1:13.86 112 1:18.41 43
1:02.96 387 1:05.22 318 1:07.72 249 1:10.54 180 1:13.91 111 1:18.49 42
1:02.99 386 1:05.25 317 1:07.75 248 1:10.59 179 1:13.96 110 1:18.57 41
1:03.03 385 1:05.29 316 1:07.79 247 1:10.63 178 1:14.03 109 1:18.66 40
1:03.06 384 1:05.33 315 1:07.83 246 1:10.67 177 1:14.08 108 1:18.75 39
1:03.09 383 1:05.36 314 1:07.86 245 1:10.71 176 1:14.13 107 1:18.83 38
1:03.12 382 1:05.40 313 1:07.90 244 1:10.76 175 1:14.19 106 1:18.93 37
1:03.15 381 1:05.43 312 1:07.95 243 1:10.81 174 1:14.24 105 1:19.02 36
1:03.18 380 1:05.46 311 1:07.99 242 1:10.85 173 1:14.31 104 1:19.10 35
1:03.21 379 1:05.50 310 1:08.02 241 1:10.90 172 1:14.36 103 1:19.20 34
1:03.24 378 1:05.53 309 1:08.06 240 1:10.94 171 1:14.41 102 1:19.29 33
1:03.28 377 1:05.56 308 1:08.10 239 1:10.99 170 1:14.47 101 1:19.39 32
1:03.32 376 1:05.61 307 1:08.14 238 1:11.03 169 1:14.53 100 1:19.49 31
1:03.35 375 1:05.64 306 1:08.17 237 1:11.07 168 1:14.59 99 1:19.58 30
1:03.38 374 1:05.67 305 1:08.22 236 1:11.13 167 1:14.65 98 1:19.68 29
1:03.41 373 1:05.71 304 1:08.26 235 1:11.17 166 1:14.70 97 1:19.79 28
1:03.44 372 1:05.74 303 1:08.30 234 1:11.22 165 1:14.76 96 1:19.88 27
1:03.47 371 1:05.78 302 1:08.33 233 1:11.26 164 1:14.82 95 1:19.99 26
1:03.50 370 1:05.81 301 1:08.37 232 1:11.30 163 1:14.88 94 1:20.10 25
1:03.53 369 1:05.84 300 1:08.41 231 1:11.35 162 1:14.94 93 1:20.20 24
1:03.56 368 1:05.88 299 1:08.45 230 1:11.40 161 1:15.00 92 1:20.31 23
1:03.60 367 1:05.92 298 1:08.50 229 1:11.45 160 1:15.06 91 1:20.43 22
1:03.63 366 1:05.96 297 1:08.54 228 1:11.49 159 1:15.11 90 1:20.54 21
1:03.67 365 1:05.99 296 1:08.57 227 1:11.54 158 1:15.18 89 1:20.66 20
1:03.70 364 1:06.02 295 1:08.61 226 1:11.58 157 1:15.24 88 1:20.77 19
1:03.73 363 1:06.06 294 1:08.65 225 1:11.63 156 1:15.30 87 1:20.89 18
1:03.76 362 1:06.09 293 1:08.69 224 1:11.68 155 1:15.36 86 1:21.02 17
1:03.79 361 1:06.13 292 1:08.73 223 1:11.73 154 1:15.42 85 1:21.15 16
1:03.82 360 1:06.16 291 1:08.77 222 1:11.78 153 1:15.49 84 1:21.29 15
1:03.85 359 1:06.21 290 1:08.82 221 1:11.82 152 1:15.55 83 1:21.42 14
1:03.89 358 1:06.24 289 1:08.85 220 1:11.87 151 1:15.61 82 1:21.56 13
1:03.93 357 1:06.27 288 1:08.89 219 1:11.91 150 1:15.67 81 1:21.70 12
1:03.96 356 1:06.31 287 1:08.93 218 1:11.97 149 1:15.74 80 1:21.86 11
1:03.99 355 1:06.34 286 1:08.97 217 1:12.02 148 1:15.80 79 1:22.01 10
1:04.02 354 1:06.38 285 1:09.01 216 1:12.06 147 1:15.86 78 1:22.18 9
1:04.05 353 1:06.41 284 1:09.05 215 1:12.11 146 1:15.93 77 1:22.35 8
1:04.08 352 1:06.45 283 1:09.10 214 1:12.16 145 1:15.99 76 1:22.53 7
1:04.11 351 1:06.49 282 1:09.14 213 1:12.20 144 1:16.06 75 1:22.73 6
1:04.15 350 1:06.53 281 1:09.18 212 1:12.26 143 1:16.12 74 1:22.95 5
1:04.19 349 1:06.56 280 1:09.22 211 1:12.31 142 1:16.19 73 1:23.17 4
1:04.22 348 1:06.60 279 1:09.26 210 1:12.36 141 1:16.25 72 1:23.43 3
1:04.25 347 1:06.63 278 1:09.30 209 1:12.40 140 1:16.33 71 1:23.73 2
1:04.28 346 1:06.67 277 1:09.34 208 1:12.45 139 1:16.39 70 1:24.12 1
1:04.31 345 1:06.70 276 1:09.39 207 1:12.50 138 1:16.46 69
1:04.35 344 1:06.74 275 1:09.43 206 1:12.56 137 1:16.52 68
1:04.38 343 1:06.78 274 1:09.47 205 1:12.61 136 1:16.60 67
1:04.41 342 1:06.82 273 1:09.51 204 1:12.65 135 1:16.66 66
