44.33 1250 45.69 1180 47.08 1110 48.51 1040 50.00 970 51.51 900
44.35 1249 45.71 1179 47.10 1109 48.53 1039 50.02 969 51.55 899
44.36 1248 45.72 1178 47.12 1108 48.55 1038 50.04 968 51.57 898
44.38 1247 45.74 1177 47.14 1107 48.57 1037 50.06 967 51.59 897
44.40 1246 45.76 1176 47.16 1106 48.59 1036 50.08 966 51.61 896
44.43 1245 45.78 1175 47.18 1105 48.62 1035 50.10 965 51.63 895
44.45 1244 45.80 1174 47.20 1104 48.64 1034 50.12 964 51.65 894
44.46 1243 45.83 1173 47.22 1103 48.66 1033 50.14 963 51.67 893
44.48 1242 45.84 1172 47.24 1102 48.68 1032 50.17 962 51.69 892
44.50 1241 45.86 1171 47.26 1101 48.70 1031 50.19 961 51.72 891
44.52 1240 45.88 1170 47.28 1100 48.72 1030 50.21 960 51.74 890
44.54 1239 45.90 1169 47.30 1099 48.74 1029 50.23 959 51.76 889
44.55 1238 45.92 1168 47.32 1098 48.77 1028 50.25 958 51.78 888
44.57 1237 45.94 1167 47.34 1097 48.79 1027 50.27 957 51.80 887
44.60 1236 45.96 1166 47.37 1096 48.81 1026 50.29 956 51.83 886
44.62 1235 45.98 1165 47.39 1095 48.83 1025 50.32 955 51.86 885
44.64 1234 46.00 1164 47.41 1094 48.85 1024 50.34 954 51.88 884
44.65 1233 46.02 1163 47.42 1093 48.87 1023 50.36 953 51.90 883
44.67 1232 46.04 1162 47.44 1092 48.88 1022 50.38 952 51.92 882
44.69 1231 46.06 1161 47.46 1091 48.90 1021 50.40 951 51.94 881
44.71 1230 46.08 1160 47.48 1090 48.93 1020 50.42 950 51.96 880
44.74 1229 46.10 1159 47.50 1089 48.95 1019 50.44 949 51.98 879
44.75 1228 46.11 1158 47.53 1088 48.97 1018 50.47 948 52.00 878
44.77 1227 46.14 1157 47.55 1087 48.99 1017 50.49 947 52.03 877
44.79 1226 46.16 1156 47.57 1086 49.01 1016 50.51 946 52.06 876
44.81 1225 46.18 1155 47.59 1085 49.03 1015 50.53 945 52.08 875
44.83 1224 46.20 1154 47.61 1084 49.05 1014 50.55 944 52.10 874
44.84 1223 46.22 1153 47.62 1083 49.08 1013 50.57 943 52.12 873
44.86 1222 46.24 1152 47.64 1082 49.10 1012 50.59 942 52.14 872
44.88 1221 46.25 1151 47.66 1081 49.12 1011 50.62 941 52.17 871
44.91 1220 46.27 1150 47.69 1080 49.14 1010 50.64 940 52.19 870
44.93 1219 46.30 1149 47.71 1079 49.16 1009 50.66 939 52.21 869
44.94 1218 46.32 1148 47.73 1078 49.18 1008 50.68 938 52.23 868
44.96 1217 46.34 1147 47.75 1077 49.20 1007 50.70 937 52.25 867
44.98 1216 46.36 1146 47.77 1076 49.23 1006 50.72 936 52.28 866
45.00 1215 46.38 1145 47.79 1075 49.25 1005 50.74 935 52.30 865
45.02 1214 46.39 1144 47.81 1074 49.27 1004 50.76 934 52.33 864
45.03 1213 46.41 1143 47.84 1073 49.29 1003 50.80 933 52.35 863
45.06 1212 46.44 1142 47.86 1072 49.31 1002 50.82 932 52.37 862
45.08 1211 46.46 1141 47.87 1071 49.33 1001 50.84 931 52.39 861
45.10 1210 46.48 1140 47.89 1070 49.35 1000 50.86 930 52.41 860
45.12 1209 46.50 1139 47.91 1069 49.37 999 50.88 929 52.43 859
45.14 1208 46.52 1138 47.93 1068 49.40 998 50.90 928 52.46 858
45.15 1207 46.53 1137 47.95 1067 49.42 997 50.93 927 52.49 857
45.17 1206 46.55 1136 47.97 1066 49.44 996 50.95 926 52.51 856
45.19 1205 46.57 1135 48.00 1065 49.46 995 50.97 925 52.53 855
45.22 1204 46.60 1134 48.02 1064 49.48 994 50.99 924 52.55 854
45.24 1203 46.62 1133 48.04 1063 49.50 993 51.01 923 52.57 853
45.25 1202 46.64 1132 48.06 1062 49.52 992 51.03 922 52.59 852
45.27 1201 46.66 1131 48.08 1061 49.55 991 51.05 921 52.61 851
45.29 1200 46.68 1130 48.10 1060 49.57 990 51.07 920 52.64 850
45.31 1199 46.69 1129 48.12 1059 49.59 989 51.10 919 52.67 849
45.33 1198 46.71 1128 48.13 1058 49.61 988 51.12 918 52.69 848
45.36 1197 46.73 1127 48.16 1057 49.63 987 51.14 917 52.71 847
45.37 1196 46.76 1126 48.18 1056 49.65 986 51.16 916 52.73 846
45.39 1195 46.78 1125 48.20 1055 49.67 985 51.18 915 52.75 845
45.41 1194 46.80 1124 48.22 1054 49.70 984 51.20 914 52.77 844
45.43 1193 46.82 1123 48.24 1053 49.72 983 51.24 913 52.80 843
45.45 1192 46.84 1122 48.26 1052 49.74 982 51.26 912 52.83 842
45.47 1191 46.85 1121 48.28 1051 49.76 981 51.28 911 52.85 841
45.48 1190 46.87 1120 48.31 1050 49.78 980 51.30 910 52.87 840
45.50 1189 46.89 1119 48.33 1049 49.80 979 51.32 909 52.89 839
45.53 1188 46.92 1118 48.35 1048 49.82 978 51.34 908 52.91 838
45.55 1187 46.94 1117 48.37 1047 49.85 977 51.36 907 52.93 837
45.57 1186 46.96 1116 48.39 1046 49.87 976 51.38 906 52.96 836
45.59 1185 46.98 1115 48.41 1045 49.89 975 51.41 905 52.99 835
45.60 1184 47.00 1114 48.43 1044 49.91 974 51.43 904 53.01 834
45.62 1183 47.02 1113 48.46 1043 49.93 973 51.45 903 53.03 833
45.64 1182 47.03 1112 48.47 1042 49.95 972 51.47 902 53.05 832
45.67 1181 47.06 1111 48.49 1041 49.97 971 51.49 901 53.07 831
53.10 830 54.74 760 56.45 690 58.24 620 1:00.13 550 1:02.12 480
53.12 829 54.76 759 56.47 689 58.27 619 1:00.15 549 1:02.15 479
53.15 828 54.78 758 56.51 688 58.29 618 1:00.18 548 1:02.18 478
53.17 827 54.82 757 56.53 687 58.32 617 1:00.20 547 1:02.20 477
53.19 826 54.84 756 56.55 686 58.34 616 1:00.24 546 1:02.24 476
53.21 825 54.86 755 56.58 685 58.38 615 1:00.27 545 1:02.27 475
53.23 824 54.88 754 56.60 684 58.40 614 1:00.29 544 1:02.30 474
53.26 823 54.91 753 56.62 683 58.43 613 1:00.32 543 1:02.32 473
53.29 822 54.93 752 56.66 682 58.45 612 1:00.34 542 1:02.35 472
53.31 821 54.96 751 56.68 681 58.48 611 1:00.38 541 1:02.39 471
53.33 820 54.98 750 56.70 680 58.50 610 1:00.41 540 1:02.42 470
53.35 819 55.01 749 56.73 679 58.53 609 1:00.43 539 1:02.45 469
53.37 818 55.03 748 56.75 678 58.56 608 1:00.46 538 1:02.47 468
53.39 817 55.05 747 56.77 677 58.58 607 1:00.48 537 1:02.50 467
53.43 816 55.07 746 56.80 676 58.61 606 1:00.51 536 1:02.54 466
53.45 815 55.11 745 56.83 675 58.63 605 1:00.55 535 1:02.57 465
53.47 814 55.13 744 56.85 674 58.67 604 1:00.57 534 1:02.59 464
53.49 813 55.15 743 56.88 673 58.69 603 1:00.60 533 1:02.62 463
53.51 812 55.17 742 56.90 672 58.72 602 1:00.63 532 1:02.65 462
53.53 811 55.20 741 56.93 671 58.74 601 1:00.65 531 1:02.68 461
53.57 810 55.22 740 56.95 670 58.77 600 1:00.69 530 1:02.72 460
53.59 809 55.24 739 56.98 669 58.79 599 1:00.71 529 1:02.74 459
53.61 808 55.27 738 57.01 668 58.83 598 1:00.74 528 1:02.77 458
53.63 807 55.30 737 57.03 667 58.85 597 1:00.77 527 1:02.80 457
53.65 806 55.32 736 57.05 666 58.88 596 1:00.79 526 1:02.83 456
53.67 805 55.34 735 57.08 665 58.90 595 1:00.82 525 1:02.87 455
53.70 804 55.37 734 57.10 664 58.93 594 1:00.86 524 1:02.90 454
53.73 803 55.39 733 57.14 663 58.95 593 1:00.88 523 1:02.92 453
53.75 802 55.42 732 57.16 662 58.99 592 1:00.91 522 1:02.95 452
53.77 801 55.44 731 57.18 661 59.01 591 1:00.94 521 1:02.98 451
53.79 800 55.47 730 57.21 660 59.04 590 1:00.96 520 1:03.02 450
53.82 799 55.49 729 57.23 659 59.06 589 1:01.00 519 1:03.05 449
53.84 798 55.51 728 57.25 658 59.09 588 1:01.02 518 1:03.07 448
53.87 797 55.53 727 57.29 657 59.11 587 1:01.05 517 1:03.10 447
53.89 796 55.56 726 57.31 656 59.15 586 1:01.08 516 1:03.13 446
53.91 795 55.59 725 57.34 655 59.17 585 1:01.10 515 1:03.17 445
53.94 794 55.61 724 57.36 654 59.20 584 1:01.13 514 1:03.20 444
53.96 793 55.64 723 57.38 653 59.22 583 1:01.17 513 1:03.23 443
53.98 792 55.66 722 57.41 652 59.25 582 1:01.19 512 1:03.26 442
54.00 791 55.68 721 57.44 651 59.27 581 1:01.22 511 1:03.28 441
54.03 790 55.70 720 57.47 650 59.31 580 1:01.25 510 1:03.32 440
54.06 789 55.74 719 57.49 649 59.33 579 1:01.27 509 1:03.35 439
54.08 788 55.76 718 57.51 648 59.36 578 1:01.31 508 1:03.38 438
54.10 787 55.78 717 57.54 647 59.39 577 1:01.34 507 1:03.41 437
54.12 786 55.81 716 57.56 646 59.41 576 1:01.37 506 1:03.44 436
54.14 785 55.83 715 57.60 645 59.45 575 1:01.39 505 1:03.48 435
54.18 784 55.85 714 57.62 644 59.47 574 1:01.42 504 1:03.50 434
54.20 783 55.89 713 57.64 643 59.50 573 1:01.46 503 1:03.53 433
54.22 782 55.91 712 57.67 642 59.52 572 1:01.48 502 1:03.56 432
54.24 781 55.93 711 57.69 641 59.55 571 1:01.51 501 1:03.59 431
54.26 780 55.95 710 57.72 640 59.57 570 1:01.54 500 1:03.63 430
54.29 779 55.98 709 57.75 639 59.61 569 1:01.56 499 1:03.66 429
54.31 778 56.00 708 57.78 638 59.63 568 1:01.59 498 1:03.69 428
54.34 777 56.02 707 57.80 637 59.66 567 1:01.63 497 1:03.72 427
54.36 776 56.06 706 57.82 636 59.68 566 1:01.65 496 1:03.75 426
54.38 775 56.08 705 57.85 635 59.71 565 1:01.68 495 1:03.78 425
54.41 774 56.10 704 57.87 634 59.74 564 1:01.71 494 1:03.81 424
54.43 773 56.13 703 57.91 633 59.77 563 1:01.74 493 1:03.84 423
54.45 772 56.15 702 57.93 632 59.80 562 1:01.77 492 1:03.87 422
54.47 771 56.17 701 57.96 631 59.82 561 1:01.80 491 1:03.90 421
54.51 770 56.21 700 57.98 630 59.85 560 1:01.83 490 1:03.94 420
54.53 769 56.23 699 58.00 629 59.87 559 1:01.86 489 1:03.97 419
54.55 768 56.25 698 58.03 628 59.91 558 1:01.88 488 1:04.00 418
54.57 767 56.28 697 58.06 627 59.94 557 1:01.92 487 1:04.03 417
54.59 766 56.30 696 58.09 626 59.96 556 1:01.95 486 1:04.06 416
54.62 765 56.32 695 58.11 625 59.99 555 1:01.97 485 1:04.10 415
54.65 764 56.36 694 58.14 624 1:00.01 554 1:02.00 484 1:04.13 414
54.67 763 56.38 693 58.16 623 1:00.04 553 1:02.03 483 1:04.16 413
54.69 762 56.40 692 58.19 622 1:00.07 552 1:02.06 482 1:04.18 412
54.72 761 56.43 691 58.22 621 1:00.10 551 1:02.09 481 1:04.21 411
1:04.25 410 1:06.51 341 1:08.99 272 1:11.78 203 1:15.03 134 1:19.19 65
1:04.28 409 1:06.54 340 1:09.03 271 1:11.83 202 1:15.09 133 1:19.27 64
1:04.31 408 1:06.59 339 1:09.08 270 1:11.87 201 1:15.14 132 1:19.34 63
1:04.34 407 1:06.62 338 1:09.11 269 1:11.91 200 1:15.19 131 1:19.42 62
1:04.37 406 1:06.65 337 1:09.15 268 1:11.95 199 1:15.25 130 1:19.48 61
1:04.41 405 1:06.68 336 1:09.18 267 1:12.00 198 1:15.30 129 1:19.55 60
1:04.44 404 1:06.73 335 1:09.23 266 1:12.04 197 1:15.35 128 1:19.63 59
1:04.47 403 1:06.76 334 1:09.26 265 1:12.08 196 1:15.41 127 1:19.70 58
1:04.50 402 1:06.79 333 1:09.30 264 1:12.14 195 1:15.46 126 1:19.79 57
1:04.53 401 1:06.82 332 1:09.35 263 1:12.18 194 1:15.51 125 1:19.86 56
1:04.57 400 1:06.86 331 1:09.38 262 1:12.22 193 1:15.57 124 1:19.94 55
1:04.60 399 1:06.90 330 1:09.42 261 1:12.26 192 1:15.62 123 1:20.01 54
1:04.63 398 1:06.93 329 1:09.45 260 1:12.31 191 1:15.67 122 1:20.10 53
1:04.66 397 1:06.96 328 1:09.49 259 1:12.35 190 1:15.73 121 1:20.17 52
1:04.69 396 1:07.00 327 1:09.54 258 1:12.39 189 1:15.78 120 1:20.25 51
1:04.73 395 1:07.04 326 1:09.57 257 1:12.45 188 1:15.83 119 1:20.33 50
1:04.76 394 1:07.07 325 1:09.61 256 1:12.49 187 1:15.89 118 1:20.42 49
1:04.79 393 1:07.10 324 1:09.66 255 1:12.53 186 1:15.95 117 1:20.50 48
1:04.82 392 1:07.14 323 1:09.69 254 1:12.57 185 1:16.01 116 1:20.58 47
1:04.85 391 1:07.17 322 1:09.73 253 1:12.62 184 1:16.06 115 1:20.67 46
1:04.89 390 1:07.21 321 1:09.77 252 1:12.67 183 1:16.11 114 1:20.75 45
1:04.92 389 1:07.24 320 1:09.80 251 1:12.71 182 1:16.17 113 1:20.84 44
1:04.95 388 1:07.28 319 1:09.85 250 1:12.76 181 1:16.23 112 1:20.92 43
1:04.98 387 1:07.31 318 1:09.89 249 1:12.80 180 1:16.28 111 1:21.01 42
1:05.02 386 1:07.35 317 1:09.92 248 1:12.85 179 1:16.34 110 1:21.09 41
1:05.05 385 1:07.39 316 1:09.97 247 1:12.89 178 1:16.40 109 1:21.18 40
1:05.08 384 1:07.42 315 1:10.01 246 1:12.94 177 1:16.45 108 1:21.28 39
1:05.11 383 1:07.45 314 1:10.04 245 1:12.98 176 1:16.51 107 1:21.36 38
1:05.14 382 1:07.50 313 1:10.08 244 1:13.03 175 1:16.57 106 1:21.46 37
1:05.18 381 1:07.53 312 1:10.13 243 1:13.08 174 1:16.63 105 1:21.55 36
1:05.21 380 1:07.56 311 1:10.17 242 1:13.12 173 1:16.69 104 1:21.64 35
1:05.24 379 1:07.60 310 1:10.20 241 1:13.17 172 1:16.74 103 1:21.74 34
1:05.27 378 1:07.63 309 1:10.24 240 1:13.22 171 1:16.80 102 1:21.83 33
1:05.31 377 1:07.67 308 1:10.29 239 1:13.27 170 1:16.86 101 1:21.94 32
1:05.35 376 1:07.71 307 1:10.33 238 1:13.31 169 1:16.92 100 1:22.03 31
1:05.38 375 1:07.74 306 1:10.36 237 1:13.35 168 1:16.98 99 1:22.13 30
1:05.41 374 1:07.77 305 1:10.40 236 1:13.41 167 1:17.04 98 1:22.24 29
1:05.44 373 1:07.82 304 1:10.45 235 1:13.45 166 1:17.10 97 1:22.34 28
1:05.48 372 1:07.85 303 1:10.49 234 1:13.50 165 1:17.16 96 1:22.44 27
1:05.51 371 1:07.89 302 1:10.52 233 1:13.55 164 1:17.22 95 1:22.56 26
1:05.54 370 1:07.92 301 1:10.56 232 1:13.59 163 1:17.28 94 1:22.67 25
1:05.57 369 1:07.96 300 1:10.61 231 1:13.64 162 1:17.34 93 1:22.77 24
1:05.60 368 1:08.00 299 1:10.65 230 1:13.69 161 1:17.41 92 1:22.89 23
1:05.64 367 1:08.03 298 1:10.69 229 1:13.74 160 1:17.47 91 1:23.01 22
1:05.67 366 1:08.07 297 1:10.73 228 1:13.78 159 1:17.52 90 1:23.13 21
1:05.71 365 1:08.10 296 1:10.77 227 1:13.84 158 1:17.59 89 1:23.24 20
1:05.74 364 1:08.14 295 1:10.81 226 1:13.88 157 1:17.65 88 1:23.36 19
1:05.77 363 1:08.18 294 1:10.85 225 1:13.93 156 1:17.72 87 1:23.49 18
1:05.81 362 1:08.21 293 1:10.90 224 1:13.97 155 1:17.78 86 1:23.62 17
1:05.84 361 1:08.25 292 1:10.94 223 1:14.03 154 1:17.84 85 1:23.76 16
1:05.87 360 1:08.29 291 1:10.98 222 1:14.08 153 1:17.91 84 1:23.89 15
1:05.90 359 1:08.33 290 1:11.02 221 1:14.12 152 1:17.97 83 1:24.03 14
1:05.93 358 1:08.36 289 1:11.06 220 1:14.18 151 1:18.04 82 1:24.17 13
1:05.98 357 1:08.39 288 1:11.10 219 1:14.22 150 1:18.10 81 1:24.32 12
1:06.01 356 1:08.44 287 1:11.14 218 1:14.27 149 1:18.16 80 1:24.48 11
1:06.04 355 1:08.47 286 1:11.18 217 1:14.33 148 1:18.23 79 1:24.64 10
1:06.07 354 1:08.51 285 1:11.23 216 1:14.37 147 1:18.29 78 1:24.81 9
1:06.11 353 1:08.54 284 1:11.27 215 1:14.42 146 1:18.37 77 1:25.00 8
1:06.14 352 1:08.59 283 1:11.31 214 1:14.48 145 1:18.43 76 1:25.18 7
1:06.17 351 1:08.62 282 1:11.35 213 1:14.52 144 1:18.50 75 1:25.38 6
1:06.21 350 1:08.66 281 1:11.40 212 1:14.57 143 1:18.56 74 1:25.61 5
1:06.24 349 1:08.69 280 1:11.44 211 1:14.63 142 1:18.64 73 1:25.84 4
1:06.28 348 1:08.74 279 1:11.48 210 1:14.68 141 1:18.70 72 1:26.11 3
1:06.31 347 1:08.77 278 1:11.53 209 1:14.72 140 1:18.77 71 1:26.42 2
1:06.34 346 1:08.81 277 1:11.57 208 1:14.78 139 1:18.84 70 1:26.81 1
1:06.37 345 1:08.84 276 1:11.61 207 1:14.83 138 1:18.91 69
1:06.42 344 1:08.89 275 1:11.65 206 1:14.88 137 1:18.98 68
1:06.45 343 1:08.92 274 1:11.70 205 1:14.94 136 1:19.05 67
1:06.48 342 1:08.96 273 1:11.74 204 1:14.98 135 1:19.12 66
