45.80 1250 47.20 1180 48.64 1110 50.12 1040 51.65 970 53.22 900
45.82 1249 47.22 1179 48.66 1109 50.14 1039 51.67 969 53.25 899
45.83 1248 47.23 1178 48.68 1108 50.16 1038 51.70 968 53.28 898
45.85 1247 47.26 1177 48.70 1107 50.18 1037 51.72 967 53.30 897
45.88 1246 47.28 1176 48.72 1106 50.20 1036 51.74 966 53.32 896
45.90 1245 47.30 1175 48.75 1105 50.23 1035 51.76 965 53.34 895
45.92 1244 47.32 1174 48.77 1104 50.25 1034 51.78 964 53.36 894
45.93 1243 47.34 1173 48.78 1103 50.27 1033 51.81 963 53.39 893
45.95 1242 47.36 1172 48.80 1102 50.29 1032 51.83 962 53.41 892
45.97 1241 47.38 1171 48.82 1101 50.32 1031 51.85 961 53.43 891
46.00 1240 47.40 1170 48.85 1100 50.34 1030 51.87 960 53.45 890
46.02 1239 47.42 1169 48.87 1099 50.36 1029 51.89 959 53.47 889
46.03 1238 47.44 1168 48.89 1098 50.38 1028 51.92 958 53.50 888
46.05 1237 47.47 1167 48.91 1097 50.40 1027 51.94 957 53.52 887
46.07 1236 47.49 1166 48.93 1096 50.43 1026 51.96 956 53.55 886
46.10 1235 47.50 1165 48.96 1095 50.45 1025 51.98 955 53.57 885
46.12 1234 47.52 1164 48.98 1094 50.47 1024 52.01 954 53.60 884
46.13 1233 47.54 1163 48.99 1093 50.49 1023 52.03 953 53.62 883
46.15 1232 47.57 1162 49.01 1092 50.50 1022 52.05 952 53.64 882
46.17 1231 47.59 1161 49.03 1091 50.53 1021 52.07 951 53.66 881
46.20 1230 47.61 1160 49.06 1090 50.55 1020 52.09 950 53.68 880
46.22 1229 47.63 1159 49.08 1089 50.57 1019 52.12 949 53.71 879
46.23 1228 47.64 1158 49.10 1088 50.59 1018 52.14 948 53.73 878
46.25 1227 47.66 1157 49.12 1087 50.61 1017 52.16 947 53.75 877
46.27 1226 47.69 1156 49.14 1086 50.64 1016 52.18 946 53.78 876
46.29 1225 47.71 1155 49.17 1085 50.66 1015 52.20 945 53.81 875
46.32 1224 47.73 1154 49.19 1084 50.68 1014 52.23 944 53.83 874
46.33 1223 47.75 1153 49.20 1083 50.70 1013 52.25 943 53.85 873
46.35 1222 47.77 1152 49.22 1082 50.72 1012 52.27 942 53.87 872
46.37 1221 47.79 1151 49.24 1081 50.75 1011 52.29 941 53.89 871
46.39 1220 47.81 1150 49.27 1080 50.77 1010 52.31 940 53.92 870
46.42 1219 47.83 1149 49.29 1079 50.79 1009 52.34 939 53.94 869
46.43 1218 47.85 1148 49.31 1078 50.81 1008 52.36 938 53.96 868
46.45 1217 47.87 1147 49.33 1077 50.83 1007 52.38 937 53.98 867
46.47 1216 47.90 1146 49.35 1076 50.86 1006 52.40 936 54.02 866
46.49 1215 47.92 1145 49.38 1075 50.88 1005 52.42 935 54.04 865
46.52 1214 47.93 1144 49.40 1074 50.90 1004 52.45 934 54.06 864
46.53 1213 47.95 1143 49.42 1073 50.92 1003 52.48 933 54.08 863
46.55 1212 47.97 1142 49.44 1072 50.94 1002 52.50 932 54.10 862
46.57 1211 48.00 1141 49.45 1071 50.97 1001 52.52 931 54.13 861
46.59 1210 48.02 1140 49.48 1070 50.99 1000 52.55 930 54.15 860
46.62 1209 48.04 1139 49.50 1069 51.01 999 52.57 929 54.17 859
46.64 1208 48.06 1138 49.52 1068 51.03 998 52.59 928 54.20 858
46.65 1207 48.07 1137 49.54 1067 51.06 997 52.61 927 54.23 857
46.67 1206 48.10 1136 49.56 1066 51.08 996 52.63 926 54.25 856
46.69 1205 48.12 1135 49.59 1065 51.10 995 52.66 925 54.27 855
46.71 1204 48.14 1134 49.61 1064 51.12 994 52.68 924 54.29 854
46.74 1203 48.16 1133 49.63 1063 51.14 993 52.70 923 54.31 853
46.75 1202 48.18 1132 49.65 1062 51.17 992 52.72 922 54.34 852
46.77 1201 48.21 1131 49.67 1061 51.19 991 52.75 921 54.36 851
46.79 1200 48.23 1130 49.70 1060 51.21 990 52.77 920 54.38 850
46.81 1199 48.24 1129 49.72 1059 51.23 989 52.79 919 54.41 849
46.84 1198 48.26 1128 49.73 1058 51.25 988 52.81 918 54.44 848
46.86 1197 48.28 1127 49.75 1057 51.28 987 52.83 917 54.46 847
46.87 1196 48.31 1126 49.77 1056 51.30 986 52.86 916 54.48 846
46.89 1195 48.33 1125 49.80 1055 51.32 985 52.88 915 54.50 845
46.91 1194 48.35 1124 49.82 1054 51.34 984 52.90 914 54.52 844
46.94 1193 48.37 1123 49.84 1053 51.36 983 52.93 913 54.55 843
46.96 1192 48.39 1122 49.86 1052 51.39 982 52.96 912 54.58 842
46.98 1191 48.40 1121 49.88 1051 51.41 981 52.98 911 54.60 841
46.99 1190 48.43 1120 49.91 1050 51.43 980 53.00 910 54.62 840
47.01 1189 48.45 1119 49.93 1049 51.45 979 53.02 909 54.64 839
47.03 1188 48.47 1118 49.95 1048 51.48 978 53.04 908 54.67 838
47.06 1187 48.49 1117 49.97 1047 51.50 977 53.07 907 54.69 837
47.08 1186 48.51 1116 50.00 1046 51.52 976 53.09 906 54.71 836
47.10 1185 48.54 1115 50.02 1045 51.54 975 53.11 905 54.74 835
47.11 1184 48.56 1114 50.04 1044 51.56 974 53.13 904 54.77 834
47.13 1183 48.58 1113 50.06 1043 51.59 973 53.15 903 54.79 833
47.16 1182 48.59 1112 50.07 1042 51.61 972 53.18 902 54.81 832
47.18 1181 48.61 1111 50.09 1041 51.63 971 53.20 901 54.83 831
54.85 830 56.56 760 58.32 690 1:00.17 620 1:02.12 550 1:04.18 480
54.88 829 56.58 759 58.34 689 1:00.20 619 1:02.14 549 1:04.21 479
54.91 828 56.60 758 58.38 688 1:00.22 618 1:02.18 548 1:04.24 478
54.93 827 56.63 757 58.40 687 1:00.26 617 1:02.20 547 1:04.26 477
54.95 826 56.66 756 58.42 686 1:00.28 616 1:02.23 546 1:04.30 476
54.98 825 56.68 755 58.46 685 1:00.31 615 1:02.27 545 1:04.33 475
55.00 824 56.70 754 58.48 684 1:00.33 614 1:02.29 544 1:04.36 474
55.02 823 56.73 753 58.50 683 1:00.37 613 1:02.32 543 1:04.39 473
55.05 822 56.75 752 58.53 682 1:00.39 612 1:02.34 542 1:04.42 472
55.08 821 56.78 751 58.55 681 1:00.42 611 1:02.38 541 1:04.45 471
55.10 820 56.80 750 58.58 680 1:00.44 610 1:02.41 540 1:04.49 470
55.12 819 56.83 749 58.61 679 1:00.47 609 1:02.43 539 1:04.52 469
55.14 818 56.85 748 58.63 678 1:00.50 608 1:02.46 538 1:04.54 468
55.16 817 56.88 747 58.65 677 1:00.52 607 1:02.49 537 1:04.57 467
55.20 816 56.90 746 58.69 676 1:00.55 606 1:02.52 536 1:04.61 466
55.22 815 56.93 745 58.71 675 1:00.58 605 1:02.55 535 1:04.64 465
55.24 814 56.95 744 58.73 674 1:00.61 604 1:02.58 534 1:04.66 464
55.26 813 56.98 743 58.76 673 1:00.63 603 1:02.61 533 1:04.70 463
55.29 812 57.00 742 58.79 672 1:00.66 602 1:02.64 532 1:04.73 462
55.31 811 57.03 741 58.82 671 1:00.69 601 1:02.66 531 1:04.76 461
55.34 810 57.05 740 58.84 670 1:00.72 600 1:02.70 530 1:04.80 460
55.36 809 57.07 739 58.86 669 1:00.74 599 1:02.72 529 1:04.82 459
55.38 808 57.10 738 58.90 668 1:00.77 598 1:02.75 528 1:04.85 458
55.41 807 57.13 737 58.92 667 1:00.80 597 1:02.78 527 1:04.88 457
55.43 806 57.15 736 58.94 666 1:00.83 596 1:02.81 526 1:04.92 456
55.45 805 57.17 735 58.97 665 1:00.85 595 1:02.84 525 1:04.95 455
55.48 804 57.21 734 59.00 664 1:00.89 594 1:02.87 524 1:04.98 454
55.51 803 57.23 733 59.03 663 1:00.91 593 1:02.90 523 1:05.00 453
55.53 802 57.25 732 59.05 662 1:00.94 592 1:02.93 522 1:05.04 452
55.55 801 57.27 731 59.07 661 1:00.96 591 1:02.96 521 1:05.07 451
55.57 800 57.31 730 59.11 660 1:01.00 590 1:02.98 520 1:05.10 450
55.61 799 57.33 729 59.13 659 1:01.02 589 1:03.02 519 1:05.14 449
55.63 798 57.35 728 59.15 658 1:01.05 588 1:03.04 518 1:05.16 448
55.65 797 57.37 727 59.18 657 1:01.07 587 1:03.07 517 1:05.19 447
55.67 796 57.41 726 59.21 656 1:01.11 586 1:03.11 516 1:05.23 446
55.69 795 57.43 725 59.24 655 1:01.13 585 1:03.13 515 1:05.26 445
55.73 794 57.45 724 59.26 654 1:01.16 584 1:03.16 514 1:05.29 444
55.75 793 57.48 723 59.28 653 1:01.18 583 1:03.19 513 1:05.33 443
55.77 792 57.51 722 59.32 652 1:01.22 582 1:03.22 512 1:05.36 442
55.79 791 57.53 721 59.34 651 1:01.24 581 1:03.25 511 1:05.38 441
55.82 790 57.55 720 59.37 650 1:01.27 580 1:03.28 510 1:05.41 440
55.85 789 57.58 719 59.39 649 1:01.29 579 1:03.30 509 1:05.45 439
55.87 788 57.60 718 59.42 648 1:01.33 578 1:03.34 508 1:05.48 438
55.89 787 57.63 717 59.45 647 1:01.36 577 1:03.37 507 1:05.51 437
55.92 786 57.66 716 59.47 646 1:01.38 576 1:03.40 506 1:05.55 436
55.94 785 57.68 715 59.50 645 1:01.42 575 1:03.43 505 1:05.58 435
55.97 784 57.70 714 59.53 644 1:01.44 574 1:03.46 504 1:05.60 434
55.99 783 57.74 713 59.55 643 1:01.47 573 1:03.49 503 1:05.63 433
56.01 782 57.76 712 59.58 642 1:01.49 572 1:03.51 502 1:05.67 432
56.04 781 57.78 711 59.60 641 1:01.53 571 1:03.55 501 1:05.70 431
56.06 780 57.80 710 59.64 640 1:01.55 570 1:03.58 500 1:05.73 430
56.09 779 57.84 709 59.66 639 1:01.58 569 1:03.60 499 1:05.77 429
56.11 778 57.86 708 59.69 638 1:01.60 568 1:03.64 498 1:05.80 428
56.14 777 57.88 707 59.71 637 1:01.64 567 1:03.67 497 1:05.83 427
56.16 776 57.91 706 59.74 636 1:01.66 566 1:03.69 496 1:05.87 426
56.18 775 57.94 705 59.77 635 1:01.69 565 1:03.72 495 1:05.89 425
56.21 774 57.96 704 59.79 634 1:01.72 564 1:03.76 494 1:05.92 424
56.24 773 57.99 703 59.82 633 1:01.75 563 1:03.79 493 1:05.95 423
56.26 772 58.01 702 59.85 632 1:01.78 562 1:03.81 492 1:05.99 422
56.28 771 58.04 701 59.88 631 1:01.80 561 1:03.85 491 1:06.02 421
56.31 770 58.07 700 59.90 630 1:01.84 560 1:03.88 490 1:06.05 420
56.33 769 58.09 699 59.92 629 1:01.86 559 1:03.91 489 1:06.09 419
56.36 768 58.11 698 59.96 628 1:01.89 558 1:03.93 488 1:06.12 418
56.38 767 58.15 697 59.98 627 1:01.92 557 1:03.97 487 1:06.15 417
56.40 766 58.17 696 1:00.01 626 1:01.95 556 1:04.00 486 1:06.19 416
56.43 765 58.19 695 1:00.03 625 1:01.98 555 1:04.02 485 1:06.22 415
56.46 764 58.22 694 1:00.07 624 1:02.00 554 1:04.06 484 1:06.25 414
56.48 763 58.25 693 1:00.09 623 1:02.03 553 1:04.09 483 1:06.29 413
56.50 762 58.27 692 1:00.12 622 1:02.06 552 1:04.12 482 1:06.31 412
56.53 761 58.30 691 1:00.15 621 1:02.09 551 1:04.14 481 1:06.34 411
1:06.37 410 1:08.72 341 1:11.28 272 1:14.16 203 1:17.52 134 1:21.82 65
1:06.41 409 1:08.75 340 1:11.32 271 1:14.21 202 1:17.57 133 1:21.89 64
1:06.44 408 1:08.79 339 1:11.37 270 1:14.25 201 1:17.63 132 1:21.97 63
1:06.47 407 1:08.83 338 1:11.40 269 1:14.29 200 1:17.68 131 1:22.05 62
1:06.51 406 1:08.86 337 1:11.44 268 1:14.34 199 1:17.74 130 1:22.11 61
1:06.54 405 1:08.89 336 1:11.48 267 1:14.38 198 1:17.79 129 1:22.19 60
1:06.57 404 1:08.94 335 1:11.52 266 1:14.43 197 1:17.85 128 1:22.27 59
1:06.61 403 1:08.97 334 1:11.55 265 1:14.47 196 1:17.91 127 1:22.35 58
1:06.64 402 1:09.00 333 1:11.60 264 1:14.53 195 1:17.96 126 1:22.43 57
1:06.67 401 1:09.04 332 1:11.64 263 1:14.57 194 1:18.02 125 1:22.51 56
1:06.71 400 1:09.08 331 1:11.68 262 1:14.61 193 1:18.07 124 1:22.59 55
1:06.74 399 1:09.11 330 1:11.72 261 1:14.66 192 1:18.13 123 1:22.67 54
1:06.77 398 1:09.15 329 1:11.75 260 1:14.70 191 1:18.18 122 1:22.75 53
1:06.81 397 1:09.18 328 1:11.80 259 1:14.75 190 1:18.24 121 1:22.83 52
1:06.84 396 1:09.22 327 1:11.84 258 1:14.79 189 1:18.29 120 1:22.91 51
1:06.87 395 1:09.26 326 1:11.87 257 1:14.85 188 1:18.35 119 1:23.00 50
1:06.90 394 1:09.29 325 1:11.92 256 1:14.89 187 1:18.40 118 1:23.09 49
1:06.94 393 1:09.32 324 1:11.96 255 1:14.93 186 1:18.47 117 1:23.16 48
1:06.97 392 1:09.37 323 1:12.00 254 1:14.98 185 1:18.52 116 1:23.25 47
1:07.00 391 1:09.40 322 1:12.04 253 1:15.02 184 1:18.58 115 1:23.34 46
1:07.04 390 1:09.43 321 1:12.08 252 1:15.08 183 1:18.63 114 1:23.43 45
1:07.07 389 1:09.47 320 1:12.12 251 1:15.12 182 1:18.69 113 1:23.52 44
1:07.10 388 1:09.51 319 1:12.16 250 1:15.17 181 1:18.76 112 1:23.60 43
1:07.14 387 1:09.54 318 1:12.21 249 1:15.21 180 1:18.81 111 1:23.69 42
1:07.17 386 1:09.58 317 1:12.24 248 1:15.27 179 1:18.87 110 1:23.78 41
1:07.20 385 1:09.62 316 1:12.28 247 1:15.31 178 1:18.93 109 1:23.87 40
1:07.24 384 1:09.65 315 1:12.33 246 1:15.35 177 1:18.99 108 1:23.97 39
1:07.27 383 1:09.69 314 1:12.36 245 1:15.40 176 1:19.04 107 1:24.06 38
1:07.30 382 1:09.73 313 1:12.40 244 1:15.45 175 1:19.11 106 1:24.16 37
1:07.34 381 1:09.77 312 1:12.45 243 1:15.50 174 1:19.16 105 1:24.26 36
1:07.37 380 1:09.80 311 1:12.49 242 1:15.54 173 1:19.23 104 1:24.34 35
1:07.40 379 1:09.84 310 1:12.53 241 1:15.60 172 1:19.29 103 1:24.44 34
1:07.43 378 1:09.88 309 1:12.57 240 1:15.64 171 1:19.34 102 1:24.54 33
1:07.48 377 1:09.91 308 1:12.61 239 1:15.70 170 1:19.41 101 1:24.65 32
1:07.51 376 1:09.95 307 1:12.66 238 1:15.74 169 1:19.47 100 1:24.75 31
1:07.55 375 1:09.99 306 1:12.69 237 1:15.78 168 1:19.53 99 1:24.85 30
1:07.58 374 1:10.02 305 1:12.74 236 1:15.84 167 1:19.60 98 1:24.96 29
1:07.61 373 1:10.06 304 1:12.78 235 1:15.88 166 1:19.65 97 1:25.07 28
1:07.64 372 1:10.10 303 1:12.82 234 1:15.94 165 1:19.72 96 1:25.17 27
1:07.68 371 1:10.14 302 1:12.86 233 1:15.98 164 1:19.78 95 1:25.29 26
1:07.71 370 1:10.17 301 1:12.90 232 1:16.03 163 1:19.84 94 1:25.40 25
1:07.74 369 1:10.21 300 1:12.95 231 1:16.08 162 1:19.90 93 1:25.52 24
1:07.78 368 1:10.25 299 1:12.99 230 1:16.13 161 1:19.97 92 1:25.64 23
1:07.81 367 1:10.28 298 1:13.03 229 1:16.18 160 1:20.04 91 1:25.76 22
1:07.84 366 1:10.33 297 1:13.08 228 1:16.23 159 1:20.09 90 1:25.88 21
1:07.89 365 1:10.36 296 1:13.11 227 1:16.28 158 1:20.16 89 1:26.00 20
1:07.92 364 1:10.39 295 1:13.16 226 1:16.33 157 1:20.22 88 1:26.12 19
1:07.95 363 1:10.44 294 1:13.20 225 1:16.38 156 1:20.29 87 1:26.26 18
1:07.99 362 1:10.47 293 1:13.24 224 1:16.43 155 1:20.36 86 1:26.39 17
1:08.02 361 1:10.52 292 1:13.29 223 1:16.48 154 1:20.42 85 1:26.53 16
1:08.05 360 1:10.55 291 1:13.33 222 1:16.54 153 1:20.49 84 1:26.67 15
1:08.09 359 1:10.59 290 1:13.38 221 1:16.58 152 1:20.56 83 1:26.82 14
1:08.12 358 1:10.63 289 1:13.41 220 1:16.64 151 1:20.62 82 1:26.96 13
1:08.16 357 1:10.66 288 1:13.45 219 1:16.68 150 1:20.69 81 1:27.12 12
1:08.20 356 1:10.70 287 1:13.50 218 1:16.73 149 1:20.75 80 1:27.28 11
1:08.23 355 1:10.74 286 1:13.54 217 1:16.79 148 1:20.82 79 1:27.45 10
1:08.26 354 1:10.78 285 1:13.59 216 1:16.83 147 1:20.89 78 1:27.62 9
1:08.30 353 1:10.81 284 1:13.63 215 1:16.89 146 1:20.96 77 1:27.81 8
1:08.33 352 1:10.86 283 1:13.68 214 1:16.94 145 1:21.03 76 1:28.00 7
1:08.36 351 1:10.89 282 1:13.72 213 1:16.99 144 1:21.10 75 1:28.21 6
1:08.41 350 1:10.94 281 1:13.76 212 1:17.04 143 1:21.16 74 1:28.44 5
1:08.44 349 1:10.97 280 1:13.81 211 1:17.10 142 1:21.24 73 1:28.69 4
1:08.47 348 1:11.01 279 1:13.85 210 1:17.15 141 1:21.31 72 1:28.96 3
1:08.51 347 1:11.05 278 1:13.90 209 1:17.20 140 1:21.38 71 1:29.28 2
1:08.54 346 1:11.09 277 1:13.94 208 1:17.25 139 1:21.45 70 1:29.69 1
1:08.57 345 1:11.12 276 1:13.98 207 1:17.31 138 1:21.53 69
1:08.62 344 1:11.17 275 1:14.03 206 1:17.36 137 1:21.59 68
1:08.65 343 1:11.20 274 1:14.07 205 1:17.42 136 1:21.67 67
1:08.68 342 1:11.25 273 1:14.12 204 1:17.46 135 1:21.74 66
