47.37 1250 48.82 1180 50.30 1110 51.83 1040 53.42 970 55.04 900
47.39 1249 48.84 1179 50.33 1109 51.86 1039 53.44 969 55.08 899
47.40 1248 48.85 1178 50.35 1108 51.88 1038 53.47 968 55.10 898
47.42 1247 48.88 1177 50.37 1107 51.90 1037 53.49 967 55.12 897
47.45 1246 48.90 1176 50.39 1106 51.93 1036 53.51 966 55.15 896
47.47 1245 48.92 1175 50.42 1105 51.95 1035 53.54 965 55.17 895
47.49 1244 48.94 1174 50.44 1104 51.97 1034 53.56 964 55.19 894
47.50 1243 48.97 1173 50.45 1103 51.99 1033 53.58 963 55.22 893
47.53 1242 48.98 1172 50.47 1102 52.02 1032 53.60 962 55.24 892
47.55 1241 49.00 1171 50.50 1101 52.04 1031 53.63 961 55.26 891
47.57 1240 49.02 1170 50.52 1100 52.06 1030 53.65 960 55.28 890
47.60 1239 49.05 1169 50.54 1099 52.09 1029 53.67 959 55.31 889
47.61 1238 49.07 1168 50.57 1098 52.11 1028 53.70 958 55.33 888
47.63 1237 49.09 1167 50.59 1097 52.13 1027 53.72 957 55.35 887
47.65 1236 49.12 1166 50.61 1096 52.15 1026 53.74 956 55.39 886
47.68 1235 49.13 1165 50.63 1095 52.18 1025 53.76 955 55.41 885
47.70 1234 49.15 1164 50.66 1094 52.20 1024 53.79 954 55.43 884
47.71 1233 49.17 1163 50.67 1093 52.22 1023 53.81 953 55.46 883
47.73 1232 49.20 1162 50.69 1092 52.23 1022 53.83 952 55.48 882
47.76 1231 49.22 1161 50.71 1091 52.26 1021 53.86 951 55.50 881
47.78 1230 49.24 1160 50.74 1090 52.28 1020 53.88 950 55.52 880
47.80 1229 49.26 1159 50.76 1089 52.30 1019 53.90 949 55.55 879
47.81 1228 49.28 1158 50.78 1088 52.33 1018 53.92 948 55.57 878
47.84 1227 49.30 1157 50.81 1087 52.35 1017 53.95 947 55.59 877
47.86 1226 49.32 1156 50.83 1086 52.37 1016 53.97 946 55.63 876
47.88 1225 49.34 1155 50.85 1085 52.39 1015 53.99 945 55.65 875
47.90 1224 49.37 1154 50.87 1084 52.42 1014 54.02 944 55.67 874
47.92 1223 49.39 1153 50.89 1083 52.44 1013 54.04 943 55.70 873
47.94 1222 49.41 1152 50.91 1082 52.46 1012 54.06 942 55.72 872
47.96 1221 49.42 1151 50.93 1081 52.49 1011 54.08 941 55.74 871
47.98 1220 49.45 1150 50.95 1080 52.51 1010 54.11 940 55.76 870
48.01 1219 49.47 1149 50.98 1079 52.53 1009 54.13 939 55.79 869
48.02 1218 49.49 1148 51.00 1078 52.55 1008 54.15 938 55.81 868
48.04 1217 49.52 1147 51.02 1077 52.58 1007 54.18 937 55.83 867
48.06 1216 49.54 1146 51.05 1076 52.60 1006 54.20 936 55.87 866
48.09 1215 49.56 1145 51.07 1075 52.62 1005 54.22 935 55.89 865
48.11 1214 49.57 1144 51.09 1074 52.65 1004 54.24 934 55.91 864
48.12 1213 49.60 1143 51.11 1073 52.67 1003 54.28 933 55.94 863
48.14 1212 49.62 1142 51.14 1072 52.69 1002 54.30 932 55.96 862
48.17 1211 49.64 1141 51.15 1071 52.71 1001 54.32 931 55.98 861
48.19 1210 49.66 1140 51.17 1070 52.74 1000 54.35 930 56.00 860
48.21 1209 49.69 1139 51.19 1069 52.76 999 54.37 929 56.03 859
48.24 1208 49.71 1138 51.22 1068 52.78 998 54.39 928 56.06 858
48.25 1207 49.72 1137 51.24 1067 52.81 997 54.42 927 56.08 857
48.27 1206 49.74 1136 51.26 1066 52.83 996 54.44 926 56.11 856
48.29 1205 49.77 1135 51.29 1065 52.85 995 54.46 925 56.13 855
48.32 1204 49.79 1134 51.31 1064 52.87 994 54.48 924 56.15 854
48.34 1203 49.81 1133 51.33 1063 52.90 993 54.51 923 56.18 853
48.35 1202 49.84 1132 51.35 1062 52.92 992 54.53 922 56.20 852
48.37 1201 49.86 1131 51.38 1061 52.94 991 54.55 921 56.22 851
48.40 1200 49.88 1130 51.40 1060 52.97 990 54.58 920 56.24 850
48.42 1199 49.89 1129 51.42 1059 52.99 989 54.60 919 56.28 849
48.44 1198 49.92 1128 51.43 1058 53.01 988 54.62 918 56.30 848
48.46 1197 49.94 1127 51.46 1057 53.03 987 54.64 917 56.32 847
48.48 1196 49.96 1126 51.48 1056 53.06 986 54.67 916 56.35 846
48.50 1195 49.98 1125 51.50 1055 53.08 985 54.69 915 56.37 845
48.52 1194 50.01 1124 51.53 1054 53.10 984 54.71 914 56.39 844
48.54 1193 50.03 1123 51.55 1053 53.12 983 54.75 913 56.41 843
48.57 1192 50.05 1122 51.57 1052 53.15 982 54.77 912 56.45 842
48.59 1191 50.06 1121 51.59 1051 53.17 981 54.79 911 56.47 841
48.60 1190 50.09 1120 51.62 1050 53.19 980 54.82 910 56.49 840
48.62 1189 50.11 1119 51.64 1049 53.22 979 54.84 909 56.52 839
48.65 1188 50.13 1118 51.66 1048 53.24 978 54.86 908 56.54 838
48.67 1187 50.15 1117 51.69 1047 53.26 977 54.88 907 56.56 837
48.69 1186 50.18 1116 51.71 1046 53.28 976 54.91 906 56.59 836
48.72 1185 50.20 1115 51.73 1045 53.31 975 54.93 905 56.62 835
48.73 1184 50.22 1114 51.75 1044 53.33 974 54.95 904 56.64 834
48.75 1183 50.25 1113 51.78 1043 53.35 973 54.98 903 56.67 833
48.77 1182 50.26 1112 51.79 1042 53.38 972 55.00 902 56.69 832
48.80 1181 50.28 1111 51.81 1041 53.40 971 55.02 901 56.71 831
56.73 830 58.49 760 1:00.32 690 1:02.23 620 1:04.25 550 1:06.38 480
56.76 829 58.52 759 1:00.34 689 1:02.26 619 1:04.27 549 1:06.41 479
56.79 828 58.54 758 1:00.38 688 1:02.29 618 1:04.31 548 1:06.44 478
56.81 827 58.57 757 1:00.40 687 1:02.32 617 1:04.33 547 1:06.47 477
56.84 826 58.60 756 1:00.42 686 1:02.34 616 1:04.37 546 1:06.50 476
56.86 825 58.62 755 1:00.46 685 1:02.38 615 1:04.40 545 1:06.54 475
56.88 824 58.64 754 1:00.48 684 1:02.40 614 1:04.42 544 1:06.57 474
56.91 823 58.68 753 1:00.50 683 1:02.44 613 1:04.46 543 1:06.59 473
56.94 822 58.70 752 1:00.54 682 1:02.46 612 1:04.48 542 1:06.63 472
56.96 821 58.72 751 1:00.56 681 1:02.49 611 1:04.51 541 1:06.66 471
56.99 820 58.75 750 1:00.58 680 1:02.51 610 1:04.55 540 1:06.70 470
57.01 819 58.78 749 1:00.62 679 1:02.54 609 1:04.57 539 1:06.73 469
57.03 818 58.80 748 1:00.64 678 1:02.57 608 1:04.61 538 1:06.75 468
57.05 817 58.83 747 1:00.66 677 1:02.59 607 1:04.63 537 1:06.79 467
57.09 816 58.85 746 1:00.70 676 1:02.63 606 1:04.66 536 1:06.82 466
57.11 815 58.88 745 1:00.72 675 1:02.65 605 1:04.70 535 1:06.86 465
57.13 814 58.91 744 1:00.74 674 1:02.69 604 1:04.72 534 1:06.88 464
57.16 813 58.93 743 1:00.78 673 1:02.71 603 1:04.75 533 1:06.91 463
57.18 812 58.95 742 1:00.80 672 1:02.74 602 1:04.79 532 1:06.95 462
57.20 811 58.99 741 1:00.84 671 1:02.77 601 1:04.81 531 1:06.98 461
57.24 810 59.01 740 1:00.86 670 1:02.80 600 1:04.85 530 1:07.02 460
57.26 809 59.03 739 1:00.88 669 1:02.82 599 1:04.87 529 1:07.04 459
57.28 808 59.05 738 1:00.92 668 1:02.86 598 1:04.90 528 1:07.07 458
57.31 807 59.09 737 1:00.94 667 1:02.88 597 1:04.94 527 1:07.11 457
57.33 806 59.11 736 1:00.96 666 1:02.91 596 1:04.96 526 1:07.14 456
57.35 805 59.13 735 1:01.00 665 1:02.94 595 1:04.99 525 1:07.18 455
57.39 804 59.17 734 1:01.02 664 1:02.97 594 1:05.03 524 1:07.21 454
57.41 803 59.19 733 1:01.05 663 1:02.99 593 1:05.05 523 1:07.23 453
57.43 802 59.21 732 1:01.08 662 1:03.03 592 1:05.09 522 1:07.27 452
57.45 801 59.24 731 1:01.10 661 1:03.05 591 1:05.12 521 1:07.30 451
57.48 800 59.27 730 1:01.13 660 1:03.09 590 1:05.14 520 1:07.34 450
57.51 799 59.29 729 1:01.16 659 1:03.11 589 1:05.18 519 1:07.37 449
57.53 798 59.32 728 1:01.18 658 1:03.14 588 1:05.20 518 1:07.39 448
57.56 797 59.34 727 1:01.21 657 1:03.17 587 1:05.23 517 1:07.43 447
57.58 796 59.37 726 1:01.24 656 1:03.20 586 1:05.27 516 1:07.46 446
57.60 795 59.40 725 1:01.27 655 1:03.22 585 1:05.29 515 1:07.50 445
57.64 794 59.42 724 1:01.29 654 1:03.26 584 1:05.33 514 1:07.53 444
57.66 793 59.45 723 1:01.32 653 1:03.28 583 1:05.36 513 1:07.56 443
57.68 792 59.48 722 1:01.35 652 1:03.31 582 1:05.38 512 1:07.60 442
57.71 791 59.50 721 1:01.37 651 1:03.34 581 1:05.42 511 1:07.62 441
57.73 790 59.52 720 1:01.41 650 1:03.37 580 1:05.45 510 1:07.66 440
57.76 789 59.56 719 1:01.43 649 1:03.39 579 1:05.47 509 1:07.69 439
57.79 788 59.58 718 1:01.45 648 1:03.43 578 1:05.51 508 1:07.72 438
57.81 787 59.60 717 1:01.49 647 1:03.46 577 1:05.54 507 1:07.76 437
57.83 786 59.64 716 1:01.51 646 1:03.49 576 1:05.58 506 1:07.79 436
57.85 785 59.66 715 1:01.54 645 1:03.52 575 1:05.60 505 1:07.83 435
57.89 784 59.68 714 1:01.57 644 1:03.54 574 1:05.63 504 1:07.85 434
57.91 783 59.72 713 1:01.59 643 1:03.58 573 1:05.67 503 1:07.88 433
57.93 782 59.74 712 1:01.62 642 1:03.60 572 1:05.69 502 1:07.92 432
57.96 781 59.76 711 1:01.65 641 1:03.63 571 1:05.72 501 1:07.95 431
57.98 780 59.78 710 1:01.68 640 1:03.66 570 1:05.76 500 1:07.99 430
58.01 779 59.82 709 1:01.70 639 1:03.69 569 1:05.78 499 1:08.02 429
58.04 778 59.84 708 1:01.74 638 1:03.71 568 1:05.82 498 1:08.06 428
58.06 777 59.86 707 1:01.76 637 1:03.75 567 1:05.85 497 1:08.09 427
58.08 776 59.90 706 1:01.78 636 1:03.77 566 1:05.87 496 1:08.12 426
58.11 775 59.92 705 1:01.82 635 1:03.81 565 1:05.91 495 1:08.15 425
58.14 774 59.94 704 1:01.84 634 1:03.84 564 1:05.94 494 1:08.18 424
58.16 773 59.98 703 1:01.88 633 1:03.86 563 1:05.98 493 1:08.22 423
58.19 772 1:00.00 702 1:01.90 632 1:03.90 562 1:06.00 492 1:08.25 422
58.21 771 1:00.02 701 1:01.93 631 1:03.92 561 1:06.03 491 1:08.28 421
58.24 770 1:00.06 700 1:01.96 630 1:03.95 560 1:06.07 490 1:08.32 420
58.27 769 1:00.08 699 1:01.98 629 1:03.98 559 1:06.10 489 1:08.35 419
58.29 768 1:00.10 698 1:02.01 628 1:04.01 558 1:06.12 488 1:08.39 418
58.31 767 1:00.14 697 1:02.04 627 1:04.05 557 1:06.16 487 1:08.42 417
58.33 766 1:00.16 696 1:02.07 626 1:04.07 556 1:06.19 486 1:08.46 416
58.37 765 1:00.18 695 1:02.09 625 1:04.10 555 1:06.22 485 1:08.49 415
58.39 764 1:00.22 694 1:02.13 624 1:04.13 554 1:06.25 484 1:08.52 414
58.41 763 1:00.24 693 1:02.15 623 1:04.16 553 1:06.28 483 1:08.56 413
58.44 762 1:00.26 692 1:02.18 622 1:04.18 552 1:06.32 482 1:08.58 412
58.47 761 1:00.30 691 1:02.21 621 1:04.22 551 1:06.34 481 1:08.62 411
1:08.65 410 1:11.07 341 1:13.72 272 1:16.70 203 1:20.18 134 1:24.62 65
1:08.68 409 1:11.11 340 1:13.77 271 1:16.75 202 1:20.23 133 1:24.70 64
1:08.72 408 1:11.15 339 1:13.81 270 1:16.79 201 1:20.29 132 1:24.78 63
1:08.75 407 1:11.19 338 1:13.85 269 1:16.84 200 1:20.35 131 1:24.86 62
1:08.79 406 1:11.22 337 1:13.89 268 1:16.89 199 1:20.40 130 1:24.93 61
1:08.82 405 1:11.25 336 1:13.93 267 1:16.93 198 1:20.46 129 1:25.01 60
1:08.85 404 1:11.30 335 1:13.97 266 1:16.98 197 1:20.52 128 1:25.09 59
1:08.89 403 1:11.33 334 1:14.01 265 1:17.02 196 1:20.58 127 1:25.17 58
1:08.92 402 1:11.37 333 1:14.05 264 1:17.08 195 1:20.63 126 1:25.26 57
1:08.96 401 1:11.40 332 1:14.10 263 1:17.13 194 1:20.69 125 1:25.34 56
1:08.99 400 1:11.45 331 1:14.13 262 1:17.17 193 1:20.75 124 1:25.42 55
1:09.03 399 1:11.48 330 1:14.18 261 1:17.22 192 1:20.80 123 1:25.50 54
1:09.06 398 1:11.52 329 1:14.21 260 1:17.26 191 1:20.86 122 1:25.59 53
1:09.09 397 1:11.55 328 1:14.26 259 1:17.31 190 1:20.92 121 1:25.67 52
1:09.13 396 1:11.60 327 1:14.30 258 1:17.35 189 1:20.98 120 1:25.75 51
1:09.16 395 1:11.63 326 1:14.34 257 1:17.41 188 1:21.03 119 1:25.84 50
1:09.20 394 1:11.67 325 1:14.38 256 1:17.46 187 1:21.09 118 1:25.93 49
1:09.23 393 1:11.70 324 1:14.43 255 1:17.50 186 1:21.16 117 1:26.01 48
1:09.27 392 1:11.75 323 1:14.46 254 1:17.55 185 1:21.22 116 1:26.10 47
1:09.30 391 1:11.78 322 1:14.51 253 1:17.59 184 1:21.27 115 1:26.20 46
1:09.33 390 1:11.81 321 1:14.56 252 1:17.65 183 1:21.33 114 1:26.29 45
1:09.37 389 1:11.85 320 1:14.59 251 1:17.70 182 1:21.39 113 1:26.38 44
1:09.40 388 1:11.89 319 1:14.64 250 1:17.74 181 1:21.45 112 1:26.47 43
1:09.44 387 1:11.93 318 1:14.68 249 1:17.79 180 1:21.51 111 1:26.56 42
1:09.47 386 1:11.96 317 1:14.72 248 1:17.85 179 1:21.57 110 1:26.65 41
1:09.51 385 1:12.01 316 1:14.76 247 1:17.89 178 1:21.64 109 1:26.74 40
1:09.54 384 1:12.04 315 1:14.81 246 1:17.94 177 1:21.69 108 1:26.85 39
1:09.57 383 1:12.08 314 1:14.84 245 1:17.98 176 1:21.75 107 1:26.94 38
1:09.61 382 1:12.12 313 1:14.89 244 1:18.04 175 1:21.82 106 1:27.04 37
1:09.64 381 1:12.16 312 1:14.93 243 1:18.09 174 1:21.88 105 1:27.14 36
1:09.68 380 1:12.19 311 1:14.98 242 1:18.13 173 1:21.95 104 1:27.24 35
1:09.71 379 1:12.24 310 1:15.01 241 1:18.19 172 1:22.00 103 1:27.34 34
1:09.75 378 1:12.27 309 1:15.06 240 1:18.23 171 1:22.06 102 1:27.44 33
1:09.79 377 1:12.30 308 1:15.10 239 1:18.29 170 1:22.13 101 1:27.55 32
1:09.83 376 1:12.35 307 1:15.15 238 1:18.34 169 1:22.20 100 1:27.66 31
1:09.86 375 1:12.38 306 1:15.18 237 1:18.38 168 1:22.25 99 1:27.76 30
1:09.89 374 1:12.42 305 1:15.23 236 1:18.44 167 1:22.32 98 1:27.87 29
1:09.93 373 1:12.46 304 1:15.27 235 1:18.48 166 1:22.38 97 1:27.99 28
1:09.96 372 1:12.50 303 1:15.32 234 1:18.54 165 1:22.45 96 1:28.09 27
1:10.00 371 1:12.54 302 1:15.35 233 1:18.59 164 1:22.52 95 1:28.22 26
1:10.03 370 1:12.58 301 1:15.40 232 1:18.63 163 1:22.57 94 1:28.33 25
1:10.07 369 1:12.61 300 1:15.45 231 1:18.69 162 1:22.64 93 1:28.45 24
1:10.10 368 1:12.66 299 1:15.49 230 1:18.74 161 1:22.71 92 1:28.57 23
1:10.13 367 1:12.69 298 1:15.54 229 1:18.79 160 1:22.78 91 1:28.70 22
1:10.17 366 1:12.74 297 1:15.58 228 1:18.84 159 1:22.84 90 1:28.82 21
1:10.21 365 1:12.77 296 1:15.62 227 1:18.90 158 1:22.91 89 1:28.95 20
1:10.25 364 1:12.81 295 1:15.66 226 1:18.94 157 1:22.97 88 1:29.07 19
1:10.28 363 1:12.85 294 1:15.71 225 1:19.00 156 1:23.04 87 1:29.21 18
1:10.32 362 1:12.89 293 1:15.75 224 1:19.04 155 1:23.11 86 1:29.35 17
1:10.35 361 1:12.93 292 1:15.80 223 1:19.10 154 1:23.18 85 1:29.50 16
1:10.39 360 1:12.97 291 1:15.85 222 1:19.16 153 1:23.25 84 1:29.65 15
1:10.42 359 1:13.01 290 1:15.89 221 1:19.20 152 1:23.32 83 1:29.79 14
1:10.45 358 1:13.05 289 1:15.93 220 1:19.26 151 1:23.39 82 1:29.94 13
1:10.50 357 1:13.08 288 1:15.97 219 1:19.31 150 1:23.45 81 1:30.10 12
1:10.53 356 1:13.13 287 1:16.02 218 1:19.36 149 1:23.52 80 1:30.27 11
1:10.57 355 1:13.16 286 1:16.06 217 1:19.42 148 1:23.59 79 1:30.45 10
1:10.60 354 1:13.21 285 1:16.11 216 1:19.47 147 1:23.66 78 1:30.63 9
1:10.64 353 1:13.24 284 1:16.15 215 1:19.52 146 1:23.74 77 1:30.82 8
1:10.67 352 1:13.29 283 1:16.20 214 1:19.58 145 1:23.81 76 1:31.02 7
1:10.71 351 1:13.32 282 1:16.25 213 1:19.63 144 1:23.88 75 1:31.23 6
1:10.75 350 1:13.37 281 1:16.29 212 1:19.68 143 1:23.95 74 1:31.47 5
1:10.79 349 1:13.40 280 1:16.34 211 1:19.74 142 1:24.03 73 1:31.72 4
1:10.82 348 1:13.45 279 1:16.38 210 1:19.80 141 1:24.09 72 1:32.01 3
1:10.85 347 1:13.48 278 1:16.43 209 1:19.84 140 1:24.17 71 1:32.34 2
1:10.89 346 1:13.53 277 1:16.47 208 1:19.90 139 1:24.24 70 1:32.76 1
1:10.92 345 1:13.56 276 1:16.52 207 1:19.96 138 1:24.32 69
1:10.97 344 1:13.61 275 1:16.57 206 1:20.02 137 1:24.39 68
1:11.00 343 1:13.64 274 1:16.61 205 1:20.07 136 1:24.47 67
1:11.04 342 1:13.69 273 1:16.66 204 1:20.12 135 1:24.54 66
