41.47 1250
41.49 1249
41.50 1248
41.52 1247
41.54 1246
41.56 1245
41.58 1244
41.59 1243
41.61 1242
41.63 1241
41.65 1240
41.67 1239
41.68 1238
41.70 1237
41.72 1236
41.74 1235
41.76 1234
41.77 1233
41.79 1232
41.81 1231
41.83 1230
41.85 1229
41.86 1228
41.88 1227
41.90 1226
41.92 1225
41.94 1224
41.95 1223
41.97 1222
41.99 1221
42.01 1220
42.03 1219
42.04 1218
42.06 1217
42.08 1216
42.10 1215
42.12 1214
42.13 1213
42.15 1212
42.17 1211
42.19 1210
42.21 1209
42.23 1208
42.24 1207
42.26 1206
42.28 1205
42.30 1204
42.32 1203
42.33 1202
42.35 1201

42.37 1200
42.39 1199
42.41 1198
42.43 1197
42.44 1196
42.46 1195
42.48 1194
42.50 1193
42.52 1192
42.54 1191
42.55 1190
42.57 1189
42.59 1188
42.61 1187
42.63 1186
42.65 1185
42.66 1184
42.68 1183
42.70 1182
42.72 1181
42.74 1180
42.76 1179
42.77 1178
42.79 1177
42.81 1176
42.83 1175
42.85 1174
42.87 1173
42.88 1172
42.90 1171
42.92 1170
42.94 1169
42.96 1168
42.98 1167
43.00 1166
43.01 1165
43.03 1164
43.05 1163
43.07 1162
43.09 1161
43.11 1160
43.13 1159
43.14 1158
43.16 1157
43.18 1156
43.20 1155
43.22 1154
43.24 1153
43.26 1152
43.27 1151

43.29 1150
43.31 1149
43.33 1148
43.35 1147
43.37 1146
43.39 1145
43.40 1144
43.42 1143
43.44 1142
43.46 1141
43.48 1140
43.50 1139
43.52 1138
43.53 1137
43.55 1136
43.57 1135
43.59 1134
43.61 1133
43.63 1132
43.65 1131
43.67 1130
43.68 1129
43.70 1128
43.72 1127
43.74 1126
43.76 1125
43.78 1124
43.80 1123
43.82 1122
43.83 1121
43.85 1120
43.87 1119
43.89 1118
43.91 1117
43.93 1116
43.95 1115
43.97 1114
43.99 1113
44.00 1112
44.02 1111
44.04 1110
44.06 1109
44.08 1108
44.10 1107
44.12 1106
44.14 1105
44.16 1104
44.17 1103
44.19 1102
44.21 1101

44.23 1100
44.25 1099
44.27 1098
44.29 1097
44.31 1096
44.33 1095
44.35 1094
44.36 1093
44.38 1092
44.40 1091
44.42 1090
44.44 1089
44.46 1088
44.48 1087
44.50 1086
44.52 1085
44.54 1084
44.55 1083
44.57 1082
44.59 1081
44.61 1080
44.63 1079
44.65 1078
44.67 1077
44.69 1076
44.71 1075
44.73 1074
44.75 1073
44.77 1072
44.78 1071
44.80 1070
44.82 1069
44.84 1068
44.86 1067
44.88 1066
44.90 1065
44.92 1064
44.94 1063
44.96 1062
44.98 1061
45.00 1060
45.02 1059
45.03 1058
45.05 1057
45.07 1056
45.09 1055
45.11 1054
45.13 1053
45.15 1052
45.17 1051

45.19 1050
45.21 1049
45.23 1048
45.25 1047
45.27 1046
45.29 1045
45.31 1044
45.33 1043
45.34 1042
45.36 1041
45.38 1040
45.40 1039
45.42 1038
45.44 1037
45.46 1036
45.48 1035
45.50 1034
45.52 1033
45.54 1032
45.56 1031
45.58 1030
45.60 1029
45.62 1028
45.64 1027
45.66 1026
45.68 1025
45.70 1024
45.72 1023
45.73 1022
45.75 1021
45.77 1020
45.79 1019
45.81 1018
45.83 1017
45.85 1016
45.87 1015
45.89 1014
45.91 1013
45.93 1012
45.95 1011
45.97 1010
45.99 1009
46.01 1008
46.03 1007
46.05 1006
46.07 1005
46.09 1004
46.11 1003
46.13 1002
46.15 1001
46.17 1000
46.19 999
46.21 998
46.23 997
46.25 996
46.27 995
46.29 994
46.31 993
46.33 992
46.35 991
46.37 990
46.39 989
46.41 988
46.43 987
46.45 986
46.47 985
46.49 984
46.51 983
46.53 982
46.55 981
46.57 980
46.59 979
46.61 978
46.63 977
46.65 976
46.67 975
46.69 974
46.71 973
46.73 972
46.75 971
46.77 970
46.79 969
46.81 968
46.83 967
46.85 966
46.87 965
46.89 964
46.91 963
46.93 962
46.95 961
46.97 960
46.99 959
47.01 958
47.03 957
47.05 956
47.07 955
47.09 954
47.11 953
47.13 952
47.15 951

47.17 950
47.19 949
47.21 948
47.23 947
47.25 946
47.27 945
47.29 944
47.31 943
47.33 942
47.35 941
47.37 940
47.39 939
47.41 938
47.43 937
47.45 936
47.47 935
47.49 934
47.52 933
47.54 932
47.56 931
47.58 930
47.60 929
47.62 928
47.64 927
47.66 926
47.68 925
47.70 924
47.72 923
47.74 922
47.76 921
47.78 920
47.80 919
47.82 918
47.84 917
47.86 916
47.88 915
47.90 914
47.93 913
47.95 912
47.97 911
47.99 910
48.01 909
48.03 908
48.05 907
48.07 906
48.09 905
48.11 904
48.13 903
48.15 902
48.17 901

48.19 900
48.22 899
48.24 898
48.26 897
48.28 896
48.30 895
48.32 894
48.34 893
48.36 892
48.38 891
48.40 890
48.42 889
48.44 888
48.46 887
48.49 886
48.51 885
48.53 884
48.55 883
48.57 882
48.59 881
48.61 880
48.63 879
48.65 878
48.67 877
48.70 876
48.72 875
48.74 874
48.76 873
48.78 872
48.80 871
48.82 870
48.84 869
48.86 868
48.88 867
48.91 866
48.93 865
48.95 864
48.97 863
48.99 862
49.01 861
49.03 860
49.05 859
49.08 858
49.10 857
49.12 856
49.14 855
49.16 854
49.18 853
49.20 852
49.22 851

49.24 850
49.27 849
49.29 848
49.31 847
49.33 846
49.35 845
49.37 844
49.39 843
49.42 842
49.44 841
49.46 840
49.48 839
49.50 838
49.52 837
49.54 836
49.57 835
49.59 834
49.61 833
49.63 832
49.65 831
49.67 830
49.69 829
49.72 828
49.74 827
49.76 826
49.78 825
49.80 824
49.82 823
49.85 822
49.87 821
49.89 820
49.91 819
49.93 818
49.95 817
49.98 816
50.00 815
50.02 814
50.04 813
50.06 812
50.08 811
50.11 810
50.13 809
50.15 808
50.17 807
50.19 806
50.21 805
50.24 804
50.26 803
50.28 802
50.30 801

50.32 800
50.35 799
50.37 798
50.39 797
50.41 796
50.43 795
50.46 794
50.48 793
50.50 792
50.52 791
50.54 790
50.57 789
50.59 788
50.61 787
50.63 786
50.65 785
50.68 784
50.70 783
50.72 782
50.74 781
50.76 780
50.79 779
50.81 778
50.83 777
50.85 776
50.87 775
50.90 774
50.92 773
50.94 772
50.96 771
50.99 770
51.01 769
51.03 768
51.05 767
51.07 766
51.10 765
51.12 764
51.14 763
51.16 762
51.19 761
51.21 760
51.23 759
51.25 758
51.28 757
51.30 756
51.32 755
51.34 754
51.37 753
51.39 752
51.41 751
51.43 750
51.46 749
51.48 748
51.50 747
51.52 746
51.55 745
51.57 744
51.59 743
51.61 742
51.64 741
51.66 740
51.68 739
51.70 738
51.73 737
51.75 736
51.77 735
51.80 734
51.82 733
51.84 732
51.86 731
51.89 730
51.91 729
51.93 728
51.95 727
51.98 726
52.00 725
52.02 724
52.05 723
52.07 722
52.09 721
52.11 720
52.14 719
52.16 718
52.18 717
52.21 716
52.23 715
52.25 714
52.28 713
52.30 712
52.32 711
52.34 710
52.37 709
52.39 708
52.41 707
52.44 706
52.46 705
52.48 704
52.51 703
52.53 702
52.55 701

52.58 700
52.60 699
52.62 698
52.65 697
52.67 696
52.69 695
52.72 694
52.74 693
52.76 692
52.79 691
52.81 690
52.83 689
52.86 688
52.88 687
52.90 686
52.93 685
52.95 684
52.97 683
53.00 682
53.02 681
53.04 680
53.07 679
53.09 678
53.11 677
53.14 676
53.16 675
53.18 674
53.21 673
53.23 672
53.26 671
53.28 670
53.30 669
53.33 668
53.35 667
53.37 666
53.40 665
53.42 664
53.45 663
53.47 662
53.49 661
53.52 660
53.54 659
53.56 658
53.59 657
53.61 656
53.64 655
53.66 654
53.68 653
53.71 652
53.73 651

53.76 650
53.78 649
53.80 648
53.83 647
53.85 646
53.88 645
53.90 644
53.92 643
53.95 642
53.97 641
54.00 640
54.02 639
54.05 638
54.07 637
54.09 636
54.12 635
54.14 634
54.17 633
54.19 632
54.22 631
54.24 630
54.26 629
54.29 628
54.31 627
54.34 626
54.36 625
54.39 624
54.41 623
54.44 622
54.46 621
54.48 620
54.51 619
54.53 618
54.56 617
54.58 616
54.61 615
54.63 614
54.66 613
54.68 612
54.71 611
54.73 610
54.75 609
54.78 608
54.80 607
54.83 606
54.85 605
54.88 604
54.90 603
54.93 602
54.95 601

54.98 600
55.00 599
55.03 598
55.05 597
55.08 596
55.10 595
55.13 594
55.15 593
55.18 592
55.20 591
55.23 590
55.25 589
55.28 588
55.30 587
55.33 586
55.35 585
55.38 584
55.40 583
55.43 582
55.45 581
55.48 580
55.50 579
55.53 578
55.56 577
55.58 576
55.61 575
55.63 574
55.66 573
55.68 572
55.71 571
55.73 570
55.76 569
55.78 568
55.81 567
55.83 566
55.86 565
55.89 564
55.91 563
55.94 562
55.96 561
55.99 560
56.01 559
56.04 558
56.07 557
56.09 556
56.12 555
56.14 554
56.17 553
56.19 552
56.22 551

56.25 550
56.27 549
56.30 548
56.32 547
56.35 546
56.38 545
56.40 544
56.43 543
56.45 542
56.48 541
56.51 540
56.53 539
56.56 538
56.58 537
56.61 536
56.64 535
56.66 534
56.69 533
56.72 532
56.74 531
56.77 530
56.79 529
56.82 528
56.85 527
56.87 526
56.90 525
56.93 524
56.95 523
56.98 522
57.01 521
57.03 520
57.06 519
57.08 518
57.11 517
57.14 516
57.16 515
57.19 514
57.22 513
57.24 512
57.27 511
57.30 510
57.32 509
57.35 508
57.38 507
57.41 506
57.43 505
57.46 504
57.49 503
57.51 502
57.54 501
57.57 500
57.59 499
57.62 498
57.65 497
57.67 496
57.70 495
57.73 494
57.76 493
57.78 492
57.81 491
57.84 490
57.87 489
57.89 488
57.92 487
57.95 486
57.97 485
58.00 484
58.03 483
58.06 482
58.08 481
58.11 480
58.14 479
58.17 478
58.19 477
58.22 476
58.25 475
58.28 474
58.30 473
58.33 472
58.36 471
58.39 470
58.42 469
58.44 468
58.47 467
58.50 466
58.53 465
58.55 464
58.58 463
58.61 462
58.64 461
58.67 460
58.69 459
58.72 458
58.75 457
58.78 456
58.81 455
58.84 454
58.86 453
58.89 452
58.92 451

58.95 450
58.98 449
59.00 448
59.03 447
59.06 446
59.09 445
59.12 444
59.15 443
59.18 442
59.20 441
59.23 440
59.26 439
59.29 438
59.32 437
59.35 436
59.38 435
59.40 434
59.43 433
59.46 432
59.49 431
59.52 430
59.55 429
59.58 428
59.61 427
59.64 426
59.66 425
59.69 424
59.72 423
59.75 422
59.78 421
59.81 420
59.84 419
59.87 418
59.90 417
59.93 416
59.96 415
59.99 414
60.02 413
60.04 412
60.07 411
60.10 410
60.13 409
60.16 408
60.19 407
60.22 406
60.25 405
60.28 404
60.31 403
60.34 402
60.37 401

60.40 400
60.43 399
60.46 398
60.49 397
60.52 396
60.55 395
60.58 394
60.61 393
60.64 392
60.67 391
60.70 390
60.73 389
60.76 388
60.79 387
60.82 386
60.85 385
60.88 384
60.91 383
60.94 382
60.97 381
61.00 380
61.03 379
61.06 378
61.10 377
61.13 376
61.16 375
61.19 374
61.22 373
61.25 372
61.28 371
61.31 370
61.34 369
61.37 368
61.40 367
61.43 366
61.47 365
61.50 364
61.53 363
61.56 362
61.59 361
61.62 360
61.65 359
61.68 358
61.72 357
61.75 356
61.78 355
61.81 354
61.84 353
61.87 352
61.90 351

61.94 350
61.97 349
62.00 348
62.03 347
62.06 346
62.09 345
62.13 344
62.16 343
62.19 342
62.22 341
62.25 340
62.29 339
62.32 338
62.35 337
62.38 336
62.42 335
62.45 334
62.48 333
62.51 332
62.55 331
62.58 330
62.61 329
62.64 328
62.68 327
62.71 326
62.74 325
62.77 324
62.81 323
62.84 322
62.87 321
62.90 320
62.94 319
62.97 318
63.00 317
63.04 316
63.07 315
63.10 314
63.14 313
63.17 312
63.20 311
63.24 310
63.27 309
63.30 308
63.34 307
63.37 306
63.40 305
63.44 304
63.47 303
63.51 302
63.54 301

63.57 300
63.61 299
63.64 298
63.68 297
63.71 296
63.74 295
63.78 294
63.81 293
63.85 292
63.88 291
63.92 290
63.95 289
63.98 288
64.02 287
64.05 286
64.09 285
64.12 284
64.16 283
64.19 282
64.23 281
64.26 280
64.30 279
64.33 278
64.37 277
64.40 276
64.44 275
64.47 274
64.51 273
64.54 272
64.58 271
64.62 270
64.65 269
64.69 268
64.72 267
64.76 266
64.79 265
64.83 264
64.87 263
64.90 262
64.94 261
64.97 260
65.01 259
65.05 258
65.08 257
65.12 256
65.16 255
65.19 254
65.23 253
65.27 252
65.30 251
65.34 250
65.38 249
65.41 248
65.45 247
65.49 246
65.52 245
65.56 244
65.60 243
65.64 242
65.67 241
65.71 240
65.75 239
65.79 238
65.82 237
65.86 236
65.90 235
65.94 234
65.97 233
66.01 232
66.05 231
66.09 230
66.13 229
66.17 228
66.20 227
66.24 226
66.28 225
66.32 224
66.36 223
66.40 222
66.44 221
66.47 220
66.51 219
66.55 218
66.59 217
66.63 216
66.67 215
66.71 214
66.75 213
66.79 212
66.83 211
66.87 210
66.91 209
66.95 208
66.99 207
67.03 206
67.07 205
67.11 204
67.15 203
67.19 202
67.23 201

67.27 200
67.31 199
67.35 198
67.39 197
67.43 196
67.48 195
67.52 194
67.56 193
67.60 192
67.64 191
67.68 190
67.72 189
67.77 188
67.81 187
67.85 186
67.89 185
67.93 184
67.98 183
68.02 182
68.06 181
68.10 180
68.15 179
68.19 178
68.23 177
68.27 176
68.32 175
68.36 174
68.40 173
68.45 172
68.49 171
68.54 170
68.58 169
68.62 168
68.67 167
68.71 166
68.76 165
68.80 164
68.84 163
68.89 162
68.93 161
68.98 160
69.02 159
69.07 158
69.11 157
69.16 156
69.20 155
69.25 154
69.30 153
69.34 152
69.39 151

69.43 150
69.48 149
69.53 148
69.57 147
69.62 146
69.67 145
69.71 144
69.76 143
69.81 142
69.86 141
69.90 140
69.95 139
70.00 138
70.05 137
70.10 136
70.14 135
70.19 134
70.24 133
70.29 132
70.34 131
70.39 130
70.44 129
70.49 128
70.54 127
70.59 126
70.64 125
70.69 124
70.74 123
70.79 122
70.84 121
70.89 120
70.94 119
70.99 118
71.05 117
71.10 116
71.15 115
71.20 114
71.25 113
71.31 112
71.36 111
71.41 110
71.47 109
71.52 108
71.57 107
71.63 106
71.68 105
71.74 104
71.79 103
71.84 102
71.90 101

71.96 100
72.01 99
72.07 98
72.12 97
72.18 96
72.24 95
72.29 94
72.35 93
72.41 92
72.47 91
72.52 90
72.58 89
72.64 88
72.70 87
72.76 86
72.82 85
72.88 84
72.94 83
73.00 82
73.06 81
73.12 80
73.18 79
73.24 78
73.31 77
73.37 76
73.43 75
73.49 74
73.56 73
73.62 72
73.69 71
73.75 70
73.82 69
73.88 68
73.95 67
74.01 66
74.08 65
74.15 64
74.22 63
74.29 62
74.35 61
74.42 60
74.49 59
74.56 58
74.64 57
74.71 56
74.78 55
74.85 54
74.93 53
75.00 52
75.07 51

75.15 50
75.23 49
75.30 48
75.38 47
75.46 46
75.54 45
75.62 44
75.70 43
75.78 42
75.86 41
75.94 40
76.03 39
76.11 38
76.20 37
76.29 36
76.37 35
76.46 34
76.55 33
76.65 32
76.74 31
76.83 30
76.93 29
77.03 28
77.12 27
77.23 26
77.33 25
77.43 24
77.54 23
77.65 22
77.76 21
77.87 20
77.98 19
78.10 18
78.22 17
78.35 16
78.48 15
78.61 14
78.74 13
78.88 12
79.03 11
79.18 10
79.34 9
79.51 8
79.68 7
79.87 6
80.08 5
80.30 4
80.55 3
80.84 2
81.21 1
