6.39 1396 5.69 1158 4.99 932 4.29 719 3.59 522 2.89 340
6.38 1393 5.68 1155 4.98 929 4.28 716 3.58 519 2.88 338
6.37 1389 5.67 1152 4.97 926 4.27 714 3.57 514 2.87 335
6.36 1386 5.66 1148 4.96 923 4.26 711 3.56 511 2.86 333
6.35 1383 5.65 1145 4.95 920 4.25 708 3.55 509 2.85 331
6.34 1379 5.64 1142 4.94 917 4.24 705 3.54 506 2.84 328
6.33 1376 5.63 1138 4.93 913 4.23 702 3.53 503 2.83 326
6.32 1372 5.62 1135 4.92 910 4.22 699 3.52 501 2.82 323
6.31 1369 5.61 1132 4.91 907 4.21 696 3.51 498 2.81 321
6.30 1365 5.60 1129 4.90 904 4.20 693 3.50 496 2.80 319
6.29 1362 5.59 1125 4.89 901 4.19 691 3.49 493 2.79 316
6.28 1359 5.58 1122 4.88 898 4.18 688 3.48 490 2.78 314
6.27 1355 5.57 1119 4.87 895 4.17 685 3.47 488 2.77 312
6.26 1352 5.56 1116 4.86 892 4.16 679 3.46 485 2.76 309
6.25 1348 5.55 1112 4.85 889 4.15 676 3.45 482 2.75 307
6.24 1345 5.54 1109 4.84 886 4.14 673 3.44 480 2.74 305
6.23 1342 5.53 1106 4.83 883 4.13 671 3.43 477 2.73 303
6.22 1338 5.52 1103 4.82 880 4.12 668 3.42 475 2.72 300
6.21 1335 5.51 1100 4.81 877 4.11 665 3.41 472 2.71 298
6.20 1331 5.50 1096 4.80 874 4.10 662 3.40 469 2.70 296
6.19 1328 5.49 1093 4.79 871 4.09 659 3.39 467 2.69 293
6.18 1325 5.48 1090 4.78 868 4.08 656 3.38 464 2.68 291
6.17 1321 5.47 1087 4.77 865 4.07 654 3.37 462 2.67 289
6.16 1318 5.46 1083 4.76 859 4.06 651 3.36 459 2.66 286
6.15 1314 5.45 1080 4.75 856 4.05 648 3.35 457 2.65 284
6.14 1311 5.44 1077 4.74 852 4.04 645 3.34 454 2.64 282
6.13 1308 5.43 1074 4.73 849 4.03 642 3.33 451 2.63 280
6.12 1304 5.42 1071 4.72 846 4.02 640 3.32 449 2.62 277
6.11 1301 5.41 1067 4.71 843 4.01 637 3.31 446 2.61 275
6.10 1298 5.40 1064 4.70 840 4.00 634 3.30 444 2.60 273
6.09 1294 5.39 1061 4.69 837 3.99 631 3.29 441 2.59 271
6.08 1291 5.38 1058 4.68 834 3.98 628 3.28 439 2.58 268
6.07 1287 5.37 1055 4.67 831 3.97 626 3.27 436 2.57 266
6.06 1284 5.36 1051 4.66 828 3.96 623 3.26 434 2.56 264
6.05 1281 5.35 1045 4.65 825 3.95 620 3.25 431 2.55 262
6.04 1277 5.34 1042 4.64 822 3.94 617 3.24 429 2.54 259
6.03 1274 5.33 1039 4.63 819 3.93 614 3.23 426 2.53 257
6.02 1271 5.32 1035 4.62 816 3.92 612 3.22 423 2.52 255
6.01 1267 5.31 1032 4.61 813 3.91 609 3.21 421 2.51 253
6.00 1264 5.30 1029 4.60 810 3.90 606 3.20 418 2.50 251
5.99 1261 5.29 1026 4.59 807 3.89 603 3.19 416 2.49 248
5.98 1257 5.28 1023 4.58 804 3.88 601 3.18 413 2.48 246
5.97 1254 5.27 1020 4.57 802 3.87 598 3.17 411 2.47 244
5.96 1251 5.26 1016 4.56 799 3.86 595 3.16 408 2.46 242
5.95 1244 5.25 1013 4.55 796 3.85 592 3.15 406 2.45 240
5.94 1241 5.24 1010 4.54 793 3.84 590 3.14 403 2.44 237
5.93 1237 5.23 1007 4.53 790 3.83 587 3.13 401 2.43 235
5.92 1234 5.22 1004 4.52 787 3.82 584 3.12 398 2.42 233
5.91 1231 5.21 1001 4.51 784 3.81 581 3.11 396 2.41 231
5.90 1227 5.20 998 4.50 781 3.80 579 3.10 393 2.40 229
5.89 1224 5.19 994 4.49 778 3.79 576 3.09 391 2.39 227
5.88 1221 5.18 991 4.48 775 3.78 573 3.08 389 2.38 222
5.87 1217 5.17 988 4.47 772 3.77 570 3.07 386 2.37 220
5.86 1214 5.16 985 4.46 769 3.76 568 3.06 384 2.36 218
5.85 1211 5.15 982 4.45 766 3.75 565 3.05 381 2.35 216
5.84 1207 5.14 979 4.44 763 3.74 562 3.04 379 2.34 214
5.83 1204 5.13 976 4.43 760 3.73 560 3.03 376 2.33 212
5.82 1201 5.12 972 4.42 757 3.72 557 3.02 374 2.32 210
5.81 1198 5.11 969 4.41 754 3.71 554 3.01 371 2.31 208
5.80 1194 5.10 966 4.40 751 3.70 551 3.00 369 2.30 206
5.79 1191 5.09 963 4.39 748 3.69 549 2.99 367 2.29 203
5.78 1188 5.08 960 4.38 746 3.68 546 2.98 364 2.28 201
5.77 1184 5.07 957 4.37 743 3.67 543 2.97 359 2.27 199
5.76 1181 5.06 954 4.36 740 3.66 541 2.96 357 2.26 197
5.75 1178 5.05 951 4.35 737 3.65 538 2.95 354 2.25 195
5.74 1174 5.04 947 4.34 734 3.64 535 2.94 352 2.24 193
5.73 1171 5.03 944 4.33 731 3.63 533 2.93 350 2.23 191
5.72 1168 5.02 941 4.32 728 3.62 530 2.92 347 2.22 189
5.71 1165 5.01 938 4.31 725 3.61 527 2.91 345 2.21 187
5.70 1161 5.00 935 4.30 722 3.60 525 2.90 342 2.20 185
2.19 183 1.99 143 1.79 107 1.59 71 1.39 42 1.19 15
2.18 181 1.98 142 1.78 103 1.58 70 1.38 40 1.18 14
2.17 179 1.97 140 1.77 101 1.57 68 1.37 39 1.17 13
2.16 177 1.96 138 1.76 100 1.56 67 1.36 37 1.16 12
2.15 175 1.95 136 1.75 98 1.55 65 1.35 36 1.15 11
2.14 173 1.94 134 1.74 96 1.54 64 1.34 35 1.14 10
2.13 171 1.93 132 1.73 95 1.53 62 1.33 33 1.13 9
2.12 169 1.92 130 1.72 93 1.52 61 1.32 32 1.11 8
2.11 167 1.91 128 1.71 91 1.51 59 1.31 31 1.10 7
2.10 165 1.90 127 1.70 89 1.50 57 1.30 30 1.09 6
2.09 163 1.89 125 1.69 88 1.49 56 1.29 28 1.08 5
2.08 161 1.88 123 1.68 86 1.48 54 1.28 27 1.07 4
2.07 159 1.87 121 1.67 84 1.47 53 1.27 26 1.05 3
2.06 157 1.86 119 1.66 83 1.46 52 1.26 25 1.04 2
2.05 155 1.85 117 1.65 81 1.45 50 1.25 23 1.02 1
2.04 153 1.84 116 1.64 79 1.44 49 1.24 22
2.03 151 1.83 114 1.63 78 1.43 47 1.23 21
2.02 149 1.82 112 1.62 76 1.42 46 1.22 20
2.01 147 1.81 110 1.61 75 1.41 44 1.21 19
2.00 145 1.80 109 1.60 73 1.40 43 1.20 18
