6.03 1396 5.33 1145 4.63 904 3.93 682 3.23 475 2.53 291
6.02 1393 5.32 1142 4.62 901 3.92 679 3.22 472 2.52 289
6.01 1389 5.31 1138 4.61 898 3.91 676 3.21 469 2.51 286
6.00 1386 5.30 1132 4.60 895 3.90 673 3.20 467 2.50 284
5.99 1383 5.29 1129 4.59 892 3.89 671 3.19 464 2.49 282
5.98 1379 5.28 1125 4.58 889 3.88 665 3.18 462 2.48 280
5.97 1376 5.27 1122 4.57 886 3.87 662 3.17 459 2.47 277
5.96 1372 5.26 1119 4.56 883 3.86 659 3.16 457 2.46 275
5.95 1365 5.25 1116 4.55 880 3.85 656 3.15 454 2.45 271
5.94 1362 5.24 1112 4.54 877 3.84 654 3.14 451 2.44 268
5.93 1359 5.23 1109 4.53 874 3.83 651 3.13 449 2.43 266
5.92 1355 5.22 1106 4.52 868 3.82 648 3.12 446 2.42 264
5.91 1352 5.21 1103 4.51 865 3.81 645 3.11 444 2.41 262
5.90 1348 5.20 1100 4.50 862 3.80 642 3.10 439 2.40 259
5.89 1345 5.19 1096 4.49 859 3.79 640 3.09 436 2.39 257
5.88 1342 5.18 1093 4.48 856 3.78 637 3.08 434 2.38 255
5.87 1338 5.17 1087 4.47 852 3.77 634 3.07 431 2.37 253
5.86 1335 5.16 1083 4.46 849 3.76 631 3.06 429 2.36 251
5.85 1331 5.15 1080 4.45 846 3.75 626 3.05 426 2.35 248
5.84 1328 5.14 1077 4.44 843 3.74 623 3.04 423 2.34 246
5.83 1325 5.13 1074 4.43 840 3.73 620 3.03 421 2.33 244
5.82 1318 5.12 1071 4.42 837 3.72 617 3.02 418 2.32 240
5.81 1314 5.11 1067 4.41 834 3.71 614 3.01 416 2.31 237
5.80 1311 5.10 1064 4.40 831 3.70 612 3.00 413 2.30 235
5.79 1308 5.09 1061 4.39 825 3.69 609 2.99 411 2.29 233
5.78 1304 5.08 1058 4.38 822 3.68 606 2.98 408 2.28 231
5.77 1301 5.07 1055 4.37 819 3.67 603 2.97 403 2.27 229
5.76 1298 5.06 1051 4.36 816 3.66 601 2.96 401 2.26 227
5.75 1294 5.05 1048 4.35 813 3.65 598 2.95 398 2.25 225
5.74 1291 5.04 1042 4.34 810 3.64 595 2.94 396 2.24 222
5.73 1287 5.03 1039 4.33 807 3.63 592 2.93 393 2.23 220
5.72 1284 5.02 1035 4.32 804 3.62 587 2.92 391 2.22 218
5.71 1281 5.01 1032 4.31 802 3.61 584 2.91 389 2.21 216
5.70 1277 5.00 1029 4.30 799 3.60 581 2.90 386 2.20 214
5.69 1271 4.99 1026 4.29 796 3.59 579 2.89 384 2.19 210
5.68 1267 4.98 1023 4.28 793 3.58 576 2.88 381 2.18 208
5.67 1264 4.97 1020 4.27 790 3.57 573 2.87 379 2.17 206
5.66 1261 4.96 1016 4.26 784 3.56 570 2.86 376 2.16 203
5.65 1257 4.95 1013 4.25 781 3.55 568 2.85 374 2.15 201
5.64 1254 4.94 1010 4.24 778 3.54 565 2.84 369 2.14 199
5.63 1251 4.93 1007 4.23 775 3.53 562 2.83 367 2.13 197
5.62 1247 4.92 1004 4.22 772 3.52 560 2.82 364 2.12 195
5.61 1244 4.91 998 4.21 769 3.51 557 2.81 362 2.11 193
5.60 1241 4.90 994 4.20 766 3.50 554 2.80 359 2.10 191
5.59 1237 4.89 991 4.19 763 3.49 549 2.79 357 2.09 189
5.58 1234 4.88 988 4.18 760 3.48 546 2.78 354 2.08 187
5.57 1231 4.87 985 4.17 757 3.47 543 2.77 352 2.07 185
5.56 1224 4.86 982 4.16 754 3.46 541 2.76 350 2.06 181
5.55 1221 4.85 979 4.15 751 3.45 538 2.75 347 2.05 179
5.54 1217 4.84 976 4.14 748 3.44 535 2.74 345 2.04 177
5.53 1214 4.83 972 4.13 743 3.43 533 2.73 342 2.03 175
5.52 1211 4.82 969 4.12 740 3.42 530 2.72 340 2.02 173
5.51 1207 4.81 966 4.11 737 3.41 527 2.71 335 2.01 171
5.50 1204 4.80 963 4.10 734 3.40 525 2.70 333 2.00 169
5.49 1201 4.79 960 4.09 731 3.39 522 2.69 331 1.99 167
5.48 1198 4.78 954 4.08 728 3.38 519 2.68 328 1.98 165
5.47 1194 4.77 951 4.07 725 3.37 517 2.67 326 1.97 163
5.46 1191 4.76 947 4.06 722 3.36 511 2.66 323 1.96 161
5.45 1188 4.75 944 4.05 719 3.35 509 2.65 321 1.95 159
5.44 1184 4.74 941 4.04 716 3.34 506 2.64 319 1.94 155
5.43 1178 4.73 938 4.03 714 3.33 503 2.63 316 1.93 153
5.42 1174 4.72 935 4.02 711 3.32 501 2.62 314 1.92 151
5.41 1171 4.71 932 4.01 705 3.31 498 2.61 312 1.91 149
5.40 1168 4.70 929 4.00 702 3.30 496 2.60 309 1.90 147
5.39 1165 4.69 926 3.99 699 3.29 493 2.59 307 1.89 145
5.38 1161 4.68 923 3.98 696 3.28 490 2.58 303 1.88 143
5.37 1158 4.67 920 3.97 693 3.27 488 2.57 300 1.87 142
5.36 1155 4.66 917 3.96 691 3.26 485 2.56 298 1.86 140
5.35 1152 4.65 910 3.95 688 3.25 482 2.55 296 1.85 138
5.34 1148 4.64 907 3.94 685 3.24 480 2.54 293 1.84 136
1.83 134 1.68 103 1.53 76 1.38 52 1.23 30 1.08 11
1.82 132 1.67 101 1.52 75 1.37 50 1.22 28 1.07 10
1.81 128 1.66 100 1.51 73 1.36 49 1.21 27 1.06 9
1.80 127 1.65 98 1.50 71 1.35 47 1.20 26 1.04 8
1.79 125 1.64 96 1.49 70 1.34 46 1.19 25 1.03 6
1.78 123 1.63 95 1.48 68 1.33 44 1.18 23 1.02 5
1.77 121 1.62 93 1.47 67 1.32 43 1.17 22 1.01 4
1.76 119 1.61 91 1.46 65 1.31 42 1.16 20 0.99 3
1.75 117 1.60 89 1.45 64 1.30 40 1.15 19 0.98 2
1.74 116 1.59 88 1.44 62 1.29 37 1.14 18 0.96 1
1.73 114 1.58 86 1.43 61 1.28 36 1.13 17
1.72 112 1.57 84 1.42 57 1.27 35 1.12 15
1.71 110 1.56 83 1.41 56 1.26 33 1.11 14
1.70 109 1.55 79 1.40 54 1.25 32 1.10 13
1.69 107 1.54 78 1.39 53 1.24 31 1.09 12
