5.66 1396 4.96 1129 4.26 877 3.56 640 2.86 426 2.16 235
5.65 1393 4.95 1125 4.25 871 3.55 637 2.85 423 2.15 233
5.64 1389 4.94 1122 4.24 868 3.54 634 2.84 421 2.14 231
5.63 1386 4.93 1119 4.23 865 3.53 631 2.83 416 2.13 229
5.62 1383 4.92 1112 4.22 862 3.52 628 2.82 413 2.12 227
5.61 1379 4.91 1109 4.21 859 3.51 623 2.81 411 2.11 225
5.60 1372 4.90 1106 4.20 856 3.50 620 2.80 408 2.10 222
5.59 1369 4.89 1103 4.19 852 3.49 617 2.79 406 2.09 218
5.58 1365 4.88 1100 4.18 846 3.48 614 2.78 403 2.08 216
5.57 1362 4.87 1096 4.17 843 3.47 612 2.77 401 2.07 214
5.56 1359 4.86 1090 4.16 840 3.46 609 2.76 396 2.06 212
5.55 1355 4.85 1087 4.15 837 3.45 606 2.75 393 2.05 210
5.54 1352 4.84 1083 4.14 834 3.44 601 2.74 391 2.04 208
5.53 1345 4.83 1080 4.13 831 3.43 598 2.73 389 2.03 206
5.52 1342 4.82 1077 4.12 828 3.42 595 2.72 386 2.02 201
5.51 1338 4.81 1074 4.11 822 3.41 592 2.71 384 2.01 199
5.50 1335 4.80 1071 4.10 819 3.40 590 2.70 379 2.00 197
5.49 1331 4.79 1064 4.09 816 3.39 587 2.69 376 1.99 195
5.48 1328 4.78 1061 4.08 813 3.38 584 2.68 374 1.98 193
5.47 1325 4.77 1058 4.07 810 3.37 579 2.67 371 1.97 191
5.46 1318 4.76 1055 4.06 807 3.36 576 2.66 369 1.96 189
5.45 1314 4.75 1051 4.05 802 3.35 573 2.65 367 1.95 185
5.44 1311 4.74 1048 4.04 799 3.34 570 2.64 364 1.94 183
5.43 1308 4.73 1045 4.03 796 3.33 568 2.63 359 1.93 181
5.42 1304 4.72 1039 4.02 793 3.32 565 2.62 357 1.92 179
5.41 1301 4.71 1035 4.01 790 3.31 562 2.61 354 1.91 177
5.40 1294 4.70 1032 4.00 787 3.30 557 2.60 352 1.90 175
5.39 1291 4.69 1029 3.99 784 3.29 554 2.59 350 1.89 171
5.38 1287 4.68 1026 3.98 778 3.28 551 2.58 347 1.88 169
5.37 1284 4.67 1023 3.97 775 3.27 549 2.57 345 1.87 167
5.36 1281 4.66 1020 3.96 772 3.26 546 2.56 340 1.86 165
5.35 1277 4.65 1013 3.95 769 3.25 543 2.55 338 1.85 163
5.34 1274 4.64 1010 3.94 766 3.24 538 2.54 335 1.84 161
5.33 1267 4.63 1007 3.93 763 3.23 535 2.53 333 1.83 159
5.32 1264 4.62 1004 3.92 760 3.22 533 2.52 331 1.82 155
5.31 1261 4.61 1001 3.91 754 3.21 530 2.51 328 1.81 153
5.30 1257 4.60 998 3.90 751 3.20 527 2.50 326 1.80 151
5.29 1254 4.59 991 3.89 748 3.19 525 2.49 321 1.79 149
5.28 1251 4.58 988 3.88 746 3.18 522 2.48 319 1.78 147
5.27 1247 4.57 985 3.87 743 3.17 517 2.47 316 1.77 145
5.26 1241 4.56 982 3.86 740 3.16 514 2.46 314 1.76 143
5.25 1237 4.55 979 3.85 737 3.15 511 2.45 312 1.75 140
5.24 1234 4.54 976 3.84 731 3.14 509 2.44 309 1.74 138
5.23 1231 4.53 972 3.83 728 3.13 506 2.43 305 1.73 136
5.22 1227 4.52 966 3.82 725 3.12 503 2.42 303 1.72 134
5.21 1224 4.51 963 3.81 722 3.11 501 2.41 300 1.71 132
5.20 1221 4.50 960 3.80 719 3.10 496 2.40 298 1.70 130
5.19 1214 4.49 957 3.79 716 3.09 493 2.39 296 1.69 128
5.18 1211 4.48 954 3.78 711 3.08 490 2.38 293 1.68 125
5.17 1207 4.47 951 3.77 708 3.07 488 2.37 291 1.67 123
5.16 1204 4.46 947 3.76 705 3.06 485 2.36 286 1.66 121
5.15 1201 4.45 941 3.75 702 3.05 482 2.35 284 1.65 119
5.14 1198 4.44 938 3.74 699 3.04 480 2.34 282 1.64 117
5.13 1191 4.43 935 3.73 696 3.03 475 2.33 280 1.63 116
5.12 1188 4.42 932 3.72 693 3.02 472 2.32 277 1.62 112
5.11 1184 4.41 929 3.71 688 3.01 469 2.31 275 1.61 110
5.10 1181 4.40 926 3.70 685 3.00 467 2.30 273 1.60 109
5.09 1178 4.39 923 3.69 682 2.99 464 2.29 268 1.59 107
5.08 1174 4.38 917 3.68 679 2.98 462 2.28 266 1.58 105
5.07 1171 4.37 913 3.67 676 2.97 457 2.27 264 1.57 103
5.06 1165 4.36 910 3.66 673 2.96 454 2.26 262 1.56 101
5.05 1161 4.35 907 3.65 671 2.95 451 2.25 259 1.55 98
5.04 1158 4.34 904 3.64 665 2.94 449 2.24 257 1.54 96
5.03 1155 4.33 901 3.63 662 2.93 446 2.23 255 1.53 95
5.02 1152 4.32 895 3.62 659 2.92 444 2.22 251 1.52 93
5.01 1148 4.31 892 3.61 656 2.91 441 2.21 248 1.51 91
5.00 1145 4.30 889 3.60 654 2.90 436 2.20 246 1.50 89
4.99 1138 4.29 886 3.59 651 2.89 434 2.19 244 1.49 88
4.98 1135 4.28 883 3.58 648 2.88 431 2.18 242 1.48 84
4.97 1132 4.27 880 3.57 642 2.87 429 2.17 240 1.47 83
1.46 81 1.37 65 1.28 49 1.19 35 1.10 22 1.01 10
1.45 79 1.36 64 1.27 47 1.18 33 1.09 21 1.00 9
1.44 78 1.35 61 1.26 46 1.17 32 1.08 19 0.98 8
1.43 76 1.34 59 1.25 44 1.16 31 1.07 18 0.97 7
1.42 75 1.33 57 1.24 43 1.15 30 1.06 17 0.96 6
1.41 71 1.32 56 1.23 42 1.14 27 1.05 15 0.95 5
1.40 70 1.31 54 1.22 40 1.13 26 1.04 14 0.93 3
1.39 68 1.30 53 1.21 37 1.12 25 1.03 13 0.92 2
1.38 67 1.29 52 1.20 36 1.11 23 1.02 12 0.90 1
