5.29 1396 4.59 1109 3.89 840 3.19 592 2.49 369 1.79 177
5.28 1389 4.58 1106 3.88 837 3.18 590 2.48 367 1.78 175
5.27 1386 4.57 1100 3.87 831 3.17 587 2.47 364 1.77 173
5.26 1383 4.56 1096 3.86 828 3.16 581 2.46 359 1.76 169
5.25 1379 4.55 1093 3.85 825 3.15 579 2.45 357 1.75 167
5.24 1376 4.54 1090 3.84 822 3.14 576 2.44 354 1.74 165
5.23 1369 4.53 1083 3.83 819 3.13 573 2.43 352 1.73 163
5.22 1365 4.52 1080 3.82 813 3.12 568 2.42 347 1.72 161
5.21 1362 4.51 1077 3.81 810 3.11 565 2.41 345 1.71 157
5.20 1359 4.50 1074 3.80 807 3.10 562 2.40 342 1.70 155
5.19 1352 4.49 1071 3.79 804 3.09 560 2.39 340 1.69 153
5.18 1348 4.48 1064 3.78 799 3.08 554 2.38 338 1.68 151
5.17 1345 4.47 1061 3.77 796 3.07 551 2.37 333 1.67 147
5.16 1342 4.46 1058 3.76 793 3.06 549 2.36 331 1.66 145
5.15 1338 4.45 1055 3.75 790 3.05 546 2.35 328 1.65 143
5.14 1331 4.44 1048 3.74 784 3.04 543 2.34 326 1.64 142
5.13 1328 4.43 1045 3.73 781 3.03 538 2.33 321 1.63 140
5.12 1325 4.42 1042 3.72 778 3.02 535 2.32 319 1.62 136
5.11 1321 4.41 1039 3.71 775 3.01 533 2.31 316 1.61 134
5.10 1314 4.40 1032 3.70 772 3.00 530 2.30 314 1.60 132
5.09 1311 4.39 1029 3.69 766 2.99 525 2.29 312 1.59 130
5.08 1308 4.38 1026 3.68 763 2.98 522 2.28 307 1.58 127
5.07 1304 4.37 1023 3.67 760 2.97 519 2.27 305 1.57 125
5.06 1298 4.36 1020 3.66 757 2.96 517 2.26 303 1.56 123
5.05 1294 4.35 1013 3.65 751 2.95 514 2.25 300 1.55 121
5.04 1291 4.34 1010 3.64 748 2.94 509 2.24 296 1.54 117
5.03 1287 4.33 1007 3.63 746 2.93 506 2.23 293 1.53 116
5.02 1284 4.32 1004 3.62 743 2.92 503 2.22 291 1.52 114
5.01 1277 4.31 998 3.61 740 2.91 501 2.21 289 1.51 112
5.00 1274 4.30 994 3.60 734 2.90 496 2.20 284 1.50 110
4.99 1271 4.29 991 3.59 731 2.89 493 2.19 282 1.49 107
4.98 1267 4.28 988 3.58 728 2.88 490 2.18 280 1.48 105
4.97 1261 4.27 985 3.57 725 2.87 488 2.17 277 1.47 103
4.96 1257 4.26 979 3.56 719 2.86 482 2.16 275 1.46 101
4.95 1254 4.25 976 3.55 716 2.85 480 2.15 271 1.45 98
4.94 1251 4.24 972 3.54 714 2.84 477 2.14 268 1.44 96
4.93 1247 4.23 969 3.53 711 2.83 475 2.13 266 1.43 95
4.92 1241 4.22 963 3.52 705 2.82 472 2.12 264 1.42 93
4.91 1237 4.21 960 3.51 702 2.81 467 2.11 259 1.41 91
4.90 1234 4.20 957 3.50 699 2.80 464 2.10 257 1.40 88
4.89 1231 4.19 954 3.49 696 2.79 462 2.09 255 1.39 86
4.88 1224 4.18 947 3.48 693 2.78 459 2.08 253 1.38 84
4.87 1221 4.17 944 3.47 688 2.77 454 2.07 251 1.37 83
4.86 1217 4.16 941 3.46 685 2.76 451 2.06 246 1.36 79
4.85 1214 4.15 938 3.45 682 2.75 449 2.05 244 1.35 78
4.84 1207 4.14 935 3.44 679 2.74 446 2.04 242 1.34 76
4.83 1204 4.13 929 3.43 673 2.73 444 2.03 240 1.33 75
4.82 1201 4.12 926 3.42 671 2.72 439 2.02 235 1.32 71
4.81 1198 4.11 923 3.41 668 2.71 436 2.01 233 1.31 70
4.80 1194 4.10 920 3.40 665 2.70 434 2.00 231 1.30 68
4.79 1188 4.09 913 3.39 662 2.69 431 1.99 229 1.29 67
4.78 1184 4.08 910 3.38 656 2.68 426 1.98 225 1.28 65
4.77 1181 4.07 907 3.37 654 2.67 423 1.97 222 1.27 62
4.76 1178 4.06 904 3.36 651 2.66 421 1.96 220 1.26 61
4.75 1171 4.05 901 3.35 648 2.65 418 1.95 218 1.25 59
4.74 1168 4.04 895 3.34 642 2.64 413 1.94 216 1.24 57
4.73 1165 4.03 892 3.33 640 2.63 411 1.93 212 1.23 54
4.72 1161 4.02 889 3.32 637 2.62 408 1.92 210 1.22 53
4.71 1158 4.01 886 3.31 634 2.61 406 1.91 208 1.21 52
4.70 1152 4.00 880 3.30 628 2.60 403 1.90 206 1.20 50
4.69 1148 3.99 877 3.29 626 2.59 398 1.89 201 1.19 49
4.68 1145 3.98 874 3.28 623 2.58 396 1.88 199 1.18 46
4.67 1142 3.97 871 3.27 620 2.57 393 1.87 197 1.17 44
4.66 1135 3.96 865 3.26 617 2.56 391 1.86 195 1.16 43
4.65 1132 3.95 862 3.25 612 2.55 386 1.85 193 1.15 42
4.64 1129 3.94 859 3.24 609 2.54 384 1.84 189 1.14 39
4.63 1125 3.93 856 3.23 606 2.53 381 1.83 187 1.13 37
4.62 1119 3.92 852 3.22 603 2.52 379 1.82 185 1.12 36
4.61 1116 3.91 846 3.21 598 2.51 376 1.81 183 1.11 35
4.60 1112 3.90 843 3.20 595 2.50 371 1.80 179 1.10 32
1.09 31 1.05 25 1.01 19 0.97 14 0.93 9 0.89 5
1.08 30 1.04 23 1.00 18 0.96 12 0.92 8 0.87 3
1.07 28 1.03 22 0.99 17 0.95 11 0.91 7 0.86 2
1.06 27 1.02 21 0.98 15 0.94 10 0.90 6 0.84 1
