4.93 1396 4.24 1093 3.55 810 2.86 554 2.17 323 1.48 130
4.92 1393 4.23 1090 3.54 807 2.85 549 2.16 319 1.47 127
4.91 1389 4.22 1087 3.53 804 2.84 546 2.15 316 1.46 125
4.90 1383 4.21 1080 3.52 802 2.83 543 2.14 314 1.45 123
4.89 1379 4.20 1077 3.51 796 2.82 538 2.13 309 1.44 119
4.88 1376 4.19 1074 3.50 793 2.81 535 2.12 307 1.43 117
4.87 1369 4.18 1071 3.49 790 2.80 533 2.11 305 1.42 116
4.86 1365 4.17 1064 3.48 784 2.79 527 2.10 300 1.41 112
4.85 1362 4.16 1061 3.47 781 2.78 525 2.09 298 1.40 110
4.84 1359 4.15 1058 3.46 778 2.77 522 2.08 296 1.39 109
4.83 1352 4.14 1051 3.45 772 2.76 517 2.07 291 1.38 105
4.82 1348 4.13 1048 3.44 769 2.75 514 2.06 289 1.37 103
4.81 1345 4.12 1045 3.43 766 2.74 511 2.05 286 1.36 101
4.80 1338 4.11 1039 3.42 760 2.73 506 2.04 282 1.35 98
4.79 1335 4.10 1035 3.41 757 2.72 503 2.03 280 1.34 96
4.78 1331 4.09 1032 3.40 754 2.71 501 2.02 277 1.33 95
4.77 1325 4.08 1026 3.39 748 2.70 496 2.01 273 1.32 93
4.76 1321 4.07 1023 3.38 746 2.69 493 2.00 271 1.31 89
4.75 1318 4.06 1020 3.37 743 2.68 490 1.99 268 1.30 88
4.74 1311 4.05 1013 3.36 737 2.67 485 1.98 266 1.29 86
4.73 1308 4.04 1010 3.35 734 2.66 482 1.97 262 1.28 83
4.72 1304 4.03 1007 3.34 731 2.65 480 1.96 259 1.27 81
4.71 1298 4.02 1001 3.33 725 2.64 477 1.95 257 1.26 79
4.70 1294 4.01 998 3.32 722 2.63 472 1.94 253 1.25 76
4.69 1291 4.00 994 3.31 719 2.62 469 1.93 251 1.24 75
4.68 1284 3.99 988 3.30 716 2.61 467 1.92 248 1.23 73
4.67 1281 3.98 985 3.29 711 2.60 462 1.91 244 1.22 70
4.66 1277 3.97 982 3.28 708 2.59 459 1.90 242 1.21 68
4.65 1271 3.96 979 3.27 705 2.58 457 1.89 240 1.20 67
4.64 1267 3.95 972 3.26 699 2.57 451 1.88 235 1.19 64
4.63 1264 3.94 969 3.25 696 2.56 449 1.87 233 1.18 62
4.62 1261 3.93 966 3.24 693 2.55 446 1.86 231 1.17 61
4.61 1254 3.92 960 3.23 688 2.54 441 1.85 227 1.16 57
4.60 1251 3.91 957 3.22 685 2.53 439 1.84 225 1.15 56
4.59 1247 3.90 954 3.21 682 2.52 436 1.83 222 1.14 54
4.58 1241 3.89 947 3.20 676 2.51 431 1.82 218 1.13 52
4.57 1237 3.88 944 3.19 673 2.50 429 1.81 216 1.12 50
4.56 1234 3.87 941 3.18 671 2.49 426 1.80 214 1.11 49
4.55 1227 3.86 935 3.17 665 2.48 421 1.79 210 1.10 47
4.54 1224 3.85 932 3.16 662 2.47 418 1.78 208 1.09 44
4.53 1221 3.84 929 3.15 659 2.46 416 1.77 206 1.08 43
4.52 1214 3.83 923 3.14 654 2.45 411 1.76 203 1.07 42
4.51 1211 3.82 920 3.13 651 2.44 408 1.75 199 1.06 39
4.50 1207 3.81 917 3.12 648 2.43 406 1.74 197 1.05 37
4.49 1201 3.80 910 3.11 642 2.42 403 1.73 195 1.04 36
4.48 1198 3.79 907 3.10 640 2.41 398 1.72 191 1.03 33
4.47 1194 3.78 904 3.09 637 2.40 396 1.71 189 1.02 32
4.46 1188 3.77 898 3.08 634 2.39 393 1.70 187 1.01 31
4.45 1184 3.76 895 3.07 628 2.38 389 1.69 183 1.00 28
4.44 1181 3.75 892 3.06 626 2.37 386 1.68 181 0.99 27
4.43 1174 3.74 889 3.05 623 2.36 384 1.67 179 0.98 26
4.42 1171 3.73 883 3.04 617 2.35 379 1.66 175 0.97 23
4.41 1168 3.72 880 3.03 614 2.34 376 1.65 173 0.96 22
4.40 1165 3.71 877 3.02 612 2.33 374 1.64 171 0.95 21
4.39 1158 3.70 871 3.01 606 2.32 369 1.63 167 0.94 19
4.38 1155 3.69 868 3.00 603 2.31 367 1.62 165 0.93 18
4.37 1152 3.68 865 2.99 601 2.30 364 1.61 163 0.92 17
4.36 1145 3.67 859 2.98 595 2.29 359 1.60 159 0.91 14
4.35 1142 3.66 856 2.97 592 2.28 357 1.59 157 0.90 13
4.34 1138 3.65 852 2.96 590 2.27 354 1.58 155 0.89 12
4.33 1132 3.64 846 2.95 584 2.26 350 1.57 151 0.88 11
4.32 1129 3.63 843 2.94 581 2.25 347 1.56 149 0.87 9
4.31 1125 3.62 840 2.93 579 2.24 345 1.55 147 0.85 8
4.30 1119 3.61 834 2.92 573 2.23 340 1.54 145 0.84 6
4.29 1116 3.60 831 2.91 570 2.22 338 1.53 142 0.83 5
4.28 1112 3.59 828 2.90 568 2.21 335 1.52 140 0.82 4
4.27 1106 3.58 822 2.89 562 2.20 333 1.51 138 0.81 3
4.26 1103 3.57 819 2.88 560 2.19 328 1.50 134 0.80 2
4.25 1100 3.56 816 2.87 557 2.18 326 1.49 132 0.79 1
