4.56 1396 3.92 1093 3.28 807 2.64 549 2.00 319 1.36 127
4.55 1389 3.91 1087 3.27 804 2.63 546 1.99 316 1.35 125
4.54 1386 3.90 1083 3.26 802 2.62 541 1.98 312 1.34 121
4.53 1379 3.89 1077 3.25 796 2.61 538 1.97 309 1.33 119
4.52 1376 3.88 1074 3.24 793 2.60 535 1.96 307 1.32 116
4.51 1372 3.87 1067 3.23 787 2.59 530 1.95 303 1.31 114
4.50 1365 3.86 1064 3.22 784 2.58 527 1.94 300 1.30 112
4.49 1362 3.85 1061 3.21 778 2.57 522 1.93 296 1.29 109
4.48 1355 3.84 1055 3.20 775 2.56 519 1.92 293 1.28 107
4.47 1352 3.83 1051 3.19 772 2.55 517 1.91 289 1.27 103
4.46 1345 3.82 1045 3.18 766 2.54 511 1.90 286 1.26 101
4.45 1342 3.81 1042 3.17 763 2.53 509 1.89 284 1.25 98
4.44 1338 3.80 1035 3.16 757 2.52 503 1.88 280 1.24 96
4.43 1331 3.79 1032 3.15 754 2.51 501 1.87 277 1.23 95
4.42 1328 3.78 1029 3.14 751 2.50 496 1.86 273 1.22 91
4.41 1321 3.77 1023 3.13 746 2.49 493 1.85 271 1.21 89
4.40 1318 3.76 1020 3.12 743 2.48 490 1.84 266 1.20 86
4.39 1311 3.75 1013 3.11 737 2.47 485 1.83 264 1.19 84
4.38 1308 3.74 1010 3.10 734 2.46 482 1.82 262 1.18 81
4.37 1304 3.73 1007 3.09 728 2.45 477 1.81 257 1.17 79
4.36 1298 3.72 1001 3.08 725 2.44 475 1.80 255 1.16 78
4.35 1294 3.71 998 3.07 722 2.43 469 1.79 251 1.15 75
4.34 1287 3.70 991 3.06 716 2.42 467 1.78 248 1.14 73
4.33 1284 3.69 988 3.05 714 2.41 464 1.77 244 1.13 70
4.32 1277 3.68 982 3.04 708 2.40 459 1.76 242 1.12 68
4.31 1274 3.67 979 3.03 705 2.39 457 1.75 240 1.11 67
4.30 1271 3.66 976 3.02 699 2.38 451 1.74 235 1.10 64
4.29 1264 3.65 969 3.01 696 2.37 449 1.73 233 1.09 62
4.28 1261 3.64 966 3.00 693 2.36 444 1.72 229 1.08 59
4.27 1254 3.63 960 2.99 688 2.35 441 1.71 227 1.07 57
4.26 1251 3.62 957 2.98 685 2.34 439 1.70 225 1.06 54
4.25 1247 3.61 951 2.97 679 2.33 434 1.69 220 1.05 53
4.24 1241 3.60 947 2.96 676 2.32 431 1.68 218 1.04 52
4.23 1237 3.59 944 2.95 671 2.31 426 1.67 214 1.03 49
4.22 1231 3.58 938 2.94 668 2.30 423 1.66 212 1.02 47
4.21 1227 3.57 935 2.93 665 2.29 421 1.65 208 1.01 44
4.20 1221 3.56 929 2.92 659 2.28 416 1.64 206 1.00 43
4.19 1217 3.55 926 2.91 656 2.27 413 1.63 203 0.99 40
4.18 1214 3.54 920 2.90 651 2.26 408 1.62 199 0.98 39
4.17 1207 3.53 917 2.89 648 2.25 406 1.61 197 0.97 37
4.16 1204 3.52 913 2.88 642 2.24 401 1.60 193 0.96 35
4.15 1198 3.51 907 2.87 640 2.23 398 1.59 191 0.95 33
4.14 1194 3.50 904 2.86 637 2.22 396 1.58 187 0.94 31
4.13 1188 3.49 898 2.85 631 2.21 391 1.57 185 0.93 30
4.12 1184 3.48 895 2.84 628 2.20 389 1.56 183 0.92 27
4.11 1181 3.47 889 2.83 623 2.19 384 1.55 179 0.91 26
4.10 1174 3.46 886 2.82 620 2.18 381 1.54 177 0.90 25
4.09 1171 3.45 883 2.81 617 2.17 376 1.53 173 0.89 22
4.08 1165 3.44 877 2.80 612 2.16 374 1.52 171 0.88 21
4.07 1161 3.43 874 2.79 609 2.15 371 1.51 167 0.87 19
4.06 1155 3.42 868 2.78 603 2.14 367 1.50 165 0.86 18
4.05 1152 3.41 865 2.77 601 2.13 364 1.49 163 0.85 17
4.04 1148 3.40 862 2.76 595 2.12 359 1.48 159 0.84 14
4.03 1142 3.39 856 2.75 592 2.11 357 1.47 157 0.83 13
4.02 1138 3.38 852 2.74 590 2.10 352 1.46 153 0.82 11
4.01 1132 3.37 846 2.73 584 2.09 350 1.45 151 0.81 10
4.00 1129 3.36 843 2.72 581 2.08 347 1.44 147 0.79 8
3.99 1125 3.35 837 2.71 576 2.07 342 1.43 145 0.78 7
3.98 1119 3.34 834 2.70 573 2.06 340 1.42 143 0.77 5
3.97 1116 3.33 831 2.69 568 2.05 335 1.41 140 0.76 4
3.96 1109 3.32 825 2.68 565 2.04 333 1.40 138 0.75 3
3.95 1106 3.31 822 2.67 562 2.03 328 1.39 134 0.74 2
3.94 1100 3.30 816 2.66 557 2.02 326 1.38 132 0.73 1
3.93 1096 3.29 813 2.65 554 2.01 323 1.37 130
