4.20 1396 3.61 1093 3.02 810 2.43 551 1.84 319 1.25 127
4.19 1393 3.60 1090 3.01 804 2.42 546 1.83 316 1.24 123
4.18 1386 3.59 1083 3.00 802 2.41 541 1.82 312 1.23 121
4.17 1383 3.58 1080 2.99 796 2.40 538 1.81 309 1.22 117
4.16 1376 3.57 1074 2.98 793 2.39 533 1.80 305 1.21 116
4.15 1372 3.56 1067 2.97 787 2.38 530 1.79 303 1.20 112
4.14 1365 3.55 1064 2.96 784 2.37 525 1.78 298 1.19 110
4.13 1362 3.54 1058 2.95 778 2.36 522 1.77 293 1.18 107
4.12 1355 3.53 1055 2.94 772 2.35 517 1.76 291 1.17 105
4.11 1352 3.52 1048 2.93 769 2.34 514 1.75 286 1.16 101
4.10 1345 3.51 1045 2.92 763 2.33 509 1.74 284 1.15 98
4.09 1338 3.50 1039 2.91 760 2.32 506 1.73 280 1.14 96
4.08 1335 3.49 1035 2.90 754 2.31 501 1.72 277 1.13 93
4.07 1328 3.48 1029 2.89 751 2.30 496 1.71 273 1.12 91
4.06 1325 3.47 1023 2.88 746 2.29 493 1.70 271 1.11 88
4.05 1318 3.46 1020 2.87 743 2.28 488 1.69 266 1.10 86
4.04 1314 3.45 1013 2.86 737 2.27 485 1.68 262 1.09 83
4.03 1308 3.44 1010 2.85 734 2.26 480 1.67 259 1.08 81
4.02 1304 3.43 1004 2.84 728 2.25 477 1.66 255 1.07 78
4.01 1298 3.42 1001 2.83 722 2.24 472 1.65 253 1.06 76
4.00 1294 3.41 994 2.82 719 2.23 469 1.64 248 1.05 73
3.99 1287 3.40 991 2.81 714 2.22 464 1.63 246 1.04 70
3.98 1281 3.39 985 2.80 711 2.21 459 1.62 242 1.03 68
3.97 1277 3.38 982 2.79 705 2.20 457 1.61 240 1.02 65
3.96 1271 3.37 976 2.78 702 2.19 451 1.60 235 1.01 64
3.95 1267 3.36 969 2.77 696 2.18 449 1.59 233 1.00 61
3.94 1261 3.35 966 2.76 693 2.17 444 1.58 229 0.99 59
3.93 1257 3.34 960 2.75 688 2.16 441 1.57 225 0.98 56
3.92 1251 3.33 957 2.74 685 2.15 436 1.56 222 0.97 54
3.91 1247 3.32 951 2.73 679 2.14 434 1.55 218 0.96 52
3.90 1241 3.31 947 2.72 673 2.13 429 1.54 216 0.95 50
3.89 1234 3.30 941 2.71 671 2.12 426 1.53 212 0.94 47
3.88 1231 3.29 938 2.70 665 2.11 421 1.52 210 0.93 44
3.87 1224 3.28 932 2.69 662 2.10 416 1.51 206 0.92 43
3.86 1221 3.27 929 2.68 656 2.09 413 1.50 203 0.91 40
3.85 1214 3.26 923 2.67 654 2.08 408 1.49 199 0.90 39
3.84 1211 3.25 917 2.66 648 2.07 406 1.48 197 0.89 36
3.83 1204 3.24 913 2.65 645 2.06 401 1.47 193 0.88 35
3.82 1201 3.23 907 2.64 640 2.05 398 1.46 189 0.87 32
3.81 1194 3.22 904 2.63 634 2.04 393 1.45 187 0.86 31
3.80 1191 3.21 898 2.62 631 2.03 391 1.44 183 0.85 28
3.79 1184 3.20 895 2.61 626 2.02 386 1.43 181 0.84 26
3.78 1178 3.19 889 2.60 623 2.01 384 1.42 177 0.83 25
3.77 1174 3.18 886 2.59 617 2.00 379 1.41 175 0.82 22
3.76 1168 3.17 880 2.58 614 1.99 374 1.40 171 0.81 21
3.75 1165 3.16 877 2.57 609 1.98 371 1.39 169 0.80 19
3.74 1158 3.15 871 2.56 606 1.97 367 1.38 165 0.79 18
3.73 1155 3.14 865 2.55 601 1.96 364 1.37 163 0.78 15
3.72 1148 3.13 862 2.54 598 1.95 359 1.36 159 0.77 14
3.71 1145 3.12 856 2.53 592 1.94 357 1.35 155 0.76 12
3.70 1138 3.11 852 2.52 587 1.93 352 1.34 153 0.75 11
3.69 1135 3.10 846 2.51 584 1.92 350 1.33 149 0.74 9
3.68 1129 3.09 843 2.50 579 1.91 345 1.32 147 0.73 8
3.67 1122 3.08 837 2.49 576 1.90 342 1.31 143 0.72 7
3.66 1119 3.07 834 2.48 570 1.89 338 1.30 142 0.71 5
3.65 1112 3.06 828 2.47 568 1.88 333 1.29 138 0.70 4
3.64 1109 3.05 822 2.46 562 1.87 331 1.28 136 0.69 3
3.63 1103 3.04 819 2.45 560 1.86 326 1.27 132 0.68 2
3.62 1100 3.03 813 2.44 554 1.85 323 1.26 128 0.67 1
