3.83 1396 3.29 1090 2.75 807 2.21 546 1.67 316 1.13 123
3.82 1389 3.28 1083 2.74 802 2.20 541 1.66 312 1.12 119
3.81 1383 3.27 1080 2.73 796 2.19 538 1.65 307 1.11 117
3.80 1379 3.26 1074 2.72 793 2.18 533 1.64 303 1.10 114
3.79 1372 3.25 1067 2.71 787 2.17 527 1.63 300 1.09 110
3.78 1365 3.24 1064 2.70 781 2.16 525 1.62 296 1.08 109
3.77 1359 3.23 1058 2.69 775 2.15 519 1.61 291 1.07 105
3.76 1355 3.22 1051 2.68 772 2.14 514 1.60 289 1.06 101
3.75 1348 3.21 1048 2.67 766 2.13 511 1.59 284 1.05 98
3.74 1342 3.20 1042 2.66 760 2.12 506 1.58 280 1.04 96
3.73 1338 3.19 1035 2.65 757 2.11 501 1.57 277 1.03 93
3.72 1331 3.18 1029 2.64 751 2.10 496 1.56 273 1.02 89
3.71 1325 3.17 1026 2.63 746 2.09 493 1.55 268 1.01 88
3.70 1321 3.16 1020 2.62 743 2.08 488 1.54 266 1.00 84
3.69 1314 3.15 1013 2.61 737 2.07 482 1.53 262 0.99 81
3.68 1308 3.14 1010 2.60 731 2.06 480 1.52 257 0.98 79
3.67 1304 3.13 1004 2.59 725 2.05 475 1.51 253 0.97 76
3.66 1298 3.12 998 2.58 722 2.04 469 1.50 251 0.96 73
3.65 1291 3.11 994 2.57 716 2.03 467 1.49 246 0.95 71
3.64 1284 3.10 988 2.56 711 2.02 462 1.48 242 0.94 68
3.63 1281 3.09 982 2.55 708 2.01 457 1.47 240 0.93 65
3.62 1274 3.08 979 2.54 702 2.00 451 1.46 235 0.92 62
3.61 1267 3.07 972 2.53 696 1.99 449 1.45 231 0.91 61
3.60 1264 3.06 966 2.52 693 1.98 444 1.44 229 0.90 57
3.59 1257 3.05 960 2.51 688 1.97 439 1.43 225 0.89 54
3.58 1251 3.04 957 2.50 682 1.96 436 1.42 220 0.88 53
3.57 1247 3.03 951 2.49 679 1.95 431 1.41 216 0.87 50
3.56 1241 3.02 944 2.48 673 1.94 426 1.40 214 0.86 47
3.55 1234 3.01 941 2.47 668 1.93 423 1.39 210 0.85 46
3.54 1227 3.00 935 2.46 662 1.92 418 1.38 206 0.84 43
3.53 1224 2.99 929 2.45 659 1.91 413 1.37 203 0.83 40
3.52 1217 2.98 926 2.44 654 1.90 411 1.36 199 0.82 37
3.51 1211 2.97 920 2.43 648 1.89 406 1.35 195 0.81 36
3.50 1207 2.96 913 2.42 645 1.88 401 1.34 193 0.80 33
3.49 1201 2.95 907 2.41 640 1.87 396 1.33 189 0.79 31
3.48 1194 2.94 904 2.40 634 1.86 393 1.32 185 0.78 30
3.47 1191 2.93 898 2.39 631 1.85 389 1.31 183 0.77 27
3.46 1184 2.92 892 2.38 626 1.84 384 1.30 179 0.76 25
3.45 1178 2.91 889 2.37 620 1.83 381 1.29 175 0.75 23
3.44 1174 2.90 883 2.36 614 1.82 376 1.28 171 0.74 21
3.43 1168 2.89 877 2.35 612 1.81 371 1.27 169 0.73 19
3.42 1161 2.88 874 2.34 606 1.80 369 1.26 165 0.72 18
3.41 1155 2.87 868 2.33 601 1.79 364 1.25 161 0.71 15
3.40 1152 2.86 862 2.32 598 1.78 359 1.24 159 0.70 13
3.39 1145 2.85 859 2.31 592 1.77 354 1.23 155 0.69 11
3.38 1138 2.84 852 2.30 587 1.76 352 1.22 151 0.68 10
3.37 1135 2.83 846 2.29 584 1.75 347 1.21 149 0.67 8
3.36 1129 2.82 840 2.28 579 1.74 342 1.20 145 0.66 7
3.35 1122 2.81 837 2.27 573 1.73 340 1.19 142 0.65 6
3.34 1119 2.80 831 2.26 570 1.72 335 1.18 138 0.64 4
3.33 1112 2.79 825 2.25 565 1.71 331 1.17 136 0.63 3
3.32 1106 2.78 822 2.24 560 1.70 328 1.16 132 0.62 2
3.31 1103 2.77 816 2.23 554 1.69 323 1.15 128 0.61 1
3.30 1096 2.76 810 2.22 551 1.68 319 1.14 127
