3.46 1393 2.97 1087 2.48 802 1.99 541 1.50 309 1.01 119
3.45 1386 2.96 1080 2.47 796 1.98 535 1.49 307 1.00 116
3.44 1379 2.95 1074 2.46 790 1.97 533 1.48 303 0.99 112
3.43 1372 2.94 1067 2.45 784 1.96 527 1.47 298 0.98 109
3.42 1365 2.93 1061 2.44 781 1.95 522 1.46 293 0.97 105
3.41 1359 2.92 1058 2.43 775 1.94 517 1.45 289 0.96 101
3.40 1352 2.91 1051 2.42 769 1.93 511 1.44 284 0.95 98
3.39 1348 2.90 1045 2.41 763 1.92 506 1.43 280 0.94 96
3.38 1342 2.89 1039 2.40 757 1.91 501 1.42 277 0.93 93
3.37 1335 2.88 1032 2.39 751 1.90 496 1.41 273 0.92 89
3.36 1328 2.87 1026 2.38 746 1.89 493 1.40 268 0.91 86
3.35 1321 2.86 1020 2.37 740 1.88 488 1.39 264 0.90 83
3.34 1314 2.85 1013 2.36 737 1.87 482 1.38 259 0.89 79
3.33 1308 2.84 1010 2.35 731 1.86 477 1.37 255 0.88 76
3.32 1301 2.83 1004 2.34 725 1.85 472 1.36 251 0.87 73
3.31 1298 2.82 998 2.33 719 1.84 467 1.35 246 0.86 71
3.30 1291 2.81 991 2.32 714 1.83 462 1.34 244 0.85 68
3.29 1284 2.80 985 2.31 708 1.82 457 1.33 240 0.84 65
3.28 1277 2.79 979 2.30 702 1.81 454 1.32 235 0.83 62
3.27 1271 2.78 972 2.29 696 1.80 449 1.31 231 0.82 59
3.26 1264 2.77 966 2.28 693 1.79 444 1.30 227 0.81 56
3.25 1257 2.76 963 2.27 688 1.78 439 1.29 222 0.80 53
3.24 1251 2.75 957 2.26 682 1.77 434 1.28 218 0.79 50
3.23 1247 2.74 951 2.25 676 1.76 429 1.27 214 0.78 49
3.22 1241 2.73 944 2.24 671 1.75 423 1.26 212 0.77 46
3.21 1234 2.72 938 2.23 665 1.74 418 1.25 208 0.76 43
3.20 1227 2.71 932 2.22 659 1.73 416 1.24 203 0.75 40
3.19 1221 2.70 926 2.21 654 1.72 411 1.23 199 0.74 37
3.18 1214 2.69 920 2.20 651 1.71 406 1.22 195 0.73 35
3.17 1207 2.68 917 2.19 645 1.70 401 1.21 191 0.72 32
3.16 1201 2.67 910 2.18 640 1.69 396 1.20 187 0.71 31
3.15 1198 2.66 904 2.17 634 1.68 391 1.19 183 0.70 28
3.14 1191 2.65 898 2.16 628 1.67 386 1.18 181 0.69 26
3.13 1184 2.64 892 2.15 623 1.66 381 1.17 177 0.68 23
3.12 1178 2.63 886 2.14 617 1.65 379 1.16 173 0.67 21
3.11 1171 2.62 880 2.13 614 1.64 374 1.15 169 0.66 19
3.10 1165 2.61 874 2.12 609 1.63 369 1.14 165 0.65 17
3.09 1158 2.60 871 2.11 603 1.62 364 1.13 161 0.64 14
3.08 1152 2.59 865 2.10 598 1.61 359 1.12 157 0.63 13
3.07 1148 2.58 859 2.09 592 1.60 354 1.11 153 0.62 11
3.06 1142 2.57 852 2.08 587 1.59 350 1.10 151 0.61 9
3.05 1135 2.56 846 2.07 581 1.58 345 1.09 147 0.60 8
3.04 1129 2.55 840 2.06 576 1.57 342 1.08 143 0.59 6
3.03 1122 2.54 834 2.05 573 1.56 338 1.07 140 0.58 4
3.02 1116 2.53 828 2.04 568 1.55 333 1.06 136 0.57 3
3.01 1109 2.52 825 2.03 562 1.54 328 1.05 132 0.55 1
3.00 1103 2.51 819 2.02 557 1.53 323 1.04 128
2.99 1100 2.50 813 2.01 551 1.52 319 1.03 125
2.98 1093 2.49 807 2.00 546 1.51 314 1.02 123
