3.10 1396 2.66 1087 2.22 802 1.78 541 1.34 309 0.90 117
3.09 1386 2.65 1080 2.21 796 1.77 535 1.33 305 0.89 114
3.08 1379 2.64 1074 2.20 790 1.76 530 1.32 300 0.88 110
3.07 1372 2.63 1067 2.19 784 1.75 525 1.31 296 0.87 107
3.06 1365 2.62 1061 2.18 778 1.74 519 1.30 291 0.86 103
3.05 1359 2.61 1055 2.17 772 1.73 514 1.29 286 0.85 98
3.04 1352 2.60 1048 2.16 766 1.72 509 1.28 282 0.84 95
3.03 1345 2.59 1042 2.15 760 1.71 503 1.27 275 0.83 91
3.02 1338 2.58 1035 2.14 754 1.70 496 1.26 271 0.82 88
3.01 1331 2.57 1029 2.13 746 1.69 490 1.25 266 0.81 84
3.00 1325 2.56 1023 2.12 740 1.68 485 1.24 262 0.80 81
2.99 1318 2.55 1013 2.11 734 1.67 480 1.23 257 0.79 78
2.98 1308 2.54 1007 2.10 728 1.66 475 1.22 253 0.78 75
2.97 1301 2.53 1001 2.09 722 1.65 469 1.21 248 0.77 71
2.96 1294 2.52 994 2.08 716 1.64 464 1.20 244 0.76 68
2.95 1287 2.51 988 2.07 711 1.63 459 1.19 240 0.75 65
2.94 1281 2.50 982 2.06 705 1.62 454 1.18 235 0.74 61
2.93 1274 2.49 976 2.05 699 1.61 449 1.17 229 0.73 57
2.92 1267 2.48 969 2.04 693 1.60 444 1.16 225 0.72 54
2.91 1261 2.47 963 2.03 688 1.59 436 1.15 220 0.71 52
2.90 1254 2.46 957 2.02 679 1.58 431 1.14 216 0.70 49
2.89 1247 2.45 947 2.01 673 1.57 426 1.13 212 0.69 46
2.88 1241 2.44 941 2.00 668 1.56 421 1.12 208 0.68 43
2.87 1231 2.43 935 1.99 662 1.55 416 1.11 203 0.67 40
2.86 1224 2.42 929 1.98 656 1.54 411 1.10 199 0.66 37
2.85 1217 2.41 923 1.97 651 1.53 406 1.09 195 0.65 35
2.84 1211 2.40 917 1.96 645 1.52 401 1.08 191 0.64 32
2.83 1204 2.39 910 1.95 640 1.51 396 1.07 187 0.63 28
2.82 1198 2.38 904 1.94 634 1.50 391 1.06 181 0.62 26
2.81 1191 2.37 898 1.93 628 1.49 384 1.05 177 0.61 23
2.80 1184 2.36 892 1.92 623 1.48 379 1.04 173 0.60 21
2.79 1178 2.35 886 1.91 614 1.47 374 1.03 169 0.59 19
2.78 1171 2.34 877 1.90 609 1.46 369 1.02 165 0.58 17
2.77 1161 2.33 871 1.89 603 1.45 364 1.01 161 0.57 14
2.76 1155 2.32 865 1.88 598 1.44 359 1.00 157 0.56 12
2.75 1148 2.31 859 1.87 592 1.43 354 0.99 153 0.55 10
2.74 1142 2.30 852 1.86 587 1.42 350 0.98 149 0.54 8
2.73 1135 2.29 846 1.85 581 1.41 345 0.97 145 0.53 6
2.72 1129 2.28 840 1.84 576 1.40 340 0.96 142 0.52 4
2.71 1122 2.27 834 1.83 570 1.39 335 0.95 136 0.51 3
2.70 1116 2.26 828 1.82 565 1.38 328 0.94 132 0.50 1
2.69 1109 2.25 822 1.81 557 1.37 323 0.93 128
2.68 1103 2.24 816 1.80 551 1.36 319 0.92 125
2.67 1096 2.23 807 1.79 546 1.35 314 0.91 121
