2.73 1389 2.34 1083 1.95 796 1.56 535 1.17 303 0.78 112
2.72 1383 2.33 1074 1.94 790 1.55 527 1.16 298 0.77 107
2.71 1376 2.32 1067 1.93 781 1.54 522 1.15 291 0.76 103
2.70 1365 2.31 1061 1.92 775 1.53 517 1.14 286 0.75 98
2.69 1359 2.30 1051 1.91 769 1.52 509 1.13 282 0.74 95
2.68 1348 2.29 1045 1.90 760 1.51 503 1.12 275 0.73 91
2.67 1342 2.28 1039 1.89 754 1.50 496 1.11 271 0.72 86
2.66 1335 2.27 1029 1.88 748 1.49 490 1.10 266 0.71 83
2.65 1325 2.26 1023 1.87 740 1.48 485 1.09 259 0.70 79
2.64 1318 2.25 1013 1.86 734 1.47 477 1.08 255 0.69 75
2.63 1311 2.24 1007 1.85 728 1.46 472 1.07 248 0.68 71
2.62 1301 2.23 1001 1.84 719 1.45 467 1.06 244 0.67 67
2.61 1294 2.22 991 1.83 714 1.44 459 1.05 240 0.66 64
2.60 1284 2.21 985 1.82 705 1.43 454 1.04 233 0.65 61
2.59 1277 2.20 979 1.81 699 1.42 446 1.03 229 0.64 56
2.58 1271 2.19 969 1.80 693 1.41 441 1.02 225 0.63 53
2.57 1261 2.18 963 1.79 685 1.40 436 1.01 218 0.62 50
2.56 1254 2.17 954 1.78 679 1.39 429 1.00 214 0.61 46
2.55 1247 2.16 947 1.77 673 1.38 423 0.99 208 0.60 43
2.54 1237 2.15 941 1.76 665 1.37 418 0.98 203 0.59 40
2.53 1231 2.14 932 1.75 659 1.36 411 0.97 199 0.58 36
2.52 1221 2.13 926 1.74 651 1.35 406 0.96 193 0.57 33
2.51 1214 2.12 920 1.73 645 1.34 398 0.95 189 0.56 30
2.50 1207 2.11 910 1.72 640 1.33 393 0.94 185 0.55 27
2.49 1198 2.10 904 1.71 631 1.32 389 0.93 179 0.54 25
2.48 1191 2.09 895 1.70 626 1.31 381 0.92 175 0.53 21
2.47 1184 2.08 889 1.69 620 1.30 376 0.91 169 0.52 19
2.46 1174 2.07 883 1.68 612 1.29 371 0.90 165 0.51 17
2.45 1168 2.06 874 1.67 606 1.28 364 0.89 161 0.50 13
2.44 1161 2.05 868 1.66 598 1.27 359 0.88 155 0.49 11
2.43 1152 2.04 862 1.65 592 1.26 352 0.87 151 0.48 8
2.42 1145 2.03 852 1.64 587 1.25 347 0.86 147 0.47 7
2.41 1135 2.02 846 1.63 579 1.24 342 0.85 142 0.46 5
2.40 1129 2.01 837 1.62 573 1.23 335 0.84 138 0.45 3
2.39 1122 2.00 831 1.61 568 1.22 331 0.83 132 0.44 1
2.38 1112 1.99 825 1.60 560 1.21 326 0.82 128
2.37 1106 1.98 816 1.59 554 1.20 319 0.81 125
2.36 1100 1.97 810 1.58 546 1.19 314 0.80 119
2.35 1090 1.96 804 1.57 541 1.18 309 0.79 116
