2.37 1393 2.03 1083 1.69 796 1.35 533 1.01 300 0.67 109
2.36 1386 2.02 1077 1.68 790 1.34 525 1.00 293 0.66 103
2.35 1376 2.01 1067 1.67 781 1.33 519 0.99 289 0.65 98
2.34 1365 2.00 1058 1.66 772 1.32 511 0.98 282 0.64 95
2.33 1359 1.99 1048 1.65 763 1.31 503 0.97 275 0.63 89
2.32 1348 1.98 1042 1.64 757 1.30 496 0.96 268 0.62 84
2.31 1338 1.97 1032 1.63 748 1.29 490 0.95 264 0.61 81
2.30 1328 1.96 1023 1.62 740 1.28 482 0.94 257 0.60 76
2.29 1321 1.95 1013 1.61 731 1.27 475 0.93 251 0.59 71
2.28 1311 1.94 1007 1.60 725 1.26 469 0.92 244 0.58 67
2.27 1301 1.93 998 1.59 716 1.25 462 0.91 240 0.57 64
2.26 1291 1.92 988 1.58 708 1.24 454 0.90 233 0.56 59
2.25 1284 1.91 979 1.57 699 1.23 446 0.89 227 0.55 54
2.24 1274 1.90 972 1.56 693 1.22 441 0.88 220 0.54 50
2.23 1264 1.89 963 1.55 685 1.21 434 0.87 216 0.53 47
2.22 1254 1.88 954 1.54 676 1.20 426 0.86 210 0.52 43
2.21 1247 1.87 947 1.53 668 1.19 418 0.85 203 0.51 39
2.20 1237 1.86 938 1.52 662 1.18 413 0.84 199 0.50 35
2.19 1227 1.85 929 1.51 654 1.17 406 0.83 193 0.49 32
2.18 1217 1.84 920 1.50 645 1.16 398 0.82 187 0.48 28
2.17 1211 1.83 913 1.49 637 1.15 391 0.81 181 0.47 25
2.16 1201 1.82 904 1.48 631 1.14 386 0.80 177 0.46 21
2.15 1191 1.81 895 1.47 623 1.13 379 0.79 171 0.45 19
2.14 1181 1.80 886 1.46 614 1.12 371 0.78 165 0.44 15
2.13 1174 1.79 880 1.45 609 1.11 364 0.77 159 0.43 12
2.12 1165 1.78 871 1.44 601 1.10 359 0.76 155 0.42 10
2.11 1155 1.77 862 1.43 592 1.09 352 0.75 149 0.41 8
2.10 1148 1.76 852 1.42 584 1.08 345 0.74 143 0.40 5
2.09 1138 1.75 846 1.41 579 1.07 338 0.73 138 0.39 3
2.08 1129 1.74 837 1.40 570 1.06 333 0.72 134 0.38 1
2.07 1119 1.73 828 1.39 562 1.05 326 0.71 128
2.06 1112 1.72 819 1.38 554 1.04 319 0.70 123
2.05 1103 1.71 813 1.37 549 1.03 314 0.69 117
2.04 1093 1.70 804 1.36 541 1.02 307 0.68 114
