6.49 1396
6.48 1393
6.47 1389
6.46 1386
6.45 1383
6.44 1379
6.43 1376
6.42 1372
6.41 1369
6.40 1365
6.39 1362
6.38 1359
6.37 1355
6.36 1352
6.35 1348
6.34 1345
6.33 1342
6.32 1338
6.31 1335
6.30 1331
6.29 1328
6.28 1325
6.27 1321
6.26 1318
6.25 1314
6.24 1311
6.23 1308
6.22 1304
6.21 1301
6.20 1298
6.19 1294
6.18 1291
6.17 1287
6.16 1284
6.15 1281
6.14 1277
6.13 1274
6.12 1271
6.11 1267
6.10 1264
6.09 1261
6.08 1257
6.07 1254
6.06 1251
6.05 1247
6.04 1244
6.03 1241
6.02 1237
6.01 1234
6.00 1231

5.99 1227
5.98 1224
5.97 1221
5.96 1217
5.95 1214
5.94 1211
5.93 1207
5.92 1204
5.91 1201
5.90 1198
5.89 1194
5.88 1191
5.87 1188
5.86 1184
5.85 1181
5.84 1178
5.83 1174
5.82 1171
5.81 1168
5.80 1165
5.79 1161
5.78 1158
5.77 1155
5.76 1152
5.75 1148
5.74 1145
5.73 1142
5.72 1138
5.71 1135
5.70 1132
5.69 1129
5.68 1125
5.67 1122
5.66 1119
5.65 1116
5.64 1112
5.63 1109
5.62 1106
5.61 1103
5.60 1100
5.59 1096
5.58 1093
5.57 1090
5.56 1087
5.55 1083
5.54 1080
5.53 1077
5.52 1074
5.51 1071
5.50 1067

5.49 1064
5.48 1061
5.47 1058
5.46 1055
5.45 1051
5.44 1048
5.43 1045
5.42 1042
5.41 1039
5.40 1035
5.39 1032
5.38 1029
5.37 1026
5.36 1023
5.35 1020
5.34 1016
5.33 1013
5.32 1010
5.31 1007
5.30 1004
5.29 1001
5.28 998
5.27 994
5.26 991
5.25 988
5.24 985
5.23 982
5.22 979
5.21 976
5.20 972
5.19 969
5.18 966
5.17 963
5.16 960
5.15 957
5.14 954
5.13 951
5.12 947
5.11 944
5.10 941
5.09 938
5.08 935
5.07 932
5.06 929
5.05 926
5.04 923
5.03 920
5.02 917
5.01 913
5.00 910

4.99 907
4.98 904
4.97 901
4.96 898
4.95 895
4.94 892
4.93 889
4.92 886
4.91 883
4.90 880
4.89 877
4.88 874
4.87 871
4.86 868
4.85 865
4.84 862
4.83 859
4.82 856
4.81 852
4.80 849
4.79 846
4.78 843
4.77 840
4.76 837
4.75 834
4.74 831
4.73 828
4.72 825
4.71 822
4.70 819
4.69 816
4.68 813
4.67 810
4.66 807
4.65 804
4.64 802
4.63 799
4.62 796
4.61 793
4.60 790
4.59 787
4.58 784
4.57 781
4.56 778
4.55 775
4.54 772
4.53 769
4.52 766
4.51 763
4.50 760

4.49 757
4.48 754
4.47 751
4.46 748
4.45 746
4.44 743
4.43 740
4.42 737
4.41 734
4.40 731
4.39 728
4.38 725
4.37 722
4.36 719
4.35 716
4.34 714
4.33 711
4.32 708
4.31 705
4.30 702
4.29 699
4.28 696
4.27 693
4.26 691
4.25 688
4.24 685
4.23 682
4.22 679
4.21 676
4.20 673
4.19 671
4.18 668
4.17 665
4.16 662
4.15 659
4.14 656
4.13 654
4.12 651
4.11 648
4.10 645
4.09 642
4.08 640
4.07 637
4.06 634
4.05 631
4.04 628
4.03 626
4.02 623
4.01 620
4.00 617
3.99 614
3.98 612
3.97 609
3.96 606
3.95 603
3.94 601
3.93 598
3.92 595
3.91 592
3.90 590
3.89 587
3.88 584
3.87 581
3.86 579
3.85 576
3.84 573
3.83 570
3.82 568
3.81 565
3.80 562
3.79 560
3.78 557
3.77 554
3.76 551
3.75 549
3.74 546
3.73 543
3.72 541
3.71 538
3.70 535
3.69 533
3.68 530
3.67 527
3.66 525
3.65 522
3.64 519
3.63 517
3.62 514
3.61 511
3.60 509
3.59 506
3.58 503
3.57 501
3.56 498
3.55 496
3.54 493
3.53 490
3.52 488
3.51 485
3.50 482

3.49 480
3.48 477
3.47 475
3.46 472
3.45 469
3.44 467
3.43 464
3.42 462
3.41 459
3.40 457
3.39 454
3.38 451
3.37 449
3.36 446
3.35 444
3.34 441
3.33 439
3.32 436
3.31 434
3.30 431
3.29 429
3.28 426
3.27 423
3.26 421
3.25 418
3.24 416
3.23 413
3.22 411
3.21 408
3.20 406
3.19 403
3.18 401
3.17 398
3.16 396
3.15 393
3.14 391
3.13 389
3.12 386
3.11 384
3.10 381
3.09 379
3.08 376
3.07 374
3.06 371
3.05 369
3.04 367
3.03 364
3.02 362
3.01 359
3.00 357

2.99 354
2.98 352
2.97 350
2.96 347
2.95 345
2.94 342
2.93 340
2.92 338
2.91 335
2.90 333
2.89 331
2.88 328
2.87 326
2.86 323
2.85 321
2.84 319
2.83 316
2.82 314
2.81 312
2.80 309
2.79 307
2.78 305
2.77 303
2.76 300
2.75 298
2.74 296
2.73 293
2.72 291
2.71 289
2.70 286
2.69 284
2.68 282
2.67 280
2.66 277
2.65 275
2.64 273
2.63 271
2.62 268
2.61 266
2.60 264
2.59 262
2.58 259
2.57 257
2.56 255
2.55 253
2.54 251
2.53 248
2.52 246
2.51 244
2.50 242

2.49 240
2.48 237
2.47 235
2.46 233
2.45 231
2.44 229
2.43 227
2.42 225
2.41 222
2.40 220
2.39 218
2.38 216
2.37 214
2.36 212
2.35 210
2.34 208
2.33 206
2.32 203
2.31 201
2.30 199
2.29 197
2.28 195
2.27 193
2.26 191
2.25 189
2.24 187
2.23 185
2.22 183
2.21 181
2.20 179
2.19 177
2.18 175
2.17 173
2.16 171
2.15 169
2.14 167
2.13 165
2.12 163
2.11 161
2.10 159
2.09 157
2.08 155
2.07 153
2.06 151
2.05 149
2.04 147
2.03 145
2.02 143
2.01 142
2.00 140

1.99 138
1.98 136
1.97 134
1.96 132
1.95 130
1.94 128
1.93 127
1.92 125
1.91 123
1.90 121
1.89 119
1.88 117
1.87 116
1.86 114
1.85 112
1.84 110
1.83 109
1.82 107
1.81 105
1.80 103
1.79 101
1.78 100
1.77 98
1.76 96
1.75 95
1.74 93
1.73 91
1.72 89
1.71 88
1.70 86
1.69 84
1.68 83
1.67 81
1.66 79
1.65 78
1.64 76
1.63 75
1.62 73
1.61 71
1.60 70
1.59 68
1.58 67
1.57 65
1.56 64
1.55 62
1.54 61
1.53 59
1.52 57
1.51 56
1.50 54
1.49 53
1.48 52
1.47 50
1.46 49
1.45 47
1.44 46
1.43 44
1.42 43
1.41 42
1.40 40

1.39 39
1.38 37
1.37 36
1.36 35
1.35 33
1.34 32
1.33 31
1.32 30
1.31 28
1.30 27

1.29 26
1.28 25
1.27 23
1.26 22
1.25 21
1.24 20
1.23 19
1.22 18
1.21 17
1.20 15

1.19 14
1.18 13
1.17 12
1.16 11
1.15 10
1.14 9
1.12 8
1.11 7
1.10 6
1.09 5

1.08 4
1.06 3
1.05 2
1.03 1
