72.28 1360 69.02 1290 65.75 1220 62.46 1150 59.16 1080 55.83 1010
72.23 1359 68.97 1289 65.70 1219 62.42 1149 59.11 1079 55.78 1009
72.18 1358 68.93 1288 65.66 1218 62.37 1148 59.06 1078 55.73 1008
72.13 1357 68.88 1287 65.61 1217 62.32 1147 59.01 1077 55.69 1007
72.08 1356 68.83 1286 65.56 1216 62.27 1146 58.97 1076 55.64 1006
72.03 1355 68.78 1285 65.51 1215 62.23 1145 58.92 1075 55.59 1005
72.00 1354 68.74 1284 65.47 1214 62.18 1144 58.87 1074 55.54 1004
71.95 1353 68.69 1283 65.42 1213 62.13 1143 58.82 1073 55.50 1003
71.90 1352 68.65 1282 65.37 1212 62.08 1142 58.77 1072 55.45 1002
71.85 1351 68.60 1281 65.32 1211 62.03 1141 58.73 1071 55.41 1001
71.80 1350 68.55 1280 65.28 1210 61.99 1140 58.69 1070 55.36 1000
71.76 1349 68.50 1279 65.23 1209 61.95 1139 58.64 1069 55.31 999
71.72 1348 68.46 1278 65.19 1208 61.90 1138 58.59 1068 55.26 998
71.67 1347 68.41 1277 65.14 1207 61.85 1137 58.54 1067 55.21 997
71.62 1346 68.37 1276 65.09 1206 61.80 1136 58.49 1066 55.17 996
71.57 1345 68.32 1275 65.04 1205 61.75 1135 58.44 1065 55.12 995
71.53 1344 68.27 1274 64.99 1204 61.70 1134 58.40 1064 55.07 994
71.48 1343 68.22 1273 64.95 1203 61.66 1133 58.35 1063 55.02 993
71.44 1342 68.18 1272 64.91 1202 61.62 1132 58.30 1062 54.97 992
71.39 1341 68.13 1271 64.86 1201 61.57 1131 58.25 1061 54.92 991
71.34 1340 68.09 1270 64.81 1200 61.52 1130 58.21 1060 54.88 990
71.30 1339 68.04 1269 64.76 1199 61.47 1129 58.16 1059 54.83 989
71.25 1338 67.99 1268 64.71 1198 61.42 1128 58.12 1058 54.78 988
71.20 1337 67.94 1267 64.67 1197 61.38 1127 58.07 1057 54.73 987
71.16 1336 67.90 1266 64.63 1196 61.33 1126 58.02 1056 54.68 986
71.11 1335 67.85 1265 64.58 1195 61.28 1125 57.97 1055 54.63 985
71.06 1334 67.80 1264 64.53 1194 61.23 1124 57.92 1054 54.60 984
71.02 1333 67.76 1263 64.48 1193 61.19 1123 57.88 1053 54.55 983
70.97 1332 67.71 1262 64.43 1192 61.15 1122 57.83 1052 54.50 982
70.93 1331 67.67 1261 64.39 1191 61.10 1121 57.78 1051 54.45 981
70.88 1330 67.62 1260 64.34 1190 61.05 1120 57.73 1050 54.40 980
70.83 1329 67.57 1259 64.30 1189 61.00 1119 57.68 1049 54.35 979
70.79 1328 67.52 1258 64.25 1188 60.95 1118 57.63 1048 54.31 978
70.74 1327 67.48 1257 64.20 1187 60.90 1117 57.60 1047 54.26 977
70.69 1326 67.43 1256 64.15 1186 60.86 1116 57.55 1046 54.21 976
70.65 1325 67.39 1255 64.11 1185 60.81 1115 57.50 1045 54.16 975
70.60 1324 67.34 1254 64.06 1184 60.76 1114 57.45 1044 54.11 974
70.55 1323 67.29 1253 64.01 1183 60.72 1113 57.40 1043 54.07 973
70.51 1322 67.24 1252 63.96 1182 60.67 1112 57.35 1042 54.02 972
70.46 1321 67.20 1251 63.92 1181 60.62 1111 57.31 1041 53.97 971
70.41 1320 67.15 1250 63.87 1180 60.58 1110 57.26 1040 53.92 970
70.37 1319 67.11 1249 63.83 1179 60.53 1109 57.21 1039 53.87 969
70.32 1318 67.06 1248 63.78 1178 60.48 1108 57.16 1038 53.82 968
70.28 1317 67.01 1247 63.73 1177 60.43 1107 57.11 1037 53.78 967
70.23 1316 66.96 1246 63.68 1176 60.38 1106 57.07 1036 53.73 966
70.18 1315 66.91 1245 63.63 1175 60.33 1105 57.02 1035 53.68 965
70.13 1314 66.87 1244 63.59 1174 60.29 1104 56.98 1034 53.63 964
70.09 1313 66.83 1243 63.55 1173 60.25 1103 56.93 1033 53.58 963
70.04 1312 66.78 1242 63.50 1172 60.20 1102 56.88 1032 53.54 962
70.00 1311 66.73 1241 63.45 1171 60.15 1101 56.83 1031 53.50 961
69.95 1310 66.68 1240 63.40 1170 60.10 1100 56.79 1030 53.45 960
69.90 1309 66.63 1239 63.35 1169 60.06 1099 56.74 1029 53.40 959
69.85 1308 66.59 1238 63.31 1168 60.01 1098 56.69 1028 53.35 958
69.81 1307 66.55 1237 63.26 1167 59.96 1097 56.64 1027 53.30 957
69.76 1306 66.50 1236 63.21 1166 59.91 1096 56.59 1026 53.26 956
69.72 1305 66.45 1235 63.17 1165 59.86 1095 56.54 1025 53.21 955
69.67 1304 66.40 1234 63.12 1164 59.81 1094 56.50 1024 53.16 954
69.62 1303 66.35 1233 63.07 1163 59.78 1093 56.45 1023 53.11 953
69.57 1302 66.31 1232 63.03 1162 59.73 1092 56.40 1022 53.06 952
69.53 1301 66.27 1231 62.98 1161 59.68 1091 56.35 1021 53.01 951
69.48 1300 66.22 1230 62.93 1160 59.63 1090 56.30 1020 52.97 950
69.44 1299 66.17 1229 62.88 1159 59.58 1089 56.26 1019 52.92 949
69.39 1298 66.12 1228 62.83 1158 59.53 1088 56.22 1018 52.87 948
69.34 1297 66.07 1227 62.79 1157 59.49 1087 56.17 1017 52.82 947
69.30 1296 66.03 1226 62.75 1156 59.44 1086 56.12 1016 52.77 946
69.25 1295 65.98 1225 62.70 1155 59.39 1085 56.07 1015 52.72 945
69.21 1294 65.94 1224 62.65 1154 59.34 1084 56.02 1014 52.68 944
69.16 1293 65.89 1223 62.60 1153 59.30 1083 55.98 1013 52.63 943
69.11 1292 65.84 1222 62.55 1152 59.25 1082 55.93 1012 52.58 942
69.06 1291 65.79 1221 62.50 1151 59.21 1081 55.88 1011 52.53 941
52.48 940 49.12 870 45.72 800 42.31 730 38.86 660 35.37 590
52.44 939 49.07 869 45.67 799 42.25 729 38.81 659 35.32 589
52.39 938 49.02 868 45.63 798 42.20 728 38.76 658 35.27 588
52.34 937 48.97 867 45.58 797 42.15 727 38.70 657 35.22 587
52.29 936 48.92 866 45.53 796 42.11 726 38.65 656 35.17 586
52.24 935 48.88 865 45.48 795 42.06 725 38.60 655 35.12 585
52.19 934 48.83 864 45.43 794 42.01 724 38.56 654 35.07 584
52.15 933 48.78 863 45.39 793 41.96 723 38.51 653 35.02 583
52.10 932 48.73 862 45.34 792 41.91 722 38.46 652 34.97 582
52.05 931 48.68 861 45.29 791 41.86 721 38.41 651 34.92 581
52.00 930 48.64 860 45.24 790 41.82 720 38.35 650 34.87 580
51.95 929 48.59 859 45.19 789 41.77 719 38.31 649 34.82 579
51.91 928 48.54 858 45.14 788 41.71 718 38.26 648 34.77 578
51.87 927 48.49 857 45.10 787 41.66 717 38.21 647 34.72 577
51.82 926 48.44 856 45.05 786 41.61 716 38.16 646 34.67 576
51.77 925 48.39 855 44.99 785 41.57 715 38.11 645 34.62 575
51.72 924 48.35 854 44.94 784 41.52 714 38.06 644 34.57 574
51.67 923 48.30 853 44.89 783 41.47 713 38.01 643 34.52 573
51.63 922 48.25 852 44.84 782 41.42 712 37.96 642 34.47 572
51.58 921 48.20 851 44.80 781 41.37 711 37.91 641 34.42 571
51.53 920 48.15 850 44.75 780 41.32 710 37.86 640 34.37 570
51.48 919 48.10 849 44.70 779 41.28 709 37.81 639 34.32 569
51.43 918 48.06 848 44.65 778 41.23 708 37.77 638 34.26 568
51.38 917 48.01 847 44.60 777 41.17 707 37.72 637 34.22 567
51.34 916 47.96 846 44.56 776 41.12 706 37.66 636 34.17 566
51.29 915 47.91 845 44.51 775 41.07 705 37.61 635 34.12 565
51.24 914 47.86 844 44.46 774 41.03 704 37.56 634 34.07 564
51.19 913 47.82 843 44.41 773 40.98 703 37.51 633 34.01 563
51.14 912 47.77 842 44.36 772 40.93 702 37.47 632 33.97 562
51.09 911 47.72 841 44.31 771 40.88 701 37.42 631 33.92 561
51.05 910 47.67 840 44.27 770 40.83 700 37.37 630 33.87 560
51.00 909 47.62 839 44.22 769 40.78 699 37.31 629 33.81 559
50.95 908 47.56 838 44.16 768 40.73 698 37.26 628 33.76 558
50.90 907 47.52 837 44.11 767 40.68 697 37.22 627 33.71 557
50.85 906 47.47 836 44.06 766 40.63 696 37.17 626 33.67 556
50.81 905 47.42 835 44.02 765 40.58 695 37.12 625 33.62 555
50.76 904 47.37 834 43.97 764 40.53 694 37.07 624 33.56 554
50.71 903 47.32 833 43.92 763 40.49 693 37.01 623 33.51 553
50.66 902 47.28 832 43.87 762 40.44 692 36.96 622 33.46 552
50.61 901 47.23 831 43.82 761 40.39 691 36.92 621 33.42 551
50.56 900 47.18 830 43.77 760 40.34 690 36.87 620 33.37 550
50.52 899 47.13 829 43.73 759 40.28 689 36.82 619 33.31 549
50.47 898 47.08 828 43.68 758 40.23 688 36.77 618 33.26 548
50.42 897 47.03 827 43.63 757 40.19 687 36.71 617 33.21 547
50.37 896 46.99 826 43.58 756 40.14 686 36.67 616 33.16 546
50.32 895 46.94 825 43.53 755 40.09 685 36.62 615 33.11 545
50.28 894 46.89 824 43.48 754 40.04 684 36.57 614 33.06 544
50.23 893 46.84 823 43.43 753 39.99 683 36.52 613 33.01 543
50.18 892 46.79 822 43.38 752 39.95 682 36.47 612 32.96 542
50.13 891 46.74 821 43.33 751 39.90 681 36.42 611 32.91 541
50.08 890 46.70 820 43.28 750 39.84 680 36.37 610 32.86 540
50.03 889 46.65 819 43.23 749 39.79 679 36.32 609 32.81 539
49.99 888 46.60 818 43.19 748 39.74 678 36.27 608 32.76 538
49.94 887 46.55 817 43.14 747 39.69 677 36.22 607 32.71 537
49.89 886 46.50 816 43.09 746 39.65 676 36.17 606 32.65 536
49.84 885 46.46 815 43.04 745 39.60 675 36.12 605 32.61 535
49.79 884 46.41 814 42.99 744 39.55 674 36.07 604 32.56 534
49.74 883 46.36 813 42.94 743 39.50 673 36.02 603 32.51 533
49.70 882 46.31 812 42.90 742 39.44 672 35.97 602 32.45 532
49.65 881 46.26 811 42.85 741 39.40 671 35.92 601 32.40 531
49.60 880 46.21 810 42.79 740 39.35 670 35.87 600 32.35 530
49.55 879 46.17 809 42.74 739 39.30 669 35.82 599 32.31 529
49.50 878 46.12 808 42.69 738 39.25 668 35.77 598 32.25 528
49.46 877 46.06 807 42.65 737 39.20 667 35.72 597 32.20 527
49.41 876 46.01 806 42.60 736 39.15 666 35.67 596 32.15 526
49.36 875 45.96 805 42.55 735 39.11 665 35.62 595 32.10 525
49.31 874 45.92 804 42.50 734 39.05 664 35.57 594 32.06 524
49.26 873 45.87 803 42.45 733 39.00 663 35.52 593 32.00 523
49.21 872 45.82 802 42.40 732 38.95 662 35.47 592 31.95 522
49.17 871 45.77 801 42.36 731 38.90 661 35.42 591 31.90 521
31.85 520 28.28 450 24.67 380 20.99 310 17.23 240 13.38 170
31.80 519 28.24 449 24.62 379 20.93 309 17.18 239 13.32 169
31.75 518 28.18 448 24.56 378 20.89 308 17.12 238 13.27 168
31.70 517 28.13 447 24.51 377 20.83 307 17.08 237 13.21 167
31.65 516 28.08 446 24.46 376 20.78 306 17.02 236 13.15 166
31.59 515 28.02 445 24.41 375 20.72 305 16.96 235 13.09 165
31.54 514 27.98 444 24.36 374 20.67 304 16.91 234 13.05 164
31.50 513 27.93 443 24.30 373 20.62 303 16.85 233 12.99 163
31.45 512 27.87 442 24.25 372 20.57 302 16.80 232 12.93 162
31.39 511 27.82 441 24.19 371 20.51 301 16.75 231 12.87 161
31.34 510 27.77 440 24.15 370 20.46 300 16.69 230 12.81 160
31.29 509 27.72 439 24.10 369 20.40 299 16.63 229 12.76 159
31.25 508 27.67 438 24.04 368 20.36 298 16.58 228 12.71 158
31.19 507 27.62 437 23.99 367 20.30 297 16.53 227 12.65 157
31.14 506 27.56 436 23.93 366 20.25 296 16.47 226 12.59 156
31.09 505 27.51 435 23.89 365 20.19 295 16.42 225 12.53 155
31.03 504 27.46 434 23.83 364 20.14 294 16.36 224 12.48 154
30.98 503 27.41 433 23.78 363 20.09 293 16.31 223 12.42 153
30.94 502 27.36 432 23.73 362 20.03 292 16.26 222 12.37 152
30.89 501 27.31 431 23.67 361 19.98 291 16.20 221 12.31 151
30.83 500 27.25 430 23.63 360 19.92 290 16.14 220 12.25 150
30.78 499 27.20 429 23.57 359 19.87 289 16.09 219 12.20 149
30.73 498 27.16 428 23.52 358 19.82 288 16.04 218 12.14 148
30.69 497 27.10 427 23.47 357 19.77 287 15.98 217 12.08 147
30.63 496 27.05 426 23.41 356 19.71 286 15.93 216 12.02 146
30.58 495 27.00 425 23.37 355 19.66 285 15.87 215 11.96 145
30.53 494 26.94 424 23.31 354 19.60 284 15.81 214 11.91 144
30.48 493 26.90 423 23.26 353 19.56 283 15.77 213 11.86 143
30.43 492 26.85 422 23.20 352 19.50 282 15.71 212 11.80 142
30.38 491 26.79 421 23.15 351 19.45 281 15.65 211 11.74 141
30.33 490 26.74 420 23.10 350 19.39 280 15.60 210 11.69 140
30.27 489 26.69 419 23.05 349 19.33 279 15.54 209 11.63 139
30.22 488 26.64 418 23.00 348 19.29 278 15.49 208 11.57 138
30.17 487 26.59 417 22.94 347 19.23 277 15.43 207 11.51 137
30.13 486 26.54 416 22.89 346 19.18 276 15.38 206 11.45 136
30.07 485 26.48 415 22.83 345 19.12 275 15.32 205 11.40 135
30.02 484 26.43 414 22.79 344 19.07 274 15.26 204 11.34 134
29.97 483 26.37 413 22.73 343 19.02 273 15.22 203 11.28 133
29.92 482 26.33 412 22.68 342 18.97 272 15.16 202 11.22 132
29.87 481 26.28 411 22.62 341 18.91 271 15.10 201 11.16 131
29.82 480 26.22 410 22.57 340 18.85 270 15.04 200 11.12 130
29.77 479 26.17 409 22.53 339 18.80 269 14.99 199 11.06 129
29.71 478 26.12 408 22.47 338 18.75 268 14.94 198 11.00 128
29.66 477 26.07 407 22.42 337 18.70 267 14.88 197 10.94 127
29.62 476 26.02 406 22.36 336 18.64 266 14.83 196 10.88 126
29.56 475 25.97 405 22.31 335 18.59 265 14.77 195 10.83 125
29.51 474 25.91 404 22.26 334 18.53 264 14.71 194 10.77 124
29.46 473 25.86 403 22.21 333 18.48 263 14.66 193 10.71 123
29.41 472 25.81 402 22.15 332 18.43 262 14.61 192 10.65 122
29.35 471 25.76 401 22.10 331 18.37 261 14.55 191 10.60 121
29.31 470 25.71 400 22.04 330 18.32 260 14.49 190 10.54 120
29.26 469 25.65 399 22.00 329 18.26 259 14.43 189 10.48 119
29.20 468 25.60 398 21.94 328 18.21 258 14.39 188 10.42 118
29.15 467 25.55 397 21.89 327 18.16 257 14.33 187 10.36 117
29.10 466 25.50 396 21.84 326 18.10 256 14.27 186 10.31 116
29.06 465 25.45 395 21.78 325 18.05 255 14.21 185 10.25 115
29.00 464 25.39 394 21.74 324 17.99 254 14.16 184 10.19 114
28.95 463 25.34 393 21.68 323 17.94 253 14.11 183 10.13 113
28.90 462 25.29 392 21.63 322 17.89 252 14.05 182 10.07 112
28.84 461 25.24 391 21.57 321 17.83 251 13.99 181 10.02 111
28.80 460 25.19 390 21.52 320 17.78 250 13.94 180 9.96 110
28.75 459 25.14 389 21.47 319 17.72 249 13.88 179 9.90 109
28.69 458 25.08 388 21.42 318 17.67 248 13.83 178 9.84 108
28.64 457 25.03 387 21.36 317 17.62 247 13.77 177 9.78 107
28.59 456 24.98 386 21.31 316 17.56 246 13.71 176 9.72 106
28.54 455 24.93 385 21.25 315 17.51 245 13.66 175 9.66 105
28.49 454 24.88 384 21.20 314 17.45 244 13.60 174 9.60 104
28.44 453 24.82 383 21.15 313 17.40 243 13.55 173 9.54 103
28.39 452 24.77 382 21.10 312 17.35 242 13.49 172 9.49 102
28.33 451 24.72 381 21.04 311 17.29 241 13.43 171 9.43 101
9.37 100 8.36 83 7.34 66 6.28 49 5.19 32 4.06 15
9.31 99 8.30 82 7.28 65 6.23 48 5.14 31 3.99 14
9.25 98 8.24 81 7.21 64 6.16 47 5.07 30 3.91 13
9.20 97 8.18 80 7.15 63 6.09 46 5.00 29 3.84 12
9.14 96 8.13 79 7.09 62 6.03 45 4.93 28 3.78 11
9.07 95 8.06 78 7.03 61 5.97 44 4.87 27 3.70 10
9.01 94 8.00 77 6.97 60 5.91 43 4.81 26 3.63 9
8.96 93 7.94 76 6.90 59 5.84 42 4.74 25 3.55 8
8.90 92 7.89 75 6.84 58 5.78 41 4.67 24 3.48 7
8.84 91 7.82 74 6.79 57 5.71 40 4.61 23 3.40 6
8.78 90 7.76 73 6.72 56 5.65 39 4.54 22 3.33 5
8.72 89 7.70 72 6.66 55 5.59 38 4.47 21 3.25 4
8.66 88 7.64 71 6.59 54 5.52 37 4.40 20 3.17 3
8.60 87 7.58 70 6.53 53 5.45 36 4.34 19 3.09 2
8.54 86 7.52 69 6.47 52 5.40 35 4.27 18 3.00 1
8.48 85 7.46 68 6.41 51 5.33 34 4.19 17
8.43 84 7.39 67 6.35 50 5.26 33 4.12 16
