67.21 1360 64.18 1290 61.14 1220 58.08 1150 55.01 1080 51.92 1010
67.16 1359 64.13 1289 61.09 1219 58.04 1149 54.96 1079 51.87 1009
67.12 1358 64.09 1288 61.05 1218 58.00 1148 54.92 1078 51.83 1008
67.07 1357 64.05 1287 61.01 1217 57.95 1147 54.87 1077 51.78 1007
67.03 1356 64.00 1286 60.96 1216 57.91 1146 54.83 1076 51.74 1006
66.98 1355 63.96 1285 60.92 1215 57.86 1145 54.79 1075 51.69 1005
66.95 1354 63.92 1284 60.87 1214 57.82 1144 54.74 1074 51.65 1004
66.90 1353 63.87 1283 60.83 1213 57.77 1143 54.70 1073 51.61 1003
66.86 1352 63.83 1282 60.79 1212 57.73 1142 54.65 1072 51.57 1002
66.81 1351 63.79 1281 60.74 1211 57.68 1141 54.61 1071 51.52 1001
66.77 1350 63.74 1280 60.70 1210 57.65 1140 54.57 1070 51.48 1000
66.73 1349 63.70 1279 60.66 1209 57.60 1139 54.53 1069 51.43 999
66.69 1348 63.66 1278 60.61 1208 57.56 1138 54.48 1068 51.39 998
66.64 1347 63.61 1277 60.57 1207 57.51 1137 54.44 1067 51.34 997
66.60 1346 63.57 1276 60.53 1206 57.47 1136 54.39 1066 51.30 996
66.55 1345 63.53 1275 60.48 1205 57.42 1135 54.35 1065 51.25 995
66.52 1344 63.48 1274 60.44 1204 57.38 1134 54.30 1064 51.21 994
66.47 1343 63.44 1273 60.40 1203 57.33 1133 54.26 1063 51.16 993
66.43 1342 63.40 1272 60.35 1202 57.30 1132 54.21 1062 51.12 992
66.38 1341 63.35 1271 60.31 1201 57.25 1131 54.17 1061 51.07 991
66.34 1340 63.31 1270 60.27 1200 57.21 1130 54.13 1060 51.03 990
66.30 1339 63.27 1269 60.22 1199 57.16 1129 54.09 1059 50.98 989
66.26 1338 63.22 1268 60.18 1198 57.12 1128 54.04 1058 50.94 988
66.21 1337 63.18 1267 60.13 1197 57.07 1127 54.00 1057 50.89 987
66.17 1336 63.14 1266 60.09 1196 57.03 1126 53.95 1056 50.85 986
66.12 1335 63.09 1265 60.05 1195 56.98 1125 53.91 1055 50.80 985
66.08 1334 63.05 1264 60.00 1194 56.94 1124 53.86 1054 50.77 984
66.04 1333 63.01 1263 59.96 1193 56.90 1123 53.82 1053 50.72 983
66.00 1332 62.96 1262 59.92 1192 56.86 1122 53.77 1052 50.68 982
65.95 1331 62.92 1261 59.87 1191 56.81 1121 53.73 1051 50.63 981
65.91 1330 62.87 1260 59.83 1190 56.77 1120 53.68 1050 50.59 980
65.86 1329 62.83 1259 59.79 1189 56.72 1119 53.64 1049 50.54 979
65.83 1328 62.79 1258 59.74 1188 56.68 1118 53.59 1048 50.50 978
65.78 1327 62.75 1257 59.70 1187 56.63 1117 53.56 1047 50.45 977
65.74 1326 62.70 1256 59.66 1186 56.59 1116 53.51 1046 50.41 976
65.69 1325 62.66 1255 59.61 1185 56.54 1115 53.47 1045 50.36 975
65.65 1324 62.61 1254 59.57 1184 56.50 1114 53.42 1044 50.32 974
65.60 1323 62.57 1253 59.52 1183 56.46 1113 53.38 1043 50.27 973
65.57 1322 62.53 1252 59.48 1182 56.42 1112 53.33 1042 50.23 972
65.52 1321 62.49 1251 59.44 1181 56.37 1111 53.29 1041 50.18 971
65.48 1320 62.44 1250 59.40 1180 56.33 1110 53.24 1040 50.14 970
65.43 1319 62.40 1249 59.35 1179 56.28 1109 53.20 1039 50.09 969
65.39 1318 62.35 1248 59.31 1178 56.24 1108 53.15 1038 50.05 968
65.35 1317 62.31 1247 59.26 1177 56.19 1107 53.11 1037 50.00 967
65.31 1316 62.27 1246 59.22 1176 56.15 1106 53.06 1036 49.96 966
65.26 1315 62.22 1245 59.17 1175 56.10 1105 53.02 1035 49.92 965
65.22 1314 62.18 1244 59.13 1174 56.06 1104 52.98 1034 49.87 964
65.17 1313 62.14 1243 59.09 1173 56.02 1103 52.94 1033 49.83 963
65.13 1312 62.09 1242 59.05 1172 55.98 1102 52.89 1032 49.78 962
65.09 1311 62.05 1241 59.00 1171 55.93 1101 52.85 1031 49.74 961
65.05 1310 62.00 1240 58.96 1170 55.89 1100 52.80 1030 49.70 960
65.00 1309 61.96 1239 58.91 1169 55.84 1099 52.76 1029 49.66 959
64.96 1308 61.92 1238 58.87 1168 55.80 1098 52.71 1028 49.61 958
64.91 1307 61.88 1237 58.82 1167 55.75 1097 52.67 1027 49.57 957
64.87 1306 61.83 1236 58.78 1166 55.71 1096 52.62 1026 49.52 956
64.83 1305 61.79 1235 58.74 1165 55.66 1095 52.58 1025 49.48 955
64.79 1304 61.74 1234 58.70 1164 55.62 1094 52.53 1024 49.43 954
64.74 1303 61.70 1233 58.65 1163 55.58 1093 52.49 1023 49.39 953
64.70 1302 61.66 1232 58.61 1162 55.54 1092 52.44 1022 49.34 952
64.65 1301 61.62 1231 58.56 1161 55.49 1091 52.40 1021 49.30 951
64.61 1300 61.57 1230 58.52 1160 55.45 1090 52.35 1020 49.25 950
64.57 1299 61.53 1229 58.47 1159 55.40 1089 52.32 1019 49.21 949
64.53 1298 61.48 1228 58.43 1158 55.36 1088 52.27 1018 49.16 948
64.48 1297 61.44 1227 58.39 1157 55.31 1087 52.23 1017 49.12 947
64.44 1296 61.40 1226 58.35 1156 55.27 1086 52.18 1016 49.07 946
64.39 1295 61.35 1225 58.30 1155 55.22 1085 52.14 1015 49.03 945
64.35 1294 61.31 1224 58.26 1154 55.18 1084 52.09 1014 48.98 944
64.31 1293 61.27 1223 58.21 1153 55.14 1083 52.05 1013 48.94 943
64.27 1292 61.22 1222 58.17 1152 55.10 1082 52.00 1012 48.89 942
64.22 1291 61.18 1221 58.12 1151 55.05 1081 51.96 1011 48.85 941
48.80 940 45.67 870 42.52 800 39.34 730 36.13 660 32.89 590
48.76 939 45.63 869 42.47 799 39.29 729 36.09 659 32.84 589
48.71 938 45.58 868 42.43 798 39.24 728 36.04 658 32.79 588
48.67 937 45.54 867 42.38 797 39.20 727 35.99 657 32.75 587
48.62 936 45.49 866 42.34 796 39.15 726 35.94 656 32.70 586
48.58 935 45.45 865 42.29 795 39.11 725 35.90 655 32.66 585
48.53 934 45.40 864 42.25 794 39.06 724 35.85 654 32.61 584
48.49 933 45.36 863 42.20 793 39.02 723 35.81 653 32.56 583
48.44 932 45.31 862 42.16 792 38.97 722 35.76 652 32.52 582
48.40 931 45.27 861 42.11 791 38.93 721 35.72 651 32.47 581
48.35 930 45.22 860 42.07 790 38.88 720 35.66 650 32.43 580
48.31 929 45.18 859 42.02 789 38.84 719 35.62 649 32.38 579
48.27 928 45.14 858 41.98 788 38.79 718 35.57 648 32.33 578
48.23 927 45.09 857 41.93 787 38.74 717 35.53 647 32.28 577
48.18 926 45.05 856 41.89 786 38.70 716 35.48 646 32.24 576
48.14 925 45.00 855 41.83 785 38.65 715 35.44 645 32.19 575
48.09 924 44.96 854 41.79 784 38.61 714 35.40 644 32.15 574
48.05 923 44.91 853 41.74 783 38.56 713 35.34 643 32.09 573
48.00 922 44.87 852 41.70 782 38.52 712 35.30 642 32.05 572
47.96 921 44.82 851 41.66 781 38.47 711 35.25 641 32.00 571
47.92 920 44.78 850 41.61 780 38.43 710 35.21 640 31.96 570
47.87 919 44.73 849 41.57 779 38.38 709 35.16 639 31.92 569
47.83 918 44.69 848 41.52 778 38.34 708 35.12 638 31.86 568
47.78 917 44.64 847 41.48 777 38.28 707 35.07 637 31.82 567
47.74 916 44.60 846 41.43 776 38.24 706 35.02 636 31.77 566
47.69 915 44.55 845 41.39 775 38.19 705 34.97 635 31.73 565
47.65 914 44.51 844 41.34 774 38.15 704 34.93 634 31.68 564
47.60 913 44.46 843 41.30 773 38.10 703 34.88 633 31.63 563
47.56 912 44.42 842 41.25 772 38.06 702 34.84 632 31.58 562
47.51 911 44.37 841 41.21 771 38.01 701 34.79 631 31.54 561
47.47 910 44.33 840 41.16 770 37.97 700 34.75 630 31.49 560
47.42 909 44.28 839 41.12 769 37.92 699 34.70 629 31.44 559
47.38 908 44.23 838 41.06 768 37.87 698 34.65 628 31.40 558
47.33 907 44.18 837 41.02 767 37.83 697 34.61 627 31.35 557
47.29 906 44.14 836 40.97 766 37.78 696 34.56 626 31.31 556
47.24 905 44.09 835 40.93 765 37.74 695 34.52 625 31.26 555
47.20 904 44.05 834 40.88 764 37.69 694 34.47 624 31.21 554
47.15 903 44.00 833 40.84 763 37.65 693 34.42 623 31.16 553
47.11 902 43.96 832 40.79 762 37.60 692 34.37 622 31.12 552
47.06 901 43.92 831 40.75 761 37.56 691 34.33 621 31.07 551
47.02 900 43.87 830 40.70 760 37.51 690 34.28 620 31.03 550
46.97 899 43.83 829 40.66 759 37.46 689 34.24 619 30.97 549
46.93 898 43.78 828 40.61 758 37.41 688 34.19 618 30.93 548
46.88 897 43.74 827 40.57 757 37.37 687 34.14 617 30.88 547
46.84 896 43.69 826 40.53 756 37.32 686 34.09 616 30.84 546
46.79 895 43.65 825 40.48 755 37.28 685 34.05 615 30.79 545
46.75 894 43.60 824 40.43 754 37.23 684 34.01 614 30.74 544
46.70 893 43.56 823 40.38 753 37.19 683 33.96 613 30.70 543
46.66 892 43.51 822 40.34 752 37.14 682 33.92 612 30.65 542
46.61 891 43.47 821 40.29 751 37.10 681 33.86 611 30.61 541
46.57 890 43.42 820 40.25 750 37.05 680 33.82 610 30.55 540
46.53 889 43.38 819 40.20 749 37.00 679 33.77 609 30.51 539
46.48 888 43.33 818 40.16 748 36.96 678 33.73 608 30.46 538
46.44 887 43.29 817 40.11 747 36.91 677 33.68 607 30.42 537
46.39 886 43.24 816 40.07 746 36.87 676 33.64 606 30.36 536
46.35 885 43.20 815 40.02 745 36.82 675 33.58 605 30.32 535
46.30 884 43.15 814 39.98 744 36.78 674 33.54 604 30.27 534
46.26 883 43.11 813 39.93 743 36.73 673 33.49 603 30.23 533
46.21 882 43.06 812 39.89 742 36.68 672 33.45 602 30.18 532
46.17 881 43.02 811 39.84 741 36.63 671 33.40 601 30.13 531
46.12 880 42.97 810 39.79 740 36.59 670 33.36 600 30.09 530
46.08 879 42.93 809 39.74 739 36.54 669 33.31 599 30.04 529
46.03 878 42.88 808 39.70 738 36.50 668 33.26 598 29.99 528
45.99 877 42.83 807 39.66 737 36.45 667 33.22 597 29.94 527
45.94 876 42.79 806 39.61 736 36.41 666 33.17 596 29.90 526
45.90 875 42.74 805 39.57 735 36.36 665 33.13 595 29.85 525
45.85 874 42.70 804 39.52 734 36.31 664 33.07 594 29.81 524
45.81 873 42.65 803 39.48 733 36.27 663 33.03 593 29.75 523
45.76 872 42.61 802 39.43 732 36.22 662 32.98 592 29.71 522
45.72 871 42.56 801 39.39 731 36.18 661 32.94 591 29.66 521
29.62 520 26.30 450 22.94 380 19.52 310 16.02 240 12.44 170
29.57 519 26.26 449 22.89 379 19.47 309 15.98 239 12.39 169
29.52 518 26.20 448 22.84 378 19.42 308 15.92 238 12.34 168
29.48 517 26.16 447 22.79 377 19.37 307 15.88 237 12.28 167
29.43 516 26.11 446 22.74 376 19.32 306 15.83 236 12.23 166
29.38 515 26.06 445 22.70 375 19.27 305 15.77 235 12.18 165
29.33 514 26.01 444 22.65 374 19.22 304 15.73 234 12.13 164
29.29 513 25.97 443 22.60 373 19.17 303 15.67 233 12.08 163
29.24 512 25.92 442 22.55 372 19.13 302 15.62 232 12.02 162
29.19 511 25.87 441 22.50 371 19.07 301 15.57 231 11.97 161
29.14 510 25.83 440 22.45 370 19.03 300 15.52 230 11.92 160
29.10 509 25.77 439 22.41 369 18.97 299 15.47 229 11.86 159
29.05 508 25.73 438 22.35 368 18.93 298 15.42 228 11.82 158
29.00 507 25.68 437 22.31 367 18.87 297 15.37 227 11.76 157
28.96 506 25.63 436 22.26 366 18.83 296 15.31 226 11.71 156
28.91 505 25.58 435 22.21 365 18.78 295 15.27 225 11.66 155
28.86 504 25.54 434 22.16 364 18.73 294 15.22 224 11.60 154
28.81 503 25.48 433 22.11 363 18.68 293 15.16 223 11.55 153
28.77 502 25.44 432 22.07 362 18.62 292 15.12 222 11.50 152
28.72 501 25.40 431 22.01 361 18.58 291 15.06 221 11.45 151
28.67 500 25.34 430 21.97 360 18.53 290 15.01 220 11.40 150
28.62 499 25.30 429 21.92 359 18.48 289 14.96 219 11.34 149
28.58 498 25.25 428 21.87 358 18.43 288 14.91 218 11.29 148
28.53 497 25.20 427 21.83 357 18.38 287 14.86 217 11.23 147
28.48 496 25.15 426 21.77 356 18.33 286 14.81 216 11.18 146
28.44 495 25.11 425 21.73 355 18.28 285 14.76 215 11.13 145
28.39 494 25.05 424 21.67 354 18.23 284 14.70 214 11.07 144
28.35 493 25.01 423 21.63 353 18.18 283 14.66 213 11.03 143
28.29 492 24.96 422 21.57 352 18.13 282 14.61 212 10.97 142
28.25 491 24.91 421 21.53 351 18.09 281 14.55 211 10.92 141
28.20 490 24.87 420 21.48 350 18.03 280 14.51 210 10.87 140
28.15 489 24.82 419 21.43 349 17.98 279 14.45 209 10.81 139
28.10 488 24.77 418 21.39 348 17.93 278 14.40 208 10.76 138
28.06 487 24.72 417 21.33 347 17.88 277 14.35 207 10.70 137
28.01 486 24.68 416 21.29 346 17.83 276 14.30 206 10.65 136
27.96 485 24.62 415 21.23 345 17.78 275 14.25 205 10.60 135
27.92 484 24.58 414 21.19 344 17.74 274 14.19 204 10.54 134
27.87 483 24.53 413 21.14 343 17.68 273 14.15 203 10.49 133
27.83 482 24.48 412 21.09 342 17.64 272 14.09 202 10.44 132
27.77 481 24.44 411 21.04 341 17.58 271 14.04 201 10.38 131
27.73 480 24.38 410 20.99 340 17.53 270 13.99 200 10.34 130
27.68 479 24.34 409 20.95 339 17.48 269 13.94 199 10.28 129
27.63 478 24.29 408 20.89 338 17.43 268 13.89 198 10.23 128
27.58 477 24.24 407 20.85 337 17.39 267 13.83 197 10.18 127
27.54 476 24.19 406 20.79 336 17.33 266 13.79 196 10.12 126
27.48 475 24.15 405 20.75 335 17.29 265 13.74 195 10.07 125
27.44 474 24.09 404 20.70 334 17.23 264 13.68 194 10.01 124
27.40 473 24.05 403 20.65 333 17.18 263 13.63 193 9.96 123
27.35 472 24.00 402 20.60 332 17.14 262 13.58 192 9.91 122
27.30 471 23.95 401 20.55 331 17.08 261 13.53 191 9.85 121
27.25 470 23.91 400 20.50 330 17.04 260 13.48 190 9.80 120
27.21 469 23.85 399 20.45 329 16.98 259 13.42 189 9.74 119
27.15 468 23.81 398 20.40 328 16.93 258 13.38 188 9.69 118
27.11 467 23.76 397 20.35 327 16.88 257 13.32 187 9.64 117
27.06 466 23.71 396 20.31 326 16.83 256 13.27 186 9.58 116
27.02 465 23.66 395 20.26 325 16.79 255 13.22 185 9.53 115
26.96 464 23.61 394 20.21 324 16.73 254 13.17 184 9.48 114
26.92 463 23.57 393 20.16 323 16.68 253 13.12 183 9.42 113
26.87 462 23.52 392 20.11 322 16.63 252 13.06 182 9.37 112
26.82 461 23.47 391 20.06 321 16.58 251 13.01 181 9.31 111
26.78 460 23.42 390 20.01 320 16.53 250 12.96 180 9.26 110
26.73 459 23.38 389 19.96 319 16.48 249 12.91 179 9.21 109
26.68 458 23.32 388 19.92 318 16.43 248 12.86 178 9.15 108
26.63 457 23.28 387 19.86 317 16.38 247 12.80 177 9.09 107
26.59 456 23.22 386 19.82 316 16.33 246 12.75 176 9.04 106
26.53 455 23.18 385 19.76 315 16.28 245 12.70 175 8.98 105
26.49 454 23.14 384 19.72 314 16.23 244 12.65 174 8.93 104
26.44 453 23.08 383 19.66 313 16.18 243 12.60 173 8.87 103
26.40 452 23.04 382 19.62 312 16.13 242 12.54 172 8.82 102
26.35 451 22.98 381 19.57 311 16.08 241 12.49 171 8.77 101
8.71 100 7.77 83 6.82 66 5.84 49 4.83 32 3.77 15
8.66 99 7.72 82 6.77 65 5.79 48 4.78 31 3.71 14
8.61 98 7.66 81 6.70 64 5.73 47 4.71 30 3.64 13
8.55 97 7.61 80 6.65 63 5.66 46 4.65 29 3.57 12
8.50 96 7.56 79 6.60 62 5.61 45 4.59 28 3.51 11
8.44 95 7.49 78 6.53 61 5.55 44 4.53 27 3.44 10
8.38 94 7.44 77 6.48 60 5.49 43 4.47 26 3.38 9
8.33 93 7.39 76 6.42 59 5.43 42 4.41 25 3.31 8
8.27 92 7.33 75 6.36 58 5.38 41 4.35 24 3.23 7
8.22 91 7.27 74 6.31 57 5.31 40 4.28 23 3.16 6
8.17 90 7.22 73 6.25 56 5.25 39 4.22 22 3.10 5
8.11 89 7.16 72 6.19 55 5.20 38 4.16 21 3.02 4
8.05 88 7.11 71 6.13 54 5.14 37 4.09 20 2.95 3
8.00 87 7.05 70 6.08 53 5.07 36 4.03 19 2.87 2
7.94 86 6.99 69 6.01 52 5.02 35 3.97 18 2.79 1
7.89 85 6.94 68 5.96 51 4.96 34 3.90 17
7.83 84 6.87 67 5.91 50 4.89 33 3.83 16
