62.15 1360 59.34 1290 56.53 1220 53.70 1150 50.87 1080 48.01 1010
62.10 1359 59.30 1289 56.49 1219 53.67 1149 50.83 1079 47.96 1009
62.06 1358 59.27 1288 56.46 1218 53.63 1148 50.78 1078 47.92 1008
62.02 1357 59.23 1287 56.42 1217 53.59 1147 50.74 1077 47.88 1007
61.98 1356 59.19 1286 56.37 1216 53.55 1146 50.70 1076 47.84 1006
61.94 1355 59.14 1285 56.33 1215 53.50 1145 50.66 1075 47.80 1005
61.91 1354 59.10 1284 56.29 1214 53.46 1144 50.62 1074 47.76 1004
61.86 1353 59.06 1283 56.25 1213 53.42 1143 50.58 1073 47.72 1003
61.82 1352 59.03 1282 56.21 1212 53.38 1142 50.54 1072 47.68 1002
61.78 1351 58.99 1281 56.17 1211 53.34 1141 50.50 1071 47.64 1001
61.74 1350 58.95 1280 56.13 1210 53.31 1140 50.46 1070 47.60 1000
61.71 1349 58.90 1279 56.09 1209 53.26 1139 50.42 1069 47.56 999
61.67 1348 58.86 1278 56.05 1208 53.22 1138 50.38 1068 47.52 998
61.62 1347 58.82 1277 56.01 1207 53.18 1137 50.34 1067 47.48 997
61.58 1346 58.79 1276 55.97 1206 53.14 1136 50.30 1066 47.43 996
61.54 1345 58.75 1275 55.93 1205 53.10 1135 50.25 1065 47.39 995
61.51 1344 58.70 1274 55.88 1204 53.06 1134 50.21 1064 47.35 994
61.47 1343 58.66 1273 55.85 1203 53.02 1133 50.17 1063 47.31 993
61.42 1342 58.62 1272 55.81 1202 52.98 1132 50.13 1062 47.27 992
61.38 1341 58.58 1271 55.77 1201 52.94 1131 50.09 1061 47.23 991
61.34 1340 58.55 1270 55.73 1200 52.90 1130 50.05 1060 47.19 990
61.31 1339 58.51 1269 55.69 1199 52.86 1129 50.01 1059 47.14 989
61.27 1338 58.46 1268 55.64 1198 52.82 1128 49.97 1058 47.10 988
61.23 1337 58.42 1267 55.60 1197 52.77 1127 49.93 1057 47.06 987
61.18 1336 58.38 1266 55.57 1196 52.73 1126 49.89 1056 47.02 986
61.14 1335 58.34 1265 55.53 1195 52.69 1125 49.85 1055 46.98 985
61.10 1334 58.30 1264 55.49 1194 52.65 1124 49.81 1054 46.94 984
61.07 1333 58.27 1263 55.45 1193 52.62 1123 49.76 1053 46.90 983
61.03 1332 58.22 1262 55.40 1192 52.58 1122 49.72 1052 46.86 982
60.99 1331 58.18 1261 55.36 1191 52.53 1121 49.68 1051 46.82 981
60.94 1330 58.14 1260 55.32 1190 52.49 1120 49.64 1050 46.78 980
60.90 1329 58.10 1259 55.29 1189 52.45 1119 49.60 1049 46.74 979
60.87 1328 58.06 1258 55.25 1188 52.41 1118 49.56 1048 46.70 978
60.83 1327 58.02 1257 55.20 1187 52.37 1117 49.52 1047 46.65 977
60.79 1326 57.98 1256 55.16 1186 52.33 1116 49.48 1046 46.61 976
60.74 1325 57.94 1255 55.12 1185 52.29 1115 49.44 1045 46.57 975
60.70 1324 57.90 1254 55.08 1184 52.24 1114 49.40 1044 46.53 974
60.66 1323 57.86 1253 55.04 1183 52.21 1113 49.36 1043 46.49 973
60.63 1322 57.82 1252 55.00 1182 52.17 1112 49.32 1042 46.45 972
60.59 1321 57.78 1251 54.96 1181 52.13 1111 49.28 1041 46.41 971
60.55 1320 57.74 1250 54.92 1180 52.09 1110 49.23 1040 46.36 970
60.50 1319 57.70 1249 54.88 1179 52.05 1109 49.19 1039 46.32 969
60.46 1318 57.66 1248 54.84 1178 52.00 1108 49.15 1038 46.28 968
60.43 1317 57.62 1247 54.80 1177 51.96 1107 49.11 1037 46.24 967
60.39 1316 57.58 1246 54.76 1176 51.92 1106 49.07 1036 46.20 966
60.35 1315 57.54 1245 54.72 1175 51.88 1105 49.03 1035 46.16 965
60.31 1314 57.50 1244 54.67 1174 51.84 1104 48.99 1034 46.12 964
60.26 1313 57.46 1243 54.64 1173 51.80 1103 48.95 1033 46.07 963
60.22 1312 57.42 1242 54.60 1172 51.76 1102 48.91 1032 46.03 962
60.19 1311 57.38 1241 54.56 1171 51.72 1101 48.87 1031 46.00 961
60.15 1310 57.34 1240 54.52 1170 51.68 1100 48.83 1030 45.96 960
60.11 1309 57.29 1239 54.48 1169 51.64 1099 48.79 1029 45.92 959
60.06 1308 57.26 1238 54.43 1168 51.60 1098 48.74 1028 45.87 958
60.02 1307 57.22 1237 54.39 1167 51.56 1097 48.70 1027 45.83 957
59.98 1306 57.18 1236 54.35 1166 51.51 1096 48.66 1026 45.79 956
59.95 1305 57.14 1235 54.32 1165 51.47 1095 48.62 1025 45.75 955
59.91 1304 57.10 1234 54.28 1164 51.43 1094 48.58 1024 45.71 954
59.87 1303 57.05 1233 54.23 1163 51.40 1093 48.54 1023 45.67 953
59.82 1302 57.01 1232 54.19 1162 51.36 1092 48.50 1022 45.63 952
59.78 1301 56.98 1231 54.15 1161 51.32 1091 48.45 1021 45.58 951
59.74 1300 56.94 1230 54.11 1160 51.27 1090 48.41 1020 45.54 950
59.71 1299 56.90 1229 54.07 1159 51.23 1089 48.38 1019 45.50 949
59.67 1298 56.86 1228 54.03 1158 51.19 1088 48.34 1018 45.46 948
59.63 1297 56.81 1227 53.99 1157 51.15 1087 48.30 1017 45.42 947
59.58 1296 56.77 1226 53.95 1156 51.11 1086 48.26 1016 45.38 946
59.54 1295 56.73 1225 53.91 1155 51.07 1085 48.21 1015 45.34 945
59.51 1294 56.70 1224 53.87 1154 51.03 1084 48.17 1014 45.29 944
59.47 1293 56.66 1223 53.83 1153 50.99 1083 48.13 1013 45.25 943
59.43 1292 56.61 1222 53.79 1152 50.95 1082 48.09 1012 45.21 942
59.38 1291 56.57 1221 53.75 1151 50.91 1081 48.05 1011 45.17 941
45.13 940 42.23 870 39.32 800 36.38 730 33.41 660 30.42 590
45.09 939 42.19 869 39.27 799 36.33 729 33.37 659 30.37 589
45.05 938 42.15 868 39.23 798 36.29 728 33.33 658 30.33 588
45.00 937 42.11 867 39.19 797 36.25 727 33.28 657 30.28 587
44.96 936 42.07 866 39.15 796 36.21 726 33.24 656 30.24 586
44.92 935 42.03 865 39.11 795 36.16 725 33.19 655 30.20 585
44.88 934 41.99 864 39.07 794 36.12 724 33.15 654 30.16 584
44.84 933 41.94 863 39.02 793 36.08 723 33.11 653 30.11 583
44.80 932 41.90 862 38.98 792 36.04 722 33.07 652 30.07 582
44.76 931 41.86 861 38.94 791 36.00 721 33.03 651 30.03 581
44.71 930 41.82 860 38.90 790 35.96 720 32.98 650 29.99 580
44.67 929 41.78 859 38.86 789 35.91 719 32.94 649 29.94 579
44.64 928 41.74 858 38.82 788 35.87 718 32.90 648 29.89 578
44.60 927 41.70 857 38.78 787 35.82 717 32.85 647 29.85 577
44.56 926 41.65 856 38.73 786 35.78 716 32.81 646 29.81 576
44.51 925 41.61 855 38.68 785 35.74 715 32.77 645 29.77 575
44.47 924 41.57 854 38.64 784 35.70 714 32.73 644 29.73 574
44.43 923 41.53 853 38.60 783 35.66 713 32.68 643 29.68 573
44.39 922 41.49 852 38.56 782 35.62 712 32.64 642 29.64 572
44.35 921 41.45 851 38.52 781 35.57 711 32.60 641 29.60 571
44.31 920 41.40 850 38.48 780 35.53 710 32.56 640 29.55 570
44.27 919 41.36 849 38.44 779 35.49 709 32.51 639 29.51 569
44.22 918 41.32 848 38.39 778 35.45 708 32.47 638 29.46 568
44.18 917 41.28 847 38.35 777 35.40 707 32.43 637 29.42 567
44.14 916 41.24 846 38.31 776 35.36 706 32.38 636 29.38 566
44.10 915 41.20 845 38.27 775 35.32 705 32.34 635 29.34 565
44.06 914 41.16 844 38.23 774 35.28 704 32.30 634 29.30 564
44.02 913 41.11 843 38.19 773 35.23 703 32.26 633 29.25 563
43.98 912 41.07 842 38.15 772 35.19 702 32.22 632 29.21 562
43.93 911 41.03 841 38.10 771 35.15 701 32.17 631 29.16 561
43.89 910 40.99 840 38.06 770 35.11 700 32.13 630 29.12 560
43.85 909 40.95 839 38.02 769 35.07 699 32.08 629 29.07 559
43.81 908 40.90 838 37.97 768 35.02 698 32.04 628 29.03 558
43.77 907 40.86 837 37.93 767 34.98 697 32.00 627 28.99 557
43.73 906 40.82 836 37.89 766 34.94 696 31.96 626 28.95 556
43.69 905 40.77 835 37.85 765 34.89 695 31.92 625 28.91 555
43.64 904 40.73 834 37.81 764 34.85 694 31.88 624 28.86 554
43.60 903 40.69 833 37.76 763 34.81 693 31.83 623 28.82 553
43.56 902 40.65 832 37.72 762 34.77 692 31.78 622 28.77 552
43.52 901 40.61 831 37.68 761 34.73 691 31.74 621 28.73 551
43.48 900 40.57 830 37.64 760 34.69 690 31.70 620 28.69 550
43.44 899 40.53 829 37.60 759 34.64 689 31.66 619 28.64 549
43.40 898 40.48 828 37.56 758 34.60 688 31.62 618 28.60 548
43.35 897 40.44 827 37.52 757 34.55 687 31.57 617 28.56 547
43.31 896 40.40 826 37.47 756 34.51 686 31.53 616 28.52 546
43.27 895 40.36 825 37.43 755 34.47 685 31.49 615 28.47 545
43.23 894 40.32 824 37.38 754 34.43 684 31.44 614 28.43 544
43.19 893 40.28 823 37.34 753 34.39 683 31.40 613 28.38 543
43.15 892 40.24 822 37.30 752 34.35 682 31.36 612 28.34 542
43.11 891 40.19 821 37.26 751 34.31 681 31.31 611 28.30 541
43.06 890 40.15 820 37.22 750 34.26 680 31.27 610 28.25 540
43.02 889 40.11 819 37.18 749 34.21 679 31.23 609 28.21 539
42.98 888 40.07 818 37.13 748 34.17 678 31.19 608 28.17 538
42.94 887 40.03 817 37.09 747 34.13 677 31.15 607 28.13 537
42.90 886 39.99 816 37.05 746 34.09 676 31.10 606 28.08 536
42.86 885 39.95 815 37.01 745 34.05 675 31.05 605 28.04 535
42.81 884 39.90 814 36.97 744 34.01 674 31.01 604 27.99 534
42.77 883 39.86 813 36.93 743 33.97 673 30.97 603 27.95 533
42.73 882 39.82 812 36.89 742 33.92 672 30.93 602 27.90 532
42.69 881 39.78 811 36.84 741 33.87 671 30.89 601 27.86 531
42.65 880 39.74 810 36.79 740 33.83 670 30.85 600 27.82 530
42.61 879 39.70 809 36.75 739 33.79 669 30.80 599 27.78 529
42.57 878 39.66 808 36.71 738 33.75 668 30.76 598 27.73 528
42.52 877 39.61 807 36.67 737 33.71 667 30.71 597 27.69 527
42.48 876 39.56 806 36.63 736 33.67 666 30.67 596 27.65 526
42.44 875 39.52 805 36.59 735 33.63 665 30.63 595 27.60 525
42.40 874 39.48 804 36.55 734 33.58 664 30.58 594 27.56 524
42.36 873 39.44 803 36.50 733 33.53 663 30.54 593 27.51 523
42.32 872 39.40 802 36.46 732 33.49 662 30.50 592 27.47 522
42.28 871 39.36 801 36.42 731 33.45 661 30.46 591 27.43 521
27.39 520 24.32 450 21.21 380 18.05 310 14.82 240 11.51 170
27.34 519 24.28 449 21.17 379 18.00 309 14.78 239 11.46 169
27.30 518 24.23 448 21.12 378 17.96 308 14.73 238 11.41 168
27.26 517 24.19 447 21.08 377 17.91 307 14.68 237 11.36 167
27.22 516 24.15 446 21.03 376 17.87 306 14.63 236 11.31 166
27.17 515 24.10 445 20.99 375 17.82 305 14.58 235 11.26 165
27.12 514 24.06 444 20.95 374 17.78 304 14.54 234 11.22 164
27.08 513 24.01 443 20.90 373 17.73 303 14.49 233 11.17 163
27.04 512 23.96 442 20.85 372 17.69 302 14.44 232 11.12 162
26.99 511 23.92 441 20.80 371 17.64 301 14.40 231 11.07 161
26.95 510 23.88 440 20.76 370 17.59 300 14.35 230 11.02 160
26.91 509 23.83 439 20.72 369 17.55 299 14.30 229 10.97 159
26.87 508 23.79 438 20.67 368 17.50 298 14.26 228 10.93 158
26.82 507 23.75 437 20.63 367 17.45 297 14.21 227 10.88 157
26.78 506 23.70 436 20.58 366 17.41 296 14.16 226 10.83 156
26.73 505 23.66 435 20.54 365 17.36 295 14.12 225 10.78 155
26.68 504 23.62 434 20.49 364 17.32 294 14.07 224 10.73 154
26.64 503 23.57 433 20.45 363 17.27 293 14.02 223 10.68 153
26.60 502 23.52 432 20.41 362 17.22 292 13.98 222 10.64 152
26.56 501 23.48 431 20.36 361 17.18 291 13.93 221 10.59 151
26.51 500 23.43 430 20.32 360 17.13 290 13.88 220 10.54 150
26.47 499 23.39 429 20.27 359 17.09 289 13.84 219 10.49 149
26.43 498 23.35 428 20.22 358 17.04 288 13.79 218 10.44 148
26.39 497 23.30 427 20.18 357 17.00 287 13.74 217 10.39 147
26.34 496 23.26 426 20.13 356 16.95 286 13.70 216 10.34 146
26.29 495 23.22 425 20.09 355 16.91 285 13.65 215 10.29 145
26.25 494 23.17 424 20.04 354 16.86 284 13.60 214 10.24 144
26.21 493 23.13 423 20.00 353 16.82 283 13.56 213 10.20 143
26.16 492 23.09 422 19.95 352 16.77 282 13.51 212 10.15 142
26.12 491 23.04 421 19.91 351 16.72 281 13.46 211 10.10 141
26.08 490 22.99 420 19.86 350 16.67 280 13.42 210 10.05 140
26.03 489 22.95 419 19.82 349 16.62 279 13.37 209 10.00 139
25.99 488 22.90 418 19.78 348 16.58 278 13.32 208 9.95 138
25.95 487 22.86 417 19.73 347 16.53 277 13.27 207 9.90 137
25.90 486 22.82 416 19.68 346 16.49 276 13.22 206 9.85 136
25.86 485 22.77 415 19.64 345 16.44 275 13.17 205 9.80 135
25.81 484 22.73 414 19.59 344 16.40 274 13.12 204 9.75 134
25.77 483 22.68 413 19.54 343 16.35 273 13.08 203 9.70 133
25.73 482 22.64 412 19.50 342 16.31 272 13.03 202 9.65 132
25.68 481 22.60 411 19.45 341 16.26 271 12.98 201 9.60 131
25.64 480 22.55 410 19.41 340 16.21 270 12.93 200 9.56 130
25.60 479 22.50 409 19.37 339 16.17 269 12.89 199 9.51 129
25.55 478 22.46 408 19.32 338 16.12 268 12.84 198 9.46 128
25.51 477 22.41 407 19.28 337 16.08 267 12.79 197 9.41 127
25.47 476 22.37 406 19.23 336 16.03 266 12.75 196 9.36 126
25.42 475 22.33 405 19.19 335 15.99 265 12.70 195 9.31 125
25.37 474 22.28 404 19.14 334 15.94 264 12.65 194 9.26 124
25.33 473 22.24 403 19.10 333 15.89 263 12.60 193 9.21 123
25.29 472 22.19 402 19.05 332 15.85 262 12.56 192 9.16 122
25.24 471 22.15 401 19.00 331 15.80 261 12.51 191 9.11 121
25.20 470 22.11 400 18.96 330 15.75 260 12.46 190 9.06 120
25.16 469 22.06 399 18.91 329 15.70 259 12.41 189 9.01 119
25.11 468 22.02 398 18.86 328 15.65 258 12.37 188 8.96 118
25.07 467 21.97 397 18.82 327 15.61 257 12.32 187 8.91 117
25.03 466 21.92 396 18.78 326 15.56 256 12.27 186 8.86 116
24.98 465 21.88 395 18.73 325 15.52 255 12.22 185 8.81 115
24.93 464 21.83 394 18.69 324 15.47 254 12.18 184 8.76 114
24.89 463 21.79 393 18.64 323 15.42 253 12.13 183 8.71 113
24.85 462 21.75 392 18.60 322 15.38 252 12.08 182 8.66 112
24.80 461 21.70 391 18.55 321 15.33 251 12.03 181 8.61 111
24.76 460 21.66 390 18.51 320 15.29 250 11.99 180 8.56 110
24.72 459 21.62 389 18.46 319 15.24 249 11.94 179 8.51 109
24.67 458 21.57 388 18.42 318 15.19 248 11.89 178 8.46 108
24.63 457 21.53 387 18.37 317 15.15 247 11.84 177 8.41 107
24.59 456 21.48 386 18.32 316 15.10 246 11.79 176 8.36 106
24.54 455 21.43 385 18.28 315 15.06 245 11.75 175 8.31 105
24.49 454 21.39 384 18.23 314 15.01 244 11.70 174 8.26 104
24.45 453 21.34 383 18.18 313 14.96 243 11.65 173 8.21 103
24.41 452 21.30 382 18.14 312 14.92 242 11.60 172 8.16 102
24.36 451 21.25 381 18.09 311 14.87 241 11.55 171 8.11 101
8.06 100 7.19 83 6.31 66 5.40 49 4.47 32 3.49 15
8.01 99 7.14 82 6.26 65 5.35 48 4.42 31 3.43 14
7.96 98 7.09 81 6.20 64 5.30 47 4.36 30 3.36 13
7.91 97 7.04 80 6.15 63 5.24 46 4.30 29 3.31 12
7.86 96 6.99 79 6.10 62 5.19 45 4.24 28 3.25 11
7.80 95 6.93 78 6.04 61 5.13 44 4.18 27 3.18 10
7.75 94 6.88 77 5.99 60 5.08 43 4.14 26 3.12 9
7.70 93 6.83 76 5.93 59 5.02 42 4.08 25 3.06 8
7.65 92 6.78 75 5.88 58 4.97 41 4.02 24 2.99 7
7.60 91 6.72 74 5.84 57 4.91 40 3.96 23 2.92 6
7.55 90 6.67 73 5.78 56 4.86 39 3.90 22 2.87 5
7.50 89 6.62 72 5.73 55 4.81 38 3.84 21 2.79 4
7.44 88 6.57 71 5.67 54 4.75 37 3.79 20 2.73 3
7.39 87 6.52 70 5.62 53 4.69 36 3.73 19 2.66 2
7.34 86 6.47 69 5.56 52 4.64 35 3.67 18 2.58 1
7.29 85 6.42 68 5.51 51 4.58 34 3.60 17
7.25 84 6.36 67 5.46 50 4.52 33 3.55 16
