57.08 1360 54.51 1290 51.92 1220 49.33 1150 46.72 1080 44.09 1010
57.04 1359 54.47 1289 51.89 1219 49.30 1149 46.68 1079 44.06 1009
57.01 1358 54.44 1288 51.86 1218 49.26 1148 46.65 1078 44.02 1008
56.97 1357 54.40 1287 51.82 1217 49.22 1147 46.61 1077 43.98 1007
56.93 1356 54.36 1286 51.78 1216 49.18 1146 46.57 1076 43.94 1006
56.89 1355 54.32 1285 51.74 1215 49.14 1145 46.53 1075 43.90 1005
56.86 1354 54.29 1284 51.70 1214 49.11 1144 46.49 1074 43.87 1004
56.82 1353 54.25 1283 51.67 1213 49.07 1143 46.46 1073 43.83 1003
56.78 1352 54.22 1282 51.63 1212 49.03 1142 46.42 1072 43.80 1002
56.75 1351 54.18 1281 51.59 1211 48.99 1141 46.39 1071 43.76 1001
56.71 1350 54.14 1280 51.56 1210 48.96 1140 46.35 1070 43.72 1000
56.68 1349 54.10 1279 51.52 1209 48.92 1139 46.31 1069 43.68 999
56.64 1348 54.07 1278 51.48 1208 48.89 1138 46.27 1068 43.64 998
56.60 1347 54.03 1277 51.44 1207 48.85 1137 46.23 1067 43.61 997
56.56 1346 54.00 1276 51.41 1206 48.81 1136 46.20 1066 43.57 996
56.53 1345 53.96 1275 51.37 1205 48.77 1135 46.16 1065 43.53 995
56.49 1344 53.92 1274 51.33 1204 48.73 1134 46.12 1064 43.49 994
56.46 1343 53.88 1273 51.30 1203 48.69 1133 46.08 1063 43.45 993
56.42 1342 53.84 1272 51.26 1202 48.66 1132 46.04 1062 43.42 992
56.38 1341 53.81 1271 51.22 1201 48.63 1131 46.01 1061 43.38 991
56.34 1340 53.78 1270 51.19 1200 48.59 1130 45.98 1060 43.34 990
56.31 1339 53.74 1269 51.15 1199 48.55 1129 45.94 1059 43.30 989
56.27 1338 53.70 1268 51.11 1198 48.51 1128 45.90 1058 43.26 988
56.24 1337 53.66 1267 51.07 1197 48.47 1127 45.86 1057 43.23 987
56.20 1336 53.62 1266 51.04 1196 48.44 1126 45.82 1056 43.19 986
56.16 1335 53.59 1265 51.00 1195 48.40 1125 45.79 1055 43.15 985
56.12 1334 53.55 1264 50.96 1194 48.36 1124 45.75 1054 43.12 984
56.09 1333 53.52 1263 50.93 1193 48.33 1123 45.71 1053 43.08 983
56.05 1332 53.48 1262 50.89 1192 48.29 1122 45.67 1052 43.04 982
56.02 1331 53.44 1261 50.85 1191 48.25 1121 45.63 1051 43.00 981
55.98 1330 53.40 1260 50.81 1190 48.21 1120 45.59 1050 42.97 980
55.94 1329 53.36 1259 50.78 1189 48.18 1119 45.56 1049 42.93 979
55.91 1328 53.33 1258 50.74 1188 48.14 1118 45.52 1048 42.89 978
55.87 1327 53.30 1257 50.71 1187 48.10 1117 45.49 1047 42.85 977
55.83 1326 53.26 1256 50.67 1186 48.06 1116 45.45 1046 42.81 976
55.79 1325 53.22 1255 50.63 1185 48.02 1115 45.41 1045 42.78 975
55.76 1324 53.18 1254 50.59 1184 47.99 1114 45.37 1044 42.74 974
55.72 1323 53.14 1253 50.55 1183 47.96 1113 45.34 1043 42.70 973
55.69 1322 53.11 1252 50.52 1182 47.92 1112 45.30 1042 42.66 972
55.65 1321 53.07 1251 50.48 1181 47.88 1111 45.26 1041 42.62 971
55.61 1320 53.04 1250 50.45 1180 47.84 1110 45.22 1040 42.59 970
55.57 1319 53.00 1249 50.41 1179 47.80 1109 45.18 1039 42.55 969
55.54 1318 52.96 1248 50.37 1178 47.77 1108 45.15 1038 42.51 968
55.50 1317 52.92 1247 50.33 1177 47.73 1107 45.11 1037 42.47 967
55.47 1316 52.88 1246 50.29 1176 47.69 1106 45.07 1036 42.43 966
55.43 1315 52.85 1245 50.26 1175 47.65 1105 45.03 1035 42.40 965
55.39 1314 52.82 1244 50.22 1174 47.61 1104 45.00 1034 42.36 964
55.35 1313 52.78 1243 50.19 1173 47.58 1103 44.96 1033 42.32 963
55.31 1312 52.74 1242 50.15 1172 47.54 1102 44.92 1032 42.28 962
55.28 1311 52.70 1241 50.11 1171 47.51 1101 44.89 1031 42.25 961
55.25 1310 52.66 1240 50.07 1170 47.47 1100 44.85 1030 42.21 960
55.21 1309 52.63 1239 50.04 1169 47.43 1099 44.81 1029 42.17 959
55.17 1308 52.59 1238 50.00 1168 47.39 1098 44.77 1028 42.14 958
55.13 1307 52.56 1237 49.96 1167 47.35 1097 44.73 1027 42.10 957
55.09 1306 52.52 1236 49.92 1166 47.32 1096 44.70 1026 42.06 956
55.06 1305 52.48 1235 49.89 1165 47.28 1095 44.66 1025 42.02 955
55.02 1304 52.44 1234 49.85 1164 47.24 1094 44.62 1024 41.98 954
54.99 1303 52.40 1233 49.81 1163 47.21 1093 44.58 1023 41.95 953
54.95 1302 52.37 1232 49.78 1162 47.17 1092 44.54 1022 41.91 952
54.91 1301 52.34 1231 49.74 1161 47.13 1091 44.51 1021 41.87 951
54.87 1300 52.30 1230 49.70 1160 47.10 1090 44.47 1020 41.83 950
54.84 1299 52.26 1229 49.66 1159 47.06 1089 44.44 1019 41.79 949
54.80 1298 52.22 1228 49.62 1158 47.02 1088 44.40 1018 41.76 948
54.77 1297 52.18 1227 49.59 1157 46.98 1087 44.36 1017 41.72 947
54.73 1296 52.15 1226 49.56 1156 46.94 1086 44.32 1016 41.68 946
54.69 1295 52.11 1225 49.52 1155 46.90 1085 44.28 1015 41.64 945
54.66 1294 52.08 1224 49.48 1154 46.87 1084 44.25 1014 41.60 944
54.62 1293 52.04 1223 49.44 1153 46.84 1083 44.21 1013 41.57 943
54.58 1292 52.00 1222 49.40 1152 46.80 1082 44.17 1012 41.53 942
54.54 1291 51.96 1221 49.37 1151 46.76 1081 44.13 1011 41.49 941
41.45 940 38.79 870 36.11 800 33.41 730 30.69 660 27.94 590
41.41 939 38.75 869 36.07 799 33.37 729 30.65 659 27.89 589
41.37 938 38.72 868 36.03 798 33.33 728 30.61 658 27.85 588
41.34 937 38.68 867 36.00 797 33.29 727 30.57 657 27.82 587
41.30 936 38.64 866 35.96 796 33.25 726 30.53 656 27.78 586
41.26 935 38.60 865 35.92 795 33.22 725 30.49 655 27.74 585
41.22 934 38.56 864 35.88 794 33.18 724 30.45 654 27.70 584
41.18 933 38.53 863 35.84 793 33.14 723 30.41 653 27.66 583
41.15 932 38.49 862 35.81 792 33.10 722 30.38 652 27.62 582
41.11 931 38.45 861 35.77 791 33.06 721 30.34 651 27.58 581
41.07 930 38.41 860 35.73 790 33.03 720 30.29 650 27.54 580
41.03 929 38.37 859 35.69 789 32.99 719 30.25 649 27.50 579
41.00 928 38.34 858 35.65 788 32.94 718 30.22 648 27.46 578
40.96 927 38.30 857 35.62 787 32.90 717 30.18 647 27.42 577
40.93 926 38.26 856 35.58 786 32.87 716 30.14 646 27.38 576
40.89 925 38.22 855 35.53 785 32.83 715 30.10 645 27.34 575
40.85 924 38.18 854 35.49 784 32.79 714 30.06 644 27.31 574
40.81 923 38.14 853 35.46 783 32.75 713 30.02 643 27.26 573
40.77 922 38.11 852 35.42 782 32.71 712 29.98 642 27.22 572
40.73 921 38.07 851 35.38 781 32.68 711 29.94 641 27.18 571
40.70 920 38.03 850 35.34 780 32.64 710 29.90 640 27.15 570
40.66 919 37.99 849 35.30 779 32.60 709 29.86 639 27.11 569
40.62 918 37.95 848 35.27 778 32.56 708 29.83 638 27.06 568
40.58 917 37.92 847 35.23 777 32.52 707 29.79 637 27.02 567
40.54 916 37.88 846 35.19 776 32.48 706 29.74 636 26.99 566
40.51 915 37.84 845 35.15 775 32.44 705 29.70 635 26.95 565
40.47 914 37.80 844 35.11 774 32.40 704 29.67 634 26.91 564
40.43 913 37.76 843 35.08 773 32.36 703 29.63 633 26.86 563
40.39 912 37.73 842 35.04 772 32.33 702 29.59 632 26.83 562
40.35 911 37.69 841 35.00 771 32.29 701 29.55 631 26.79 561
40.32 910 37.65 840 34.96 770 32.25 700 29.51 630 26.75 560
40.28 909 37.61 839 34.92 769 32.21 699 29.47 629 26.70 559
40.24 908 37.57 838 34.88 768 32.17 698 29.43 628 26.67 558
40.20 907 37.53 837 34.84 767 32.13 697 29.39 627 26.63 557
40.16 906 37.49 836 34.80 766 32.09 696 29.35 626 26.59 556
40.13 905 37.45 835 34.76 765 32.05 695 29.32 625 26.55 555
40.09 904 37.41 834 34.72 764 32.01 694 29.28 624 26.51 554
40.05 903 37.38 833 34.69 763 31.97 693 29.23 623 26.47 553
40.01 902 37.34 832 34.65 762 31.94 692 29.19 622 26.43 552
39.97 901 37.30 831 34.61 761 31.90 691 29.16 621 26.39 551
39.93 900 37.26 830 34.57 760 31.86 690 29.12 620 26.35 550
39.90 899 37.22 829 34.53 759 31.81 689 29.08 619 26.31 549
39.86 898 37.19 828 34.50 758 31.78 688 29.04 618 26.27 548
39.82 897 37.15 827 34.46 757 31.74 687 29.00 617 26.23 547
39.78 896 37.11 826 34.42 756 31.70 686 28.96 616 26.19 546
39.74 895 37.07 825 34.38 755 31.66 685 28.92 615 26.15 545
39.71 894 37.03 824 34.34 754 31.62 684 28.88 614 26.11 544
39.67 893 36.99 823 34.30 753 31.59 683 28.84 613 26.07 543
39.63 892 36.96 822 34.26 752 31.55 682 28.81 612 26.03 542
39.59 891 36.92 821 34.22 751 31.51 681 28.76 611 26.00 541
39.55 890 36.88 820 34.18 750 31.46 680 28.72 610 25.95 540
39.52 889 36.84 819 34.15 749 31.43 679 28.68 609 25.91 539
39.48 888 36.80 818 34.11 748 31.39 678 28.65 608 25.87 538
39.44 887 36.77 817 34.07 747 31.35 677 28.61 607 25.84 537
39.40 886 36.73 816 34.03 746 31.31 676 28.57 606 25.79 536
39.36 885 36.69 815 33.99 745 31.27 675 28.52 605 25.75 535
39.33 884 36.65 814 33.96 744 31.24 674 28.49 604 25.71 534
39.29 883 36.61 813 33.92 743 31.20 673 28.45 603 25.68 533
39.25 882 36.58 812 33.88 742 31.15 672 28.41 602 25.63 532
39.21 881 36.54 811 33.84 741 31.11 671 28.37 601 25.59 531
39.17 880 36.50 810 33.80 740 31.08 670 28.33 600 25.55 530
39.14 879 36.46 809 33.76 739 31.04 669 28.29 599 25.52 529
39.10 878 36.42 808 33.72 738 31.00 668 28.25 598 25.47 528
39.06 877 36.38 807 33.68 737 30.96 667 28.21 597 25.43 527
39.02 876 36.34 806 33.64 736 30.92 666 28.17 596 25.39 526
38.98 875 36.30 805 33.60 735 30.89 665 28.14 595 25.36 525
38.94 874 36.26 804 33.57 734 30.84 664 28.09 594 25.32 524
38.91 873 36.23 803 33.53 733 30.80 663 28.05 593 25.27 523
38.87 872 36.19 802 33.49 732 30.76 662 28.01 592 25.23 522
38.83 871 36.15 801 33.45 731 30.73 661 27.98 591 25.20 521
25.16 520 22.34 450 19.48 380 16.58 310 13.61 240 10.57 170
25.11 519 22.30 449 19.44 379 16.53 309 13.57 239 10.52 169
25.07 518 22.26 448 19.40 378 16.50 308 13.53 238 10.48 168
25.04 517 22.22 447 19.36 377 16.45 307 13.49 237 10.43 167
25.00 516 22.18 446 19.31 376 16.41 306 13.44 236 10.39 166
24.95 515 22.13 445 19.28 375 16.37 305 13.40 235 10.34 165
24.91 514 22.10 444 19.24 374 16.33 304 13.36 234 10.30 164
24.88 513 22.06 443 19.19 373 16.28 303 13.31 233 10.26 163
24.84 512 22.01 442 19.15 372 16.25 302 13.27 232 10.21 162
24.79 511 21.97 441 19.11 371 16.20 301 13.23 231 10.17 161
24.75 510 21.94 440 19.07 370 16.16 300 13.18 230 10.12 160
24.72 509 21.89 439 19.03 369 16.12 299 13.14 229 10.08 159
24.68 508 21.85 438 18.99 368 16.08 298 13.10 228 10.04 158
24.63 507 21.81 437 18.95 367 16.03 297 13.05 227 9.99 157
24.59 506 21.77 436 18.90 366 15.99 296 13.01 226 9.95 156
24.56 505 21.73 435 18.87 365 15.95 295 12.97 225 9.90 155
24.51 504 21.69 434 18.82 364 15.91 294 12.92 224 9.85 154
24.47 503 21.65 433 18.78 363 15.86 293 12.88 223 9.81 153
24.43 502 21.61 432 18.74 362 15.82 292 12.84 222 9.77 152
24.40 501 21.57 431 18.70 361 15.78 291 12.79 221 9.72 151
24.35 500 21.52 430 18.66 360 15.73 290 12.75 220 9.68 150
24.31 499 21.49 429 18.61 359 15.70 289 12.71 219 9.63 149
24.27 498 21.45 428 18.58 358 15.65 288 12.66 218 9.59 148
24.24 497 21.40 427 18.54 357 15.61 287 12.62 217 9.54 147
24.19 496 21.36 426 18.49 356 15.57 286 12.58 216 9.50 146
24.15 495 21.33 425 18.45 355 15.53 285 12.54 215 9.45 145
24.11 494 21.28 424 18.41 354 15.48 284 12.49 214 9.40 144
24.08 493 21.24 423 18.37 353 15.45 283 12.45 213 9.37 143
24.03 492 21.20 422 18.32 352 15.40 282 12.41 212 9.32 142
23.99 491 21.16 421 18.29 351 15.36 281 12.36 211 9.28 141
23.95 490 21.12 420 18.24 350 15.32 280 12.32 210 9.23 140
23.91 489 21.08 419 18.20 349 15.27 279 12.28 209 9.18 139
23.87 488 21.04 418 18.16 348 15.23 278 12.23 208 9.14 138
23.83 487 21.00 417 18.12 347 15.19 277 12.19 207 9.09 137
23.79 486 20.96 416 18.08 346 15.15 276 12.15 206 9.05 136
23.75 485 20.91 415 18.04 345 15.10 275 12.10 205 9.00 135
23.71 484 20.88 414 18.00 344 15.06 274 12.06 204 8.96 134
23.67 483 20.83 413 17.95 343 15.02 273 12.02 203 8.91 133
23.63 482 20.79 412 17.91 342 14.98 272 11.97 202 8.86 132
23.59 481 20.75 411 17.87 341 14.93 271 11.93 201 8.82 131
23.55 480 20.71 410 17.83 340 14.89 270 11.88 200 8.78 130
23.51 479 20.67 409 17.79 339 14.85 269 11.84 199 8.73 129
23.47 478 20.63 408 17.75 338 14.81 268 11.80 198 8.69 128
23.43 477 20.59 407 17.71 337 14.77 267 11.75 197 8.64 127
23.39 476 20.55 406 17.66 336 14.72 266 11.71 196 8.60 126
23.34 475 20.51 405 17.62 335 14.68 265 11.67 195 8.55 125
23.31 474 20.47 404 17.58 334 14.64 264 11.62 194 8.51 124
23.27 473 20.43 403 17.54 333 14.59 263 11.58 193 8.46 123
23.23 472 20.38 402 17.49 332 14.55 262 11.54 192 8.41 122
23.18 471 20.34 401 17.46 331 14.51 261 11.49 191 8.37 121
23.15 470 20.31 400 17.41 330 14.47 260 11.45 190 8.32 120
23.11 469 20.26 399 17.37 329 14.42 259 11.40 189 8.28 119
23.06 468 20.22 398 17.33 328 14.38 258 11.36 188 8.23 118
23.02 467 20.18 397 17.29 327 14.34 257 11.32 187 8.19 117
22.99 466 20.14 396 17.25 326 14.30 256 11.27 186 8.14 116
22.95 465 20.10 395 17.20 325 14.26 255 11.23 185 8.09 115
22.90 464 20.05 394 17.17 324 14.21 254 11.19 184 8.05 114
22.86 463 20.02 393 17.12 323 14.17 253 11.14 183 8.00 113
22.83 462 19.98 392 17.08 322 14.13 252 11.10 182 7.96 112
22.78 461 19.93 391 17.04 321 14.08 251 11.05 181 7.91 111
22.74 460 19.89 390 17.00 320 14.04 250 11.01 180 7.87 110
22.70 459 19.86 389 16.95 319 14.00 249 10.97 179 7.82 109
22.66 458 19.81 388 16.92 318 13.95 248 10.92 178 7.77 108
22.62 457 19.77 387 16.87 317 13.91 247 10.87 177 7.72 107
22.58 456 19.73 386 16.83 316 13.87 246 10.83 176 7.68 106
22.54 455 19.69 385 16.79 315 13.83 245 10.79 175 7.63 105
22.50 454 19.65 384 16.75 314 13.78 244 10.75 174 7.58 104
22.46 453 19.60 383 16.70 313 13.74 243 10.70 173 7.54 103
22.42 452 19.57 382 16.66 312 13.70 242 10.65 172 7.49 102
22.38 451 19.52 381 16.62 311 13.66 241 10.61 171 7.45 101
7.40 100 6.60 83 5.79 66 4.96 49 4.10 32 3.20 15
7.36 99 6.56 82 5.75 65 4.92 48 4.06 31 3.15 14
7.31 98 6.51 81 5.70 64 4.86 47 4.00 30 3.09 13
7.26 97 6.46 80 5.65 63 4.81 46 3.95 29 3.04 12
7.22 96 6.42 79 5.60 62 4.77 45 3.90 28 2.98 11
7.17 95 6.37 78 5.55 61 4.71 44 3.84 27 2.92 10
7.12 94 6.32 77 5.50 60 4.67 43 3.80 26 2.87 9
7.07 93 6.27 76 5.45 59 4.61 42 3.75 25 2.81 8
7.03 92 6.23 75 5.41 58 4.57 41 3.69 24 2.75 7
6.98 91 6.18 74 5.36 57 4.51 40 3.64 23 2.69 6
6.94 90 6.13 73 5.31 56 4.46 39 3.59 22 2.63 5
6.89 89 6.08 72 5.26 55 4.42 38 3.53 21 2.56 4
6.84 88 6.04 71 5.21 54 4.36 37 3.48 20 2.50 3
6.79 87 5.98 70 5.16 53 4.31 36 3.43 19 2.44 2
6.75 86 5.94 69 5.11 52 4.26 35 3.37 18 2.37 1
6.70 85 5.89 68 5.06 51 4.21 34 3.31 17
6.65 84 5.84 67 5.02 50 4.16 33 3.26 16
