52.01 1360 49.67 1290 47.32 1220 44.95 1150 42.57 1080 40.18 1010
51.98 1359 49.63 1289 47.28 1219 44.92 1149 42.54 1079 40.15 1009
51.95 1358 49.61 1288 47.25 1218 44.89 1148 42.51 1078 40.11 1008
51.91 1357 49.57 1287 47.22 1217 44.85 1147 42.47 1077 40.08 1007
51.88 1356 49.54 1286 47.18 1216 44.82 1146 42.44 1076 40.04 1006
51.84 1355 49.50 1285 47.15 1215 44.78 1145 42.40 1075 40.01 1005
51.81 1354 49.47 1284 47.11 1214 44.75 1144 42.37 1074 39.97 1004
51.78 1353 49.43 1283 47.08 1213 44.71 1143 42.33 1073 39.94 1003
51.74 1352 49.40 1282 47.04 1212 44.68 1142 42.30 1072 39.91 1002
51.71 1351 49.37 1281 47.01 1211 44.64 1141 42.27 1071 39.87 1001
51.67 1350 49.34 1280 46.98 1210 44.62 1140 42.23 1070 39.84 1000
51.65 1349 49.30 1279 46.95 1209 44.58 1139 42.20 1069 39.81 999
51.61 1348 49.27 1278 46.91 1208 44.55 1138 42.17 1068 39.77 998
51.58 1347 49.23 1277 46.88 1207 44.51 1137 42.13 1067 39.74 997
51.54 1346 49.20 1276 46.84 1206 44.48 1136 42.10 1066 39.70 996
51.51 1345 49.17 1275 46.81 1205 44.44 1135 42.06 1065 39.67 995
51.48 1344 49.13 1274 46.77 1204 44.41 1134 42.03 1064 39.63 994
51.45 1343 49.10 1273 46.75 1203 44.37 1133 41.99 1063 39.60 993
51.41 1342 49.06 1272 46.71 1202 44.34 1132 41.96 1062 39.56 992
51.38 1341 49.03 1271 46.68 1201 44.31 1131 41.92 1061 39.53 991
51.34 1340 49.00 1270 46.64 1200 44.28 1130 41.89 1060 39.49 990
51.31 1339 48.97 1269 46.61 1199 44.24 1129 41.86 1059 39.46 989
51.28 1338 48.93 1268 46.57 1198 44.21 1128 41.82 1058 39.42 988
51.24 1337 48.90 1267 46.54 1197 44.17 1127 41.79 1057 39.39 987
51.21 1336 48.86 1266 46.51 1196 44.14 1126 41.76 1056 39.35 986
51.17 1335 48.83 1265 46.48 1195 44.10 1125 41.72 1055 39.32 985
51.14 1334 48.79 1264 46.44 1194 44.07 1124 41.69 1054 39.29 984
51.11 1333 48.77 1263 46.41 1193 44.04 1123 41.65 1053 39.26 983
51.08 1332 48.73 1262 46.37 1192 44.00 1122 41.62 1052 39.22 982
51.04 1331 48.70 1261 46.34 1191 43.97 1121 41.58 1051 39.19 981
51.01 1330 48.66 1260 46.30 1190 43.94 1120 41.55 1050 39.15 980
50.97 1329 48.63 1259 46.27 1189 43.90 1119 41.51 1049 39.12 979
50.95 1328 48.59 1258 46.24 1188 43.87 1118 41.48 1048 39.08 978
50.91 1327 48.56 1257 46.20 1187 43.83 1117 41.45 1047 39.05 977
50.88 1326 48.53 1256 46.17 1186 43.80 1116 41.42 1046 39.01 976
50.84 1325 48.50 1255 46.14 1185 43.76 1115 41.38 1045 38.98 975
50.81 1324 48.46 1254 46.10 1184 43.73 1114 41.35 1044 38.94 974
50.77 1323 48.43 1253 46.07 1183 43.70 1113 41.31 1043 38.91 973
50.74 1322 48.39 1252 46.03 1182 43.66 1112 41.28 1042 38.87 972
50.71 1321 48.36 1251 46.00 1181 43.63 1111 41.24 1041 38.84 971
50.67 1320 48.33 1250 45.97 1180 43.59 1110 41.21 1040 38.81 970
50.64 1319 48.29 1249 45.93 1179 43.56 1109 41.17 1039 38.77 969
50.61 1318 48.26 1248 45.90 1178 43.53 1108 41.14 1038 38.74 968
50.58 1317 48.22 1247 45.86 1177 43.49 1107 41.10 1037 38.70 967
50.54 1316 48.19 1246 45.83 1176 43.46 1106 41.07 1036 38.67 966
50.51 1315 48.16 1245 45.80 1175 43.42 1105 41.03 1035 38.63 965
50.47 1314 48.13 1244 45.76 1174 43.39 1104 41.01 1034 38.60 964
50.44 1313 48.09 1243 45.73 1173 43.36 1103 40.97 1033 38.56 963
50.40 1312 48.06 1242 45.70 1172 43.32 1102 40.94 1032 38.53 962
50.38 1311 48.02 1241 45.66 1171 43.29 1101 40.90 1031 38.50 961
50.34 1310 47.99 1240 45.63 1170 43.25 1100 40.87 1030 38.47 960
50.31 1309 47.95 1239 45.59 1169 43.22 1099 40.83 1029 38.43 959
50.27 1308 47.93 1238 45.56 1168 43.19 1098 40.80 1028 38.40 958
50.24 1307 47.89 1237 45.52 1167 43.15 1097 40.76 1027 38.36 957
50.20 1306 47.86 1236 45.49 1166 43.12 1096 40.73 1026 38.33 956
50.18 1305 47.82 1235 45.46 1165 43.08 1095 40.69 1025 38.29 955
50.14 1304 47.79 1234 45.43 1164 43.05 1094 40.66 1024 38.26 954
50.11 1303 47.75 1233 45.39 1163 43.02 1093 40.62 1023 38.22 953
50.07 1302 47.72 1232 45.36 1162 42.98 1092 40.59 1022 38.19 952
50.04 1301 47.69 1231 45.32 1161 42.95 1091 40.55 1021 38.15 951
50.00 1300 47.66 1230 45.29 1160 42.91 1090 40.52 1020 38.12 950
49.97 1299 47.62 1229 45.25 1159 42.88 1089 40.49 1019 38.08 949
49.94 1298 47.59 1228 45.22 1158 42.85 1088 40.46 1018 38.05 948
49.90 1297 47.55 1227 45.19 1157 42.81 1087 40.42 1017 38.01 947
49.87 1296 47.52 1226 45.16 1156 42.78 1086 40.39 1016 37.98 946
49.83 1295 47.48 1225 45.12 1155 42.74 1085 40.35 1015 37.94 945
49.81 1294 47.45 1224 45.09 1154 42.71 1084 40.32 1014 37.91 944
49.77 1293 47.42 1223 45.05 1153 42.68 1083 40.28 1013 37.88 943
49.74 1292 47.38 1222 45.02 1152 42.64 1082 40.25 1012 37.84 942
49.70 1291 47.35 1221 44.98 1151 42.61 1081 40.21 1011 37.81 941
37.77 940 35.35 870 32.91 800 30.45 730 27.96 660 25.46 590
37.74 939 35.31 869 32.87 799 30.41 729 27.93 659 25.42 589
37.70 938 35.28 868 32.84 798 30.37 728 27.89 658 25.38 588
37.67 937 35.24 867 32.80 797 30.34 727 27.85 657 25.35 587
37.63 936 35.21 866 32.77 796 30.30 726 27.82 656 25.31 586
37.60 935 35.18 865 32.73 795 30.27 725 27.78 655 25.28 585
37.56 934 35.14 864 32.70 794 30.23 724 27.75 654 25.24 584
37.53 933 35.11 863 32.66 793 30.20 723 27.71 653 25.20 583
37.49 932 35.07 862 32.63 792 30.16 722 27.68 652 25.17 582
37.46 931 35.04 861 32.59 791 30.13 721 27.64 651 25.13 581
37.42 930 35.00 860 32.56 790 30.09 720 27.60 650 25.10 580
37.39 929 34.97 859 32.52 789 30.06 719 27.57 649 25.06 579
37.36 928 34.93 858 32.49 788 30.02 718 27.53 648 25.02 578
37.33 927 34.90 857 32.45 787 29.98 717 27.50 647 24.99 577
37.29 926 34.86 856 32.42 786 29.95 716 27.46 646 24.95 576
37.26 925 34.83 855 32.38 785 29.91 715 27.43 645 24.92 575
37.22 924 34.79 854 32.34 784 29.88 714 27.39 644 24.88 574
37.19 923 34.76 853 32.31 783 29.84 713 27.35 643 24.84 573
37.15 922 34.72 852 32.27 782 29.81 712 27.32 642 24.81 572
37.12 921 34.69 851 32.24 781 29.78 711 27.28 641 24.77 571
37.08 920 34.65 850 32.20 780 29.74 710 27.25 640 24.74 570
37.05 919 34.62 849 32.17 779 29.71 709 27.21 639 24.70 569
37.01 918 34.59 848 32.14 778 29.67 708 27.18 638 24.66 568
36.98 917 34.55 847 32.10 777 29.63 707 27.14 637 24.62 567
36.95 916 34.52 846 32.07 776 29.59 706 27.10 636 24.59 566
36.91 915 34.48 845 32.03 775 29.56 705 27.07 635 24.56 565
36.88 914 34.45 844 32.00 774 29.53 704 27.03 634 24.52 564
36.84 913 34.41 843 31.96 773 29.49 703 27.00 633 24.48 563
36.81 912 34.38 842 31.93 772 29.46 702 26.96 632 24.44 562
36.77 911 34.34 841 31.89 771 29.42 701 26.93 631 24.41 561
36.74 910 34.31 840 31.86 770 29.39 700 26.89 630 24.38 560
36.70 909 34.27 839 31.82 769 29.35 699 26.85 629 24.33 559
36.67 908 34.23 838 31.78 768 29.31 698 26.82 628 24.30 558
36.63 907 34.20 837 31.75 767 29.28 697 26.78 627 24.26 557
36.60 906 34.16 836 31.71 766 29.24 696 26.75 626 24.23 556
36.56 905 34.13 835 31.68 765 29.21 695 26.71 625 24.19 555
36.53 904 34.09 834 31.64 764 29.17 694 26.68 624 24.15 554
36.49 903 34.06 833 31.61 763 29.14 693 26.64 623 24.12 553
36.46 902 34.02 832 31.57 762 29.10 692 26.60 622 24.08 552
36.42 901 33.99 831 31.54 761 29.07 691 26.57 621 24.05 551
36.39 900 33.95 830 31.50 760 29.03 690 26.53 620 24.01 550
36.36 899 33.92 829 31.47 759 28.99 689 26.50 619 23.97 549
36.32 898 33.88 828 31.43 758 28.96 688 26.46 618 23.94 548
36.29 897 33.85 827 31.40 757 28.92 687 26.42 617 23.90 547
36.25 896 33.81 826 31.36 756 28.89 686 26.39 616 23.87 546
36.22 895 33.78 825 31.33 755 28.85 685 26.35 615 23.83 545
36.18 894 33.75 824 31.29 754 28.82 684 26.32 614 23.79 544
36.15 893 33.71 823 31.25 753 28.78 683 26.28 613 23.76 543
36.11 892 33.68 822 31.22 752 28.75 682 26.25 612 23.72 542
36.08 891 33.64 821 31.18 751 28.71 681 26.21 611 23.69 541
36.04 890 33.61 820 31.15 750 28.67 680 26.17 610 23.65 540
36.01 889 33.57 819 31.11 749 28.64 679 26.14 609 23.61 539
35.97 888 33.54 818 31.08 748 28.60 678 26.10 608 23.58 538
35.94 887 33.50 817 31.05 747 28.57 677 26.07 607 23.54 537
35.90 886 33.47 816 31.01 746 28.53 676 26.03 606 23.50 536
35.87 885 33.43 815 30.98 745 28.50 675 25.99 605 23.47 535
35.83 884 33.40 814 30.94 744 28.46 674 25.96 604 23.43 534
35.80 883 33.36 813 30.91 743 28.43 673 25.92 603 23.40 533
35.77 882 33.33 812 30.87 742 28.39 672 25.89 602 23.35 532
35.73 881 33.29 811 30.84 741 28.35 671 25.85 601 23.32 531
35.70 880 33.26 810 30.80 740 28.32 670 25.82 600 23.29 530
35.66 879 33.22 809 30.76 739 28.28 669 25.78 599 23.25 529
35.63 878 33.19 808 30.73 738 28.25 668 25.74 598 23.21 528
35.59 877 33.15 807 30.69 737 28.21 667 25.71 597 23.17 527
35.56 876 33.11 806 30.66 736 28.18 666 25.67 596 23.14 526
35.52 875 33.08 805 30.62 735 28.14 665 25.64 595 23.10 525
35.49 874 33.04 804 30.59 734 28.10 664 25.60 594 23.07 524
35.45 873 33.01 803 30.55 733 28.07 663 25.56 593 23.03 523
35.42 872 32.98 802 30.52 732 28.03 662 25.53 592 22.99 522
35.38 871 32.94 801 30.48 731 28.00 661 25.49 591 22.96 521
22.92 520 20.36 450 17.75 380 15.11 310 12.40 240 9.63 170
22.88 519 20.32 449 17.72 379 15.07 309 12.37 239 9.59 169
22.85 518 20.28 448 17.68 378 15.03 308 12.33 238 9.55 168
22.81 517 20.25 447 17.64 377 14.99 307 12.29 237 9.51 167
22.78 516 20.21 446 17.60 376 14.96 306 12.25 236 9.47 166
22.74 515 20.17 445 17.57 375 14.91 305 12.21 235 9.42 165
22.70 514 20.13 444 17.53 374 14.88 304 12.17 234 9.39 164
22.67 513 20.10 443 17.49 373 14.84 303 12.13 233 9.35 163
22.63 512 20.06 442 17.45 372 14.80 302 12.09 232 9.31 162
22.59 511 20.02 441 17.41 371 14.76 301 12.05 231 9.26 161
22.56 510 19.99 440 17.38 370 14.73 300 12.01 230 9.22 160
22.52 509 19.95 439 17.34 369 14.69 299 11.97 229 9.18 159
22.49 508 19.91 438 17.30 368 14.65 298 11.94 228 9.15 158
22.45 507 19.88 437 17.27 367 14.61 297 11.90 227 9.10 157
22.41 506 19.84 436 17.23 366 14.57 296 11.85 226 9.06 156
22.38 505 19.80 435 17.19 365 14.53 295 11.82 225 9.02 155
22.33 504 19.77 434 17.15 364 14.50 294 11.78 224 8.98 154
22.30 503 19.72 433 17.11 363 14.46 293 11.74 223 8.94 153
22.27 502 19.69 432 17.08 362 14.41 292 11.70 222 8.90 152
22.23 501 19.66 431 17.04 361 14.38 291 11.66 221 8.86 151
22.19 500 19.61 430 17.00 360 14.34 290 11.62 220 8.82 150
22.15 499 19.58 429 16.96 359 14.30 289 11.58 219 8.78 149
22.12 498 19.54 428 16.93 358 14.26 288 11.54 218 8.74 148
22.08 497 19.50 427 16.89 357 14.23 287 11.50 217 8.70 147
22.04 496 19.47 426 16.85 356 14.19 286 11.46 216 8.65 146
22.01 495 19.43 425 16.82 355 14.15 285 11.42 215 8.61 145
21.97 494 19.39 424 16.77 354 14.11 284 11.38 214 8.57 144
21.94 493 19.36 423 16.74 353 14.07 283 11.35 213 8.54 143
21.90 492 19.32 422 16.70 352 14.03 282 11.31 212 8.49 142
21.86 491 19.28 421 16.66 351 14.00 281 11.26 211 8.45 141
21.83 490 19.25 420 16.62 350 13.96 280 11.23 210 8.41 140
21.79 489 19.21 419 16.59 349 13.91 279 11.19 209 8.37 139
21.75 488 19.17 418 16.55 348 13.88 278 11.15 208 8.33 138
21.72 487 19.13 417 16.51 347 13.84 277 11.10 207 8.29 137
21.68 486 19.10 416 16.48 346 13.80 276 11.07 206 8.24 136
21.64 485 19.06 415 16.43 345 13.76 275 11.03 205 8.20 135
21.61 484 19.02 414 16.40 344 13.73 274 10.99 204 8.16 134
21.57 483 18.98 413 16.36 343 13.69 273 10.95 203 8.12 133
21.54 482 18.95 412 16.32 342 13.65 272 10.91 202 8.08 132
21.49 481 18.91 411 16.28 341 13.61 271 10.87 201 8.04 131
21.46 480 18.87 410 16.25 340 13.57 270 10.83 200 8.00 130
21.43 479 18.84 409 16.21 339 13.53 269 10.79 199 7.96 129
21.38 478 18.80 408 16.17 338 13.49 268 10.75 198 7.92 128
21.35 477 18.76 407 16.14 337 13.46 267 10.71 197 7.88 127
21.31 476 18.73 406 16.09 336 13.42 266 10.67 196 7.83 126
21.27 475 18.69 405 16.06 335 13.38 265 10.63 195 7.79 125
21.24 474 18.65 404 16.02 334 13.34 264 10.59 194 7.75 124
21.20 473 18.61 403 15.98 333 13.30 263 10.55 193 7.71 123
21.17 472 18.57 402 15.94 332 13.26 262 10.51 192 7.67 122
21.13 471 18.54 401 15.91 331 13.22 261 10.47 191 7.63 121
21.09 470 18.50 400 15.87 330 13.19 260 10.43 190 7.58 120
21.06 469 18.46 399 15.83 329 13.14 259 10.39 189 7.54 119
21.02 468 18.43 398 15.79 328 13.10 258 10.35 188 7.50 118
20.98 467 18.39 397 15.75 327 13.07 257 10.31 187 7.46 117
20.95 466 18.35 396 15.72 326 13.03 256 10.27 186 7.42 116
20.91 465 18.32 395 15.68 325 12.99 255 10.23 185 7.38 115
20.87 464 18.27 394 15.64 324 12.95 254 10.19 184 7.33 114
20.84 463 18.24 393 15.60 323 12.91 253 10.15 183 7.29 113
20.80 462 18.20 392 15.57 322 12.87 252 10.11 182 7.25 112
20.76 461 18.16 391 15.53 321 12.83 251 10.07 181 7.21 111
20.72 460 18.13 390 15.49 320 12.80 250 10.03 180 7.17 110
20.69 459 18.09 389 15.45 319 12.76 249 9.99 179 7.13 109
20.65 458 18.05 388 15.41 318 12.71 248 9.95 178 7.08 108
20.61 457 18.02 387 15.37 317 12.68 247 9.91 177 7.04 107
20.58 456 17.98 386 15.34 316 12.64 246 9.87 176 6.99 106
20.54 455 17.94 385 15.30 315 12.60 245 9.83 175 6.95 105
20.50 454 17.91 384 15.26 314 12.56 244 9.79 174 6.91 104
20.47 453 17.86 383 15.22 313 12.52 243 9.75 173 6.87 103
20.43 452 17.83 382 15.19 312 12.49 242 9.71 172 6.83 102
20.39 451 17.79 381 15.14 311 12.44 241 9.67 171 6.79 101
6.74 100 6.02 83 5.28 66 4.52 49 3.74 32 2.92 15
6.70 99 5.97 82 5.24 65 4.48 48 3.70 31 2.87 14
6.66 98 5.93 81 5.19 64 4.43 47 3.65 30 2.82 13
6.62 97 5.89 80 5.15 63 4.38 46 3.60 29 2.77 12
6.58 96 5.85 79 5.11 62 4.34 45 3.55 28 2.72 11
6.53 95 5.80 78 5.06 61 4.29 44 3.50 27 2.66 10
6.49 94 5.76 77 5.02 60 4.25 43 3.46 26 2.61 9
6.45 93 5.72 76 4.97 59 4.20 42 3.41 25 2.56 8
6.40 92 5.68 75 4.93 58 4.16 41 3.36 24 2.50 7
6.36 91 5.63 74 4.88 57 4.11 40 3.32 23 2.45 6
6.32 90 5.59 73 4.84 56 4.07 39 3.27 22 2.40 5
6.28 89 5.54 72 4.79 55 4.02 38 3.22 21 2.34 4
6.23 88 5.50 71 4.75 54 3.98 37 3.17 20 2.28 3
6.19 87 5.45 70 4.70 53 3.93 36 3.12 19 2.23 2
6.15 86 5.41 69 4.66 52 3.89 35 3.07 18 2.16 1
6.11 85 5.37 68 4.61 51 3.84 34 3.02 17
6.06 84 5.32 67 4.57 50 3.79 33 2.97 16
