47.08 1360 44.95 1290 42.82 1220 40.68 1150 38.53 1080 36.37 1010
47.05 1359 44.92 1289 42.79 1219 40.66 1149 38.50 1079 36.33 1009
47.01 1358 44.90 1288 42.77 1218 40.63 1148 38.47 1078 36.30 1008
46.98 1357 44.87 1287 42.74 1217 40.59 1147 38.44 1077 36.27 1007
46.95 1356 44.83 1286 42.71 1216 40.56 1146 38.41 1076 36.24 1006
46.92 1355 44.80 1285 42.67 1215 40.53 1145 38.38 1075 36.21 1005
46.90 1354 44.77 1284 42.64 1214 40.50 1144 38.35 1074 36.18 1004
46.86 1353 44.74 1283 42.61 1213 40.47 1143 38.31 1073 36.15 1003
46.83 1352 44.72 1282 42.58 1212 40.44 1142 38.28 1072 36.12 1002
46.80 1351 44.68 1281 42.55 1211 40.41 1141 38.26 1071 36.09 1001
46.77 1350 44.65 1280 42.52 1210 40.38 1140 38.23 1070 36.06 1000
46.74 1349 44.62 1279 42.49 1209 40.35 1139 38.19 1069 36.03 999
46.71 1348 44.59 1278 42.46 1208 40.32 1138 38.16 1068 36.00 998
46.68 1347 44.56 1277 42.43 1207 40.29 1137 38.13 1067 35.96 997
46.65 1346 44.53 1276 42.40 1206 40.26 1136 38.10 1066 35.93 996
46.62 1345 44.50 1275 42.37 1205 40.22 1135 38.07 1065 35.90 995
46.59 1344 44.47 1274 42.33 1204 40.19 1134 38.04 1064 35.87 994
46.56 1343 44.44 1273 42.31 1203 40.16 1133 38.01 1063 35.84 993
46.53 1342 44.41 1272 42.28 1202 40.14 1132 37.97 1062 35.81 992
46.50 1341 44.38 1271 42.25 1201 40.10 1131 37.94 1061 35.78 991
46.47 1340 44.35 1270 42.22 1200 40.07 1130 37.92 1060 35.74 990
46.44 1339 44.32 1269 42.18 1199 40.04 1129 37.89 1059 35.71 989
46.41 1338 44.29 1268 42.15 1198 40.01 1128 37.86 1058 35.68 988
46.38 1337 44.26 1267 42.12 1197 39.98 1127 37.82 1057 35.65 987
46.35 1336 44.23 1266 42.10 1196 39.95 1126 37.79 1056 35.62 986
46.32 1335 44.19 1265 42.06 1195 39.92 1125 37.76 1055 35.59 985
46.29 1334 44.16 1264 42.03 1194 39.88 1124 37.73 1054 35.56 984
46.26 1333 44.14 1263 42.00 1193 39.86 1123 37.70 1053 35.53 983
46.23 1332 44.11 1262 41.97 1192 39.83 1122 37.67 1052 35.50 982
46.20 1331 44.07 1261 41.94 1191 39.80 1121 37.64 1051 35.47 981
46.17 1330 44.04 1260 41.91 1190 39.77 1120 37.60 1050 35.44 980
46.14 1329 44.01 1259 41.88 1189 39.73 1119 37.57 1049 35.41 979
46.11 1328 43.98 1258 41.85 1188 39.70 1118 37.54 1048 35.37 978
46.08 1327 43.96 1257 41.82 1187 39.67 1117 37.52 1047 35.34 977
46.05 1326 43.92 1256 41.79 1186 39.64 1116 37.48 1046 35.31 976
46.02 1325 43.89 1255 41.76 1185 39.61 1115 37.45 1045 35.28 975
45.98 1324 43.86 1254 41.73 1184 39.58 1114 37.42 1044 35.25 974
45.95 1323 43.83 1253 41.69 1183 39.55 1113 37.39 1043 35.22 973
45.93 1322 43.80 1252 41.66 1182 39.52 1112 37.36 1042 35.19 972
45.90 1321 43.77 1251 41.64 1181 39.49 1111 37.33 1041 35.15 971
45.87 1320 43.74 1250 41.61 1180 39.46 1110 37.30 1040 35.12 970
45.83 1319 43.71 1249 41.57 1179 39.43 1109 37.26 1039 35.09 969
45.80 1318 43.68 1248 41.54 1178 39.39 1108 37.23 1038 35.06 968
45.78 1317 43.65 1247 41.51 1177 39.36 1107 37.20 1037 35.03 967
45.75 1316 43.62 1246 41.48 1176 39.33 1106 37.17 1036 35.00 966
45.71 1315 43.58 1245 41.45 1175 39.30 1105 37.14 1035 34.97 965
45.68 1314 43.56 1244 41.42 1174 39.27 1104 37.11 1034 34.93 964
45.65 1313 43.53 1243 41.39 1173 39.24 1103 37.08 1033 34.90 963
45.62 1312 43.50 1242 41.36 1172 39.21 1102 37.05 1032 34.87 962
45.59 1311 43.47 1241 41.33 1171 39.18 1101 37.02 1031 34.85 961
45.56 1310 43.43 1240 41.30 1170 39.15 1100 36.99 1030 34.81 960
45.53 1309 43.40 1239 41.27 1169 39.12 1099 36.96 1029 34.78 959
45.50 1308 43.38 1238 41.24 1168 39.09 1098 36.93 1028 34.75 958
45.47 1307 43.35 1237 41.20 1167 39.06 1097 36.89 1027 34.72 957
45.44 1306 43.31 1236 41.17 1166 39.02 1096 36.86 1026 34.69 956
45.41 1305 43.28 1235 41.15 1165 38.99 1095 36.83 1025 34.66 955
45.38 1304 43.25 1234 41.12 1164 38.96 1094 36.80 1024 34.63 954
45.35 1303 43.22 1233 41.08 1163 38.94 1093 36.77 1023 34.59 953
45.32 1302 43.19 1232 41.05 1162 38.90 1092 36.74 1022 34.56 952
45.29 1301 43.16 1231 41.02 1161 38.87 1091 36.71 1021 34.53 951
45.26 1300 43.13 1230 40.99 1160 38.84 1090 36.67 1020 34.50 950
45.23 1299 43.10 1229 40.96 1159 38.81 1089 36.65 1019 34.47 949
45.20 1298 43.07 1228 40.93 1158 38.78 1088 36.62 1018 34.44 948
45.17 1297 43.04 1227 40.90 1157 38.75 1087 36.59 1017 34.41 947
45.14 1296 43.01 1226 40.87 1156 38.72 1086 36.55 1016 34.37 946
45.10 1295 42.98 1225 40.84 1155 38.68 1085 36.52 1015 34.34 945
45.08 1294 42.95 1224 40.81 1154 38.65 1084 36.49 1014 34.31 944
45.05 1293 42.92 1223 40.78 1153 38.63 1083 36.46 1013 34.28 943
45.02 1292 42.89 1222 40.75 1152 38.60 1082 36.43 1012 34.25 942
44.99 1291 42.86 1221 40.71 1151 38.57 1081 36.40 1011 34.22 941
34.19 940 31.99 870 29.78 800 27.56 730 25.31 660 23.04 590
34.16 939 31.96 869 29.75 799 27.52 729 25.28 659 23.00 589
34.12 938 31.93 868 29.72 798 27.49 728 25.25 658 22.97 588
34.09 937 31.90 867 29.69 797 27.46 727 25.21 657 22.94 587
34.06 936 31.87 866 29.66 796 27.43 726 25.18 656 22.91 586
34.03 935 31.84 865 29.63 795 27.40 725 25.15 655 22.88 585
34.00 934 31.81 864 29.59 794 27.36 724 25.11 654 22.85 584
33.97 933 31.77 863 29.56 793 27.33 723 25.08 653 22.81 583
33.94 932 31.74 862 29.53 792 27.30 722 25.05 652 22.78 582
33.90 931 31.71 861 29.50 791 27.27 721 25.02 651 22.75 581
33.87 930 31.68 860 29.47 790 27.24 720 24.98 650 22.72 580
33.84 929 31.65 859 29.44 789 27.21 719 24.95 649 22.68 579
33.82 928 31.62 858 29.41 788 27.17 718 24.92 648 22.65 578
33.78 927 31.59 857 29.37 787 27.14 717 24.89 647 22.61 577
33.75 926 31.55 856 29.34 786 27.11 716 24.86 646 22.58 576
33.72 925 31.52 855 29.31 785 27.07 715 24.83 645 22.55 575
33.69 924 31.49 854 29.27 784 27.04 714 24.79 644 22.52 574
33.66 923 31.46 853 29.24 783 27.01 713 24.76 643 22.48 573
33.63 922 31.43 852 29.21 782 26.98 712 24.73 642 22.45 572
33.60 921 31.40 851 29.18 781 26.95 711 24.69 641 22.42 571
33.56 920 31.37 850 29.15 780 26.92 710 24.66 640 22.39 570
33.53 919 31.33 849 29.12 779 26.89 709 24.63 639 22.36 569
33.50 918 31.30 848 29.09 778 26.86 708 24.60 638 22.32 568
33.47 917 31.27 847 29.05 777 26.82 707 24.57 637 22.29 567
33.44 916 31.24 846 29.02 776 26.79 706 24.53 636 22.26 566
33.41 915 31.21 845 28.99 775 26.75 705 24.50 635 22.23 565
33.38 914 31.18 844 28.96 774 26.72 704 24.47 634 22.19 564
33.34 913 31.15 843 28.93 773 26.69 703 24.44 633 22.16 563
33.31 912 31.11 842 28.90 772 26.66 702 24.41 632 22.12 562
33.28 911 31.08 841 28.87 771 26.63 701 24.37 631 22.09 561
33.25 910 31.05 840 28.83 770 26.60 700 24.34 630 22.06 560
33.22 909 31.02 839 28.80 769 26.57 699 24.30 629 22.02 559
33.19 908 30.98 838 28.76 768 26.53 698 24.27 628 21.99 558
33.16 907 30.95 837 28.73 767 26.50 697 24.24 627 21.96 557
33.12 906 30.92 836 28.70 766 26.47 696 24.21 626 21.93 556
33.09 905 30.89 835 28.67 765 26.43 695 24.18 625 21.90 555
33.06 904 30.86 834 28.64 764 26.40 694 24.15 624 21.86 554
33.03 903 30.83 833 28.61 763 26.37 693 24.11 623 21.83 553
33.00 902 30.79 832 28.58 762 26.34 692 24.08 622 21.80 552
32.97 901 30.76 831 28.55 761 26.31 691 24.05 621 21.77 551
32.94 900 30.73 830 28.51 760 26.28 690 24.02 620 21.74 550
32.90 899 30.70 829 28.48 759 26.24 689 23.98 619 21.70 549
32.87 898 30.67 828 28.45 758 26.21 688 23.95 618 21.67 548
32.84 897 30.64 827 28.42 757 26.18 687 23.92 617 21.63 547
32.81 896 30.61 826 28.39 756 26.15 686 23.88 616 21.60 546
32.78 895 30.57 825 28.36 755 26.11 685 23.85 615 21.57 545
32.75 894 30.54 824 28.32 754 26.08 684 23.82 614 21.53 544
32.72 893 30.51 823 28.29 753 26.05 683 23.79 613 21.50 543
32.68 892 30.48 822 28.26 752 26.02 682 23.76 612 21.47 542
32.65 891 30.45 821 28.22 751 25.99 681 23.72 611 21.44 541
32.62 890 30.42 820 28.19 750 25.95 680 23.69 610 21.40 540
32.59 889 30.39 819 28.16 749 25.92 679 23.66 609 21.37 539
32.56 888 30.35 818 28.13 748 25.89 678 23.63 608 21.34 538
32.53 887 30.32 817 28.10 747 25.86 677 23.59 607 21.31 537
32.50 886 30.29 816 28.07 746 25.82 676 23.56 606 21.27 536
32.47 885 30.26 815 28.04 745 25.79 675 23.53 605 21.24 535
32.43 884 30.23 814 28.00 744 25.76 674 23.49 604 21.21 534
32.40 883 30.20 813 27.97 743 25.73 673 23.46 603 21.18 533
32.37 882 30.17 812 27.94 742 25.69 672 23.43 602 21.14 532
32.34 881 30.13 811 27.91 741 25.66 671 23.40 601 21.11 531
32.31 880 30.10 810 27.87 740 25.63 670 23.37 600 21.08 530
32.28 879 30.07 809 27.84 739 25.60 669 23.33 599 21.04 529
32.25 878 30.04 808 27.81 738 25.57 668 23.30 598 21.01 528
32.21 877 30.00 807 27.78 737 25.54 667 23.27 597 20.97 527
32.18 876 29.97 806 27.75 736 25.50 666 23.24 596 20.94 526
32.15 875 29.94 805 27.72 735 25.47 665 23.21 595 20.91 525
32.12 874 29.91 804 27.68 734 25.44 664 23.17 594 20.88 524
32.09 873 29.88 803 27.65 733 25.40 663 23.14 593 20.84 523
32.06 872 29.85 802 27.62 732 25.37 662 23.10 592 20.81 522
32.03 871 29.81 801 27.59 731 25.34 661 23.07 591 20.78 521
20.75 520 18.42 450 16.07 380 13.68 310 11.23 240 8.72 170
20.71 519 18.39 449 16.04 379 13.64 309 11.19 239 8.68 169
20.68 518 18.36 448 16.00 378 13.61 308 11.16 238 8.64 168
20.65 517 18.32 447 15.97 377 13.57 307 11.12 237 8.61 167
20.62 516 18.29 446 15.93 376 13.54 306 11.09 236 8.57 166
20.58 515 18.25 445 15.90 375 13.50 305 11.05 235 8.53 165
20.55 514 18.22 444 15.87 374 13.47 304 11.02 234 8.50 164
20.52 513 18.19 443 15.83 373 13.43 303 10.98 233 8.46 163
20.48 512 18.15 442 15.80 372 13.40 302 10.94 232 8.42 162
20.45 511 18.12 441 15.76 371 13.36 301 10.91 231 8.39 161
20.42 510 18.09 440 15.73 370 13.33 300 10.87 230 8.35 160
20.38 509 18.05 439 15.70 369 13.29 299 10.84 229 8.31 159
20.35 508 18.02 438 15.66 368 13.26 298 10.80 228 8.28 158
20.32 507 17.99 437 15.63 367 13.22 297 10.77 227 8.24 157
20.28 506 17.95 436 15.59 366 13.19 296 10.73 226 8.20 156
20.25 505 17.92 435 15.56 365 13.15 295 10.70 225 8.17 155
20.21 504 17.89 434 15.52 364 13.12 294 10.66 224 8.13 154
20.18 503 17.85 433 15.49 363 13.08 293 10.62 223 8.09 153
20.15 502 17.82 432 15.46 362 13.05 292 10.59 222 8.06 152
20.12 501 17.79 431 15.42 361 13.02 291 10.55 221 8.02 151
20.08 500 17.75 430 15.39 360 12.98 290 10.52 220 7.98 150
20.05 499 17.72 429 15.35 359 12.95 289 10.48 219 7.95 149
20.02 498 17.69 428 15.32 358 12.91 288 10.45 218 7.91 148
19.99 497 17.65 427 15.29 357 12.88 287 10.41 217 7.87 147
19.95 496 17.62 426 15.25 356 12.84 286 10.38 216 7.83 146
19.92 495 17.59 425 15.22 355 12.81 285 10.34 215 7.79 145
19.89 494 17.55 424 15.18 354 12.77 284 10.30 214 7.76 144
19.86 493 17.52 423 15.15 353 12.74 283 10.27 213 7.73 143
19.82 492 17.49 422 15.11 352 12.70 282 10.23 212 7.69 142
19.79 491 17.45 421 15.08 351 12.67 281 10.19 211 7.65 141
19.76 490 17.42 420 15.04 350 12.63 280 10.16 210 7.61 140
19.72 489 17.39 419 15.01 349 12.59 279 10.13 209 7.58 139
19.69 488 17.35 418 14.98 348 12.56 278 10.09 208 7.54 138
19.66 487 17.32 417 14.94 347 12.53 277 10.05 207 7.50 137
19.62 486 17.29 416 14.91 346 12.49 276 10.02 206 7.46 136
19.59 485 17.25 415 14.87 345 12.46 275 9.98 205 7.42 135
19.56 484 17.22 414 14.84 344 12.42 274 9.94 204 7.39 134
19.52 483 17.18 413 14.81 343 12.39 273 9.91 203 7.35 133
19.49 482 17.15 412 14.77 342 12.36 272 9.87 202 7.31 132
19.45 481 17.12 411 14.74 341 12.32 271 9.84 201 7.27 131
19.42 480 17.08 410 14.71 340 12.28 270 9.80 200 7.24 130
19.39 479 17.05 409 14.67 339 12.25 269 9.77 199 7.20 129
19.35 478 17.02 408 14.64 338 12.21 268 9.73 198 7.17 128
19.32 477 16.98 407 14.60 337 12.18 267 9.69 197 7.13 127
19.29 476 16.95 406 14.57 336 12.14 266 9.66 196 7.09 126
19.25 475 16.92 405 14.54 335 12.11 265 9.62 195 7.05 125
19.22 474 16.88 404 14.50 334 12.07 264 9.59 194 7.02 124
19.19 473 16.85 403 14.47 333 12.04 263 9.55 193 6.98 123
19.16 472 16.81 402 14.43 332 12.00 262 9.52 192 6.94 122
19.12 471 16.78 401 14.40 331 11.97 261 9.48 191 6.90 121
19.09 470 16.75 400 14.36 330 11.93 260 9.44 190 6.87 120
19.06 469 16.71 399 14.33 329 11.90 259 9.40 189 6.83 119
19.02 468 16.68 398 14.29 328 11.86 258 9.37 188 6.79 118
18.99 467 16.65 397 14.26 327 11.83 257 9.33 187 6.75 117
18.96 466 16.61 396 14.23 326 11.79 256 9.30 186 6.71 116
18.93 465 16.58 395 14.19 325 11.76 255 9.26 185 6.68 115
18.89 464 16.54 394 14.16 324 11.72 254 9.23 184 6.64 114
18.86 463 16.51 393 14.12 323 11.68 253 9.19 183 6.60 113
18.83 462 16.48 392 14.09 322 11.65 252 9.15 182 6.56 112
18.79 461 16.44 391 14.05 321 11.61 251 9.11 181 6.53 111
18.76 460 16.41 390 14.02 320 11.58 250 9.08 180 6.49 110
18.73 459 16.38 389 13.98 319 11.55 249 9.05 179 6.45 109
18.69 458 16.34 388 13.95 318 11.51 248 9.01 178 6.41 108
18.66 457 16.31 387 13.91 317 11.48 247 8.97 177 6.37 107
18.63 456 16.27 386 13.88 316 11.44 246 8.93 176 6.33 106
18.59 455 16.24 385 13.84 315 11.41 245 8.90 175 6.29 105
18.56 454 16.21 384 13.81 314 11.37 244 8.86 174 6.26 104
18.52 453 16.17 383 13.78 313 11.33 243 8.83 173 6.22 103
18.49 452 16.14 382 13.74 312 11.30 242 8.79 172 6.18 102
18.46 451 16.10 381 13.71 311 11.26 241 8.75 171 6.14 101
6.11 100 5.45 83 4.78 66 4.09 49 3.38 32 2.64 15
6.07 99 5.41 82 4.74 65 4.06 48 3.35 31 2.60 14
6.03 98 5.37 81 4.70 64 4.01 47 3.30 30 2.55 13
5.99 97 5.33 80 4.66 63 3.97 46 3.26 29 2.51 12
5.95 96 5.29 79 4.62 62 3.93 45 3.22 28 2.46 11
5.91 95 5.25 78 4.58 61 3.89 44 3.17 27 2.41 10
5.87 94 5.21 77 4.54 60 3.85 43 3.13 26 2.37 9
5.83 93 5.18 76 4.50 59 3.81 42 3.09 25 2.32 8
5.80 92 5.14 75 4.46 58 3.77 41 3.05 24 2.27 7
5.76 91 5.09 74 4.42 57 3.72 40 3.00 23 2.22 6
5.72 90 5.06 73 4.38 56 3.68 39 2.96 22 2.17 5
5.68 89 5.02 72 4.34 55 3.64 38 2.91 21 2.12 4
5.64 88 4.98 71 4.30 54 3.60 37 2.87 20 2.07 3
5.60 87 4.94 70 4.26 53 3.55 36 2.83 19 2.02 2
5.56 86 4.90 69 4.21 52 3.52 35 2.78 18 1.96 1
5.53 85 4.86 68 4.18 51 3.47 34 2.73 17
5.49 84 4.82 67 4.14 50 3.43 33 2.69 16
