41.80 1360 39.92 1290 38.03 1220 36.12 1150 34.22 1080 32.29 1010
41.77 1359 39.89 1289 38.00 1219 36.10 1149 34.19 1079 32.26 1009
41.75 1358 39.87 1288 37.98 1218 36.07 1148 34.16 1078 32.24 1008
41.72 1357 39.84 1287 37.95 1217 36.05 1147 34.13 1077 32.21 1007
41.69 1356 39.81 1286 37.92 1216 36.02 1146 34.10 1076 32.18 1006
41.66 1355 39.78 1285 37.89 1215 35.99 1145 34.08 1075 32.15 1005
41.64 1354 39.76 1284 37.86 1214 35.96 1144 34.05 1074 32.12 1004
41.61 1353 39.73 1283 37.84 1213 35.93 1143 34.02 1073 32.10 1003
41.58 1352 39.70 1282 37.81 1212 35.91 1142 33.99 1072 32.07 1002
41.56 1351 39.68 1281 37.78 1211 35.88 1141 33.97 1071 32.05 1001
41.53 1350 39.65 1280 37.76 1210 35.86 1140 33.94 1070 32.02 1000
41.51 1349 39.62 1279 37.73 1209 35.83 1139 33.91 1069 31.99 999
41.48 1348 39.59 1278 37.70 1208 35.80 1138 33.89 1068 31.96 998
41.45 1347 39.57 1277 37.67 1207 35.77 1137 33.86 1067 31.93 997
41.42 1346 39.54 1276 37.65 1206 35.74 1136 33.83 1066 31.91 996
41.40 1345 39.52 1275 37.62 1205 35.72 1135 33.80 1065 31.88 995
41.37 1344 39.49 1274 37.59 1204 35.69 1134 33.78 1064 31.85 994
41.34 1343 39.46 1273 37.57 1203 35.66 1133 33.75 1063 31.82 993
41.32 1342 39.43 1272 37.54 1202 35.64 1132 33.72 1062 31.80 992
41.29 1341 39.40 1271 37.51 1201 35.61 1131 33.69 1061 31.77 991
41.26 1340 39.38 1270 37.48 1200 35.58 1130 33.67 1060 31.74 990
41.24 1339 39.35 1269 37.46 1199 35.55 1129 33.64 1059 31.71 989
41.21 1338 39.33 1268 37.43 1198 35.53 1128 33.61 1058 31.68 988
41.18 1337 39.30 1267 37.40 1197 35.50 1127 33.59 1057 31.66 987
41.16 1336 39.27 1266 37.38 1196 35.47 1126 33.56 1056 31.63 986
41.13 1335 39.24 1265 37.35 1195 35.44 1125 33.53 1055 31.60 985
41.10 1334 39.21 1264 37.32 1194 35.42 1124 33.50 1054 31.58 984
41.08 1333 39.19 1263 37.30 1193 35.39 1123 33.47 1053 31.55 983
41.05 1332 39.16 1262 37.27 1192 35.37 1122 33.45 1052 31.52 982
41.02 1331 39.14 1261 37.24 1191 35.34 1121 33.42 1051 31.49 981
40.99 1330 39.11 1260 37.21 1190 35.31 1120 33.39 1050 31.47 980
40.97 1329 39.08 1259 37.19 1189 35.28 1119 33.36 1049 31.44 979
40.94 1328 39.05 1258 37.16 1188 35.25 1118 33.33 1048 31.41 978
40.92 1327 39.03 1257 37.13 1187 35.23 1117 33.31 1047 31.38 977
40.89 1326 39.00 1256 37.11 1186 35.20 1116 33.28 1046 31.35 976
40.86 1325 38.97 1255 37.08 1185 35.17 1115 33.26 1045 31.33 975
40.83 1324 38.95 1254 37.05 1184 35.14 1114 33.23 1044 31.30 974
40.80 1323 38.92 1253 37.02 1183 35.12 1113 33.20 1043 31.27 973
40.78 1322 38.89 1252 36.99 1182 35.09 1112 33.17 1042 31.24 972
40.75 1321 38.87 1251 36.97 1181 35.06 1111 33.14 1041 31.21 971
40.73 1320 38.84 1250 36.94 1180 35.04 1110 33.12 1040 31.19 970
40.70 1319 38.81 1249 36.92 1179 35.01 1109 33.09 1039 31.16 969
40.67 1318 38.78 1248 36.89 1178 34.98 1108 33.06 1038 31.13 968
40.65 1317 38.76 1247 36.86 1177 34.95 1107 33.03 1037 31.10 967
40.62 1316 38.73 1246 36.83 1176 34.92 1106 33.01 1036 31.08 966
40.59 1315 38.70 1245 36.80 1175 34.90 1105 32.98 1035 31.05 965
40.56 1314 38.68 1244 36.78 1174 34.87 1104 32.96 1034 31.02 964
40.54 1313 38.65 1243 36.75 1173 34.85 1103 32.93 1033 30.99 963
40.51 1312 38.62 1242 36.73 1172 34.82 1102 32.90 1032 30.96 962
40.49 1311 38.59 1241 36.70 1171 34.79 1101 32.87 1031 30.94 961
40.46 1310 38.57 1240 36.67 1170 34.76 1100 32.84 1030 30.91 960
40.43 1309 38.54 1239 36.64 1169 34.73 1099 32.82 1029 30.89 959
40.40 1308 38.52 1238 36.61 1168 34.71 1098 32.79 1028 30.86 958
40.37 1307 38.49 1237 36.59 1167 34.68 1097 32.76 1027 30.83 957
40.35 1306 38.46 1236 36.56 1166 34.65 1096 32.73 1026 30.80 956
40.32 1305 38.43 1235 36.54 1165 34.62 1095 32.70 1025 30.77 955
40.30 1304 38.41 1234 36.51 1164 34.60 1094 32.68 1024 30.75 954
40.27 1303 38.38 1233 36.48 1163 34.57 1093 32.65 1023 30.72 953
40.24 1302 38.35 1232 36.45 1162 34.55 1092 32.62 1022 30.69 952
40.21 1301 38.33 1231 36.42 1161 34.52 1091 32.59 1021 30.66 951
40.18 1300 38.30 1230 36.40 1160 34.49 1090 32.56 1020 30.63 950
40.16 1299 38.27 1229 36.37 1159 34.46 1089 32.54 1019 30.61 949
40.13 1298 38.24 1228 36.34 1158 34.43 1088 32.51 1018 30.58 948
40.11 1297 38.22 1227 36.32 1157 34.41 1087 32.49 1017 30.55 947
40.08 1296 38.19 1226 36.29 1156 34.38 1086 32.46 1016 30.52 946
40.05 1295 38.16 1225 36.26 1155 34.35 1085 32.43 1015 30.50 945
40.03 1294 38.14 1224 36.24 1154 34.32 1084 32.40 1014 30.47 944
40.00 1293 38.11 1223 36.21 1153 34.30 1083 32.38 1013 30.44 943
39.97 1292 38.08 1222 36.18 1152 34.27 1082 32.35 1012 30.41 942
39.94 1291 38.05 1221 36.15 1151 34.24 1081 32.32 1011 30.38 941
30.36 940 28.41 870 26.45 800 24.47 730 22.47 660 20.46 590
30.33 939 28.38 869 26.42 799 24.44 729 22.45 659 20.43 589
30.30 938 28.35 868 26.39 798 24.41 728 22.42 658 20.40 588
30.27 937 28.33 867 26.36 797 24.38 727 22.38 657 20.37 587
30.24 936 28.30 866 26.33 796 24.35 726 22.36 656 20.34 586
30.22 935 28.27 865 26.31 795 24.33 725 22.33 655 20.32 585
30.19 934 28.24 864 26.28 794 24.30 724 22.30 654 20.29 584
30.16 933 28.21 863 26.25 793 24.27 723 22.27 653 20.25 583
30.13 932 28.19 862 26.22 792 24.24 722 22.25 652 20.23 582
30.10 931 28.16 861 26.19 791 24.21 721 22.22 651 20.20 581
30.08 930 28.13 860 26.17 790 24.19 720 22.18 650 20.17 580
30.05 929 28.10 859 26.14 789 24.16 719 22.16 649 20.14 579
30.03 928 28.07 858 26.11 788 24.13 718 22.13 648 20.11 578
30.00 927 28.05 857 26.08 787 24.10 717 22.10 647 20.08 577
29.97 926 28.02 856 26.06 786 24.07 716 22.07 646 20.05 576
29.94 925 27.99 855 26.02 785 24.04 715 22.04 645 20.03 575
29.92 924 27.96 854 25.99 784 24.01 714 22.02 644 20.00 574
29.89 923 27.93 853 25.97 783 23.99 713 21.98 643 19.96 573
29.86 922 27.91 852 25.94 782 23.96 712 21.96 642 19.94 572
29.83 921 27.88 851 25.91 781 23.93 711 21.93 641 19.91 571
29.80 920 27.85 850 25.88 780 23.90 710 21.90 640 19.88 570
29.78 919 27.82 849 25.85 779 23.87 709 21.87 639 19.85 569
29.75 918 27.80 848 25.83 778 23.85 708 21.84 638 19.82 568
29.72 917 27.77 847 25.80 777 23.81 707 21.82 637 19.79 567
29.69 916 27.74 846 25.77 776 23.78 706 21.78 636 19.76 566
29.66 915 27.71 845 25.74 775 23.76 705 21.75 635 19.74 565
29.64 914 27.68 844 25.71 774 23.73 704 21.73 634 19.71 564
29.61 913 27.66 843 25.69 773 23.70 703 21.70 633 19.67 563
29.58 912 27.63 842 25.66 772 23.67 702 21.67 632 19.65 562
29.55 911 27.60 841 25.63 771 23.65 701 21.64 631 19.62 561
29.52 910 27.57 840 25.60 770 23.62 700 21.61 630 19.59 560
29.50 909 27.54 839 25.58 769 23.59 699 21.58 629 19.56 559
29.47 908 27.51 838 25.54 768 23.56 698 21.55 628 19.53 558
29.44 907 27.48 837 25.51 767 23.53 697 21.53 627 19.50 557
29.41 906 27.46 836 25.49 766 23.50 696 21.50 626 19.47 556
29.39 905 27.43 835 25.46 765 23.47 695 21.47 625 19.44 555
29.36 904 27.40 834 25.43 764 23.44 694 21.44 624 19.41 554
29.33 903 27.37 833 25.40 763 23.42 693 21.41 623 19.38 553
29.30 902 27.34 832 25.37 762 23.39 692 21.38 622 19.36 552
29.27 901 27.32 831 25.35 761 23.36 691 21.35 621 19.33 551
29.25 900 27.29 830 25.32 760 23.33 690 21.32 620 19.30 550
29.22 899 27.26 829 25.29 759 23.30 689 21.30 619 19.27 549
29.19 898 27.23 828 25.26 758 23.27 688 21.27 618 19.24 548
29.16 897 27.20 827 25.24 757 23.24 687 21.24 617 19.21 547
29.13 896 27.18 826 25.21 756 23.22 686 21.21 616 19.18 546
29.11 895 27.15 825 25.18 755 23.19 685 21.18 615 19.15 545
29.08 894 27.12 824 25.15 754 23.16 684 21.15 614 19.12 544
29.05 893 27.09 823 25.12 753 23.13 683 21.12 613 19.09 543
29.02 892 27.06 822 25.09 752 23.10 682 21.10 612 19.07 542
28.99 891 27.04 821 25.06 751 23.08 681 21.06 611 19.04 541
28.97 890 27.01 820 25.03 750 23.04 680 21.03 610 19.00 540
28.94 889 26.98 819 25.01 749 23.01 679 21.01 609 18.98 539
28.91 888 26.95 818 24.98 748 22.99 678 20.98 608 18.95 538
28.88 887 26.93 817 24.95 747 22.96 677 20.95 607 18.92 537
28.86 886 26.90 816 24.92 746 22.93 676 20.92 606 18.89 536
28.83 885 26.87 815 24.89 745 22.90 675 20.89 605 18.86 535
28.80 884 26.84 814 24.87 744 22.88 674 20.86 604 18.83 534
28.77 883 26.81 813 24.84 743 22.85 673 20.83 603 18.80 533
28.74 882 26.79 812 24.81 742 22.81 672 20.81 602 18.77 532
28.72 881 26.76 811 24.78 741 22.79 671 20.78 601 18.74 531
28.69 880 26.73 810 24.75 740 22.76 670 20.75 600 18.71 530
28.66 879 26.70 809 24.72 739 22.73 669 20.72 599 18.69 529
28.63 878 26.67 808 24.69 738 22.70 668 20.69 598 18.65 528
28.60 877 26.64 807 24.67 737 22.67 667 20.66 597 18.62 527
28.58 876 26.61 806 24.64 736 22.65 666 20.63 596 18.60 526
28.55 875 26.59 805 24.61 735 22.62 665 20.61 595 18.57 525
28.52 874 26.56 804 24.58 734 22.59 664 20.57 594 18.54 524
28.49 873 26.53 803 24.55 733 22.56 663 20.54 593 18.51 523
28.46 872 26.50 802 24.53 732 22.53 662 20.52 592 18.48 522
28.44 871 26.47 801 24.50 731 22.50 661 20.49 591 18.45 521
18.42 520 16.36 450 14.27 380 12.14 310 9.97 240 7.74 170
18.39 519 16.33 449 14.24 379 12.11 309 9.94 239 7.71 169
18.36 518 16.30 448 14.21 378 12.08 308 9.91 238 7.67 168
18.33 517 16.27 447 14.18 377 12.05 307 9.88 237 7.64 167
18.31 516 16.24 446 14.15 376 12.02 306 9.84 236 7.61 166
18.27 515 16.21 445 14.12 375 11.99 305 9.81 235 7.57 165
18.25 514 16.18 444 14.09 374 11.96 304 9.78 234 7.55 164
18.22 513 16.15 443 14.06 373 11.93 303 9.75 233 7.51 163
18.19 512 16.12 442 14.03 372 11.90 302 9.72 232 7.48 162
18.16 511 16.09 441 14.00 371 11.86 301 9.69 231 7.45 161
18.13 510 16.06 440 13.97 370 11.84 300 9.66 230 7.41 160
18.10 509 16.03 439 13.94 369 11.80 299 9.62 229 7.38 159
18.07 508 16.00 438 13.91 368 11.77 298 9.59 228 7.35 158
18.04 507 15.98 437 13.88 367 11.74 297 9.56 227 7.32 157
18.01 506 15.94 436 13.84 366 11.71 296 9.53 226 7.28 156
17.98 505 15.91 435 13.82 365 11.68 295 9.50 225 7.25 155
17.95 504 15.89 434 13.78 364 11.65 294 9.47 224 7.22 154
17.92 503 15.85 433 13.76 363 11.62 293 9.43 223 7.18 153
17.89 502 15.82 432 13.73 362 11.59 292 9.40 222 7.16 152
17.87 501 15.80 431 13.69 361 11.56 291 9.37 221 7.12 151
17.83 500 15.76 430 13.67 360 11.52 290 9.34 220 7.09 150
17.80 499 15.74 429 13.63 359 11.50 289 9.31 219 7.06 149
17.78 498 15.71 428 13.60 358 11.46 288 9.28 218 7.02 148
17.75 497 15.67 427 13.58 357 11.43 287 9.24 217 6.99 147
17.72 496 15.65 426 13.54 356 11.40 286 9.21 216 6.96 146
17.69 495 15.62 425 13.52 355 11.37 285 9.18 215 6.92 145
17.66 494 15.58 424 13.48 354 11.34 284 9.15 214 6.89 144
17.63 493 15.56 423 13.45 353 11.31 283 9.12 213 6.86 143
17.60 492 15.53 422 13.42 352 11.28 282 9.09 212 6.83 142
17.57 491 15.50 421 13.39 351 11.25 281 9.05 211 6.79 141
17.54 490 15.47 420 13.36 350 11.22 280 9.02 210 6.76 140
17.51 489 15.44 419 13.33 349 11.18 279 8.99 209 6.73 139
17.48 488 15.41 418 13.30 348 11.16 278 8.96 208 6.69 138
17.45 487 15.38 417 13.27 347 11.12 277 8.92 207 6.66 137
17.43 486 15.35 416 13.24 346 11.09 276 8.90 206 6.63 136
17.39 485 15.32 415 13.21 345 11.06 275 8.86 205 6.59 135
17.36 484 15.29 414 13.18 344 11.03 274 8.83 204 6.56 134
17.34 483 15.26 413 13.15 343 11.00 273 8.80 203 6.53 133
17.31 482 15.23 412 13.12 342 10.97 272 8.77 202 6.49 132
17.28 481 15.20 411 13.09 341 10.94 271 8.73 201 6.46 131
17.25 480 15.17 410 13.06 340 10.90 270 8.70 200 6.43 130
17.22 479 15.14 409 13.03 339 10.88 269 8.67 199 6.40 129
17.19 478 15.11 408 13.00 338 10.84 268 8.64 198 6.36 128
17.16 477 15.08 407 12.97 337 10.82 267 8.61 197 6.33 127
17.13 476 15.05 406 12.94 336 10.78 266 8.58 196 6.30 126
17.10 475 15.02 405 12.91 335 10.75 265 8.55 195 6.26 125
17.07 474 14.99 404 12.87 334 10.72 264 8.51 194 6.23 124
17.04 473 14.96 403 12.85 333 10.69 263 8.48 193 6.20 123
17.01 472 14.93 402 12.81 332 10.66 262 8.45 192 6.16 122
16.98 471 14.90 401 12.78 331 10.63 261 8.42 191 6.13 121
16.95 470 14.87 400 12.75 330 10.60 260 8.38 190 6.10 120
16.92 469 14.84 399 12.72 329 10.56 259 8.35 189 6.06 119
16.89 468 14.81 398 12.69 328 10.53 258 8.32 188 6.03 118
16.86 467 14.78 397 12.66 327 10.50 257 8.29 187 6.00 117
16.83 466 14.75 396 12.63 326 10.47 256 8.26 186 5.96 116
16.81 465 14.72 395 12.60 325 10.44 255 8.22 185 5.93 115
16.77 464 14.69 394 12.57 324 10.41 254 8.19 184 5.90 114
16.75 463 14.66 393 12.54 323 10.37 253 8.16 183 5.86 113
16.72 462 14.63 392 12.51 322 10.35 252 8.13 182 5.83 112
16.68 461 14.60 391 12.48 321 10.31 251 8.09 181 5.80 111
16.66 460 14.57 390 12.45 320 10.29 250 8.07 180 5.76 110
16.63 459 14.54 389 12.42 319 10.25 249 8.03 179 5.73 109
16.59 458 14.51 388 12.39 318 10.22 248 8.00 178 5.69 108
16.57 457 14.48 387 12.36 317 10.19 247 7.97 177 5.66 107
16.54 456 14.45 386 12.33 316 10.16 246 7.93 176 5.62 106
16.51 455 14.42 385 12.29 315 10.13 245 7.90 175 5.59 105
16.48 454 14.39 384 12.27 314 10.10 244 7.87 174 5.56 104
16.45 453 14.36 383 12.23 313 10.06 243 7.84 173 5.52 103
16.42 452 14.33 382 12.20 312 10.03 242 7.80 172 5.49 102
16.39 451 14.30 381 12.17 311 10.00 241 7.77 171 5.45 101
5.42 100 4.84 83 4.24 66 3.64 49 3.01 32 2.35 15
5.39 99 4.80 82 4.21 65 3.60 48 2.97 31 2.31 14
5.35 98 4.77 81 4.17 64 3.56 47 2.93 30 2.26 13
5.32 97 4.74 80 4.14 63 3.52 46 2.89 29 2.23 12
5.29 96 4.70 79 4.10 62 3.49 45 2.86 28 2.19 11
5.25 95 4.66 78 4.07 61 3.45 44 2.82 27 2.14 10
5.22 94 4.63 77 4.03 60 3.42 43 2.78 26 2.10 9
5.18 93 4.60 76 3.99 59 3.38 42 2.74 25 2.06 8
5.15 92 4.56 75 3.96 58 3.35 41 2.70 24 2.01 7
5.11 91 4.52 74 3.93 57 3.31 40 2.67 23 1.97 6
5.08 90 4.49 73 3.89 56 3.27 39 2.63 22 1.93 5
5.05 89 4.46 72 3.85 55 3.23 38 2.59 21 1.88 4
5.01 88 4.42 71 3.81 54 3.20 37 2.55 20 1.83 3
4.98 87 4.38 70 3.78 53 3.16 36 2.51 19 1.79 2
4.94 86 4.35 69 3.74 52 3.12 35 2.47 18 1.74 1
4.91 85 4.32 68 3.71 51 3.08 34 2.43 17
4.87 84 4.28 67 3.68 50 3.05 33 2.39 16
