36.48 1360 34.84 1290 33.19 1220 31.53 1150 29.86 1080 28.18 1010
36.46 1359 34.81 1289 33.16 1219 31.51 1149 29.84 1079 28.16 1009
36.43 1358 34.79 1288 33.14 1218 31.48 1148 29.81 1078 28.13 1008
36.41 1357 34.77 1287 33.12 1217 31.46 1147 29.79 1077 28.11 1007
36.38 1356 34.74 1286 33.09 1216 31.43 1146 29.76 1076 28.08 1006
36.36 1355 34.72 1285 33.07 1215 31.41 1145 29.74 1075 28.06 1005
36.34 1354 34.69 1284 33.04 1214 31.38 1144 29.71 1074 28.04 1004
36.32 1353 34.67 1283 33.02 1213 31.36 1143 29.69 1073 28.02 1003
36.29 1352 34.65 1282 33.00 1212 31.34 1142 29.67 1072 27.99 1002
36.27 1351 34.63 1281 32.97 1211 31.31 1141 29.65 1071 27.97 1001
36.24 1350 34.60 1280 32.95 1210 31.29 1140 29.62 1070 27.94 1000
36.22 1349 34.58 1279 32.93 1209 31.27 1139 29.60 1069 27.92 999
36.20 1348 34.55 1278 32.90 1208 31.24 1138 29.57 1068 27.89 998
36.17 1347 34.53 1277 32.88 1207 31.22 1137 29.55 1067 27.87 997
36.15 1346 34.51 1276 32.85 1206 31.19 1136 29.53 1066 27.85 996
36.13 1345 34.49 1275 32.83 1205 31.17 1135 29.50 1065 27.82 995
36.11 1344 34.46 1274 32.81 1204 31.15 1134 29.48 1064 27.80 994
36.08 1343 34.44 1273 32.79 1203 31.12 1133 29.45 1063 27.77 993
36.06 1342 34.41 1272 32.76 1202 31.10 1132 29.43 1062 27.75 992
36.03 1341 34.39 1271 32.74 1201 31.08 1131 29.40 1061 27.72 991
36.01 1340 34.37 1270 32.71 1200 31.05 1130 29.38 1060 27.70 990
35.99 1339 34.34 1269 32.69 1199 31.03 1129 29.36 1059 27.68 989
35.97 1338 34.32 1268 32.66 1198 31.00 1128 29.34 1058 27.65 988
35.94 1337 34.30 1267 32.64 1197 30.98 1127 29.31 1057 27.63 987
35.92 1336 34.27 1266 32.62 1196 30.96 1126 29.29 1056 27.60 986
35.89 1335 34.25 1265 32.60 1195 30.93 1125 29.26 1055 27.58 985
35.87 1334 34.22 1264 32.57 1194 30.91 1124 29.24 1054 27.56 984
35.85 1333 34.20 1263 32.55 1193 30.89 1123 29.21 1053 27.53 983
35.82 1332 34.18 1262 32.52 1192 30.86 1122 29.19 1052 27.51 982
35.80 1331 34.15 1261 32.50 1191 30.84 1121 29.16 1051 27.49 981
35.78 1330 34.13 1260 32.48 1190 30.82 1120 29.14 1050 27.46 980
35.75 1329 34.11 1259 32.46 1189 30.79 1119 29.12 1049 27.44 979
35.73 1328 34.08 1258 32.43 1188 30.77 1118 29.09 1048 27.41 978
35.71 1327 34.06 1257 32.41 1187 30.74 1117 29.07 1047 27.39 977
35.68 1326 34.04 1256 32.38 1186 30.72 1116 29.05 1046 27.36 976
35.66 1325 34.01 1255 32.36 1185 30.69 1115 29.02 1045 27.34 975
35.63 1324 33.99 1254 32.33 1184 30.67 1114 29.00 1044 27.31 974
35.61 1323 33.96 1253 32.31 1183 30.65 1113 28.97 1043 27.29 973
35.59 1322 33.94 1252 32.29 1182 30.63 1112 28.95 1042 27.27 972
35.57 1321 33.92 1251 32.27 1181 30.60 1111 28.93 1041 27.24 971
35.54 1320 33.90 1250 32.24 1180 30.58 1110 28.90 1040 27.22 970
35.52 1319 33.87 1249 32.22 1179 30.55 1109 28.88 1039 27.19 969
35.49 1318 33.85 1248 32.19 1178 30.53 1108 28.85 1038 27.17 968
35.47 1317 33.82 1247 32.17 1177 30.50 1107 28.83 1037 27.14 967
35.45 1316 33.80 1246 32.14 1176 30.48 1106 28.80 1036 27.12 966
35.43 1315 33.77 1245 32.12 1175 30.45 1105 28.78 1035 27.10 965
35.40 1314 33.76 1244 32.10 1174 30.43 1104 28.76 1034 27.07 964
35.38 1313 33.73 1243 32.08 1173 30.41 1103 28.74 1033 27.05 963
35.35 1312 33.71 1242 32.05 1172 30.39 1102 28.71 1032 27.02 962
35.33 1311 33.68 1241 32.03 1171 30.36 1101 28.69 1031 27.00 961
35.31 1310 33.66 1240 32.00 1170 30.34 1100 28.66 1030 26.98 960
35.28 1309 33.63 1239 31.98 1169 30.31 1099 28.64 1029 26.95 959
35.26 1308 33.61 1238 31.95 1168 30.29 1098 28.61 1028 26.93 958
35.24 1307 33.59 1237 31.93 1167 30.26 1097 28.59 1027 26.91 957
35.21 1306 33.57 1236 31.91 1166 30.24 1096 28.57 1026 26.88 956
35.19 1305 33.54 1235 31.89 1165 30.22 1095 28.54 1025 26.86 955
35.17 1304 33.52 1234 31.86 1164 30.19 1094 28.52 1024 26.83 954
35.14 1303 33.49 1233 31.84 1163 30.17 1093 28.49 1023 26.81 953
35.12 1302 33.47 1232 31.81 1162 30.15 1092 28.47 1022 26.78 952
35.09 1301 33.45 1231 31.79 1161 30.12 1091 28.44 1021 26.76 951
35.07 1300 33.42 1230 31.76 1160 30.10 1090 28.42 1020 26.74 950
35.05 1299 33.40 1229 31.74 1159 30.08 1089 28.40 1019 26.71 949
35.03 1298 33.38 1228 31.72 1158 30.05 1088 28.38 1018 26.69 948
35.00 1297 33.35 1227 31.70 1157 30.03 1087 28.35 1017 26.66 947
34.98 1296 33.33 1226 31.67 1156 30.00 1086 28.33 1016 26.64 946
34.95 1295 33.30 1225 31.65 1155 29.98 1085 28.30 1015 26.61 945
34.93 1294 33.28 1224 31.62 1154 29.95 1084 28.28 1014 26.59 944
34.91 1293 33.26 1223 31.60 1153 29.93 1083 28.25 1013 26.57 943
34.88 1292 33.23 1222 31.57 1152 29.91 1082 28.23 1012 26.54 942
34.86 1291 33.21 1221 31.55 1151 29.89 1081 28.21 1011 26.52 941
26.49 940 24.79 870 23.08 800 21.36 730 19.61 660 17.86 590
26.47 939 24.77 869 23.06 799 21.33 729 19.59 659 17.83 589
26.44 938 24.74 868 23.03 798 21.30 728 19.56 658 17.80 588
26.42 937 24.72 867 23.01 797 21.28 727 19.54 657 17.78 587
26.39 936 24.70 866 22.98 796 21.25 726 19.51 656 17.75 586
26.37 935 24.67 865 22.96 795 21.23 725 19.49 655 17.73 585
26.35 934 24.65 864 22.93 794 21.21 724 19.46 654 17.71 584
26.32 933 24.62 863 22.91 793 21.18 723 19.44 653 17.68 583
26.30 932 24.60 862 22.88 792 21.16 722 19.41 652 17.65 582
26.27 931 24.57 861 22.86 791 21.13 721 19.39 651 17.63 581
26.25 930 24.55 860 22.84 790 21.11 720 19.36 650 17.60 580
26.22 929 24.53 859 22.81 789 21.08 719 19.34 649 17.58 579
26.20 928 24.50 858 22.79 788 21.05 718 19.31 648 17.55 578
26.18 927 24.48 857 22.76 787 21.03 717 19.29 647 17.53 577
26.16 926 24.45 856 22.74 786 21.01 716 19.26 646 17.50 576
26.13 925 24.43 855 22.71 785 20.98 715 19.24 645 17.48 575
26.11 924 24.40 854 22.69 784 20.96 714 19.21 644 17.45 574
26.08 923 24.38 853 22.66 783 20.93 713 19.19 643 17.42 573
26.06 922 24.36 852 22.64 782 20.91 712 19.16 642 17.40 572
26.03 921 24.33 851 22.61 781 20.88 711 19.14 641 17.37 571
26.01 920 24.31 850 22.59 780 20.86 710 19.11 640 17.35 570
25.99 919 24.28 849 22.56 779 20.84 709 19.09 639 17.33 569
25.96 918 24.26 848 22.54 778 20.81 708 19.06 638 17.30 568
25.94 917 24.23 847 22.51 777 20.78 707 19.04 637 17.27 567
25.91 916 24.21 846 22.49 776 20.76 706 19.01 636 17.25 566
25.89 915 24.18 845 22.47 775 20.73 705 18.99 635 17.22 565
25.86 914 24.16 844 22.44 774 20.71 704 18.96 634 17.20 564
25.84 913 24.14 843 22.42 773 20.68 703 18.94 633 17.17 563
25.82 912 24.11 842 22.39 772 20.66 702 18.91 632 17.15 562
25.79 911 24.09 841 22.37 771 20.64 701 18.89 631 17.12 561
25.77 910 24.06 840 22.34 770 20.61 700 18.86 630 17.10 560
25.74 909 24.04 839 22.32 769 20.59 699 18.83 629 17.07 559
25.72 908 24.01 838 22.29 768 20.56 698 18.81 628 17.04 558
25.69 907 23.99 837 22.27 767 20.53 697 18.79 627 17.02 557
25.67 906 23.96 836 22.24 766 20.51 696 18.76 626 16.99 556
25.65 905 23.94 835 22.22 765 20.48 695 18.74 625 16.97 555
25.62 904 23.91 834 22.19 764 20.46 694 18.71 624 16.94 554
25.60 903 23.89 833 22.17 763 20.44 693 18.68 623 16.92 553
25.57 902 23.86 832 22.15 762 20.41 692 18.66 622 16.89 552
25.55 901 23.84 831 22.12 761 20.39 691 18.64 621 16.87 551
25.52 900 23.81 830 22.10 760 20.36 690 18.61 620 16.84 550
25.50 899 23.79 829 22.07 759 20.33 689 18.59 619 16.81 549
25.47 898 23.77 828 22.05 758 20.31 688 18.56 618 16.79 548
25.45 897 23.74 827 22.02 757 20.29 687 18.53 617 16.77 547
25.43 896 23.72 826 22.00 756 20.26 686 18.51 616 16.74 546
25.40 895 23.69 825 21.97 755 20.24 685 18.48 615 16.71 545
25.38 894 23.67 824 21.95 754 20.21 684 18.46 614 16.69 544
25.35 893 23.64 823 21.92 753 20.19 683 18.44 613 16.66 543
25.33 892 23.62 822 21.90 752 20.16 682 18.41 612 16.64 542
25.30 891 23.60 821 21.87 751 20.14 681 18.38 611 16.61 541
25.28 890 23.57 820 21.85 750 20.11 680 18.36 610 16.59 540
25.26 889 23.55 819 21.82 749 20.09 679 18.33 609 16.56 539
25.23 888 23.52 818 21.80 748 20.06 678 18.31 608 16.54 538
25.21 887 23.50 817 21.78 747 20.04 677 18.28 607 16.51 537
25.18 886 23.47 816 21.75 746 20.01 676 18.26 606 16.48 536
25.16 885 23.45 815 21.73 745 19.99 675 18.23 605 16.46 535
25.13 884 23.43 814 21.70 744 19.96 674 18.21 604 16.43 534
25.11 883 23.40 813 21.68 743 19.94 673 18.18 603 16.41 533
25.09 882 23.38 812 21.65 742 19.91 672 18.16 602 16.38 532
25.06 881 23.35 811 21.63 741 19.89 671 18.13 601 16.36 531
25.04 880 23.33 810 21.60 740 19.86 670 18.11 600 16.33 530
25.01 879 23.30 809 21.58 739 19.84 669 18.08 599 16.31 529
24.99 878 23.28 808 21.55 738 19.81 668 18.06 598 16.28 528
24.96 877 23.25 807 21.53 737 19.79 667 18.03 597 16.25 527
24.94 876 23.23 806 21.50 736 19.76 666 18.01 596 16.23 526
24.91 875 23.20 805 21.48 735 19.74 665 17.98 595 16.21 525
24.89 874 23.18 804 21.45 734 19.71 664 17.95 594 16.18 524
24.87 873 23.15 803 21.43 733 19.69 663 17.93 593 16.15 523
24.84 872 23.13 802 21.41 732 19.66 662 17.90 592 16.13 522
24.82 871 23.10 801 21.38 731 19.64 661 17.88 591 16.10 521
16.08 520 14.28 450 12.45 380 10.60 310 8.70 240 6.76 170
16.05 519 14.25 449 12.43 379 10.57 309 8.68 239 6.73 169
16.03 518 14.22 448 12.40 378 10.54 308 8.65 238 6.70 168
16.00 517 14.20 447 12.37 377 10.52 307 8.62 237 6.67 167
15.98 516 14.18 446 12.35 376 10.49 306 8.59 236 6.64 166
15.95 515 14.15 445 12.32 375 10.46 305 8.56 235 6.61 165
15.92 514 14.12 444 12.30 374 10.44 304 8.54 234 6.59 164
15.90 513 14.10 443 12.27 373 10.41 303 8.51 233 6.56 163
15.87 512 14.07 442 12.24 372 10.38 302 8.48 232 6.53 162
15.85 511 14.04 441 12.21 371 10.35 301 8.46 231 6.50 161
15.82 510 14.02 440 12.19 370 10.33 300 8.43 230 6.47 160
15.80 509 13.99 439 12.17 369 10.30 299 8.40 229 6.44 159
15.77 508 13.97 438 12.14 368 10.28 298 8.37 228 6.42 158
15.74 507 13.94 437 12.11 367 10.25 297 8.34 227 6.39 157
15.72 506 13.91 436 12.08 366 10.22 296 8.31 226 6.36 156
15.69 505 13.89 435 12.06 365 10.19 295 8.29 225 6.33 155
15.67 504 13.86 434 12.03 364 10.17 294 8.26 224 6.30 154
15.64 503 13.84 433 12.00 363 10.14 293 8.23 223 6.27 153
15.62 502 13.81 432 11.98 362 10.11 292 8.21 222 6.25 152
15.59 501 13.79 431 11.95 361 10.09 291 8.18 221 6.22 151
15.56 500 13.76 430 11.93 360 10.06 290 8.15 220 6.19 150
15.54 499 13.73 429 11.90 359 10.03 289 8.12 219 6.16 149
15.51 498 13.71 428 11.87 358 10.00 288 8.10 218 6.13 148
15.49 497 13.68 427 11.85 357 9.98 287 8.07 217 6.10 147
15.46 496 13.66 426 11.82 356 9.95 286 8.04 216 6.07 146
15.44 495 13.63 425 11.80 355 9.93 285 8.01 215 6.04 145
15.41 494 13.60 424 11.77 354 9.90 284 7.98 214 6.01 144
15.39 493 13.58 423 11.74 353 9.87 283 7.96 213 5.99 143
15.36 492 13.55 422 11.71 352 9.84 282 7.93 212 5.96 142
15.33 491 13.52 421 11.69 351 9.82 281 7.90 211 5.93 141
15.31 490 13.50 420 11.66 350 9.79 280 7.88 210 5.90 140
15.28 489 13.47 419 11.63 349 9.76 279 7.85 209 5.87 139
15.26 488 13.45 418 11.61 348 9.74 278 7.82 208 5.84 138
15.23 487 13.42 417 11.58 347 9.71 277 7.79 207 5.81 137
15.21 486 13.40 416 11.56 346 9.68 276 7.76 206 5.78 136
15.18 485 13.37 415 11.53 345 9.65 275 7.74 205 5.75 135
15.15 484 13.34 414 11.50 344 9.63 274 7.71 204 5.72 134
15.13 483 13.31 413 11.47 343 9.60 273 7.68 203 5.70 133
15.11 482 13.29 412 11.45 342 9.58 272 7.65 202 5.67 132
15.08 481 13.27 411 11.42 341 9.55 271 7.62 201 5.64 131
15.05 480 13.24 410 11.40 340 9.52 270 7.59 200 5.61 130
15.03 479 13.21 409 11.37 339 9.49 269 7.57 199 5.58 129
15.00 478 13.19 408 11.34 338 9.46 268 7.54 198 5.55 128
14.97 477 13.16 407 11.32 337 9.44 267 7.51 197 5.53 127
14.95 476 13.13 406 11.29 336 9.41 266 7.49 196 5.50 126
14.92 475 13.11 405 11.26 335 9.39 265 7.46 195 5.47 125
14.90 474 13.08 404 11.24 334 9.36 264 7.43 194 5.44 124
14.87 473 13.06 403 11.21 333 9.33 263 7.40 193 5.41 123
14.85 472 13.03 402 11.18 332 9.30 262 7.38 192 5.38 122
14.82 471 13.00 401 11.16 331 9.27 261 7.35 191 5.35 121
14.79 470 12.98 400 11.13 330 9.25 260 7.32 190 5.32 120
14.77 469 12.95 399 11.10 329 9.22 259 7.29 189 5.29 119
14.74 468 12.92 398 11.08 328 9.19 258 7.26 188 5.26 118
14.72 467 12.90 397 11.05 327 9.17 257 7.23 187 5.23 117
14.69 466 12.87 396 11.03 326 9.14 256 7.20 186 5.20 116
14.67 465 12.85 395 11.00 325 9.11 255 7.18 185 5.17 115
14.64 464 12.82 394 10.97 324 9.08 254 7.15 184 5.15 114
14.61 463 12.79 393 10.94 323 9.05 253 7.12 183 5.12 113
14.59 462 12.77 392 10.92 322 9.03 252 7.09 182 5.09 112
14.56 461 12.74 391 10.89 321 9.00 251 7.06 181 5.06 111
14.54 460 12.72 390 10.87 320 8.98 250 7.04 180 5.03 110
14.51 459 12.69 389 10.84 319 8.95 249 7.01 179 5.00 109
14.48 458 12.66 388 10.81 318 8.92 248 6.98 178 4.97 108
14.46 457 12.64 387 10.78 317 8.89 247 6.95 177 4.94 107
14.43 456 12.61 386 10.76 316 8.86 246 6.92 176 4.91 106
14.40 455 12.58 385 10.73 315 8.84 245 6.90 175 4.88 105
14.38 454 12.56 384 10.71 314 8.81 244 6.87 174 4.85 104
14.36 453 12.53 383 10.68 313 8.78 243 6.84 173 4.82 103
14.33 452 12.51 382 10.65 312 8.76 242 6.81 172 4.79 102
14.30 451 12.48 381 10.62 311 8.73 241 6.78 171 4.76 101
4.73 100 4.22 83 3.70 66 3.17 49 2.62 32 2.05 15
4.70 99 4.19 82 3.68 65 3.14 48 2.59 31 2.02 14
4.67 98 4.16 81 3.64 64 3.11 47 2.56 30 1.98 13
4.64 97 4.13 80 3.61 63 3.08 46 2.53 29 1.94 12
4.62 96 4.10 79 3.58 62 3.05 45 2.49 28 1.91 11
4.58 95 4.07 78 3.55 61 3.01 44 2.46 27 1.87 10
4.55 94 4.04 77 3.52 60 2.98 43 2.43 26 1.84 9
4.52 93 4.01 76 3.49 59 2.95 42 2.40 25 1.80 8
4.49 92 3.98 75 3.46 58 2.92 41 2.36 24 1.76 7
4.46 91 3.95 74 3.43 57 2.89 40 2.33 23 1.72 6
4.43 90 3.92 73 3.39 56 2.85 39 2.29 22 1.68 5
4.41 89 3.89 72 3.36 55 2.82 38 2.26 21 1.64 4
4.37 88 3.86 71 3.33 54 2.79 37 2.22 20 1.60 3
4.34 87 3.83 70 3.30 53 2.76 36 2.19 19 1.56 2
4.31 86 3.80 69 3.27 52 2.73 35 2.16 18 1.52 1
4.28 85 3.77 68 3.24 51 2.69 34 2.12 17
4.25 84 3.73 67 3.21 50 2.66 33 2.08 16
