34.78 1360 33.21 1290 31.64 1220 30.06 1150 28.47 1080 26.87 1010
34.76 1359 33.19 1289 31.62 1219 30.04 1149 28.45 1079 26.85 1009
34.74 1358 33.17 1288 31.60 1218 30.02 1148 28.42 1078 26.82 1008
34.71 1357 33.15 1287 31.57 1217 29.99 1147 28.40 1077 26.80 1007
34.69 1356 33.12 1286 31.55 1216 29.97 1146 28.38 1076 26.78 1006
34.67 1355 33.10 1285 31.53 1215 29.95 1145 28.35 1075 26.75 1005
34.65 1354 33.08 1284 31.51 1214 29.92 1144 28.33 1074 26.73 1004
34.62 1353 33.06 1283 31.48 1213 29.90 1143 28.31 1073 26.71 1003
34.60 1352 33.04 1282 31.46 1212 29.88 1142 28.28 1072 26.69 1002
34.58 1351 33.01 1281 31.44 1211 29.85 1141 28.27 1071 26.66 1001
34.55 1350 32.99 1280 31.42 1210 29.83 1140 28.24 1070 26.64 1000
34.54 1349 32.97 1279 31.39 1209 29.81 1139 28.22 1069 26.62 999
34.51 1348 32.94 1278 31.37 1208 29.79 1138 28.20 1068 26.59 998
34.49 1347 32.92 1277 31.35 1207 29.76 1137 28.17 1067 26.57 997
34.47 1346 32.90 1276 31.32 1206 29.74 1136 28.15 1066 26.55 996
34.44 1345 32.88 1275 31.30 1205 29.72 1135 28.13 1065 26.53 995
34.42 1344 32.86 1274 31.28 1204 29.69 1134 28.10 1064 26.50 994
34.40 1343 32.83 1273 31.26 1203 29.67 1133 28.08 1063 26.48 993
34.38 1342 32.81 1272 31.24 1202 29.65 1132 28.06 1062 26.46 992
34.35 1341 32.79 1271 31.21 1201 29.63 1131 28.03 1061 26.43 991
34.33 1340 32.77 1270 31.19 1200 29.61 1130 28.01 1060 26.41 990
34.31 1339 32.74 1269 31.17 1199 29.58 1129 27.99 1059 26.39 989
34.29 1338 32.72 1268 31.14 1198 29.56 1128 27.97 1058 26.36 988
34.27 1337 32.70 1267 31.12 1197 29.54 1127 27.95 1057 26.34 987
34.24 1336 32.67 1266 31.10 1196 29.51 1126 27.92 1056 26.32 986
34.22 1335 32.65 1265 31.08 1195 29.49 1125 27.90 1055 26.29 985
34.20 1334 32.63 1264 31.05 1194 29.47 1124 27.88 1054 26.27 984
34.18 1333 32.61 1263 31.03 1193 29.45 1123 27.85 1053 26.25 983
34.16 1332 32.59 1262 31.01 1192 29.43 1122 27.83 1052 26.23 982
34.13 1331 32.56 1261 30.99 1191 29.40 1121 27.81 1051 26.20 981
34.11 1330 32.54 1260 30.96 1190 29.38 1120 27.78 1050 26.18 980
34.09 1329 32.52 1259 30.94 1189 29.36 1119 27.76 1049 26.16 979
34.07 1328 32.49 1258 30.92 1188 29.33 1118 27.74 1048 26.14 978
34.04 1327 32.48 1257 30.90 1187 29.31 1117 27.72 1047 26.11 977
34.02 1326 32.45 1256 30.87 1186 29.29 1116 27.69 1046 26.09 976
34.00 1325 32.43 1255 30.85 1185 29.26 1115 27.67 1045 26.07 975
33.97 1324 32.41 1254 30.83 1184 29.24 1114 27.65 1044 26.04 974
33.95 1323 32.38 1253 30.80 1183 29.22 1113 27.62 1043 26.02 973
33.93 1322 32.36 1252 30.78 1182 29.20 1112 27.60 1042 26.00 972
33.91 1321 32.34 1251 30.76 1181 29.18 1111 27.58 1041 25.97 971
33.89 1320 32.32 1250 30.74 1180 29.15 1110 27.56 1040 25.95 970
33.86 1319 32.29 1249 30.72 1179 29.13 1109 27.53 1039 25.93 969
33.84 1318 32.27 1248 30.69 1178 29.11 1108 27.51 1038 25.90 968
33.82 1317 32.25 1247 30.67 1177 29.08 1107 27.49 1037 25.88 967
33.80 1316 32.22 1246 30.65 1176 29.06 1106 27.46 1036 25.86 966
33.77 1315 32.20 1245 30.62 1175 29.04 1105 27.44 1035 25.83 965
33.75 1314 32.18 1244 30.60 1174 29.01 1104 27.42 1034 25.81 964
33.73 1313 32.16 1243 30.58 1173 28.99 1103 27.40 1033 25.79 963
33.70 1312 32.14 1242 30.56 1172 28.97 1102 27.37 1032 25.76 962
33.69 1311 32.11 1241 30.54 1171 28.95 1101 27.35 1031 25.75 961
33.66 1310 32.09 1240 30.51 1170 28.92 1100 27.33 1030 25.72 960
33.64 1309 32.07 1239 30.49 1169 28.90 1099 27.30 1029 25.70 959
33.62 1308 32.05 1238 30.47 1168 28.88 1098 27.28 1028 25.68 958
33.59 1307 32.02 1237 30.44 1167 28.85 1097 27.26 1027 25.65 957
33.57 1306 32.00 1236 30.42 1166 28.83 1096 27.24 1026 25.63 956
33.55 1305 31.98 1235 30.40 1165 28.81 1095 27.21 1025 25.61 955
33.53 1304 31.96 1234 30.38 1164 28.79 1094 27.19 1024 25.58 954
33.51 1303 31.93 1233 30.35 1163 28.77 1093 27.17 1023 25.56 953
33.48 1302 31.91 1232 30.33 1162 28.74 1092 27.14 1022 25.54 952
33.46 1301 31.89 1231 30.31 1161 28.72 1091 27.12 1021 25.51 951
33.44 1300 31.87 1230 30.28 1160 28.70 1090 27.10 1020 25.49 950
33.42 1299 31.84 1229 30.26 1159 28.67 1089 27.08 1019 25.47 949
33.39 1298 31.82 1228 30.24 1158 28.65 1088 27.05 1018 25.44 948
33.37 1297 31.80 1227 30.22 1157 28.63 1087 27.03 1017 25.42 947
33.35 1296 31.77 1226 30.20 1156 28.60 1086 27.01 1016 25.40 946
33.32 1295 31.75 1225 30.17 1155 28.58 1085 26.98 1015 25.37 945
33.31 1294 31.73 1224 30.15 1154 28.56 1084 26.96 1014 25.35 944
33.28 1293 31.71 1223 30.13 1153 28.54 1083 26.94 1013 25.33 943
33.26 1292 31.69 1222 30.10 1152 28.52 1082 26.91 1012 25.30 942
33.24 1291 31.66 1221 30.08 1151 28.49 1081 26.89 1011 25.28 941
25.26 940 23.64 870 22.00 800 20.36 730 18.70 660 17.02 590
25.23 939 23.61 869 21.98 799 20.33 729 18.68 659 17.00 589
25.21 938 23.59 868 21.96 798 20.31 728 18.65 658 16.97 588
25.19 937 23.57 867 21.93 797 20.29 727 18.63 657 16.95 587
25.17 936 23.55 866 21.91 796 20.26 726 18.60 656 16.93 586
25.14 935 23.52 865 21.89 795 20.24 725 18.58 655 16.90 585
25.12 934 23.50 864 21.87 794 20.22 724 18.56 654 16.88 584
25.10 933 23.48 863 21.84 793 20.19 723 18.53 653 16.85 583
25.07 932 23.45 862 21.82 792 20.17 722 18.51 652 16.83 582
25.05 931 23.43 861 21.80 791 20.15 721 18.49 651 16.81 581
25.03 930 23.41 860 21.77 790 20.12 720 18.46 650 16.78 580
25.00 929 23.38 859 21.75 789 20.10 719 18.44 649 16.76 579
24.98 928 23.36 858 21.73 788 20.07 718 18.41 648 16.73 578
24.96 927 23.34 857 21.70 787 20.05 717 18.39 647 16.71 577
24.94 926 23.31 856 21.68 786 20.03 716 18.37 646 16.69 576
24.91 925 23.29 855 21.65 785 20.00 715 18.34 645 16.66 575
24.89 924 23.27 854 21.63 784 19.98 714 18.32 644 16.64 574
24.87 923 23.24 853 21.61 783 19.96 713 18.29 643 16.61 573
24.84 922 23.22 852 21.58 782 19.93 712 18.27 642 16.59 572
24.82 921 23.20 851 21.56 781 19.91 711 18.25 641 16.56 571
24.80 920 23.17 850 21.54 780 19.89 710 18.22 640 16.54 570
24.78 919 23.15 849 21.51 779 19.86 709 18.20 639 16.52 569
24.75 918 23.13 848 21.49 778 19.84 708 18.18 638 16.49 568
24.73 917 23.10 847 21.47 777 19.81 707 18.15 637 16.47 567
24.71 916 23.08 846 21.44 776 19.79 706 18.12 636 16.44 566
24.68 915 23.06 845 21.42 775 19.77 705 18.10 635 16.42 565
24.66 914 23.03 844 21.40 774 19.74 704 18.08 634 16.40 564
24.64 913 23.01 843 21.37 773 19.72 703 18.05 633 16.37 563
24.61 912 22.99 842 21.35 772 19.70 702 18.03 632 16.35 562
24.59 911 22.97 841 21.33 771 19.67 701 18.01 631 16.32 561
24.57 910 22.94 840 21.30 770 19.65 700 17.99 630 16.30 560
24.54 909 22.92 839 21.28 769 19.63 699 17.96 629 16.27 559
24.52 908 22.89 838 21.25 768 19.60 698 17.93 628 16.25 558
24.50 907 22.87 837 21.23 767 19.58 697 17.91 627 16.23 557
24.47 906 22.84 836 21.21 766 19.55 696 17.89 626 16.20 556
24.45 905 22.82 835 21.18 765 19.53 695 17.86 625 16.18 555
24.43 904 22.80 834 21.16 764 19.51 694 17.84 624 16.15 554
24.40 903 22.77 833 21.14 763 19.48 693 17.81 623 16.13 553
24.38 902 22.75 832 21.11 762 19.46 692 17.79 622 16.11 552
24.36 901 22.73 831 21.09 761 19.44 691 17.77 621 16.08 551
24.33 900 22.71 830 21.07 760 19.41 690 17.74 620 16.06 550
24.31 899 22.68 829 21.04 759 19.39 689 17.72 619 16.03 549
24.29 898 22.66 828 21.02 758 19.36 688 17.70 618 16.01 548
24.26 897 22.64 827 21.00 757 19.34 687 17.67 617 15.98 547
24.24 896 22.61 826 20.97 756 19.32 686 17.65 616 15.96 546
24.22 895 22.59 825 20.95 755 19.29 685 17.62 615 15.93 545
24.20 894 22.57 824 20.92 754 19.27 684 17.60 614 15.91 544
24.17 893 22.54 823 20.90 753 19.25 683 17.58 613 15.89 543
24.15 892 22.52 822 20.88 752 19.22 682 17.55 612 15.86 542
24.13 891 22.50 821 20.85 751 19.20 681 17.53 611 15.84 541
24.10 890 22.47 820 20.83 750 19.17 680 17.50 610 15.81 540
24.08 889 22.45 819 20.81 749 19.15 679 17.48 609 15.79 539
24.06 888 22.43 818 20.78 748 19.13 678 17.46 608 15.77 538
24.03 887 22.40 817 20.76 747 19.10 677 17.43 607 15.74 537
24.01 886 22.38 816 20.74 746 19.08 676 17.41 606 15.72 536
23.99 885 22.36 815 20.71 745 19.06 675 17.38 605 15.69 535
23.96 884 22.33 814 20.69 744 19.03 674 17.36 604 15.67 534
23.94 883 22.31 813 20.67 743 19.01 673 17.34 603 15.65 533
23.92 882 22.29 812 20.64 742 18.98 672 17.31 602 15.62 532
23.89 881 22.26 811 20.62 741 18.96 671 17.29 601 15.59 531
23.87 880 22.24 810 20.59 740 18.94 670 17.27 600 15.57 530
23.85 879 22.22 809 20.57 739 18.91 669 17.24 599 15.55 529
23.82 878 22.19 808 20.55 738 18.89 668 17.21 598 15.52 528
23.80 877 22.17 807 20.52 737 18.87 667 17.19 597 15.50 527
23.78 876 22.14 806 20.50 736 18.84 666 17.17 596 15.47 526
23.75 875 22.12 805 20.48 735 18.82 665 17.15 595 15.45 525
23.73 874 22.10 804 20.45 734 18.79 664 17.12 594 15.43 524
23.71 873 22.07 803 20.43 733 18.77 663 17.09 593 15.40 523
23.68 872 22.05 802 20.41 732 18.75 662 17.07 592 15.38 522
23.66 871 22.03 801 20.38 731 18.72 661 17.05 591 15.35 521
15.33 520 13.61 450 11.87 380 10.10 310 8.29 240 6.44 170
15.30 519 13.59 449 11.85 379 10.08 309 8.27 239 6.41 169
15.28 518 13.56 448 11.82 378 10.05 308 8.24 238 6.39 168
15.26 517 13.54 447 11.80 377 10.03 307 8.22 237 6.36 167
15.23 516 13.52 446 11.77 376 10.00 306 8.19 236 6.33 166
15.21 515 13.49 445 11.75 375 9.97 305 8.16 235 6.30 165
15.18 514 13.46 444 11.72 374 9.95 304 8.14 234 6.28 164
15.16 513 13.44 443 11.70 373 9.92 303 8.11 233 6.25 163
15.14 512 13.41 442 11.67 372 9.90 302 8.09 232 6.22 162
15.11 511 13.39 441 11.65 371 9.87 301 8.06 231 6.20 161
15.08 510 13.37 440 11.62 370 9.85 300 8.03 230 6.17 160
15.06 509 13.34 439 11.60 369 9.82 299 8.01 229 6.14 159
15.04 508 13.32 438 11.57 368 9.80 298 7.98 228 6.12 158
15.01 507 13.29 437 11.55 367 9.77 297 7.96 227 6.09 157
14.99 506 13.27 436 11.52 366 9.75 296 7.93 226 6.06 156
14.96 505 13.24 435 11.50 365 9.72 295 7.90 225 6.03 155
14.94 504 13.22 434 11.47 364 9.70 294 7.88 224 6.01 154
14.91 503 13.19 433 11.45 363 9.67 293 7.85 223 5.98 153
14.89 502 13.17 432 11.42 362 9.64 292 7.83 222 5.96 152
14.87 501 13.14 431 11.39 361 9.62 291 7.80 221 5.93 151
14.84 500 13.12 430 11.37 360 9.59 290 7.77 220 5.90 150
14.82 499 13.09 429 11.34 359 9.57 289 7.75 219 5.87 149
14.79 498 13.07 428 11.32 358 9.54 288 7.72 218 5.84 148
14.77 497 13.04 427 11.30 357 9.51 287 7.69 217 5.82 147
14.74 496 13.02 426 11.27 356 9.49 286 7.67 216 5.79 146
14.72 495 13.00 425 11.25 355 9.46 285 7.64 215 5.76 145
14.69 494 12.97 424 11.22 354 9.44 284 7.61 214 5.73 144
14.67 493 12.94 423 11.20 353 9.41 283 7.59 213 5.71 143
14.64 492 12.92 422 11.17 352 9.38 282 7.56 212 5.68 142
14.62 491 12.89 421 11.14 351 9.36 281 7.53 211 5.65 141
14.60 490 12.87 420 11.12 350 9.33 280 7.51 210 5.63 140
14.57 489 12.85 419 11.09 349 9.31 279 7.48 209 5.60 139
14.55 488 12.82 418 11.07 348 9.28 278 7.45 208 5.57 138
14.52 487 12.80 417 11.04 347 9.25 277 7.43 207 5.54 137
14.50 486 12.77 416 11.02 346 9.23 276 7.40 206 5.51 136
14.47 485 12.75 415 10.99 345 9.20 275 7.38 205 5.49 135
14.45 484 12.72 414 10.97 344 9.18 274 7.35 204 5.46 134
14.43 483 12.69 413 10.94 343 9.15 273 7.32 203 5.43 133
14.40 482 12.67 412 10.92 342 9.13 272 7.30 202 5.40 132
14.37 481 12.65 411 10.89 341 9.10 271 7.27 201 5.37 131
14.35 480 12.62 410 10.87 340 9.07 270 7.24 200 5.35 130
14.33 479 12.60 409 10.84 339 9.05 269 7.22 199 5.32 129
14.30 478 12.57 408 10.81 338 9.02 268 7.19 198 5.30 128
14.28 477 12.55 407 10.79 337 9.00 267 7.16 197 5.27 127
14.25 476 12.52 406 10.76 336 8.97 266 7.14 196 5.24 126
14.23 475 12.50 405 10.74 335 8.95 265 7.11 195 5.21 125
14.20 474 12.47 404 10.71 334 8.92 264 7.08 194 5.18 124
14.18 473 12.45 403 10.69 333 8.89 263 7.06 193 5.16 123
14.16 472 12.42 402 10.66 332 8.87 262 7.03 192 5.13 122
14.13 471 12.40 401 10.64 331 8.84 261 7.00 191 5.10 121
14.11 470 12.37 400 10.61 330 8.82 260 6.98 190 5.07 120
14.08 469 12.35 399 10.59 329 8.79 259 6.95 189 5.05 119
14.05 468 12.32 398 10.56 328 8.76 258 6.93 188 5.02 118
14.03 467 12.30 397 10.54 327 8.74 257 6.90 187 4.99 117
14.01 466 12.27 396 10.51 326 8.71 256 6.87 186 4.96 116
13.98 465 12.25 395 10.48 325 8.69 255 6.84 185 4.93 115
13.96 464 12.22 394 10.46 324 8.66 254 6.82 184 4.91 114
13.93 463 12.20 393 10.43 323 8.63 253 6.79 183 4.88 113
13.91 462 12.17 392 10.41 322 8.61 252 6.76 182 4.85 112
13.88 461 12.15 391 10.38 321 8.58 251 6.73 181 4.82 111
13.86 460 12.12 390 10.36 320 8.56 250 6.71 180 4.79 110
13.84 459 12.10 389 10.33 319 8.53 249 6.68 179 4.77 109
13.81 458 12.07 388 10.31 318 8.50 248 6.66 178 4.74 108
13.78 457 12.05 387 10.28 317 8.48 247 6.63 177 4.71 107
13.76 456 12.02 386 10.26 316 8.45 246 6.60 176 4.68 106
13.73 455 12.00 385 10.23 315 8.43 245 6.58 175 4.65 105
13.71 454 11.97 384 10.21 314 8.40 244 6.55 174 4.62 104
13.69 453 11.95 383 10.18 313 8.37 243 6.52 173 4.60 103
13.66 452 11.92 382 10.16 312 8.35 242 6.49 172 4.57 102
13.64 451 11.90 381 10.13 311 8.32 241 6.47 171 4.54 101
4.51 100 4.02 83 3.53 66 3.03 49 2.50 32 1.95 15
4.48 99 4.00 82 3.50 65 3.00 48 2.47 31 1.92 14
4.46 98 3.97 81 3.47 64 2.97 47 2.44 30 1.88 13
4.43 97 3.94 80 3.44 63 2.93 46 2.41 29 1.85 12
4.40 96 3.91 79 3.42 62 2.91 45 2.38 28 1.82 11
4.37 95 3.88 78 3.38 61 2.87 44 2.34 27 1.78 10
4.34 94 3.85 77 3.36 60 2.85 43 2.32 26 1.75 9
4.31 93 3.82 76 3.32 59 2.81 42 2.28 25 1.71 8
4.28 92 3.80 75 3.30 58 2.79 41 2.25 24 1.68 7
4.26 91 3.76 74 3.27 57 2.75 40 2.22 23 1.64 6
4.23 90 3.74 73 3.24 56 2.72 39 2.19 22 1.61 5
4.20 89 3.71 72 3.21 55 2.69 38 2.15 21 1.56 4
4.17 88 3.68 71 3.17 54 2.66 37 2.12 20 1.53 3
4.14 87 3.65 70 3.15 53 2.63 36 2.09 19 1.49 2
4.11 86 3.62 69 3.11 52 2.60 35 2.06 18 1.48 1
4.08 85 3.59 68 3.09 51 2.57 34 2.02 17
4.06 84 3.56 67 3.06 50 2.53 33 1.99 16
