29.72 1360 28.38 1290 27.03 1220 25.68 1150 24.32 1080 22.96 1010
29.70 1359 28.36 1289 27.01 1219 25.66 1149 24.30 1079 22.94 1009
29.68 1358 28.34 1288 27.00 1218 25.64 1148 24.28 1078 22.92 1008
29.66 1357 28.32 1287 26.98 1217 25.62 1147 24.26 1077 22.90 1007
29.64 1356 28.30 1286 26.96 1216 25.60 1146 24.24 1076 22.88 1006
29.62 1355 28.28 1285 26.94 1215 25.58 1145 24.22 1075 22.86 1005
29.60 1354 28.26 1284 26.92 1214 25.56 1144 24.20 1074 22.84 1004
29.58 1353 28.24 1283 26.90 1213 25.54 1143 24.18 1073 22.82 1003
29.56 1352 28.22 1282 26.88 1212 25.52 1142 24.16 1072 22.80 1002
29.54 1351 28.20 1281 26.86 1211 25.50 1141 24.15 1071 22.78 1001
29.52 1350 28.19 1280 26.84 1210 25.49 1140 24.13 1070 22.76 1000
29.51 1349 28.17 1279 26.82 1209 25.47 1139 24.11 1069 22.74 999
29.49 1348 28.15 1278 26.80 1208 25.45 1138 24.09 1068 22.72 998
29.47 1347 28.13 1277 26.78 1207 25.43 1137 24.07 1067 22.70 997
29.45 1346 28.11 1276 26.76 1206 25.41 1136 24.05 1066 22.68 996
29.43 1345 28.09 1275 26.74 1205 25.39 1135 24.03 1065 22.66 995
29.41 1344 28.07 1274 26.72 1204 25.37 1134 24.01 1064 22.64 994
29.39 1343 28.05 1273 26.71 1203 25.35 1133 23.99 1063 22.62 993
29.37 1342 28.03 1272 26.69 1202 25.33 1132 23.97 1062 22.60 992
29.35 1341 28.01 1271 26.67 1201 25.31 1131 23.95 1061 22.58 991
29.33 1340 27.99 1270 26.65 1200 25.29 1130 23.93 1060 22.56 990
29.32 1339 27.97 1269 26.63 1199 25.27 1129 23.91 1059 22.54 989
29.30 1338 27.96 1268 26.61 1198 25.25 1128 23.89 1058 22.52 988
29.28 1337 27.94 1267 26.59 1197 25.23 1127 23.87 1057 22.50 987
29.26 1336 27.92 1266 26.57 1196 25.22 1126 23.86 1056 22.48 986
29.24 1335 27.90 1265 26.55 1195 25.20 1125 23.84 1055 22.46 985
29.22 1334 27.88 1264 26.53 1194 25.18 1124 23.82 1054 22.45 984
29.20 1333 27.86 1263 26.51 1193 25.16 1123 23.80 1053 22.43 983
29.18 1332 27.84 1262 26.49 1192 25.14 1122 23.78 1052 22.41 982
29.16 1331 27.82 1261 26.47 1191 25.12 1121 23.76 1051 22.39 981
29.14 1330 27.80 1260 26.45 1190 25.10 1120 23.74 1050 22.37 980
29.12 1329 27.78 1259 26.44 1189 25.08 1119 23.72 1049 22.35 979
29.10 1328 27.76 1258 26.42 1188 25.06 1118 23.70 1048 22.33 978
29.09 1327 27.74 1257 26.40 1187 25.04 1117 23.68 1047 22.31 977
29.07 1326 27.73 1256 26.38 1186 25.02 1116 23.66 1046 22.29 976
29.05 1325 27.71 1255 26.36 1185 25.00 1115 23.64 1045 22.27 975
29.03 1324 27.69 1254 26.34 1184 24.98 1114 23.62 1044 22.25 974
29.01 1323 27.67 1253 26.32 1183 24.97 1113 23.60 1043 22.23 973
28.99 1322 27.65 1252 26.30 1182 24.95 1112 23.58 1042 22.21 972
28.97 1321 27.63 1251 26.28 1181 24.93 1111 23.56 1041 22.19 971
28.95 1320 27.61 1250 26.26 1180 24.91 1110 23.54 1040 22.17 970
28.93 1319 27.59 1249 26.24 1179 24.89 1109 23.52 1039 22.15 969
28.91 1318 27.57 1248 26.22 1178 24.87 1108 23.50 1038 22.13 968
28.89 1317 27.55 1247 26.20 1177 24.85 1107 23.48 1037 22.11 967
28.87 1316 27.53 1246 26.18 1176 24.83 1106 23.46 1036 22.09 966
28.86 1315 27.51 1245 26.16 1175 24.81 1105 23.44 1035 22.07 965
28.84 1314 27.50 1244 26.14 1174 24.79 1104 23.43 1034 22.05 964
28.82 1313 27.48 1243 26.13 1173 24.77 1103 23.41 1033 22.03 963
28.80 1312 27.46 1242 26.11 1172 24.75 1102 23.39 1032 22.01 962
28.78 1311 27.44 1241 26.09 1171 24.73 1101 23.37 1031 22.00 961
28.76 1310 27.42 1240 26.07 1170 24.71 1100 23.35 1030 21.98 960
28.74 1309 27.40 1239 26.05 1169 24.69 1099 23.33 1029 21.96 959
28.72 1308 27.38 1238 26.03 1168 24.67 1098 23.31 1028 21.94 958
28.70 1307 27.36 1237 26.01 1167 24.65 1097 23.29 1027 21.92 957
28.68 1306 27.34 1236 25.99 1166 24.63 1096 23.27 1026 21.90 956
28.66 1305 27.32 1235 25.97 1165 24.61 1095 23.25 1025 21.88 955
28.64 1304 27.30 1234 25.95 1164 24.59 1094 23.23 1024 21.86 954
28.63 1303 27.28 1233 25.93 1163 24.58 1093 23.21 1023 21.84 953
28.61 1302 27.26 1232 25.91 1162 24.56 1092 23.19 1022 21.82 952
28.59 1301 27.25 1231 25.89 1161 24.54 1091 23.17 1021 21.80 951
28.57 1300 27.23 1230 25.87 1160 24.52 1090 23.15 1020 21.78 950
28.55 1299 27.21 1229 25.85 1159 24.50 1089 23.13 1019 21.76 949
28.53 1298 27.19 1228 25.83 1158 24.48 1088 23.11 1018 21.74 948
28.51 1297 27.17 1227 25.82 1157 24.46 1087 23.09 1017 21.72 947
28.49 1296 27.15 1226 25.80 1156 24.44 1086 23.07 1016 21.70 946
28.47 1295 27.13 1225 25.78 1155 24.42 1085 23.05 1015 21.68 945
28.45 1294 27.11 1224 25.76 1154 24.40 1084 23.03 1014 21.66 944
28.43 1293 27.09 1223 25.74 1153 24.38 1083 23.01 1013 21.64 943
28.41 1292 27.07 1222 25.72 1152 24.36 1082 22.99 1012 21.62 942
28.40 1291 27.05 1221 25.70 1151 24.34 1081 22.97 1011 21.60 941
21.58 940 20.20 870 18.80 800 17.40 730 15.98 660 14.55 590
21.56 939 20.18 869 18.78 799 17.37 729 15.96 659 14.52 589
21.54 938 20.16 868 18.76 798 17.35 728 15.94 658 14.50 588
21.52 937 20.14 867 18.74 797 17.33 727 15.91 657 14.48 587
21.50 936 20.12 866 18.72 796 17.31 726 15.89 656 14.46 586
21.48 935 20.10 865 18.70 795 17.29 725 15.87 655 14.44 585
21.46 934 20.08 864 18.68 794 17.27 724 15.85 654 14.42 584
21.44 933 20.06 863 18.66 793 17.25 723 15.83 653 14.40 583
21.42 932 20.04 862 18.64 792 17.23 722 15.81 652 14.38 582
21.40 931 20.02 861 18.62 791 17.21 721 15.79 651 14.36 581
21.38 930 20.00 860 18.60 790 17.19 720 15.77 650 14.34 580
21.36 929 19.98 859 18.58 789 17.17 719 15.75 649 14.32 579
21.35 928 19.96 858 18.56 788 17.15 718 15.73 648 14.30 578
21.33 927 19.94 857 18.54 787 17.13 717 15.71 647 14.28 577
21.31 926 19.92 856 18.52 786 17.11 716 15.69 646 14.26 576
21.29 925 19.90 855 18.50 785 17.09 715 15.67 645 14.24 575
21.27 924 19.88 854 18.48 784 17.07 714 15.65 644 14.22 574
21.25 923 19.86 853 18.46 783 17.05 713 15.63 643 14.19 573
21.23 922 19.84 852 18.44 782 17.03 712 15.61 642 14.17 572
21.21 921 19.82 851 18.42 781 17.01 711 15.59 641 14.15 571
21.19 920 19.80 850 18.40 780 16.99 710 15.57 640 14.13 570
21.17 919 19.78 849 18.38 779 16.97 709 15.55 639 14.11 569
21.15 918 19.76 848 18.36 778 16.95 708 15.53 638 14.09 568
21.13 917 19.74 847 18.34 777 16.93 707 15.51 637 14.07 567
21.11 916 19.72 846 18.32 776 16.91 706 15.48 636 14.05 566
21.09 915 19.70 845 18.30 775 16.89 705 15.46 635 14.03 565
21.07 914 19.68 844 18.28 774 16.87 704 15.45 634 14.01 564
21.05 913 19.66 843 18.26 773 16.85 703 15.43 633 13.99 563
21.03 912 19.64 842 18.24 772 16.83 702 15.41 632 13.97 562
21.01 911 19.62 841 18.22 771 16.81 701 15.39 631 13.95 561
20.99 910 19.60 840 18.20 770 16.79 700 15.37 630 13.93 560
20.97 909 19.58 839 18.18 769 16.77 699 15.34 629 13.90 559
20.95 908 19.56 838 18.16 768 16.75 698 15.32 628 13.88 558
20.93 907 19.54 837 18.14 767 16.73 697 15.30 627 13.86 557
20.91 906 19.52 836 18.12 766 16.71 696 15.28 626 13.84 556
20.89 905 19.50 835 18.10 765 16.69 695 15.26 625 13.82 555
20.87 904 19.48 834 18.08 764 16.67 694 15.24 624 13.80 554
20.85 903 19.46 833 18.06 763 16.65 693 15.22 623 13.78 553
20.83 902 19.44 832 18.04 762 16.63 692 15.20 622 13.76 552
20.81 901 19.42 831 18.02 761 16.61 691 15.18 621 13.74 551
20.79 900 19.40 830 18.00 760 16.59 690 15.16 620 13.72 550
20.77 899 19.38 829 17.98 759 16.56 689 15.14 619 13.70 549
20.75 898 19.36 828 17.96 758 16.54 688 15.12 618 13.68 548
20.73 897 19.34 827 17.94 757 16.52 687 15.10 617 13.66 547
20.71 896 19.32 826 17.92 756 16.50 686 15.08 616 13.64 546
20.69 895 19.30 825 17.90 755 16.48 685 15.06 615 13.61 545
20.67 894 19.28 824 17.88 754 16.46 684 15.04 614 13.59 544
20.65 893 19.26 823 17.86 753 16.44 683 15.02 613 13.57 543
20.63 892 19.24 822 17.84 752 16.42 682 15.00 612 13.55 542
20.61 891 19.22 821 17.82 751 16.40 681 14.97 611 13.53 541
20.59 890 19.20 820 17.80 750 16.38 680 14.95 610 13.51 540
20.57 889 19.18 819 17.78 749 16.36 679 14.93 609 13.49 539
20.55 888 19.16 818 17.76 748 16.34 678 14.91 608 13.47 538
20.53 887 19.14 817 17.74 747 16.32 677 14.89 607 13.45 537
20.51 886 19.12 816 17.72 746 16.30 676 14.87 606 13.43 536
20.49 885 19.10 815 17.70 745 16.28 675 14.85 605 13.41 535
20.47 884 19.08 814 17.68 744 16.26 674 14.83 604 13.39 534
20.45 883 19.06 813 17.66 743 16.24 673 14.81 603 13.37 533
20.43 882 19.04 812 17.64 742 16.22 672 14.79 602 13.34 532
20.41 881 19.02 811 17.62 741 16.20 671 14.77 601 13.32 531
20.39 880 19.00 810 17.59 740 16.18 670 14.75 600 13.30 530
20.37 879 18.98 809 17.57 739 16.16 669 14.73 599 13.28 529
20.35 878 18.96 808 17.55 738 16.14 668 14.71 598 13.26 528
20.33 877 18.94 807 17.53 737 16.12 667 14.69 597 13.24 527
20.31 876 18.92 806 17.51 736 16.10 666 14.67 596 13.22 526
20.29 875 18.90 805 17.50 735 16.08 665 14.65 595 13.20 525
20.27 874 18.88 804 17.48 734 16.06 664 14.62 594 13.18 524
20.25 873 18.86 803 17.46 733 16.04 663 14.60 593 13.16 523
20.23 872 18.84 802 17.44 732 16.02 662 14.58 592 13.14 522
20.22 871 18.82 801 17.42 731 16.00 661 14.56 591 13.12 521
13.10 520 11.63 450 10.14 380 8.63 310 7.09 240 5.50 170
13.07 519 11.61 449 10.12 379 8.61 309 7.07 239 5.48 169
13.05 518 11.59 448 10.10 378 8.59 308 7.04 238 5.46 168
13.03 517 11.57 447 10.08 377 8.57 307 7.02 237 5.43 167
13.01 516 11.55 446 10.06 376 8.55 306 7.00 236 5.41 166
12.99 515 11.52 445 10.04 375 8.52 305 6.98 235 5.39 165
12.97 514 11.50 444 10.02 374 8.50 304 6.96 234 5.37 164
12.95 513 11.48 443 9.99 373 8.48 303 6.93 233 5.34 163
12.93 512 11.46 442 9.97 372 8.46 302 6.91 232 5.32 162
12.91 511 11.44 441 9.95 371 8.43 301 6.89 231 5.29 161
12.89 510 11.42 440 9.93 370 8.41 300 6.86 230 5.27 160
12.87 509 11.40 439 9.91 369 8.39 299 6.84 229 5.25 159
12.85 508 11.38 438 9.89 368 8.37 298 6.82 228 5.23 158
12.82 507 11.36 437 9.87 367 8.35 297 6.80 227 5.20 157
12.80 506 11.33 436 9.84 366 8.33 296 6.77 226 5.18 156
12.78 505 11.31 435 9.82 365 8.30 295 6.75 225 5.16 155
12.76 504 11.29 434 9.80 364 8.28 294 6.73 224 5.13 154
12.74 503 11.27 433 9.78 363 8.26 293 6.71 223 5.11 153
12.72 502 11.25 432 9.76 362 8.24 292 6.69 222 5.09 152
12.70 501 11.23 431 9.74 361 8.22 291 6.66 221 5.06 151
12.68 500 11.21 430 9.72 360 8.19 290 6.64 220 5.04 150
12.66 499 11.19 429 9.69 359 8.17 289 6.62 219 5.02 149
12.64 498 11.17 428 9.67 358 8.15 288 6.60 218 4.99 148
12.62 497 11.14 427 9.65 357 8.13 287 6.57 217 4.97 147
12.59 496 11.12 426 9.63 356 8.11 286 6.55 216 4.95 146
12.57 495 11.10 425 9.61 355 8.09 285 6.53 215 4.92 145
12.55 494 11.08 424 9.58 354 8.06 284 6.50 214 4.90 144
12.53 493 11.06 423 9.56 353 8.04 283 6.48 213 4.88 143
12.51 492 11.04 422 9.54 352 8.02 282 6.46 212 4.85 142
12.49 491 11.02 421 9.52 351 8.00 281 6.44 211 4.83 141
12.47 490 11.00 420 9.50 350 7.97 280 6.42 210 4.81 140
12.45 489 10.98 419 9.48 349 7.95 279 6.39 209 4.78 139
12.43 488 10.95 418 9.46 348 7.93 278 6.37 208 4.76 138
12.41 487 10.93 417 9.43 347 7.91 277 6.35 207 4.74 137
12.39 486 10.91 416 9.41 346 7.89 276 6.33 206 4.71 136
12.36 485 10.89 415 9.39 345 7.86 275 6.30 205 4.69 135
12.34 484 10.87 414 9.37 344 7.84 274 6.28 204 4.66 134
12.32 483 10.85 413 9.35 343 7.82 273 6.26 203 4.64 133
12.30 482 10.83 412 9.33 342 7.80 272 6.23 202 4.62 132
12.28 481 10.81 411 9.30 341 7.78 271 6.21 201 4.59 131
12.26 480 10.78 410 9.28 340 7.75 270 6.19 200 4.57 130
12.24 479 10.76 409 9.26 339 7.73 269 6.17 199 4.55 129
12.22 478 10.74 408 9.24 338 7.71 268 6.14 198 4.53 128
12.20 477 10.72 407 9.22 337 7.69 267 6.12 197 4.50 127
12.18 476 10.70 406 9.20 336 7.67 266 6.10 196 4.48 126
12.15 475 10.68 405 9.18 335 7.65 265 6.08 195 4.45 125
12.13 474 10.66 404 9.15 334 7.62 264 6.05 194 4.43 124
12.11 473 10.64 403 9.13 333 7.60 263 6.03 193 4.41 123
12.09 472 10.61 402 9.11 332 7.58 262 6.01 192 4.38 122
12.07 471 10.59 401 9.09 331 7.55 261 5.98 191 4.36 121
12.05 470 10.57 400 9.07 330 7.53 260 5.96 190 4.33 120
12.03 469 10.55 399 9.05 329 7.51 259 5.94 189 4.31 119
12.01 468 10.53 398 9.02 328 7.49 258 5.92 188 4.29 118
11.99 467 10.51 397 9.00 327 7.47 257 5.89 187 4.26 117
11.97 466 10.48 396 8.98 326 7.44 256 5.87 186 4.24 116
11.95 465 10.46 395 8.96 325 7.42 255 5.85 185 4.22 115
11.92 464 10.44 394 8.94 324 7.40 254 5.83 184 4.19 114
11.90 463 10.42 393 8.91 323 7.38 253 5.80 183 4.17 113
11.88 462 10.40 392 8.89 322 7.36 252 5.78 182 4.14 112
11.86 461 10.38 391 8.87 321 7.33 251 5.75 181 4.12 111
11.84 460 10.36 390 8.85 320 7.31 250 5.73 180 4.10 110
11.82 459 10.34 389 8.83 319 7.29 249 5.71 179 4.07 109
11.80 458 10.31 388 8.81 318 7.27 248 5.69 178 4.05 108
11.78 457 10.29 387 8.78 317 7.25 247 5.66 177 4.02 107
11.76 456 10.27 386 8.76 316 7.22 246 5.64 176 4.00 106
11.73 455 10.25 385 8.74 315 7.20 245 5.62 175 3.97 105
11.71 454 10.23 384 8.72 314 7.18 244 5.60 174 3.95 104
11.69 453 10.21 383 8.70 313 7.15 243 5.57 173 3.93 103
11.67 452 10.19 382 8.68 312 7.13 242 5.55 172 3.90 102
11.65 451 10.16 381 8.65 311 7.11 241 5.52 171 3.88 101
3.86 100 3.44 83 3.02 66 2.59 49 2.14 32 1.67 15
3.83 99 3.41 82 2.99 65 2.56 48 2.11 31 1.64 14
3.81 98 3.39 81 2.97 64 2.53 47 2.09 30 1.61 13
3.78 97 3.37 80 2.94 63 2.51 46 2.06 29 1.58 12
3.76 96 3.34 79 2.92 62 2.48 45 2.03 28 1.56 11
3.73 95 3.32 78 2.89 61 2.46 44 2.00 27 1.52 10
3.71 94 3.29 77 2.87 60 2.43 43 1.98 26 1.50 9
3.68 93 3.27 76 2.84 59 2.40 42 1.95 25 1.46 8
3.66 92 3.24 75 2.82 58 2.38 41 1.92 24 1.43 7
3.64 91 3.22 74 2.79 57 2.35 40 1.90 23 1.40 6
3.61 90 3.19 73 2.76 56 2.32 39 1.87 22 1.37 5
3.59 89 3.17 72 2.74 55 2.30 38 1.84 21 1.34 4
3.56 88 3.15 71 2.71 54 2.27 37 1.81 20 1.31 3
3.54 87 3.12 70 2.69 53 2.25 36 1.79 19 1.27 2
3.51 86 3.09 69 2.66 52 2.22 35 1.76 18 1.26 1
3.49 85 3.07 68 2.64 51 2.19 34 1.73 17
3.47 84 3.04 67 2.61 50 2.17 33 1.70 16
