24.65 1360 23.54 1290 22.42 1220 21.30 1150 20.18 1080 19.04 1010
24.63 1359 23.52 1289 22.41 1219 21.29 1149 20.16 1079 19.03 1009
24.62 1358 23.51 1288 22.39 1218 21.27 1148 20.14 1078 19.01 1008
24.60 1357 23.49 1287 22.38 1217 21.26 1147 20.13 1077 18.99 1007
24.58 1356 23.48 1286 22.36 1216 21.24 1146 20.11 1076 18.98 1006
24.57 1355 23.46 1285 22.34 1215 21.22 1145 20.09 1075 18.96 1005
24.55 1354 23.44 1284 22.33 1214 21.21 1144 20.08 1074 18.94 1004
24.54 1353 23.43 1283 22.31 1213 21.19 1143 20.06 1073 18.93 1003
24.52 1352 23.41 1282 22.29 1212 21.17 1142 20.05 1072 18.91 1002
24.51 1351 23.40 1281 22.28 1211 21.16 1141 20.03 1071 18.90 1001
24.49 1350 23.38 1280 22.27 1210 21.14 1140 20.02 1070 18.88 1000
24.48 1349 23.36 1279 22.25 1209 21.13 1139 20.00 1069 18.86 999
24.46 1348 23.35 1278 22.23 1208 21.11 1138 19.98 1068 18.85 998
24.44 1347 23.33 1277 22.22 1207 21.09 1137 19.97 1067 18.83 997
24.43 1346 23.32 1276 22.20 1206 21.08 1136 19.95 1066 18.82 996
24.41 1345 23.30 1275 22.18 1205 21.06 1135 19.93 1065 18.80 995
24.40 1344 23.28 1274 22.17 1204 21.04 1134 19.92 1064 18.78 994
24.38 1343 23.27 1273 22.15 1203 21.03 1133 19.90 1063 18.77 993
24.36 1342 23.25 1272 22.14 1202 21.02 1132 19.88 1062 18.75 992
24.35 1341 23.24 1271 22.12 1201 21.00 1131 19.87 1061 18.73 991
24.33 1340 23.22 1270 22.10 1200 20.98 1130 19.85 1060 18.72 990
24.32 1339 23.21 1269 22.09 1199 20.97 1129 19.84 1059 18.70 989
24.30 1338 23.19 1268 22.07 1198 20.95 1128 19.82 1058 18.68 988
24.28 1337 23.17 1267 22.05 1197 20.93 1127 19.81 1057 18.67 987
24.27 1336 23.16 1266 22.04 1196 20.92 1126 19.79 1056 18.65 986
24.25 1335 23.14 1265 22.03 1195 20.90 1125 19.77 1055 18.63 985
24.24 1334 23.12 1264 22.01 1194 20.88 1124 19.76 1054 18.62 984
24.22 1333 23.11 1263 21.99 1193 20.87 1123 19.74 1053 18.60 983
24.21 1332 23.09 1262 21.98 1192 20.85 1122 19.72 1052 18.59 982
24.19 1331 23.08 1261 21.96 1191 20.84 1121 19.71 1051 18.57 981
24.17 1330 23.06 1260 21.94 1190 20.82 1120 19.69 1050 18.56 980
24.16 1329 23.04 1259 21.93 1189 20.80 1119 19.67 1049 18.54 979
24.14 1328 23.03 1258 21.91 1188 20.79 1118 19.66 1048 18.52 978
24.13 1327 23.02 1257 21.90 1187 20.77 1117 19.64 1047 18.51 977
24.11 1326 23.00 1256 21.88 1186 20.76 1116 19.63 1046 18.49 976
24.09 1325 22.98 1255 21.86 1185 20.74 1115 19.61 1045 18.47 975
24.08 1324 22.97 1254 21.85 1184 20.72 1114 19.59 1044 18.46 974
24.06 1323 22.95 1253 21.83 1183 20.71 1113 19.58 1043 18.44 973
24.05 1322 22.93 1252 21.81 1182 20.69 1112 19.56 1042 18.42 972
24.03 1321 22.92 1251 21.80 1181 20.68 1111 19.55 1041 18.41 971
24.01 1320 22.90 1250 21.79 1180 20.66 1110 19.53 1040 18.39 970
24.00 1319 22.89 1249 21.77 1179 20.64 1109 19.51 1039 18.37 969
23.98 1318 22.87 1248 21.75 1178 20.63 1108 19.50 1038 18.36 968
23.97 1317 22.85 1247 21.74 1177 20.61 1107 19.48 1037 18.34 967
23.95 1316 22.84 1246 21.72 1176 20.59 1106 19.46 1036 18.32 966
23.94 1315 22.82 1245 21.70 1175 20.58 1105 19.45 1035 18.31 965
23.92 1314 22.81 1244 21.69 1174 20.56 1104 19.43 1034 18.29 964
23.90 1313 22.79 1243 21.67 1173 20.55 1103 19.42 1033 18.28 963
23.89 1312 22.78 1242 21.66 1172 20.53 1102 19.40 1032 18.26 962
23.87 1311 22.76 1241 21.64 1171 20.52 1101 19.38 1031 18.25 961
23.86 1310 22.74 1240 21.62 1170 20.50 1100 19.37 1030 18.23 960
23.84 1309 22.73 1239 21.61 1169 20.48 1099 19.35 1029 18.21 959
23.82 1308 22.71 1238 21.59 1168 20.47 1098 19.33 1028 18.20 958
23.81 1307 22.70 1237 21.57 1167 20.45 1097 19.32 1027 18.18 957
23.79 1306 22.68 1236 21.56 1166 20.43 1096 19.30 1026 18.16 956
23.78 1305 22.66 1235 21.54 1165 20.42 1095 19.29 1025 18.15 955
23.76 1304 22.65 1234 21.53 1164 20.40 1094 19.27 1024 18.13 954
23.75 1303 22.63 1233 21.51 1163 20.39 1093 19.25 1023 18.11 953
23.73 1302 22.61 1232 21.50 1162 20.37 1092 19.24 1022 18.10 952
23.71 1301 22.60 1231 21.48 1161 20.35 1091 19.22 1021 18.08 951
23.70 1300 22.58 1230 21.46 1160 20.34 1090 19.20 1020 18.07 950
23.68 1299 22.57 1229 21.45 1159 20.32 1089 19.19 1019 18.05 949
23.67 1298 22.55 1228 21.43 1158 20.30 1088 19.17 1018 18.03 948
23.65 1297 22.53 1227 21.42 1157 20.29 1087 19.16 1017 18.02 947
23.63 1296 22.52 1226 21.40 1156 20.27 1086 19.14 1016 18.00 946
23.62 1295 22.50 1225 21.38 1155 20.26 1085 19.12 1015 17.98 945
23.60 1294 22.49 1224 21.37 1154 20.24 1084 19.11 1014 17.97 944
23.59 1293 22.47 1223 21.35 1153 20.23 1083 19.09 1013 17.95 943
23.57 1292 22.46 1222 21.33 1152 20.21 1082 19.07 1012 17.93 942
23.55 1291 22.44 1221 21.32 1151 20.19 1081 19.06 1011 17.92 941
17.90 940 16.75 870 15.60 800 14.43 730 13.25 660 12.07 590
17.88 939 16.74 869 15.58 799 14.41 729 13.24 659 12.05 589
17.87 938 16.72 868 15.56 798 14.39 728 13.22 658 12.03 588
17.85 937 16.70 867 15.55 797 14.38 727 13.20 657 12.01 587
17.83 936 16.69 866 15.53 796 14.36 726 13.18 656 12.00 586
17.82 935 16.67 865 15.51 795 14.35 725 13.17 655 11.98 585
17.80 934 16.65 864 15.50 794 14.33 724 13.15 654 11.96 584
17.79 933 16.64 863 15.48 793 14.31 723 13.13 653 11.94 583
17.77 932 16.62 862 15.46 792 14.30 722 13.12 652 11.93 582
17.75 931 16.60 861 15.45 791 14.28 721 13.10 651 11.91 581
17.74 930 16.59 860 15.43 790 14.26 720 13.08 650 11.89 580
17.72 929 16.57 859 15.41 789 14.25 719 13.07 649 11.88 579
17.71 928 16.56 858 15.40 788 14.23 718 13.05 648 11.86 578
17.69 927 16.54 857 15.38 787 14.21 717 13.03 647 11.84 577
17.67 926 16.52 856 15.36 786 14.19 716 13.02 646 11.83 576
17.66 925 16.51 855 15.35 785 14.18 715 13.00 645 11.81 575
17.64 924 16.49 854 15.33 784 14.16 714 12.98 644 11.79 574
17.62 923 16.47 853 15.31 783 14.14 713 12.96 643 11.77 573
17.61 922 16.46 852 15.30 782 14.13 712 12.95 642 11.76 572
17.59 921 16.44 851 15.28 781 14.11 711 12.93 641 11.74 571
17.58 920 16.42 850 15.26 780 14.10 710 12.91 640 11.72 570
17.56 919 16.41 849 15.25 779 14.08 709 12.90 639 11.71 569
17.54 918 16.39 848 15.23 778 14.06 708 12.88 638 11.69 568
17.53 917 16.37 847 15.21 777 14.04 707 12.87 637 11.67 567
17.51 916 16.36 846 15.20 776 14.03 706 12.85 636 11.65 566
17.49 915 16.34 845 15.18 775 14.01 705 12.83 635 11.64 565
17.48 914 16.33 844 15.16 774 13.99 704 12.81 634 11.62 564
17.46 913 16.31 843 15.15 773 13.98 703 12.80 633 11.60 563
17.44 912 16.29 842 15.13 772 13.96 702 12.78 632 11.59 562
17.43 911 16.28 841 15.11 771 13.94 701 12.76 631 11.57 561
17.41 910 16.26 840 15.10 770 13.93 700 12.75 630 11.55 560
17.39 909 16.24 839 15.08 769 13.91 699 12.73 629 11.53 559
17.38 908 16.22 838 15.06 768 13.89 698 12.71 628 11.52 558
17.36 907 16.21 837 15.05 767 13.87 697 12.69 627 11.50 557
17.34 906 16.19 836 15.03 766 13.86 696 12.68 626 11.48 556
17.33 905 16.17 835 15.01 765 13.84 695 12.66 625 11.47 555
17.31 904 16.16 834 15.00 764 13.83 694 12.64 624 11.45 554
17.30 903 16.14 833 14.98 763 13.81 693 12.63 623 11.43 553
17.28 902 16.12 832 14.96 762 13.79 692 12.61 622 11.41 552
17.26 901 16.11 831 14.95 761 13.78 691 12.59 621 11.40 551
17.25 900 16.09 830 14.93 760 13.76 690 12.58 620 11.38 550
17.23 899 16.08 829 14.91 759 13.74 689 12.56 619 11.36 549
17.21 898 16.06 828 14.90 758 13.72 688 12.54 618 11.35 548
17.20 897 16.04 827 14.88 757 13.71 687 12.52 617 11.33 547
17.18 896 16.03 826 14.86 756 13.69 686 12.51 616 11.31 546
17.16 895 16.01 825 14.85 755 13.67 685 12.49 615 11.29 545
17.15 894 15.99 824 14.83 754 13.66 684 12.47 614 11.28 544
17.13 893 15.98 823 14.81 753 13.64 683 12.46 613 11.26 543
17.11 892 15.96 822 14.80 752 13.62 682 12.44 612 11.24 542
17.10 891 15.94 821 14.78 751 13.61 681 12.42 611 11.23 541
17.08 890 15.93 820 14.76 750 13.59 680 12.40 610 11.21 540
17.07 889 15.91 819 14.75 749 13.57 679 12.39 609 11.19 539
17.05 888 15.89 818 14.73 748 13.56 678 12.37 608 11.17 538
17.03 887 15.88 817 14.71 747 13.54 677 12.36 607 11.16 537
17.02 886 15.86 816 14.70 746 13.52 676 12.34 606 11.14 536
17.00 885 15.85 815 14.68 745 13.51 675 12.32 605 11.12 535
16.98 884 15.83 814 14.66 744 13.49 674 12.30 604 11.11 534
16.97 883 15.81 813 14.65 743 13.47 673 12.29 603 11.09 533
16.95 882 15.80 812 14.63 742 13.45 672 12.27 602 11.07 532
16.93 881 15.78 811 14.61 741 13.44 671 12.25 601 11.05 531
16.92 880 15.76 810 14.60 740 13.42 670 12.24 600 11.04 530
16.90 879 15.75 809 14.58 739 13.40 669 12.22 599 11.02 529
16.88 878 15.73 808 14.56 738 13.39 668 12.20 598 11.00 528
16.87 877 15.71 807 14.55 737 13.37 667 12.18 597 10.98 527
16.85 876 15.69 806 14.53 736 13.36 666 12.17 596 10.97 526
16.84 875 15.68 805 14.51 735 13.34 665 12.15 595 10.95 525
16.82 874 15.66 804 14.50 734 13.32 664 12.13 594 10.93 524
16.80 873 15.64 803 14.48 733 13.30 663 12.12 593 10.91 523
16.79 872 15.63 802 14.46 732 13.29 662 12.10 592 10.90 522
16.77 871 15.61 801 14.45 731 13.27 661 12.08 591 10.88 521
10.87 520 9.65 450 8.42 380 7.16 310 5.88 240 4.57 170
10.85 519 9.63 449 8.40 379 7.14 309 5.86 239 4.55 169
10.83 518 9.61 448 8.38 378 7.13 308 5.84 238 4.53 168
10.81 517 9.60 447 8.36 377 7.11 307 5.83 237 4.51 167
10.80 516 9.58 446 8.34 376 7.09 306 5.81 236 4.49 166
10.78 515 9.56 445 8.33 375 7.07 305 5.79 235 4.47 165
10.76 514 9.54 444 8.31 374 7.05 304 5.77 234 4.45 164
10.74 513 9.53 443 8.29 373 7.03 303 5.75 233 4.43 163
10.73 512 9.51 442 8.27 372 7.02 302 5.73 232 4.41 162
10.71 511 9.49 441 8.25 371 7.00 301 5.71 231 4.39 161
10.69 510 9.47 440 8.24 370 6.98 300 5.70 230 4.37 160
10.67 509 9.45 439 8.22 369 6.96 299 5.68 229 4.35 159
10.66 508 9.44 438 8.20 368 6.94 298 5.66 228 4.34 158
10.64 507 9.42 437 8.18 367 6.93 297 5.64 227 4.32 157
10.62 506 9.40 436 8.17 366 6.91 296 5.62 226 4.30 156
10.61 505 9.39 435 8.15 365 6.89 295 5.60 225 4.28 155
10.59 504 9.37 434 8.13 364 6.87 294 5.58 224 4.26 154
10.57 503 9.35 433 8.11 363 6.85 293 5.56 223 4.24 153
10.55 502 9.33 432 8.10 362 6.83 292 5.55 222 4.22 152
10.54 501 9.32 431 8.08 361 6.82 291 5.53 221 4.20 151
10.52 500 9.30 430 8.06 360 6.80 290 5.51 220 4.18 150
10.50 499 9.28 429 8.04 359 6.78 289 5.49 219 4.16 149
10.48 498 9.26 428 8.02 358 6.76 288 5.47 218 4.14 148
10.47 497 9.24 427 8.01 357 6.74 287 5.45 217 4.12 147
10.45 496 9.23 426 7.99 356 6.72 286 5.44 216 4.10 146
10.43 495 9.21 425 7.97 355 6.71 285 5.42 215 4.08 145
10.41 494 9.19 424 7.95 354 6.69 284 5.40 214 4.06 144
10.40 493 9.17 423 7.93 353 6.67 283 5.38 213 4.05 143
10.38 492 9.16 422 7.92 352 6.65 282 5.36 212 4.03 142
10.36 491 9.14 421 7.90 351 6.64 281 5.34 211 4.01 141
10.35 490 9.12 420 7.88 350 6.62 280 5.32 210 3.99 140
10.33 489 9.11 419 7.86 349 6.60 279 5.30 209 3.97 139
10.31 488 9.09 418 7.85 348 6.58 278 5.28 208 3.95 138
10.29 487 9.07 417 7.83 347 6.56 277 5.26 207 3.93 137
10.28 486 9.05 416 7.81 346 6.54 276 5.25 206 3.91 136
10.26 485 9.03 415 7.79 345 6.52 275 5.23 205 3.89 135
10.24 484 9.02 414 7.77 344 6.51 274 5.21 204 3.87 134
10.22 483 9.00 413 7.75 343 6.49 273 5.19 203 3.85 133
10.21 482 8.98 412 7.74 342 6.47 272 5.17 202 3.83 132
10.19 481 8.96 411 7.72 341 6.45 271 5.15 201 3.81 131
10.17 480 8.94 410 7.70 340 6.43 270 5.13 200 3.79 130
10.15 479 8.93 409 7.68 339 6.42 269 5.12 199 3.77 129
10.14 478 8.91 408 7.67 338 6.40 268 5.10 198 3.75 128
10.12 477 8.89 407 7.65 337 6.38 267 5.08 197 3.73 127
10.10 476 8.88 406 7.63 336 6.36 266 5.06 196 3.72 126
10.08 475 8.86 405 7.61 335 6.34 265 5.04 195 3.70 125
10.07 474 8.84 404 7.59 334 6.32 264 5.02 194 3.68 124
10.05 473 8.82 403 7.58 333 6.30 263 5.00 193 3.66 123
10.03 472 8.80 402 7.56 332 6.29 262 4.98 192 3.64 122
10.01 471 8.79 401 7.54 331 6.27 261 4.96 191 3.62 121
10.00 470 8.77 400 7.52 330 6.25 260 4.95 190 3.60 120
9.98 469 8.75 399 7.50 329 6.23 259 4.93 189 3.58 119
9.96 468 8.73 398 7.48 328 6.21 258 4.91 188 3.56 118
9.94 467 8.72 397 7.47 327 6.19 257 4.89 187 3.54 117
9.93 466 8.70 396 7.45 326 6.18 256 4.87 186 3.52 116
9.91 465 8.68 395 7.43 325 6.16 255 4.85 185 3.50 115
9.89 464 8.66 394 7.42 324 6.14 254 4.83 184 3.48 114
9.88 463 8.65 393 7.40 323 6.12 253 4.81 183 3.46 113
9.86 462 8.63 392 7.38 322 6.10 252 4.79 182 3.44 112
9.84 461 8.61 391 7.36 321 6.08 251 4.77 181 3.42 111
9.82 460 8.59 390 7.34 320 6.07 250 4.76 180 3.40 110
9.81 459 8.58 389 7.32 319 6.05 249 4.74 179 3.38 109
9.79 458 8.56 388 7.31 318 6.03 248 4.72 178 3.36 108
9.77 457 8.54 387 7.29 317 6.01 247 4.70 177 3.34 107
9.75 456 8.52 386 7.27 316 5.99 246 4.68 176 3.32 106
9.73 455 8.50 385 7.25 315 5.97 245 4.66 175 3.30 105
9.72 454 8.49 384 7.23 314 5.95 244 4.64 174 3.28 104
9.70 453 8.47 383 7.21 313 5.94 243 4.62 173 3.26 103
9.68 452 8.45 382 7.20 312 5.92 242 4.60 172 3.24 102
9.66 451 8.43 381 7.18 311 5.90 241 4.58 171 3.22 101
3.20 100 2.85 83 2.50 66 2.15 49 1.77 32 1.39 15
3.18 99 2.83 82 2.48 65 2.13 48 1.75 31 1.36 14
3.16 98 2.81 81 2.46 64 2.10 47 1.73 30 1.34 13
3.14 97 2.79 80 2.44 63 2.08 46 1.71 29 1.31 12
3.12 96 2.77 79 2.42 62 2.06 45 1.69 28 1.29 11
3.10 95 2.75 78 2.40 61 2.04 44 1.66 27 1.26 10
3.08 94 2.73 77 2.38 60 2.02 43 1.64 26 1.24 9
3.06 93 2.71 76 2.36 59 1.99 42 1.62 25 1.22 8
3.04 92 2.69 75 2.34 58 1.98 41 1.60 24 1.19 7
3.02 91 2.67 74 2.32 57 1.95 40 1.57 23 1.16 6
3.00 90 2.65 73 2.29 56 1.93 39 1.55 22 1.14 5
2.98 89 2.63 72 2.27 55 1.91 38 1.53 21 1.11 4
2.96 88 2.61 71 2.25 54 1.89 37 1.50 20 1.08 3
2.94 87 2.59 70 2.23 53 1.86 36 1.48 19 1.06 2
2.92 86 2.57 69 2.21 52 1.84 35 1.46 18 1.05 1
2.90 85 2.55 68 2.19 51 1.82 34 1.43 17
2.88 84 2.52 67 2.17 50 1.80 33 1.41 16
