19.58 1360 18.70 1290 17.82 1220 16.92 1150 16.03 1080 15.13 1010
19.57 1359 18.69 1289 17.80 1219 16.91 1149 16.02 1079 15.12 1009
19.56 1358 18.68 1288 17.79 1218 16.90 1148 16.00 1078 15.10 1008
19.55 1357 18.66 1287 17.78 1217 16.89 1147 15.99 1077 15.09 1007
19.53 1356 18.65 1286 17.77 1216 16.87 1146 15.98 1076 15.08 1006
19.52 1355 18.64 1285 17.75 1215 16.86 1145 15.97 1075 15.06 1005
19.51 1354 18.63 1284 17.74 1214 16.85 1144 15.95 1074 15.05 1004
19.50 1353 18.61 1283 17.73 1213 16.84 1143 15.94 1073 15.04 1003
19.48 1352 18.60 1282 17.71 1212 16.82 1142 15.93 1072 15.03 1002
19.47 1351 18.59 1281 17.70 1211 16.81 1141 15.92 1071 15.01 1001
19.46 1350 18.58 1280 17.69 1210 16.80 1140 15.90 1070 15.00 1000
19.45 1349 18.56 1279 17.68 1209 16.79 1139 15.89 1069 14.99 999
19.43 1348 18.55 1278 17.66 1208 16.77 1138 15.88 1068 14.97 998
19.42 1347 18.54 1277 17.65 1207 16.76 1137 15.86 1067 14.96 997
19.41 1346 18.53 1276 17.64 1206 16.75 1136 15.85 1066 14.95 996
19.39 1345 18.51 1275 17.62 1205 16.73 1135 15.84 1065 14.94 995
19.38 1344 18.50 1274 17.61 1204 16.72 1134 15.82 1064 14.92 994
19.37 1343 18.49 1273 17.60 1203 16.71 1133 15.81 1063 14.91 993
19.36 1342 18.47 1272 17.59 1202 16.70 1132 15.80 1062 14.90 992
19.34 1341 18.46 1271 17.57 1201 16.68 1131 15.78 1061 14.88 991
19.33 1340 18.45 1270 17.56 1200 16.67 1130 15.77 1060 14.87 990
19.32 1339 18.44 1269 17.55 1199 16.66 1129 15.76 1059 14.86 989
19.31 1338 18.42 1268 17.54 1198 16.64 1128 15.75 1058 14.84 988
19.29 1337 18.41 1267 17.52 1197 16.63 1127 15.74 1057 14.83 987
19.28 1336 18.40 1266 17.51 1196 16.62 1126 15.72 1056 14.82 986
19.27 1335 18.38 1265 17.50 1195 16.61 1125 15.71 1055 14.81 985
19.26 1334 18.37 1264 17.49 1194 16.59 1124 15.70 1054 14.79 984
19.24 1333 18.36 1263 17.47 1193 16.58 1123 15.68 1053 14.78 983
19.23 1332 18.35 1262 17.46 1192 16.57 1122 15.67 1052 14.77 982
19.22 1331 18.34 1261 17.45 1191 16.56 1121 15.66 1051 14.76 981
19.21 1330 18.32 1260 17.43 1190 16.54 1120 15.64 1050 14.74 980
19.19 1329 18.31 1259 17.42 1189 16.53 1119 15.63 1049 14.73 979
19.18 1328 18.30 1258 17.41 1188 16.52 1118 15.62 1048 14.72 978
19.17 1327 18.29 1257 17.40 1187 16.50 1117 15.61 1047 14.70 977
19.16 1326 18.27 1256 17.38 1186 16.49 1116 15.59 1046 14.69 976
19.14 1325 18.26 1255 17.37 1185 16.48 1115 15.58 1045 14.68 975
19.13 1324 18.25 1254 17.36 1184 16.46 1114 15.57 1044 14.66 974
19.12 1323 18.23 1253 17.34 1183 16.45 1113 15.56 1043 14.65 973
19.11 1322 18.22 1252 17.33 1182 16.44 1112 15.54 1042 14.64 972
19.09 1321 18.21 1251 17.32 1181 16.43 1111 15.53 1041 14.62 971
19.08 1320 18.20 1250 17.31 1180 16.41 1110 15.52 1040 14.61 970
19.07 1319 18.18 1249 17.30 1179 16.40 1109 15.50 1039 14.60 969
19.05 1318 18.17 1248 17.28 1178 16.39 1108 15.49 1038 14.59 968
19.04 1317 18.16 1247 17.27 1177 16.38 1107 15.48 1037 14.57 967
19.03 1316 18.14 1246 17.26 1176 16.36 1106 15.46 1036 14.56 966
19.02 1315 18.13 1245 17.24 1175 16.35 1105 15.45 1035 14.55 965
19.00 1314 18.12 1244 17.23 1174 16.34 1104 15.44 1034 14.53 964
18.99 1313 18.11 1243 17.22 1173 16.33 1103 15.43 1033 14.52 963
18.98 1312 18.09 1242 17.21 1172 16.31 1102 15.41 1032 14.51 962
18.97 1311 18.08 1241 17.19 1171 16.30 1101 15.40 1031 14.50 961
18.95 1310 18.07 1240 17.18 1170 16.29 1100 15.39 1030 14.48 960
18.94 1309 18.06 1239 17.17 1169 16.27 1099 15.37 1029 14.47 959
18.93 1308 18.05 1238 17.15 1168 16.26 1098 15.36 1028 14.46 958
18.92 1307 18.03 1237 17.14 1167 16.25 1097 15.35 1027 14.44 957
18.90 1306 18.02 1236 17.13 1166 16.23 1096 15.34 1026 14.43 956
18.89 1305 18.01 1235 17.12 1165 16.22 1095 15.32 1025 14.42 955
18.88 1304 17.99 1234 17.10 1164 16.21 1094 15.31 1024 14.41 954
18.87 1303 17.98 1233 17.09 1163 16.20 1093 15.30 1023 14.39 953
18.85 1302 17.97 1232 17.08 1162 16.18 1092 15.28 1022 14.38 952
18.84 1301 17.96 1231 17.07 1161 16.17 1091 15.27 1021 14.37 951
18.83 1300 17.94 1230 17.05 1160 16.16 1090 15.26 1020 14.35 950
18.82 1299 17.93 1229 17.04 1159 16.15 1089 15.25 1019 14.34 949
18.80 1298 17.92 1228 17.03 1158 16.13 1088 15.23 1018 14.33 948
18.79 1297 17.90 1227 17.02 1157 16.12 1087 15.22 1017 14.31 947
18.78 1296 17.89 1226 17.00 1156 16.11 1086 15.21 1016 14.30 946
18.76 1295 17.88 1225 16.99 1155 16.09 1085 15.19 1015 14.29 945
18.75 1294 17.87 1224 16.98 1154 16.08 1084 15.18 1014 14.27 944
18.74 1293 17.85 1223 16.96 1153 16.07 1083 15.17 1013 14.26 943
18.73 1292 17.84 1222 16.95 1152 16.06 1082 15.16 1012 14.25 942
18.71 1291 17.83 1221 16.94 1151 16.04 1081 15.14 1011 14.24 941
14.22 940 13.31 870 12.39 800 11.47 730 10.53 660 9.59 590
14.21 939 13.30 869 12.38 799 11.45 729 10.52 659 9.57 589
14.20 938 13.28 868 12.36 798 11.44 728 10.50 658 9.56 588
14.18 937 13.27 867 12.35 797 11.42 727 10.49 657 9.55 587
14.17 936 13.26 866 12.34 796 11.41 726 10.48 656 9.53 586
14.16 935 13.25 865 12.33 795 11.40 725 10.46 655 9.52 585
14.14 934 13.23 864 12.31 794 11.38 724 10.45 654 9.51 584
14.13 933 13.22 863 12.30 793 11.37 723 10.44 653 9.49 583
14.12 932 13.21 862 12.29 792 11.36 722 10.42 652 9.48 582
14.10 931 13.19 861 12.27 791 11.35 721 10.41 651 9.46 581
14.09 930 13.18 860 12.26 790 11.33 720 10.39 650 9.45 580
14.08 929 13.17 859 12.25 789 11.32 719 10.38 649 9.44 579
14.07 928 13.15 858 12.23 788 11.30 718 10.37 648 9.42 578
14.06 927 13.14 857 12.22 787 11.29 717 10.36 647 9.41 577
14.04 926 13.13 856 12.21 786 11.28 716 10.34 646 9.40 576
14.03 925 13.11 855 12.19 785 11.26 715 10.33 645 9.38 575
14.02 924 13.10 854 12.18 784 11.25 714 10.32 644 9.37 574
14.00 923 13.09 853 12.17 783 11.24 713 10.30 643 9.35 573
13.99 922 13.08 852 12.15 782 11.23 712 10.29 642 9.34 572
13.98 921 13.06 851 12.14 781 11.21 711 10.27 641 9.33 571
13.96 920 13.05 850 12.13 780 11.20 710 10.26 640 9.32 570
13.95 919 13.04 849 12.11 779 11.19 709 10.25 639 9.30 569
13.94 918 13.02 848 12.10 778 11.17 708 10.23 638 9.29 568
13.92 917 13.01 847 12.09 777 11.16 707 10.22 637 9.27 567
13.91 916 13.00 846 12.07 776 11.14 706 10.21 636 9.26 566
13.90 915 12.98 845 12.06 775 11.13 705 10.19 635 9.25 565
13.89 914 12.97 844 12.05 774 11.12 704 10.18 634 9.23 564
13.87 913 12.96 843 12.04 773 11.11 703 10.17 633 9.22 563
13.86 912 12.94 842 12.02 772 11.09 702 10.15 632 9.21 562
13.85 911 12.93 841 12.01 771 11.08 701 10.14 631 9.19 561
13.83 910 12.92 840 12.00 770 11.07 700 10.13 630 9.18 560
13.82 909 12.91 839 11.98 769 11.05 699 10.11 629 9.16 559
13.81 908 12.89 838 11.97 768 11.04 698 10.10 628 9.15 558
13.79 907 12.88 837 11.95 767 11.02 697 10.09 627 9.14 557
13.78 906 12.86 836 11.94 766 11.01 696 10.07 626 9.12 556
13.77 905 12.85 835 11.93 765 11.00 695 10.06 625 9.11 555
13.75 904 12.84 834 11.92 764 10.98 694 10.05 624 9.10 554
13.74 903 12.82 833 11.90 763 10.97 693 10.03 623 9.08 553
13.73 902 12.81 832 11.89 762 10.96 692 10.02 622 9.07 552
13.72 901 12.80 831 11.88 761 10.95 691 10.01 621 9.06 551
13.70 900 12.79 830 11.86 760 10.93 690 9.99 620 9.04 550
13.69 899 12.77 829 11.85 759 10.92 689 9.98 619 9.03 549
13.68 898 12.76 828 11.84 758 10.90 688 9.97 618 9.01 548
13.66 897 12.75 827 11.82 757 10.89 687 9.95 617 9.00 547
13.65 896 12.73 826 11.81 756 10.88 686 9.94 616 8.99 546
13.64 895 12.72 825 11.80 755 10.86 685 9.92 615 8.97 545
13.62 894 12.71 824 11.78 754 10.85 684 9.91 614 8.96 544
13.61 893 12.69 823 11.77 753 10.84 683 9.90 613 8.95 543
13.60 892 12.68 822 11.76 752 10.83 682 9.88 612 8.93 542
13.58 891 12.67 821 11.74 751 10.81 681 9.87 611 8.92 541
13.57 890 12.65 820 11.73 750 10.80 680 9.86 610 8.90 540
13.56 889 12.64 819 11.72 749 10.78 679 9.84 609 8.89 539
13.55 888 12.63 818 11.70 748 10.77 678 9.83 608 8.88 538
13.53 887 12.62 817 11.69 747 10.76 677 9.82 607 8.87 537
13.52 886 12.60 816 11.68 746 10.74 676 9.80 606 8.85 536
13.51 885 12.59 815 11.66 745 10.73 675 9.79 605 8.84 535
13.49 884 12.58 814 11.65 744 10.72 674 9.78 604 8.82 534
13.48 883 12.56 813 11.64 743 10.71 673 9.76 603 8.81 533
13.47 882 12.55 812 11.63 742 10.69 672 9.75 602 8.80 532
13.45 881 12.54 811 11.61 741 10.68 671 9.74 601 8.78 531
13.44 880 12.52 810 11.60 740 10.66 670 9.72 600 8.77 530
13.43 879 12.51 809 11.58 739 10.65 669 9.71 599 8.76 529
13.41 878 12.50 808 11.57 738 10.64 668 9.69 598 8.74 528
13.40 877 12.48 807 11.56 737 10.62 667 9.68 597 8.73 527
13.39 876 12.47 806 11.54 736 10.61 666 9.67 596 8.71 526
13.38 875 12.46 805 11.53 735 10.60 665 9.65 595 8.70 525
13.36 874 12.44 804 11.52 734 10.58 664 9.64 594 8.69 524
13.35 873 12.43 803 11.50 733 10.57 663 9.63 593 8.67 523
13.34 872 12.42 802 11.49 732 10.56 662 9.61 592 8.66 522
13.32 871 12.40 801 11.48 731 10.54 661 9.60 591 8.65 521
8.63 520 7.67 450 6.69 380 5.69 310 4.67 240 3.63 170
8.62 519 7.65 449 6.67 379 5.68 309 4.66 239 3.61 169
8.60 518 7.64 448 6.66 378 5.66 308 4.64 238 3.60 168
8.59 517 7.62 447 6.64 377 5.65 307 4.63 237 3.58 167
8.58 516 7.61 446 6.63 376 5.63 306 4.61 236 3.57 166
8.56 515 7.60 445 6.62 375 5.62 305 4.60 235 3.55 165
8.55 514 7.58 444 6.60 374 5.60 304 4.59 234 3.54 164
8.54 513 7.57 443 6.59 373 5.59 303 4.57 233 3.52 163
8.52 512 7.55 442 6.57 372 5.58 302 4.55 232 3.51 162
8.51 511 7.54 441 6.56 371 5.56 301 4.54 231 3.49 161
8.49 510 7.53 440 6.55 370 5.55 300 4.53 230 3.48 160
8.48 509 7.51 439 6.53 369 5.53 299 4.51 229 3.46 159
8.47 508 7.50 438 6.52 368 5.52 298 4.50 228 3.45 158
8.45 507 7.49 437 6.50 367 5.50 297 4.48 227 3.43 157
8.44 506 7.47 436 6.49 366 5.49 296 4.47 226 3.41 156
8.43 505 7.46 435 6.47 365 5.47 295 4.45 225 3.40 155
8.41 504 7.44 434 6.46 364 5.46 294 4.44 224 3.38 154
8.40 503 7.43 433 6.45 363 5.45 293 4.42 223 3.37 153
8.38 502 7.42 432 6.43 362 5.43 292 4.41 222 3.35 152
8.37 501 7.40 431 6.42 361 5.42 291 4.39 221 3.34 151
8.36 500 7.39 430 6.40 360 5.40 290 4.38 220 3.32 150
8.34 499 7.37 429 6.39 359 5.39 289 4.36 219 3.31 149
8.33 498 7.36 428 6.38 358 5.37 288 4.35 218 3.29 148
8.32 497 7.34 427 6.36 357 5.36 287 4.33 217 3.28 147
8.30 496 7.33 426 6.35 356 5.34 286 4.32 216 3.26 146
8.29 495 7.32 425 6.33 355 5.33 285 4.30 215 3.25 145
8.28 494 7.30 424 6.32 354 5.31 284 4.29 214 3.23 144
8.26 493 7.29 423 6.30 353 5.30 283 4.27 213 3.22 143
8.25 492 7.28 422 6.29 352 5.29 282 4.26 212 3.20 142
8.23 491 7.26 421 6.28 351 5.27 281 4.24 211 3.19 141
8.22 490 7.25 420 6.26 350 5.26 280 4.23 210 3.17 140
8.20 489 7.24 419 6.25 349 5.24 279 4.21 209 3.15 139
8.19 488 7.22 418 6.23 348 5.23 278 4.20 208 3.14 138
8.18 487 7.21 417 6.22 347 5.21 277 4.18 207 3.12 137
8.17 486 7.19 416 6.21 346 5.20 276 4.17 206 3.11 136
8.15 485 7.18 415 6.19 345 5.18 275 4.15 205 3.09 135
8.14 484 7.16 414 6.18 344 5.17 274 4.14 204 3.08 134
8.12 483 7.15 413 6.16 343 5.16 273 4.13 203 3.06 133
8.11 482 7.14 412 6.15 342 5.14 272 4.11 202 3.04 132
8.09 481 7.12 411 6.13 341 5.13 271 4.09 201 3.03 131
8.08 480 7.11 410 6.12 340 5.11 270 4.08 200 3.02 130
8.07 479 7.09 409 6.11 339 5.10 269 4.07 199 3.00 129
8.05 478 7.08 408 6.09 338 5.08 268 4.05 198 2.98 128
8.04 477 7.07 407 6.08 337 5.07 267 4.03 197 2.97 127
8.03 476 7.05 406 6.06 336 5.05 266 4.02 196 2.95 126
8.01 475 7.04 405 6.05 335 5.04 265 4.01 195 2.94 125
8.00 474 7.02 404 6.03 334 5.02 264 3.99 194 2.92 124
7.99 473 7.01 403 6.02 333 5.01 263 3.97 193 2.91 123
7.97 472 6.99 402 6.00 332 5.00 262 3.96 192 2.89 122
7.96 471 6.98 401 5.99 331 4.98 261 3.95 191 2.87 121
7.94 470 6.97 400 5.98 330 4.97 260 3.93 190 2.86 120
7.93 469 6.95 399 5.96 329 4.95 259 3.91 189 2.84 119
7.91 468 6.94 398 5.95 328 4.94 258 3.90 188 2.83 118
7.90 467 6.93 397 5.93 327 4.92 257 3.89 187 2.81 117
7.89 466 6.91 396 5.92 326 4.91 256 3.87 186 2.80 116
7.88 465 6.90 395 5.91 325 4.89 255 3.85 185 2.78 115
7.86 464 6.88 394 5.89 324 4.88 254 3.84 184 2.76 114
7.85 463 6.87 393 5.88 323 4.86 253 3.83 183 2.75 113
7.83 462 6.86 392 5.86 322 4.85 252 3.81 182 2.73 112
7.82 461 6.84 391 5.85 321 4.83 251 3.79 181 2.72 111
7.80 460 6.83 390 5.83 320 4.82 250 3.78 180 2.70 110
7.79 459 6.81 389 5.82 319 4.81 249 3.77 179 2.69 109
7.78 458 6.80 388 5.81 318 4.79 248 3.75 178 2.67 108
7.76 457 6.79 387 5.79 317 4.78 247 3.73 177 2.65 107
7.75 456 6.77 386 5.78 316 4.76 246 3.72 176 2.64 106
7.73 455 6.76 385 5.76 315 4.75 245 3.71 175 2.62 105
7.72 454 6.74 384 5.75 314 4.73 244 3.69 174 2.60 104
7.71 453 6.73 383 5.73 313 4.72 243 3.67 173 2.59 103
7.70 452 6.72 382 5.72 312 4.70 242 3.66 172 2.57 102
7.68 451 6.70 381 5.70 311 4.69 241 3.64 171 2.56 101
2.54 100 2.27 83 1.99 66 1.71 49 1.41 32 1.10 15
2.53 99 2.25 82 1.98 65 1.69 48 1.40 31 1.08 14
2.51 98 2.24 81 1.96 64 1.67 47 1.38 30 1.06 13
2.50 97 2.22 80 1.94 63 1.65 46 1.36 29 1.04 12
2.48 96 2.21 79 1.93 62 1.64 45 1.34 28 1.03 11
2.46 95 2.19 78 1.91 61 1.62 44 1.32 27 1.01 10
2.45 94 2.17 77 1.89 60 1.60 43 1.31 26 0.99 9
2.43 93 2.16 76 1.87 59 1.59 42 1.29 25 0.97 8
2.41 92 2.14 75 1.86 58 1.57 41 1.27 24 0.95 7
2.40 91 2.12 74 1.84 57 1.55 40 1.25 23 0.92 6
2.38 90 2.11 73 1.82 56 1.53 39 1.23 22 0.91 5
2.37 89 2.09 72 1.81 55 1.52 38 1.21 21 0.88 4
2.35 88 2.07 71 1.79 54 1.50 37 1.20 20 0.86 3
2.33 87 2.06 70 1.77 53 1.48 36 1.18 19 0.84 2
2.32 86 2.04 69 1.76 52 1.47 35 1.16 18 0.83 1
2.30 85 2.02 68 1.74 51 1.45 34 1.14 17
2.29 84 2.01 67 1.72 50 1.43 33 1.12 16
