72.03 1300
71.99 1299
71.94 1298
71.89 1297
71.84 1296
71.79 1295
71.75 1294
71.70 1293
71.65 1292
71.60 1291
71.55 1290
71.50 1289
71.46 1288
71.41 1287
71.36 1286
71.31 1285
71.26 1284
71.21 1283
71.17 1282
71.12 1281
71.07 1280
71.02 1279
70.97 1278
70.92 1277
70.88 1276
70.83 1275
70.78 1274
70.73 1273
70.68 1272
70.63 1271
70.59 1270
70.54 1269
70.49 1268
70.44 1267
70.39 1266
70.34 1265
70.29 1264
70.25 1263
70.20 1262
70.15 1261
70.10 1260
70.05 1259
70.00 1258
69.96 1257
69.91 1256
69.86 1255
69.81 1254
69.76 1253
69.71 1252
69.67 1251

69.62 1250
69.57 1249
69.52 1248
69.47 1247
69.42 1246
69.37 1245
69.33 1244
69.28 1243
69.23 1242
69.18 1241
69.13 1240
69.08 1239
69.04 1238
68.99 1237
68.94 1236
68.89 1235
68.84 1234
68.79 1233
68.74 1232
68.70 1231
68.65 1230
68.60 1229
68.55 1228
68.50 1227
68.45 1226
68.40 1225
68.36 1224
68.31 1223
68.26 1222
68.21 1221
68.16 1220
68.11 1219
68.07 1218
68.02 1217
67.97 1216
67.92 1215
67.87 1214
67.82 1213
67.77 1212
67.72 1211
67.68 1210
67.63 1209
67.58 1208
67.53 1207
67.48 1206
67.43 1205
67.38 1204
67.34 1203
67.29 1202
67.24 1201

67.19 1200
67.14 1199
67.09 1198
67.04 1197
67.00 1196
66.95 1195
66.90 1194
66.85 1193
66.80 1192
66.75 1191
66.70 1190
66.66 1189
66.61 1188
66.56 1187
66.51 1186
66.46 1185
66.41 1184
66.36 1183
66.31 1182
66.27 1181
66.22 1180
66.17 1179
66.12 1178
66.07 1177
66.02 1176
65.97 1175
65.92 1174
65.88 1173
65.83 1172
65.78 1171
65.73 1170
65.68 1169
65.63 1168
65.58 1167
65.53 1166
65.49 1165
65.44 1164
65.39 1163
65.34 1162
65.29 1161
65.24 1160
65.19 1159
65.14 1158
65.10 1157
65.05 1156
65.00 1155
64.95 1154
64.90 1153
64.85 1152
64.80 1151

64.75 1150
64.71 1149
64.66 1148
64.61 1147
64.56 1146
64.51 1145
64.46 1144
64.41 1143
64.36 1142
64.31 1141
64.27 1140
64.22 1139
64.17 1138
64.12 1137
64.07 1136
64.02 1135
63.97 1134
63.92 1133
63.88 1132
63.83 1131
63.78 1130
63.73 1129
63.68 1128
63.63 1127
63.58 1126
63.53 1125
63.48 1124
63.44 1123
63.39 1122
63.34 1121
63.29 1120
63.24 1119
63.19 1118
63.14 1117
63.09 1116
63.04 1115
62.99 1114
62.95 1113
62.90 1112
62.85 1111
62.80 1110
62.75 1109
62.70 1108
62.65 1107
62.60 1106
62.55 1105
62.50 1104
62.46 1103
62.41 1102
62.36 1101

62.31 1100
62.26 1099
62.21 1098
62.16 1097
62.11 1096
62.06 1095
62.01 1094
61.97 1093
61.92 1092
61.87 1091
61.82 1090
61.77 1089
61.72 1088
61.67 1087
61.62 1086
61.57 1085
61.52 1084
61.48 1083
61.43 1082
61.38 1081
61.33 1080
61.28 1079
61.23 1078
61.18 1077
61.13 1076
61.08 1075
61.03 1074
60.98 1073
60.93 1072
60.89 1071
60.84 1070
60.79 1069
60.74 1068
60.69 1067
60.64 1066
60.59 1065
60.54 1064
60.49 1063
60.44 1062
60.39 1061
60.35 1060
60.30 1059
60.25 1058
60.20 1057
60.15 1056
60.10 1055
60.05 1054
60.00 1053
59.95 1052
59.90 1051
59.85 1050
59.80 1049
59.75 1048
59.71 1047
59.66 1046
59.61 1045
59.56 1044
59.51 1043
59.46 1042
59.41 1041
59.36 1040
59.31 1039
59.26 1038
59.21 1037
59.16 1036
59.11 1035
59.07 1034
59.02 1033
58.97 1032
58.92 1031
58.87 1030
58.82 1029
58.77 1028
58.72 1027
58.67 1026
58.62 1025
58.57 1024
58.52 1023
58.47 1022
58.42 1021
58.37 1020
58.33 1019
58.28 1018
58.23 1017
58.18 1016
58.13 1015
58.08 1014
58.03 1013
57.98 1012
57.93 1011
57.88 1010
57.83 1009
57.78 1008
57.73 1007
57.68 1006
57.63 1005
57.58 1004
57.54 1003
57.49 1002
57.44 1001

57.39 1000
57.34 999
57.29 998
57.24 997
57.19 996
57.14 995
57.09 994
57.04 993
56.99 992
56.94 991
56.89 990
56.84 989
56.79 988
56.74 987
56.69 986
56.64 985
56.60 984
56.55 983
56.50 982
56.45 981
56.40 980
56.35 979
56.30 978
56.25 977
56.20 976
56.15 975
56.10 974
56.05 973
56.00 972
55.95 971
55.90 970
55.85 969
55.80 968
55.75 967
55.70 966
55.65 965
55.60 964
55.55 963
55.50 962
55.46 961
55.41 960
55.36 959
55.31 958
55.26 957
55.21 956
55.16 955
55.11 954
55.06 953
55.01 952
54.96 951

54.91 950
54.86 949
54.81 948
54.76 947
54.71 946
54.66 945
54.61 944
54.56 943
54.51 942
54.46 941
54.41 940
54.36 939
54.31 938
54.26 937
54.21 936
54.16 935
54.11 934
54.06 933
54.01 932
53.96 931
53.91 930
53.86 929
53.82 928
53.77 927
53.72 926
53.67 925
53.62 924
53.57 923
53.52 922
53.47 921
53.42 920
53.37 919
53.32 918
53.27 917
53.22 916
53.17 915
53.12 914
53.07 913
53.02 912
52.97 911
52.92 910
52.87 909
52.82 908
52.77 907
52.72 906
52.67 905
52.62 904
52.57 903
52.52 902
52.47 901

52.42 900
52.37 899
52.32 898
52.27 897
52.22 896
52.17 895
52.12 894
52.07 893
52.02 892
51.97 891
51.92 890
51.87 889
51.82 888
51.77 887
51.72 886
51.67 885
51.62 884
51.57 883
51.52 882
51.47 881
51.42 880
51.37 879
51.32 878
51.27 877
51.22 876
51.17 875
51.12 874
51.07 873
51.02 872
50.97 871
50.92 870
50.87 869
50.82 868
50.77 867
50.72 866
50.67 865
50.62 864
50.57 863
50.52 862
50.47 861
50.42 860
50.37 859
50.32 858
50.27 857
50.22 856
50.17 855
50.12 854
50.07 853
50.02 852
49.97 851

49.92 850
49.87 849
49.82 848
49.77 847
49.72 846
49.67 845
49.62 844
49.57 843
49.52 842
49.47 841
49.42 840
49.37 839
49.31 838
49.26 837
49.21 836
49.16 835
49.11 834
49.06 833
49.01 832
48.96 831
48.91 830
48.86 829
48.81 828
48.76 827
48.71 826
48.66 825
48.61 824
48.56 823
48.51 822
48.46 821
48.41 820
48.36 819
48.31 818
48.26 817
48.21 816
48.16 815
48.11 814
48.06 813
48.01 812
47.96 811
47.91 810
47.86 809
47.81 808
47.75 807
47.70 806
47.65 805
47.60 804
47.55 803
47.50 802
47.45 801
47.40 800
47.35 799
47.30 798
47.25 797
47.20 796
47.15 795
47.10 794
47.05 793
47.00 792
46.95 791
46.90 790
46.85 789
46.80 788
46.75 787
46.70 786
46.64 785
46.59 784
46.54 783
46.49 782
46.44 781
46.39 780
46.34 779
46.29 778
46.24 777
46.19 776
46.14 775
46.09 774
46.04 773
45.99 772
45.94 771
45.89 770
45.84 769
45.78 768
45.73 767
45.68 766
45.63 765
45.58 764
45.53 763
45.48 762
45.43 761
45.38 760
45.33 759
45.28 758
45.23 757
45.18 756
45.13 755
45.07 754
45.02 753
44.97 752
44.92 751

44.87 750
44.82 749
44.77 748
44.72 747
44.67 746
44.62 745
44.57 744
44.52 743
44.47 742
44.42 741
44.36 740
44.31 739
44.26 738
44.21 737
44.16 736
44.11 735
44.06 734
44.01 733
43.96 732
43.91 731
43.86 730
43.80 729
43.75 728
43.70 727
43.65 726
43.60 725
43.55 724
43.50 723
43.45 722
43.40 721
43.35 720
43.30 719
43.24 718
43.19 717
43.14 716
43.09 715
43.04 714
42.99 713
42.94 712
42.89 711
42.84 710
42.79 709
42.74 708
42.68 707
42.63 706
42.58 705
42.53 704
42.48 703
42.43 702
42.38 701

42.33 700
42.28 699
42.22 698
42.17 697
42.12 696
42.07 695
42.02 694
41.97 693
41.92 692
41.87 691
41.82 690
41.76 689
41.71 688
41.66 687
41.61 686
41.56 685
41.51 684
41.46 683
41.41 682
41.36 681
41.30 680
41.25 679
41.20 678
41.15 677
41.10 676
41.05 675
41.00 674
40.95 673
40.89 672
40.84 671
40.79 670
40.74 669
40.69 668
40.64 667
40.59 666
40.54 665
40.48 664
40.43 663
40.38 662
40.33 661
40.28 660
40.23 659
40.18 658
40.12 657
40.07 656
40.02 655
39.97 654
39.92 653
39.87 652
39.82 651

39.76 650
39.71 649
39.66 648
39.61 647
39.56 646
39.51 645
39.46 644
39.40 643
39.35 642
39.30 641
39.25 640
39.20 639
39.15 638
39.10 637
39.04 636
38.99 635
38.94 634
38.89 633
38.84 632
38.79 631
38.74 630
38.68 629
38.63 628
38.58 627
38.53 626
38.48 625
38.43 624
38.37 623
38.32 622
38.27 621
38.22 620
38.17 619
38.12 618
38.06 617
38.01 616
37.96 615
37.91 614
37.86 613
37.81 612
37.75 611
37.70 610
37.65 609
37.60 608
37.55 607
37.50 606
37.44 605
37.39 604
37.34 603
37.29 602
37.24 601

37.19 600
37.13 599
37.08 598
37.03 597
36.98 596
36.93 595
36.87 594
36.82 593
36.77 592
36.72 591
36.67 590
36.61 589
36.56 588
36.51 587
36.46 586
36.41 585
36.36 584
36.30 583
36.25 582
36.20 581
36.15 580
36.10 579
36.04 578
35.99 577
35.94 576
35.89 575
35.84 574
35.78 573
35.73 572
35.68 571
35.63 570
35.58 569
35.52 568
35.47 567
35.42 566
35.37 565
35.32 564
35.26 563
35.21 562
35.16 561
35.11 560
35.05 559
35.00 558
34.95 557
34.90 556
34.85 555
34.79 554
34.74 553
34.69 552
34.64 551
34.59 550
34.53 549
34.48 548
34.43 547
34.38 546
34.32 545
34.27 544
34.22 543
34.17 542
34.12 541
34.06 540
34.01 539
33.96 538
33.91 537
33.85 536
33.80 535
33.75 534
33.70 533
33.64 532
33.59 531
33.54 530
33.49 529
33.43 528
33.38 527
33.33 526
33.28 525
33.23 524
33.17 523
33.12 522
33.07 521
33.02 520
32.96 519
32.91 518
32.86 517
32.81 516
32.75 515
32.70 514
32.65 513
32.60 512
32.54 511
32.49 510
32.44 509
32.39 508
32.33 507
32.28 506
32.23 505
32.17 504
32.12 503
32.07 502
32.02 501

31.96 500
31.91 499
31.86 498
31.81 497
31.75 496
31.70 495
31.65 494
31.60 493
31.54 492
31.49 491
31.44 490
31.38 489
31.33 488
31.28 487
31.23 486
31.17 485
31.12 484
31.07 483
31.02 482
30.96 481
30.91 480
30.86 479
30.80 478
30.75 477
30.70 476
30.64 475
30.59 474
30.54 473
30.49 472
30.43 471
30.38 470
30.33 469
30.27 468
30.22 467
30.17 466
30.12 465
30.06 464
30.01 463
29.96 462
29.90 461
29.85 460
29.80 459
29.74 458
29.69 457
29.64 456
29.58 455
29.53 454
29.48 453
29.43 452
29.37 451

29.32 450
29.27 449
29.21 448
29.16 447
29.11 446
29.05 445
29.00 444
28.95 443
28.89 442
28.84 441
28.79 440
28.73 439
28.68 438
28.63 437
28.57 436
28.52 435
28.47 434
28.41 433
28.36 432
28.31 431
28.25 430
28.20 429
28.15 428
28.09 427
28.04 426
27.99 425
27.93 424
27.88 423
27.83 422
27.77 421
27.72 420
27.67 419
27.61 418
27.56 417
27.51 416
27.45 415
27.40 414
27.34 413
27.29 412
27.24 411
27.18 410
27.13 409
27.08 408
27.02 407
26.97 406
26.92 405
26.86 404
26.81 403
26.75 402
26.70 401

26.65 400
26.59 399
26.54 398
26.49 397
26.43 396
26.38 395
26.32 394
26.27 393
26.22 392
26.16 391
26.11 390
26.06 389
26.00 388
25.95 387
25.89 386
25.84 385
25.79 384
25.73 383
25.68 382
25.62 381
25.57 380
25.52 379
25.46 378
25.41 377
25.35 376
25.30 375
25.25 374
25.19 373
25.14 372
25.08 371
25.03 370
24.98 369
24.92 368
24.87 367
24.81 366
24.76 365
24.70 364
24.65 363
24.60 362
24.54 361
24.49 360
24.43 359
24.38 358
24.33 357
24.27 356
24.22 355
24.16 354
24.11 353
24.05 352
24.00 351

23.94 350
23.89 349
23.84 348
23.78 347
23.73 346
23.67 345
23.62 344
23.56 343
23.51 342
23.45 341
23.40 340
23.35 339
23.29 338
23.24 337
23.18 336
23.13 335
23.07 334
23.02 333
22.96 332
22.91 331
22.85 330
22.80 329
22.74 328
22.69 327
22.64 326
22.58 325
22.53 324
22.47 323
22.42 322
22.36 321
22.31 320
22.25 319
22.20 318
22.14 317
22.09 316
22.03 315
21.98 314
21.92 313
21.87 312
21.81 311
21.76 310
21.70 309
21.65 308
21.59 307
21.54 306
21.48 305
21.43 304
21.37 303
21.32 302
21.26 301
21.21 300
21.15 299
21.10 298
21.04 297
20.99 296
20.93 295
20.88 294
20.82 293
20.76 292
20.71 291
20.65 290
20.60 289
20.54 288
20.49 287
20.43 286
20.38 285
20.32 284
20.27 283
20.21 282
20.16 281
20.10 280
20.04 279
19.99 278
19.93 277
19.88 276
19.82 275
19.77 274
19.71 273
19.66 272
19.60 271
19.54 270
19.49 269
19.43 268
19.38 267
19.32 266
19.27 265
19.21 264
19.15 263
19.10 262
19.04 261
18.99 260
18.93 259
18.87 258
18.82 257
18.76 256
18.71 255
18.65 254
18.59 253
18.54 252
18.48 251

18.43 250
18.37 249
18.31 248
18.26 247
18.20 246
18.15 245
18.09 244
18.03 243
17.98 242
17.92 241
17.86 240
17.81 239
17.75 238
17.70 237
17.64 236
17.58 235
17.53 234
17.47 233
17.41 232
17.36 231
17.30 230
17.24 229
17.19 228
17.13 227
17.07 226
17.02 225
16.96 224
16.90 223
16.85 222
16.79 221
16.73 220
16.68 219
16.62 218
16.56 217
16.51 216
16.45 215
16.39 214
16.34 213
16.28 212
16.22 211
16.17 210
16.11 209
16.05 208
15.99 207
15.94 206
15.88 205
15.82 204
15.77 203
15.71 202
15.65 201

15.59 200
15.54 199
15.48 198
15.42 197
15.37 196
15.31 195
15.25 194
15.19 193
15.14 192
15.08 191
15.02 190
14.96 189
14.91 188
14.85 187
14.79 186
14.73 185
14.68 184
14.62 183
14.56 182
14.50 181
14.45 180
14.39 179
14.33 178
14.27 177
14.21 176
14.16 175
14.10 174
14.04 173
13.98 172
13.92 171
13.87 170
13.81 169
13.75 168
13.69 167
13.63 166
13.57 165
13.52 164
13.46 163
13.40 162
13.34 161
13.28 160
13.22 159
13.17 158
13.11 157
13.05 156
12.99 155
12.93 154
12.87 153
12.82 152
12.76 151

12.70 150
12.64 149
12.58 148
12.52 147
12.46 146
12.40 145
12.34 144
12.29 143
12.23 142
12.17 141
12.11 140
12.05 139
11.99 138
11.93 137
11.87 136
11.81 135
11.75 134
11.69 133
11.63 132
11.57 131
11.52 130
11.46 129
11.40 128
11.34 127
11.28 126
11.22 125
11.16 124
11.10 123
11.04 122
10.98 121
10.92 120
10.86 119
10.80 118
10.74 117
10.68 116
10.62 115
10.56 114
10.50 113
10.44 112
10.38 111
10.32 110
10.26 109
10.20 108
10.13 107
10.07 106
10.01 105
9.95 104
9.89 103
9.83 102
9.77 101

9.71 100
9.65 99
9.59 98
9.53 97
9.47 96
9.40 95
9.34 94
9.28 93
9.22 92
9.16 91
9.10 90
9.04 89
8.97 88
8.91 87
8.85 86
8.79 85
8.73 84
8.66 83
8.60 82
8.54 81
8.48 80
8.42 79
8.35 78
8.29 77
8.23 76
8.17 75
8.10 74
8.04 73
7.98 72
7.92 71
7.85 70
7.79 69
7.73 68
7.66 67
7.60 66
7.54 65
7.47 64
7.41 63
7.35 62
7.28 61
7.22 60
7.15 59
7.09 58
7.03 57
6.96 56
6.90 55
6.83 54
6.77 53
6.70 52
6.64 51
6.58 50
6.51 49
6.45 48
6.38 47
6.31 46
6.25 45
6.18 44
6.12 43
6.05 42
5.99 41

5.92 40
5.85 39
5.79 38
5.72 37
5.65 36
5.59 35
5.52 34
5.45 33
5.38 32
5.32 31

5.25 30
5.18 29
5.11 28
5.04 27
4.98 26
4.91 25
4.84 24
4.77 23
4.70 22
4.63 21

4.56 20
4.49 19
4.42 18
4.34 17
4.27 16
4.20 15
4.13 14
4.05 13
3.98 12
3.91 11

3.83 10
3.76 9
3.68 8
3.60 7
3.52 6
3.45 5
3.36 4
3.28 3
3.20 2
3.11 1
