78.30 1500 75.14 1430 71.97 1360 68.77 1290 65.57 1220 62.34 1150
78.26 1499 75.09 1429 71.92 1359 68.73 1289 65.52 1219 62.30 1149
78.21 1498 75.05 1428 71.88 1358 68.68 1288 65.48 1218 62.25 1148
78.17 1497 75.00 1427 71.83 1357 68.63 1287 65.43 1217 62.21 1147
78.12 1496 74.95 1426 71.78 1356 68.59 1286 65.38 1216 62.16 1146
78.08 1495 74.91 1425 71.74 1355 68.54 1285 65.34 1215 62.12 1145
78.03 1494 74.86 1424 71.69 1354 68.50 1284 65.29 1214 62.07 1144
77.98 1493 74.83 1423 71.64 1353 68.46 1283 65.24 1213 62.02 1143
77.94 1492 74.78 1422 71.60 1352 68.41 1282 65.20 1212 61.98 1142
77.89 1491 74.73 1421 71.55 1351 68.36 1281 65.15 1211 61.93 1141
77.85 1490 74.69 1420 71.51 1350 68.32 1280 65.10 1210 61.88 1140
77.80 1489 74.64 1419 71.46 1349 68.27 1279 65.06 1209 61.84 1139
77.76 1488 74.60 1418 71.41 1348 68.23 1278 65.02 1208 61.79 1138
77.71 1487 74.55 1417 71.37 1347 68.18 1277 64.97 1207 61.74 1137
77.66 1486 74.50 1416 71.33 1346 68.13 1276 64.93 1206 61.70 1136
77.63 1485 74.46 1415 71.29 1345 68.09 1275 64.88 1205 61.65 1135
77.58 1484 74.41 1414 71.24 1344 68.04 1274 64.83 1204 61.60 1134
77.54 1483 74.37 1413 71.19 1343 67.99 1273 64.79 1203 61.56 1133
77.49 1482 74.32 1412 71.15 1342 67.95 1272 64.74 1202 61.52 1132
77.45 1481 74.28 1411 71.10 1341 67.90 1271 64.70 1201 61.47 1131
77.40 1480 74.23 1410 71.05 1340 67.85 1270 64.65 1200 61.42 1130
77.35 1479 74.18 1409 71.01 1339 67.82 1269 64.60 1199 61.38 1129
77.31 1478 74.14 1408 70.96 1338 67.77 1268 64.56 1198 61.33 1128
77.26 1477 74.10 1407 70.92 1337 67.73 1267 64.51 1197 61.28 1127
77.22 1476 74.06 1406 70.87 1336 67.68 1266 64.46 1196 61.24 1126
77.17 1475 74.01 1405 70.82 1335 67.63 1265 64.42 1195 61.19 1125
77.12 1474 73.96 1404 70.78 1334 67.59 1264 64.37 1194 61.14 1124
77.08 1473 73.92 1403 70.73 1333 67.54 1263 64.33 1193 61.10 1123
77.03 1472 73.87 1402 70.69 1332 67.49 1262 64.29 1192 61.05 1122
76.99 1471 73.83 1401 70.64 1331 67.45 1261 64.24 1191 61.00 1121
76.94 1470 73.78 1400 70.60 1330 67.40 1260 64.19 1190 60.96 1120
76.91 1469 73.73 1399 70.56 1329 67.35 1259 64.15 1189 60.91 1119
76.86 1468 73.69 1398 70.51 1328 67.31 1258 64.10 1188 60.86 1118
76.81 1467 73.64 1397 70.46 1327 67.26 1257 64.05 1187 60.82 1117
76.77 1466 73.60 1396 70.42 1326 67.21 1256 64.01 1186 60.78 1116
76.72 1465 73.55 1395 70.37 1325 67.17 1255 63.96 1185 60.73 1115
76.68 1464 73.50 1394 70.33 1324 67.13 1254 63.91 1184 60.68 1114
76.63 1463 73.46 1393 70.28 1323 67.09 1253 63.87 1183 60.64 1113
76.59 1462 73.42 1392 70.23 1322 67.04 1252 63.82 1182 60.59 1112
76.54 1461 73.38 1391 70.19 1321 66.99 1251 63.77 1181 60.54 1111
76.49 1460 73.33 1390 70.14 1320 66.95 1250 63.72 1180 60.50 1110
76.45 1459 73.28 1389 70.09 1319 66.90 1249 63.68 1179 60.45 1109
76.40 1458 73.24 1388 70.05 1318 66.85 1248 63.64 1178 60.40 1108
76.36 1457 73.19 1387 70.00 1317 66.81 1247 63.59 1177 60.36 1107
76.31 1456 73.15 1386 69.96 1316 66.76 1246 63.55 1176 60.31 1106
76.26 1455 73.10 1385 69.92 1315 66.71 1245 63.50 1175 60.26 1105
76.23 1454 73.05 1384 69.87 1314 66.67 1244 63.45 1174 60.21 1104
76.18 1453 73.01 1383 69.83 1313 66.62 1243 63.41 1173 60.17 1103
76.14 1452 72.96 1382 69.78 1312 66.57 1242 63.36 1172 60.13 1102
76.09 1451 72.92 1381 69.73 1311 66.53 1241 63.31 1171 60.08 1101
76.05 1450 72.87 1380 69.69 1310 66.48 1240 63.27 1170 60.04 1100
76.00 1449 72.82 1379 69.64 1309 66.44 1239 63.22 1169 59.99 1099
75.95 1448 72.78 1378 69.60 1308 66.40 1238 63.17 1168 59.94 1098
75.91 1447 72.73 1377 69.55 1307 66.35 1237 63.13 1167 59.90 1097
75.86 1446 72.69 1376 69.50 1306 66.31 1236 63.08 1166 59.85 1096
75.82 1445 72.65 1375 69.46 1305 66.26 1235 63.03 1165 59.80 1095
75.77 1444 72.60 1374 69.41 1304 66.21 1234 62.99 1164 59.75 1094
75.72 1443 72.56 1373 69.36 1303 66.17 1233 62.94 1163 59.71 1093
75.68 1442 72.51 1372 69.32 1302 66.12 1232 62.90 1162 59.66 1092
75.63 1441 72.46 1371 69.27 1301 66.07 1231 62.86 1161 59.61 1091
75.59 1440 72.42 1370 69.24 1300 66.03 1230 62.81 1160 59.57 1090
75.54 1439 72.37 1369 69.19 1299 65.98 1229 62.76 1159 59.52 1089
75.50 1438 72.33 1368 69.14 1298 65.93 1228 62.72 1158 59.47 1088
75.46 1437 72.28 1367 69.10 1297 65.89 1227 62.67 1157 59.43 1087
75.41 1436 72.23 1366 69.05 1296 65.84 1226 62.62 1156 59.39 1086
75.37 1435 72.19 1365 69.00 1295 65.79 1225 62.58 1155 59.34 1085
75.32 1434 72.14 1364 68.96 1294 65.75 1224 62.53 1154 59.29 1084
75.28 1433 72.10 1363 68.91 1293 65.71 1223 62.48 1153 59.25 1083
75.23 1432 72.05 1362 68.86 1292 65.66 1222 62.44 1152 59.20 1082
75.18 1431 72.01 1361 68.82 1291 65.62 1221 62.39 1151 59.15 1081
59.11 1080 55.85 1010 52.56 940 49.26 870 45.94 800 42.59 730
59.06 1079 55.80 1009 52.51 939 49.21 869 45.89 799 42.54 729
59.01 1078 55.75 1008 52.47 938 49.17 868 45.84 798 42.49 728
58.96 1077 55.71 1007 52.43 937 49.12 867 45.79 797 42.44 727
58.92 1076 55.66 1006 52.38 936 49.07 866 45.74 796 42.39 726
58.87 1075 55.61 1005 52.33 935 49.02 865 45.70 795 42.34 725
58.82 1074 55.56 1004 52.29 934 48.97 864 45.65 794 42.29 724
58.78 1073 55.52 1003 52.24 933 48.94 863 45.60 793 42.25 723
58.74 1072 55.47 1002 52.19 932 48.89 862 45.55 792 42.20 722
58.69 1071 55.42 1001 52.14 931 48.84 861 45.50 791 42.15 721
58.64 1070 55.38 1000 52.10 930 48.79 860 45.46 790 42.10 720
58.60 1069 55.33 999 52.05 929 48.74 859 45.42 789 42.05 719
58.55 1068 55.28 998 52.00 928 48.70 858 45.37 788 42.00 718
58.50 1067 55.24 997 51.95 927 48.65 857 45.32 787 41.96 717
58.46 1066 55.20 996 51.90 926 48.60 856 45.27 786 41.91 716
58.41 1065 55.15 995 51.86 925 48.55 855 45.22 785 41.86 715
58.36 1064 55.10 994 51.81 924 48.50 854 45.17 784 41.82 714
58.31 1063 55.05 993 51.76 923 48.46 853 45.12 783 41.77 713
58.27 1062 55.01 992 51.72 922 48.41 852 45.08 782 41.72 712
58.22 1061 54.96 991 51.68 921 48.36 851 45.03 781 41.67 711
58.17 1060 54.91 990 51.63 920 48.31 850 44.98 780 41.62 710
58.13 1059 54.86 989 51.58 919 48.26 849 44.93 779 41.57 709
58.08 1058 54.82 988 51.53 918 48.22 848 44.88 778 41.52 708
58.04 1057 54.77 987 51.48 917 48.18 847 44.83 777 41.47 707
57.99 1056 54.72 986 51.44 916 48.13 846 44.79 776 41.42 706
57.95 1055 54.67 985 51.39 915 48.08 845 44.75 775 41.38 705
57.90 1054 54.63 984 51.34 914 48.03 844 44.70 774 41.33 704
57.85 1053 54.58 983 51.29 913 47.98 843 44.65 773 41.28 703
57.81 1052 54.54 982 51.25 912 47.94 842 44.60 772 41.24 702
57.76 1051 54.49 981 51.20 911 47.89 841 44.55 771 41.19 701
57.71 1050 54.45 980 51.15 910 47.84 840 44.50 770 41.14 700
57.66 1049 54.40 979 51.10 909 47.79 839 44.46 769 41.09 699
57.62 1048 54.35 978 51.05 908 47.74 838 44.41 768 41.04 698
57.57 1047 54.30 977 51.02 907 47.70 837 44.36 767 40.99 697
57.52 1046 54.26 976 50.97 906 47.65 836 44.31 766 40.94 696
57.47 1045 54.21 975 50.92 905 47.60 835 44.26 765 40.90 695
57.43 1044 54.16 974 50.87 904 47.56 834 44.21 764 40.85 694
57.38 1043 54.11 973 50.82 903 47.51 833 44.16 763 40.80 693
57.34 1042 54.07 972 50.78 902 47.46 832 44.12 762 40.75 692
57.30 1041 54.02 971 50.73 901 47.42 831 44.07 761 40.70 691
57.25 1040 53.97 970 50.68 900 47.37 830 44.03 760 40.65 690
57.20 1039 53.92 969 50.63 899 47.32 829 43.98 759 40.60 689
57.15 1038 53.88 968 50.59 898 47.27 828 43.93 758 40.56 688
57.11 1037 53.84 967 50.54 897 47.22 827 43.88 757 40.51 687
57.06 1036 53.79 966 50.49 896 47.17 826 43.83 756 40.46 686
57.01 1035 53.74 965 50.44 895 47.13 825 43.79 755 40.42 685
56.97 1034 53.70 964 50.39 894 47.08 824 43.74 754 40.37 684
56.92 1033 53.65 963 50.35 893 47.03 823 43.69 753 40.32 683
56.87 1032 53.60 962 50.31 892 46.98 822 43.64 752 40.27 682
56.82 1031 53.55 961 50.26 891 46.93 821 43.59 751 40.22 681
56.78 1030 53.51 960 50.21 890 46.89 820 43.54 750 40.17 680
56.73 1029 53.46 959 50.16 889 46.85 819 43.49 749 40.12 679
56.68 1028 53.41 958 50.12 888 46.80 818 43.44 748 40.07 678
56.64 1027 53.36 957 50.07 887 46.75 817 43.40 747 40.02 677
56.60 1026 53.31 956 50.02 886 46.70 816 43.36 746 39.97 676
56.55 1025 53.27 955 49.97 885 46.65 815 43.31 745 39.92 675
56.50 1024 53.22 954 49.92 884 46.61 814 43.26 744 39.87 674
56.45 1023 53.17 953 49.88 883 46.56 813 43.21 743 39.84 673
56.41 1022 53.13 952 49.83 882 46.51 812 43.16 742 39.79 672
56.36 1021 53.09 951 49.78 881 46.46 811 43.11 741 39.74 671
56.31 1020 53.04 950 49.73 880 46.41 810 43.06 740 39.69 670
56.27 1019 52.99 949 49.68 879 46.36 809 43.02 739 39.64 669
56.22 1018 52.94 948 49.65 878 46.32 808 42.97 738 39.59 668
56.17 1017 52.90 947 49.60 877 46.27 807 42.92 737 39.54 667
56.12 1016 52.85 946 49.55 876 46.22 806 42.87 736 39.49 666
56.08 1015 52.80 945 49.50 875 46.17 805 42.82 735 39.44 665
56.03 1014 52.75 944 49.45 874 46.13 804 42.77 734 39.39 664
55.98 1013 52.71 943 49.41 873 46.08 803 42.72 733 39.34 663
55.94 1012 52.66 942 49.36 872 46.04 802 42.67 732 39.29 662
55.90 1011 52.61 941 49.31 871 45.99 801 42.64 731 39.25 661
39.20 660 35.78 590 32.33 520 28.83 450 25.29 380 21.68 310
39.16 659 35.73 589 32.28 519 28.78 449 25.24 379 21.64 309
39.11 658 35.68 588 32.23 518 28.73 448 25.18 378 21.59 308
39.06 657 35.64 587 32.18 517 28.68 447 25.14 377 21.53 307
39.01 656 35.59 586 32.14 516 28.64 446 25.09 376 21.48 306
38.96 655 35.54 585 32.09 515 28.59 445 25.04 375 21.43 305
38.91 654 35.49 584 32.04 514 28.54 444 24.99 374 21.37 304
38.86 653 35.44 583 31.99 513 28.49 443 24.94 373 21.32 303
38.81 652 35.39 582 31.94 512 28.44 442 24.88 372 21.27 302
38.76 651 35.34 581 31.89 511 28.39 441 24.83 371 21.22 301
38.71 650 35.29 580 31.84 510 28.33 440 24.78 370 21.16 300
38.66 649 35.24 579 31.79 509 28.28 439 24.73 369 21.11 299
38.61 648 35.19 578 31.74 508 28.23 438 24.68 368 21.06 298
38.57 647 35.14 577 31.68 507 28.18 437 24.62 367 21.00 297
38.52 646 35.09 576 31.63 506 28.13 436 24.57 366 20.96 296
38.47 645 35.04 575 31.58 505 28.08 435 24.52 365 20.91 295
38.43 644 34.99 574 31.53 504 28.03 434 24.48 364 20.86 294
38.38 643 34.95 573 31.48 503 27.98 433 24.43 363 20.80 293
38.33 642 34.90 572 31.44 502 27.93 432 24.37 362 20.75 292
38.28 641 34.86 571 31.39 501 27.88 431 24.32 361 20.70 291
38.23 640 34.81 570 31.34 500 27.83 430 24.27 360 20.64 290
38.18 639 34.76 569 31.29 499 27.78 429 24.22 359 20.59 289
38.13 638 34.71 568 31.24 498 27.73 428 24.17 358 20.54 288
38.08 637 34.66 567 31.19 497 27.68 427 24.11 357 20.48 287
38.03 636 34.61 566 31.14 496 27.63 426 24.06 356 20.43 286
37.98 635 34.56 565 31.09 495 27.58 425 24.01 355 20.38 285
37.93 634 34.51 564 31.04 494 27.53 424 23.96 354 20.32 284
37.88 633 34.46 563 30.99 493 27.47 423 23.91 353 20.28 283
37.83 632 34.41 562 30.94 492 27.42 422 23.85 352 20.23 282
37.79 631 34.36 561 30.89 491 27.37 421 23.80 351 20.17 281
37.75 630 34.31 560 30.84 490 27.32 420 23.76 350 20.12 280
37.70 629 34.27 559 30.79 489 27.28 419 23.71 349 20.07 279
37.65 628 34.22 558 30.74 488 27.23 418 23.65 348 20.02 278
37.60 627 34.17 557 30.69 487 27.18 417 23.60 347 19.96 277
37.55 626 34.12 556 30.64 486 27.12 416 23.55 346 19.91 276
37.50 625 34.07 555 30.59 485 27.07 415 23.50 345 19.86 275
37.45 624 34.02 554 30.54 484 27.02 414 23.45 344 19.80 274
37.40 623 33.97 553 30.49 483 26.97 413 23.39 343 19.75 273
37.35 622 33.92 552 30.44 482 26.92 412 23.34 342 19.70 272
37.30 621 33.87 551 30.39 481 26.87 411 23.29 341 19.64 271
37.25 620 33.82 550 30.34 480 26.82 410 23.24 340 19.59 270
37.20 619 33.77 549 30.29 479 26.76 409 23.18 339 19.55 269
37.15 618 33.72 548 30.24 478 26.71 408 23.13 338 19.49 268
37.10 617 33.67 547 30.19 477 26.66 407 23.08 337 19.44 267
37.06 616 33.62 546 30.14 476 26.61 406 23.04 336 19.38 266
37.01 615 33.57 545 30.09 475 26.57 405 22.99 335 19.33 265
36.96 614 33.52 544 30.05 474 26.52 404 22.93 334 19.28 264
36.91 613 33.47 543 29.99 473 26.47 403 22.88 333 19.22 263
36.86 612 33.42 542 29.94 472 26.41 402 22.83 332 19.17 262
36.81 611 33.37 541 29.89 471 26.36 401 22.78 331 19.12 261
36.77 610 33.32 540 29.84 470 26.31 400 22.72 330 19.06 260
36.72 609 33.27 539 29.79 469 26.26 399 22.67 329 19.01 259
36.67 608 33.22 538 29.74 468 26.21 398 22.62 328 18.96 258
36.62 607 33.17 537 29.69 467 26.16 397 22.57 327 18.90 257
36.57 606 33.12 536 29.64 466 26.11 396 22.51 326 18.86 256
36.52 605 33.07 535 29.59 465 26.05 395 22.46 325 18.81 255
36.47 604 33.02 534 29.54 464 26.00 394 22.41 324 18.75 254
36.42 603 32.97 533 29.49 463 25.95 393 22.37 323 18.70 253
36.37 602 32.92 532 29.44 462 25.90 392 22.31 322 18.64 252
36.33 601 32.87 531 29.38 461 25.86 391 22.26 321 18.59 251
36.28 600 32.83 530 29.34 460 25.81 390 22.21 320 18.54 250
36.23 599 32.78 529 29.29 459 25.75 389 22.16 319 18.48 249
36.18 598 32.73 528 29.24 458 25.70 388 22.10 318 18.43 248
36.13 597 32.68 527 29.19 457 25.65 387 22.05 317 18.38 247
36.08 596 32.63 526 29.14 456 25.60 386 22.00 316 18.32 246
36.03 595 32.58 525 29.09 455 25.55 385 21.94 315 18.27 245
35.98 594 32.53 524 29.04 454 25.50 384 21.89 314 18.21 244
35.93 593 32.48 523 28.99 453 25.44 383 21.84 313 18.17 243
35.88 592 32.43 522 28.94 452 25.39 382 21.79 312 18.12 242
35.83 591 32.38 521 28.89 451 25.34 381 21.73 311 18.06 241
18.01 240 15.86 200 13.67 160 11.43 120 9.12 80 6.71 40
17.95 239 15.81 199 13.62 159 11.38 119 9.08 79 6.65 39
17.90 238 15.75 198 13.56 158 11.32 118 9.02 78 6.58 38
17.85 237 15.70 197 13.51 157 11.26 117 8.96 77 6.52 37
17.79 236 15.64 196 13.45 156 11.20 116 8.90 76 6.46 36
17.74 235 15.59 195 13.39 155 11.16 115 8.84 75 6.39 35
17.68 234 15.53 194 13.34 154 11.10 114 8.78 74 6.33 34
17.63 233 15.48 193 13.29 153 11.04 113 8.72 73 6.27 33
17.58 232 15.42 192 13.23 152 10.98 112 8.66 72 6.21 32
17.52 231 15.38 191 13.18 151 10.93 111 8.60 71 6.14 31
17.48 230 15.32 190 13.12 150 10.87 110 8.53 70 6.08 30
17.42 229 15.27 189 13.07 149 10.81 109 8.47 69 6.01 29
17.37 228 15.21 188 13.01 148 10.75 108 8.41 68 5.95 28
17.31 227 15.15 187 12.95 147 10.69 107 8.36 67 5.88 27
17.26 226 15.10 186 12.90 146 10.64 106 8.30 66 5.81 26
17.21 225 15.04 185 12.84 145 10.58 105 8.24 65 5.75 25
17.15 224 14.99 184 12.78 144 10.52 104 8.18 64 5.68 24
17.10 223 14.93 183 12.73 143 10.47 103 8.12 63 5.62 23
17.04 222 14.88 182 12.67 142 10.41 102 8.06 62 5.56 22
16.99 221 14.82 181 12.61 141 10.35 101 8.00 61 5.49 21
16.93 220 14.77 180 12.57 140 10.30 100 7.94 60 5.42 20
16.88 219 14.71 179 12.51 139 10.24 99 7.88 59 5.36 19
16.82 218 14.67 178 12.45 138 10.18 98 7.81 58 5.29 18
16.78 217 14.61 177 12.40 137 10.12 97 7.75 57 5.22 17
16.73 216 14.56 176 12.34 136 10.06 96 7.70 56 5.15 16
16.67 215 14.50 175 12.28 135 10.00 95 7.64 55 5.08 15
16.62 214 14.44 174 12.23 134 9.94 94 7.58 54 5.01 14
16.56 213 14.39 173 12.17 133 9.89 93 7.52 53 4.94 13
16.51 212 14.33 172 12.11 132 9.83 92 7.45 52 4.88 12
16.45 211 14.28 171 12.05 131 9.78 91 7.39 51 4.81 11
16.40 210 14.22 170 12.00 130 9.72 90 7.33 50 4.74 10
16.34 209 14.17 169 11.94 129 9.66 89 7.27 49 4.67 9
16.29 208 14.11 168 11.89 128 9.60 88 7.20 48 4.59 8
16.23 207 14.05 167 11.84 127 9.54 87 7.14 47 4.52 7
16.18 206 14.00 166 11.78 126 9.48 86 7.08 46 4.44 6
16.12 205 13.95 165 11.72 125 9.42 85 7.02 45 4.37 5
16.08 204 13.90 164 11.66 124 9.36 84 6.96 44 4.29 4
16.03 203 13.84 163 11.61 123 9.30 83 6.90 43 4.21 3
15.97 202 13.79 162 11.55 122 9.24 82 6.84 42 4.14 2
15.92 201 13.73 161 11.49 121 9.18 81 6.77 41 4.05 1
