72.10 1500 69.20 1430 66.28 1360 63.33 1290 60.38 1220 57.41 1150
72.07 1499 69.15 1429 66.23 1359 63.30 1289 60.34 1219 57.38 1149
72.02 1498 69.12 1428 66.19 1358 63.25 1288 60.30 1218 57.33 1148
71.99 1497 69.07 1427 66.15 1357 63.21 1287 60.26 1217 57.29 1147
71.94 1496 69.03 1426 66.10 1356 63.17 1286 60.21 1216 57.24 1146
71.90 1495 68.99 1425 66.07 1355 63.12 1285 60.17 1215 57.20 1145
71.86 1494 68.94 1424 66.02 1354 63.08 1284 60.13 1214 57.16 1144
71.81 1493 68.91 1423 65.98 1353 63.04 1283 60.08 1213 57.11 1143
71.78 1492 68.86 1422 65.94 1352 63.00 1282 60.05 1212 57.08 1142
71.73 1491 68.82 1421 65.89 1351 62.95 1281 60.00 1211 57.03 1141
71.70 1490 68.78 1420 65.86 1350 62.92 1280 59.96 1210 56.99 1140
71.65 1489 68.74 1419 65.81 1349 62.87 1279 59.92 1209 56.95 1139
71.61 1488 68.70 1418 65.77 1348 62.83 1278 59.87 1208 56.91 1138
71.57 1487 68.65 1417 65.73 1347 62.79 1277 59.83 1207 56.86 1137
71.52 1486 68.61 1416 65.69 1346 62.74 1276 59.79 1206 56.82 1136
71.49 1485 68.57 1415 65.65 1345 62.71 1275 59.75 1205 56.78 1135
71.44 1484 68.53 1414 65.60 1344 62.66 1274 59.70 1204 56.73 1134
71.41 1483 68.49 1413 65.56 1343 62.62 1273 59.67 1203 56.70 1133
71.36 1482 68.45 1412 65.52 1342 62.58 1272 59.62 1202 56.65 1132
71.32 1481 68.41 1411 65.48 1341 62.53 1271 59.58 1201 56.61 1131
71.28 1480 68.36 1410 65.43 1340 62.49 1270 59.54 1200 56.56 1130
71.23 1479 68.32 1409 65.39 1339 62.45 1269 59.49 1199 56.52 1129
71.20 1478 68.28 1408 65.35 1338 62.41 1268 59.46 1198 56.48 1128
71.15 1477 68.24 1407 65.31 1337 62.37 1267 59.41 1197 56.43 1127
71.11 1476 68.20 1406 65.27 1336 62.33 1266 59.37 1196 56.40 1126
71.07 1475 68.15 1405 65.22 1335 62.28 1265 59.33 1195 56.35 1125
71.02 1474 68.11 1404 65.19 1334 62.24 1264 59.28 1194 56.31 1124
70.99 1473 68.07 1403 65.14 1333 62.20 1263 59.24 1193 56.27 1123
70.94 1472 68.03 1402 65.10 1332 62.15 1262 59.20 1192 56.22 1122
70.91 1471 67.99 1401 65.06 1331 62.12 1261 59.16 1191 56.18 1121
70.86 1470 67.95 1400 65.01 1330 62.07 1260 59.11 1190 56.14 1120
70.82 1469 67.90 1399 64.98 1329 62.03 1259 59.08 1189 56.10 1119
70.78 1468 67.86 1398 64.93 1328 61.99 1258 59.03 1188 56.05 1118
70.73 1467 67.82 1397 64.89 1327 61.94 1257 58.98 1187 56.01 1117
70.70 1466 67.78 1396 64.85 1326 61.90 1256 58.95 1186 55.97 1116
70.65 1465 67.74 1395 64.80 1325 61.86 1255 58.90 1185 55.92 1115
70.62 1464 67.69 1394 64.77 1324 61.82 1254 58.86 1184 55.88 1114
70.57 1463 67.66 1393 64.72 1323 61.78 1253 58.82 1183 55.84 1113
70.53 1462 67.61 1392 64.68 1322 61.74 1252 58.78 1182 55.80 1112
70.49 1461 67.57 1391 64.64 1321 61.69 1251 58.73 1181 55.75 1111
70.44 1460 67.53 1390 64.60 1320 61.65 1250 58.68 1180 55.72 1110
70.41 1459 67.48 1389 64.55 1319 61.61 1249 58.65 1179 55.67 1109
70.36 1458 67.45 1388 64.51 1318 61.56 1248 58.60 1178 55.63 1108
70.32 1457 67.40 1387 64.47 1317 61.53 1247 58.56 1177 55.59 1107
70.28 1456 67.36 1386 64.43 1316 61.48 1246 58.52 1176 55.54 1106
70.23 1455 67.32 1385 64.39 1315 61.44 1245 58.48 1175 55.50 1105
70.20 1454 67.27 1384 64.34 1314 61.40 1244 58.43 1174 55.45 1104
70.15 1453 67.24 1383 64.30 1313 61.35 1243 58.39 1173 55.42 1103
70.12 1452 67.19 1382 64.26 1312 61.31 1242 58.35 1172 55.37 1102
70.07 1451 67.16 1381 64.21 1311 61.27 1241 58.30 1171 55.33 1101
70.03 1450 67.11 1380 64.18 1310 61.23 1240 58.27 1170 55.29 1100
69.99 1449 67.07 1379 64.13 1309 61.18 1239 58.22 1169 55.24 1099
69.94 1448 67.03 1378 64.10 1308 61.15 1238 58.18 1168 55.20 1098
69.91 1447 66.98 1377 64.05 1307 61.10 1237 58.14 1167 55.16 1097
69.86 1446 66.94 1376 64.01 1306 61.06 1236 58.09 1166 55.12 1096
69.83 1445 66.90 1375 63.97 1305 61.02 1235 58.05 1165 55.07 1095
69.78 1444 66.86 1374 63.92 1304 60.97 1234 58.01 1164 55.03 1094
69.73 1443 66.82 1373 63.88 1303 60.94 1233 57.97 1163 54.99 1093
69.70 1442 66.77 1372 63.84 1302 60.89 1232 57.92 1162 54.94 1092
69.65 1441 66.73 1371 63.80 1301 60.85 1231 57.89 1161 54.90 1091
69.62 1440 66.69 1370 63.76 1300 60.81 1230 57.84 1160 54.86 1090
69.57 1439 66.65 1369 63.71 1299 60.76 1229 57.80 1159 54.82 1089
69.53 1438 66.61 1368 63.67 1298 60.72 1228 57.76 1158 54.77 1088
69.49 1437 66.57 1367 63.63 1297 60.68 1227 57.71 1157 54.73 1087
69.44 1436 66.52 1366 63.59 1296 60.64 1226 57.67 1156 54.69 1086
69.41 1435 66.48 1365 63.54 1295 60.59 1225 57.63 1155 54.64 1085
69.36 1434 66.44 1364 63.51 1294 60.56 1224 57.59 1154 54.60 1084
69.33 1433 66.40 1363 63.46 1293 60.51 1223 57.54 1153 54.56 1083
69.28 1432 66.36 1362 63.42 1292 60.46 1222 57.50 1152 54.52 1082
69.24 1431 66.31 1361 63.38 1291 60.43 1221 57.46 1151 54.47 1081
54.44 1080 51.43 1010 48.41 940 45.37 870 42.31 800 39.22 730
54.39 1079 51.39 1009 48.36 939 45.32 869 42.26 799 39.17 729
54.34 1078 51.34 1008 48.33 938 45.28 868 42.21 798 39.13 728
54.30 1077 51.30 1007 48.28 937 45.24 867 42.17 797 39.08 727
54.26 1076 51.26 1006 48.23 936 45.19 866 42.12 796 39.04 726
54.22 1075 51.21 1005 48.19 935 45.15 865 42.09 795 38.99 725
54.17 1074 51.17 1004 48.15 934 45.10 864 42.04 794 38.95 724
54.14 1073 51.13 1003 48.11 933 45.07 863 42.00 793 38.91 723
54.09 1072 51.09 1002 48.06 932 45.02 862 41.95 792 38.86 722
54.05 1071 51.04 1001 48.02 931 44.98 861 41.91 791 38.82 721
54.00 1070 51.00 1000 47.98 930 44.93 860 41.86 790 38.77 720
53.96 1069 50.96 999 47.93 929 44.88 859 41.82 789 38.73 719
53.92 1068 50.91 998 47.89 928 44.85 858 41.78 788 38.68 718
53.87 1067 50.87 997 47.84 927 44.80 857 41.73 787 38.64 717
53.84 1066 50.83 996 47.80 926 44.76 856 41.69 786 38.59 716
53.79 1065 50.79 995 47.76 925 44.71 855 41.64 785 38.55 715
53.75 1064 50.74 994 47.72 924 44.67 854 41.60 784 38.51 714
53.70 1063 50.70 993 47.67 923 44.63 853 41.55 783 38.47 713
53.66 1062 50.66 992 47.63 922 44.58 852 41.52 782 38.42 712
53.62 1061 50.61 991 47.59 921 44.54 851 41.47 781 38.37 711
53.57 1060 50.57 990 47.54 920 44.49 850 41.43 780 38.33 710
53.54 1059 50.52 989 47.50 919 44.45 849 41.38 779 38.28 709
53.49 1058 50.49 988 47.45 918 44.40 848 41.33 778 38.24 708
53.45 1057 50.44 987 47.41 917 44.37 847 41.29 777 38.19 707
53.40 1056 50.40 986 47.37 916 44.32 846 41.25 776 38.15 706
53.36 1055 50.35 985 47.33 915 44.28 845 41.21 775 38.11 705
53.32 1054 50.31 984 47.28 914 44.23 844 41.16 774 38.07 704
53.27 1053 50.27 983 47.24 913 44.19 843 41.12 773 38.02 703
53.24 1052 50.22 982 47.20 912 44.15 842 41.07 772 37.97 702
53.19 1051 50.18 981 47.15 911 44.10 841 41.03 771 37.93 701
53.15 1050 50.14 980 47.11 910 44.06 840 40.98 770 37.88 700
53.10 1049 50.10 979 47.06 909 44.01 839 40.94 769 37.84 699
53.06 1048 50.05 978 47.02 908 43.97 838 40.90 768 37.79 698
53.02 1047 50.01 977 46.98 907 43.93 837 40.85 767 37.75 697
52.97 1046 49.97 976 46.94 906 43.89 836 40.81 766 37.70 696
52.93 1045 49.92 975 46.89 905 43.84 835 40.76 765 37.67 695
52.89 1044 49.88 974 46.85 904 43.79 834 40.72 764 37.62 694
52.85 1043 49.83 973 46.80 903 43.75 833 40.67 763 37.58 693
52.80 1042 49.80 972 46.76 902 43.70 832 40.64 762 37.53 692
52.77 1041 49.75 971 46.72 901 43.67 831 40.59 761 37.48 691
52.72 1040 49.71 970 46.67 900 43.62 830 40.54 760 37.44 690
52.67 1039 49.66 969 46.63 899 43.58 829 40.50 759 37.39 689
52.63 1038 49.62 968 46.59 898 43.53 828 40.45 758 37.35 688
52.59 1037 49.58 967 46.55 897 43.49 827 40.41 757 37.30 687
52.55 1036 49.53 966 46.50 896 43.44 826 40.36 756 37.26 686
52.50 1035 49.49 965 46.45 895 43.40 825 40.33 755 37.22 685
52.47 1034 49.45 964 46.41 894 43.36 824 40.28 754 37.18 684
52.42 1033 49.41 963 46.37 893 43.31 823 40.24 753 37.13 683
52.37 1032 49.36 962 46.33 892 43.27 822 40.19 752 37.09 682
52.33 1031 49.31 961 46.28 891 43.22 821 40.14 751 37.04 681
52.29 1030 49.28 960 46.24 890 43.19 820 40.10 750 36.99 680
52.25 1029 49.23 959 46.19 889 43.14 819 40.05 749 36.95 679
52.20 1028 49.19 958 46.16 888 43.10 818 40.01 748 36.90 678
52.16 1027 49.14 957 46.11 887 43.05 817 39.97 747 36.86 677
52.12 1026 49.10 956 46.06 886 43.00 816 39.93 746 36.81 676
52.08 1025 49.06 955 46.02 885 42.96 815 39.88 745 36.77 675
52.03 1024 49.02 954 45.97 884 42.92 814 39.84 744 36.72 674
51.98 1023 48.97 953 45.94 883 42.88 813 39.79 743 36.69 673
51.95 1022 48.92 952 45.89 882 42.83 812 39.75 742 36.64 672
51.90 1021 48.89 951 45.85 881 42.79 811 39.70 741 36.59 671
51.86 1020 48.84 950 45.80 880 42.74 810 39.65 740 36.55 670
51.82 1019 48.80 949 45.76 879 42.70 809 39.62 739 36.50 669
51.78 1018 48.75 948 45.72 878 42.66 808 39.57 738 36.46 668
51.73 1017 48.72 947 45.67 877 42.61 807 39.53 737 36.41 667
51.68 1016 48.67 946 45.63 876 42.57 806 39.48 736 36.37 666
51.65 1015 48.62 945 45.58 875 42.52 805 39.44 735 36.32 665
51.60 1014 48.58 944 45.54 874 42.48 804 39.39 734 36.28 664
51.56 1013 48.54 943 45.50 873 42.43 803 39.35 733 36.23 663
51.51 1012 48.50 942 45.46 872 42.40 802 39.30 732 36.19 662
51.48 1011 48.45 941 45.41 871 42.35 801 39.26 731 36.15 661
36.10 660 32.95 590 29.78 520 26.55 450 23.29 380 19.97 310
36.06 659 32.91 589 29.73 519 26.51 449 23.25 379 19.93 309
36.01 658 32.86 588 29.69 518 26.46 448 23.19 378 19.88 308
35.97 657 32.82 587 29.64 517 26.42 447 23.15 377 19.83 307
35.92 656 32.77 586 29.59 516 26.37 446 23.10 376 19.78 306
35.88 655 32.73 585 29.55 515 26.33 445 23.06 375 19.73 305
35.83 654 32.68 584 29.50 514 26.28 444 23.01 374 19.68 304
35.79 653 32.64 583 29.46 513 26.24 443 22.97 373 19.63 303
35.74 652 32.59 582 29.41 512 26.19 442 22.91 372 19.59 302
35.70 651 32.55 581 29.37 511 26.14 441 22.87 371 19.54 301
35.65 650 32.50 580 29.32 510 26.09 440 22.82 370 19.49 300
35.61 649 32.45 579 29.28 509 26.04 439 22.78 369 19.44 299
35.56 648 32.41 578 29.23 508 26.00 438 22.73 368 19.40 298
35.52 647 32.36 577 29.18 507 25.95 437 22.68 367 19.34 297
35.48 646 32.32 576 29.13 506 25.91 436 22.63 366 19.30 296
35.43 645 32.27 575 29.09 505 25.86 435 22.59 365 19.25 295
35.39 644 32.23 574 29.04 504 25.82 434 22.54 364 19.21 294
35.34 643 32.18 573 29.00 503 25.77 433 22.49 363 19.15 293
35.30 642 32.14 572 28.95 502 25.72 432 22.44 362 19.11 292
35.25 641 32.10 571 28.90 501 25.67 431 22.39 361 19.06 291
35.21 640 32.06 570 28.86 500 25.63 430 22.35 360 19.01 290
35.16 639 32.01 569 28.81 499 25.58 429 22.30 359 18.96 289
35.11 638 31.96 568 28.77 498 25.54 428 22.26 358 18.92 288
35.07 637 31.92 567 28.72 497 25.49 427 22.20 357 18.86 287
35.02 636 31.87 566 28.68 496 25.45 426 22.16 356 18.82 286
34.98 635 31.83 565 28.63 495 25.40 425 22.11 355 18.77 285
34.93 634 31.78 564 28.59 494 25.35 424 22.07 354 18.72 284
34.89 633 31.74 563 28.54 493 25.30 423 22.02 353 18.67 283
34.84 632 31.69 562 28.50 492 25.25 422 21.97 352 18.63 282
34.81 631 31.65 561 28.45 491 25.21 421 21.92 351 18.57 281
34.76 630 31.60 560 28.41 490 25.16 420 21.88 350 18.53 280
34.72 629 31.56 559 28.36 489 25.12 419 21.83 349 18.48 279
34.67 628 31.51 558 28.31 488 25.07 418 21.78 348 18.44 278
34.62 627 31.46 557 28.26 487 25.03 417 21.73 347 18.38 277
34.58 626 31.42 556 28.21 486 24.97 416 21.69 346 18.34 276
34.53 625 31.37 555 28.17 485 24.93 415 21.64 345 18.29 275
34.49 624 31.33 554 28.12 484 24.88 414 21.60 344 18.24 274
34.44 623 31.28 553 28.08 483 24.84 413 21.54 343 18.19 273
34.40 622 31.24 552 28.03 482 24.79 412 21.50 342 18.15 272
34.35 621 31.19 551 27.99 481 24.75 411 21.45 341 18.09 271
34.31 620 31.15 550 27.94 480 24.70 410 21.41 340 18.05 270
34.26 619 31.10 549 27.90 479 24.65 409 21.35 339 18.00 269
34.22 618 31.06 548 27.85 478 24.60 408 21.31 338 17.95 268
34.17 617 31.01 547 27.81 477 24.56 407 21.26 337 17.90 267
34.13 616 30.97 546 27.76 476 24.51 406 21.21 336 17.85 266
34.08 615 30.92 545 27.72 475 24.46 405 21.17 335 17.80 265
34.03 614 30.87 544 27.67 474 24.42 404 21.11 334 17.76 264
33.99 613 30.82 543 27.62 473 24.37 403 21.07 333 17.70 263
33.94 612 30.77 542 27.57 472 24.32 402 21.02 332 17.66 262
33.90 611 30.73 541 27.52 471 24.27 401 20.98 331 17.61 261
33.86 610 30.68 540 27.48 470 24.23 400 20.92 330 17.56 260
33.82 609 30.64 539 27.43 469 24.18 399 20.88 329 17.51 259
33.77 608 30.59 538 27.39 468 24.14 398 20.83 328 17.46 258
33.73 607 30.55 537 27.34 467 24.09 397 20.79 327 17.41 257
33.68 606 30.50 536 27.30 466 24.05 396 20.73 326 17.36 256
33.63 605 30.46 535 27.25 465 23.99 395 20.69 325 17.32 255
33.59 604 30.41 534 27.21 464 23.95 394 20.64 324 17.26 254
33.54 603 30.37 533 27.16 463 23.90 393 20.60 323 17.22 253
33.50 602 30.32 532 27.12 462 23.86 392 20.54 322 17.16 252
33.45 601 30.28 531 27.06 461 23.81 391 20.50 321 17.12 251
33.41 600 30.23 530 27.02 460 23.77 390 20.45 320 17.07 250
33.36 599 30.18 529 26.97 459 23.71 389 20.41 319 17.02 249
33.32 598 30.14 528 26.93 458 23.67 388 20.35 318 16.97 248
33.27 597 30.09 527 26.88 457 23.62 387 20.31 317 16.93 247
33.23 596 30.05 526 26.83 456 23.58 386 20.26 316 16.87 246
33.18 595 30.00 525 26.79 455 23.53 385 20.21 315 16.83 245
33.14 594 29.96 524 26.74 454 23.48 384 20.16 314 16.77 244
33.09 593 29.91 523 26.70 453 23.43 383 20.12 313 16.73 243
33.04 592 29.87 522 26.65 452 23.38 382 20.07 312 16.68 242
33.00 591 29.82 521 26.61 451 23.34 381 20.02 311 16.63 241
16.58 240 14.60 200 12.59 160 10.53 120 8.40 80 6.18 40
16.53 239 14.56 199 12.54 159 10.48 119 8.36 79 6.12 39
16.48 238 14.50 198 12.49 158 10.43 118 8.30 78 6.06 38
16.44 237 14.46 197 12.44 157 10.37 117 8.25 77 6.01 37
16.38 236 14.40 196 12.39 156 10.32 116 8.19 76 5.95 36
16.34 235 14.36 195 12.33 155 10.27 115 8.14 75 5.89 35
16.28 234 14.30 194 12.29 154 10.22 114 8.09 74 5.83 34
16.24 233 14.26 193 12.23 153 10.16 113 8.03 73 5.77 33
16.19 232 14.21 192 12.18 152 10.11 112 7.98 72 5.72 32
16.14 231 14.16 191 12.14 151 10.06 111 7.92 71 5.65 31
16.09 230 14.11 190 12.08 150 10.01 110 7.86 70 5.60 30
16.04 229 14.06 189 12.04 149 9.96 109 7.80 69 5.53 29
15.99 228 14.01 188 11.98 148 9.90 108 7.75 68 5.48 28
15.94 227 13.95 187 11.93 147 9.85 107 7.70 67 5.42 27
15.89 226 13.91 186 11.88 146 9.80 106 7.64 66 5.35 26
15.85 225 13.85 185 11.83 145 9.75 105 7.59 65 5.30 25
15.79 224 13.81 184 11.77 144 9.69 104 7.53 64 5.23 24
15.75 223 13.75 183 11.73 143 9.64 103 7.48 63 5.18 23
15.69 222 13.71 182 11.67 142 9.58 102 7.42 62 5.12 22
15.65 221 13.65 181 11.62 141 9.53 101 7.37 61 5.05 21
15.59 220 13.61 180 11.57 140 9.48 100 7.31 60 4.99 20
15.55 219 13.55 179 11.52 139 9.43 99 7.26 59 4.94 19
15.49 218 13.51 178 11.46 138 9.37 98 7.20 58 4.87 18
15.45 217 13.45 177 11.42 137 9.32 97 7.14 57 4.81 17
15.40 216 13.41 176 11.36 136 9.27 96 7.09 56 4.74 16
15.35 215 13.35 175 11.31 135 9.21 95 7.03 55 4.68 15
15.30 214 13.30 174 11.26 134 9.16 94 6.98 54 4.62 14
15.25 213 13.25 173 11.21 133 9.11 93 6.92 53 4.55 13
15.20 212 13.20 172 11.15 132 9.06 92 6.86 52 4.49 12
15.15 211 13.15 171 11.10 131 9.00 91 6.81 51 4.43 11
15.10 210 13.10 170 11.05 130 8.95 90 6.75 50 4.36 10
15.05 209 13.05 169 11.00 129 8.89 89 6.70 49 4.30 9
15.00 208 13.00 168 10.95 128 8.84 88 6.63 48 4.23 8
14.95 207 12.94 167 10.90 127 8.78 87 6.58 47 4.16 7
14.90 206 12.90 166 10.85 126 8.73 86 6.52 46 4.09 6
14.85 205 12.84 165 10.79 125 8.68 85 6.47 45 4.03 5
14.80 204 12.80 164 10.74 124 8.62 84 6.41 44 3.95 4
14.76 203 12.74 163 10.69 123 8.57 83 6.35 43 3.88 3
14.70 202 12.70 162 10.64 122 8.51 82 6.30 42 3.81 2
14.66 201 12.64 161 10.58 121 8.46 81 6.23 41 3.73 1
