65.91 1500 63.26 1430 60.58 1360 57.89 1290 55.20 1220 52.48 1150
65.88 1499 63.21 1429 60.54 1359 57.86 1289 55.15 1219 52.45 1149
65.84 1498 63.18 1428 60.51 1358 57.82 1288 55.12 1218 52.41 1148
65.80 1497 63.14 1427 60.47 1357 57.78 1287 55.08 1217 52.37 1147
65.76 1496 63.10 1426 60.42 1356 57.74 1286 55.04 1216 52.32 1146
65.73 1495 63.06 1425 60.39 1355 57.70 1285 55.01 1215 52.29 1145
65.69 1494 63.02 1424 60.35 1354 57.66 1284 54.96 1214 52.25 1144
65.65 1493 62.99 1423 60.31 1353 57.63 1283 54.92 1213 52.21 1143
65.61 1492 62.95 1422 60.28 1352 57.59 1282 54.89 1212 52.18 1142
65.57 1491 62.91 1421 60.23 1351 57.55 1281 54.85 1211 52.13 1141
65.54 1490 62.87 1420 60.20 1350 57.51 1280 54.81 1210 52.09 1140
65.50 1489 62.83 1419 60.16 1349 57.47 1279 54.77 1209 52.06 1139
65.46 1488 62.80 1418 60.12 1348 57.44 1278 54.73 1208 52.02 1138
65.42 1487 62.76 1417 60.08 1347 57.40 1277 54.69 1207 51.98 1137
65.38 1486 62.72 1416 60.04 1346 57.35 1276 54.66 1206 51.94 1136
65.35 1485 62.68 1415 60.01 1345 57.32 1275 54.62 1205 51.90 1135
65.31 1484 62.64 1414 59.97 1344 57.28 1274 54.57 1204 51.86 1134
65.27 1483 62.61 1413 59.93 1343 57.24 1273 54.54 1203 51.83 1133
65.23 1482 62.57 1412 59.89 1342 57.20 1272 54.50 1202 51.79 1132
65.20 1481 62.53 1411 59.85 1341 57.16 1271 54.47 1201 51.74 1131
65.16 1480 62.49 1410 59.81 1340 57.12 1270 54.42 1200 51.70 1130
65.11 1479 62.45 1409 59.78 1339 57.09 1269 54.38 1199 51.67 1129
65.08 1478 62.42 1408 59.74 1338 57.05 1268 54.35 1198 51.63 1128
65.04 1477 62.38 1407 59.70 1337 57.01 1267 54.31 1197 51.59 1127
65.01 1476 62.34 1406 59.66 1336 56.97 1266 54.27 1196 51.55 1126
64.96 1475 62.30 1405 59.62 1335 56.93 1265 54.23 1195 51.51 1125
64.92 1474 62.26 1404 59.59 1334 56.90 1264 54.19 1194 51.47 1124
64.89 1473 62.23 1403 59.55 1333 56.86 1263 54.15 1193 51.44 1123
64.85 1472 62.18 1402 59.51 1332 56.81 1262 54.12 1192 51.40 1122
64.82 1471 62.15 1401 59.47 1331 56.78 1261 54.08 1191 51.35 1121
64.77 1470 62.11 1400 59.43 1330 56.74 1260 54.03 1190 51.32 1120
64.74 1469 62.07 1399 59.40 1329 56.70 1259 54.00 1189 51.28 1119
64.70 1468 62.04 1398 59.35 1328 56.67 1258 53.96 1188 51.24 1118
64.66 1467 61.99 1397 59.31 1327 56.62 1257 53.92 1187 51.20 1117
64.62 1466 61.96 1396 59.28 1326 56.58 1256 53.88 1186 51.16 1116
64.58 1465 61.92 1395 59.24 1325 56.55 1255 53.84 1185 51.12 1115
64.55 1464 61.88 1394 59.20 1324 56.51 1254 53.80 1184 51.08 1114
64.51 1463 61.84 1393 59.16 1323 56.47 1253 53.77 1183 51.05 1113
64.48 1462 61.80 1392 59.12 1322 56.43 1252 53.73 1182 51.01 1112
64.43 1461 61.77 1391 59.09 1321 56.39 1251 53.69 1181 50.96 1111
64.39 1460 61.73 1390 59.05 1320 56.36 1250 53.64 1180 50.93 1110
64.36 1459 61.69 1389 59.01 1319 56.32 1249 53.61 1179 50.89 1109
64.32 1458 61.65 1388 58.97 1318 56.28 1248 53.57 1178 50.85 1108
64.28 1457 61.61 1387 58.93 1317 56.24 1247 53.53 1177 50.81 1107
64.24 1456 61.58 1386 58.90 1316 56.20 1246 53.49 1176 50.77 1106
64.20 1455 61.54 1385 58.86 1315 56.16 1245 53.45 1175 50.73 1105
64.17 1454 61.50 1384 58.81 1314 56.13 1244 53.41 1174 50.69 1104
64.13 1453 61.46 1383 58.78 1313 56.08 1243 53.38 1173 50.66 1103
64.09 1452 61.42 1382 58.74 1312 56.04 1242 53.34 1172 50.62 1102
64.05 1451 61.39 1381 58.70 1311 56.01 1241 53.30 1171 50.57 1101
64.02 1450 61.35 1380 58.67 1310 55.97 1240 53.26 1170 50.54 1100
63.98 1449 61.30 1379 58.62 1309 55.93 1239 53.22 1169 50.50 1099
63.94 1448 61.27 1378 58.59 1308 55.89 1238 53.18 1168 50.46 1098
63.90 1447 61.23 1377 58.55 1307 55.85 1237 53.15 1167 50.42 1097
63.86 1446 61.19 1376 58.51 1306 55.82 1236 53.10 1166 50.38 1096
63.83 1445 61.16 1375 58.47 1305 55.78 1235 53.06 1165 50.34 1095
63.79 1444 61.11 1374 58.43 1304 55.74 1234 53.03 1164 50.30 1094
63.74 1443 61.08 1373 58.39 1303 55.70 1233 52.99 1163 50.27 1093
63.71 1442 61.04 1372 58.36 1302 55.66 1232 52.95 1162 50.22 1092
63.67 1441 61.00 1371 58.32 1301 55.62 1231 52.91 1161 50.18 1091
63.64 1440 60.96 1370 58.28 1300 55.59 1230 52.87 1160 50.15 1090
63.60 1439 60.92 1369 58.24 1299 55.54 1229 52.83 1159 50.11 1089
63.55 1438 60.89 1368 58.20 1298 55.50 1228 52.80 1158 50.07 1088
63.52 1437 60.85 1367 58.17 1297 55.47 1227 52.76 1157 50.03 1087
63.48 1436 60.81 1366 58.13 1296 55.43 1226 52.71 1156 49.99 1086
63.45 1435 60.77 1365 58.08 1295 55.39 1225 52.68 1155 49.95 1085
63.40 1434 60.73 1364 58.05 1294 55.35 1224 52.64 1154 49.91 1084
63.37 1433 60.70 1363 58.01 1293 55.31 1223 52.60 1153 49.88 1083
63.33 1432 60.66 1362 57.97 1292 55.27 1222 52.57 1152 49.83 1082
63.29 1431 60.62 1361 57.94 1291 55.24 1221 52.52 1151 49.79 1081
49.76 1080 47.01 1010 44.25 940 41.47 870 38.67 800 35.85 730
49.72 1079 46.97 1009 44.21 939 41.43 869 38.63 799 35.81 729
49.68 1078 46.93 1008 44.17 938 41.39 868 38.59 798 35.77 728
49.64 1077 46.90 1007 44.13 937 41.35 867 38.55 797 35.73 727
49.60 1076 46.86 1006 44.09 936 41.31 866 38.51 796 35.68 726
49.56 1075 46.81 1005 44.05 935 41.27 865 38.47 795 35.64 725
49.52 1074 46.77 1004 44.02 934 41.23 864 38.43 794 35.60 724
49.49 1073 46.74 1003 43.98 933 41.20 863 38.39 793 35.57 723
49.44 1072 46.70 1002 43.93 932 41.15 862 38.35 792 35.53 722
49.40 1071 46.66 1001 43.89 931 41.11 861 38.31 791 35.49 721
49.36 1070 46.62 1000 43.86 930 41.07 860 38.27 790 35.44 720
49.33 1069 46.58 999 43.82 929 41.03 859 38.23 789 35.40 719
49.29 1068 46.54 998 43.78 928 41.00 858 38.19 788 35.36 718
49.25 1067 46.50 997 43.73 927 40.95 857 38.15 787 35.32 717
49.21 1066 46.47 996 43.69 926 40.91 856 38.11 786 35.28 716
49.17 1065 46.42 995 43.66 925 40.87 855 38.07 785 35.24 715
49.13 1064 46.38 994 43.62 924 40.83 854 38.02 784 35.20 714
49.09 1063 46.34 993 43.58 923 40.80 853 37.98 783 35.16 713
49.05 1062 46.31 992 43.54 922 40.76 852 37.95 782 35.12 712
49.01 1061 46.27 991 43.50 921 40.71 851 37.91 781 35.08 711
48.97 1060 46.22 990 43.46 920 40.67 850 37.87 780 35.04 710
48.94 1059 46.18 989 43.42 919 40.63 849 37.83 779 35.00 709
48.90 1058 46.15 988 43.38 918 40.59 848 37.78 778 34.95 708
48.86 1057 46.11 987 43.34 917 40.56 847 37.74 777 34.91 707
48.81 1056 46.07 986 43.30 916 40.51 846 37.71 776 34.87 706
48.78 1055 46.03 985 43.26 915 40.47 845 37.67 775 34.84 705
48.74 1054 45.99 984 43.22 914 40.43 844 37.63 774 34.80 704
48.70 1053 45.95 983 43.18 913 40.39 843 37.58 773 34.75 703
48.66 1052 45.91 982 43.15 912 40.36 842 37.54 772 34.71 702
48.62 1051 45.87 981 43.10 911 40.32 841 37.50 771 34.67 701
48.58 1050 45.83 980 43.06 910 40.27 840 37.46 770 34.63 700
48.54 1049 45.79 979 43.02 909 40.23 839 37.43 769 34.59 699
48.51 1048 45.75 978 42.98 908 40.19 838 37.39 768 34.55 698
48.47 1047 45.71 977 42.95 907 40.16 837 37.34 767 34.51 697
48.42 1046 45.68 976 42.90 906 40.12 836 37.30 766 34.46 696
48.38 1045 45.64 975 42.86 905 40.07 835 37.26 765 34.43 695
48.35 1044 45.59 974 42.82 904 40.03 834 37.22 764 34.39 694
48.31 1043 45.55 973 42.78 903 39.99 833 37.18 763 34.35 693
48.27 1042 45.52 972 42.75 902 39.95 832 37.15 762 34.31 692
48.23 1041 45.48 971 42.71 901 39.92 831 37.10 761 34.27 691
48.19 1040 45.44 970 42.66 900 39.88 830 37.06 760 34.22 690
48.15 1039 45.39 969 42.62 899 39.83 829 37.02 759 34.18 689
48.11 1038 45.36 968 42.59 898 39.79 828 36.98 758 34.14 688
48.08 1037 45.32 967 42.55 897 39.75 827 36.94 757 34.10 687
48.03 1036 45.28 966 42.51 896 39.71 826 36.90 756 34.06 686
47.99 1035 45.24 965 42.46 895 39.68 825 36.86 755 34.02 685
47.96 1034 45.20 964 42.42 894 39.63 824 36.82 754 33.98 684
47.92 1033 45.16 963 42.39 893 39.59 823 36.78 753 33.94 683
47.88 1032 45.12 962 42.35 892 39.55 822 36.74 752 33.90 682
47.83 1031 45.08 961 42.31 891 39.51 821 36.70 751 33.86 681
47.80 1030 45.05 960 42.27 890 39.48 820 36.66 750 33.82 680
47.76 1029 45.00 959 42.22 889 39.44 819 36.61 749 33.78 679
47.72 1028 44.96 958 42.19 888 39.39 818 36.57 748 33.73 678
47.68 1027 44.92 957 42.15 887 39.35 817 36.54 747 33.69 677
47.64 1026 44.88 956 42.11 886 39.31 816 36.50 746 33.65 676
47.60 1025 44.85 955 42.07 885 39.27 815 36.46 745 33.61 675
47.56 1024 44.81 954 42.03 884 39.24 814 36.41 744 33.57 674
47.52 1023 44.76 953 41.99 883 39.19 813 36.37 743 33.53 673
47.49 1022 44.72 952 41.95 882 39.15 812 36.33 742 33.49 672
47.44 1021 44.69 951 41.91 881 39.11 811 36.29 741 33.45 671
47.40 1020 44.65 950 41.87 880 39.07 810 36.25 740 33.41 670
47.37 1019 44.61 949 41.83 879 39.03 809 36.22 739 33.37 669
47.33 1018 44.56 948 41.79 878 39.00 808 36.17 738 33.33 668
47.29 1017 44.53 947 41.75 877 38.95 807 36.13 737 33.29 667
47.25 1016 44.49 946 41.71 876 38.91 806 36.09 736 33.24 666
47.21 1015 44.45 945 41.67 875 38.87 805 36.05 735 33.20 665
47.17 1014 44.41 944 41.63 874 38.83 804 36.01 734 33.16 664
47.13 1013 44.37 943 41.59 873 38.79 803 35.97 733 33.12 663
47.09 1012 44.33 942 41.55 872 38.76 802 35.92 732 33.08 662
47.05 1011 44.29 941 41.51 871 38.71 801 35.89 731 33.05 661
33.00 660 30.12 590 27.22 520 24.27 450 21.29 380 18.26 310
32.96 659 30.08 589 27.18 519 24.23 449 21.25 379 18.21 309
32.92 658 30.04 588 27.14 518 24.19 448 21.20 378 18.17 308
32.88 657 30.00 587 27.09 517 24.15 447 21.16 377 18.12 307
32.84 656 29.96 586 27.05 516 24.11 446 21.12 376 18.08 306
32.80 655 29.92 585 27.01 515 24.07 445 21.08 375 18.04 305
32.75 654 29.87 584 26.97 514 24.02 444 21.04 374 17.99 304
32.71 653 29.83 583 26.93 513 23.98 443 20.99 373 17.95 303
32.67 652 29.79 582 26.89 512 23.94 442 20.94 372 17.91 302
32.63 651 29.75 581 26.85 511 23.90 441 20.90 371 17.87 301
32.59 650 29.71 580 26.80 510 23.85 440 20.86 370 17.82 300
32.55 649 29.67 579 26.76 509 23.81 439 20.82 369 17.77 299
32.51 648 29.63 578 26.72 508 23.77 438 20.78 368 17.73 298
32.47 647 29.58 577 26.67 507 23.72 437 20.73 367 17.68 297
32.43 646 29.54 576 26.63 506 23.68 436 20.69 366 17.64 296
32.39 645 29.50 575 26.59 505 23.64 435 20.65 365 17.60 295
32.35 644 29.46 574 26.55 504 23.60 434 20.60 364 17.56 294
32.31 643 29.42 573 26.51 503 23.56 433 20.56 363 17.51 293
32.26 642 29.38 572 26.46 502 23.51 432 20.51 362 17.47 292
32.22 641 29.34 571 26.42 501 23.47 431 20.47 361 17.43 291
32.18 640 29.30 570 26.38 500 23.43 430 20.43 360 17.38 290
32.14 639 29.26 569 26.34 499 23.38 429 20.39 359 17.33 289
32.10 638 29.22 568 26.30 498 23.34 428 20.35 358 17.29 288
32.06 637 29.18 567 26.26 497 23.30 427 20.30 357 17.24 287
32.02 636 29.14 566 26.21 496 23.26 426 20.26 356 17.20 286
31.97 635 29.09 565 26.17 495 23.22 425 20.21 355 17.16 285
31.93 634 29.05 564 26.13 494 23.18 424 20.17 354 17.11 284
31.89 633 29.01 563 26.09 493 23.13 423 20.13 353 17.07 283
31.85 632 28.97 562 26.05 492 23.09 422 20.08 352 17.03 282
31.82 631 28.93 561 26.01 491 23.04 421 20.04 351 16.98 281
31.78 630 28.89 560 25.97 490 23.00 420 20.00 350 16.94 280
31.73 629 28.85 559 25.92 489 22.96 419 19.96 349 16.89 279
31.69 628 28.80 558 25.87 488 22.92 418 19.91 348 16.85 278
31.65 627 28.76 557 25.83 487 22.88 417 19.87 347 16.80 277
31.61 626 28.72 556 25.79 486 22.83 416 19.82 346 16.76 276
31.57 625 28.68 555 25.75 485 22.79 415 19.78 345 16.72 275
31.53 624 28.64 554 25.71 484 22.75 414 19.74 344 16.67 274
31.48 623 28.60 553 25.67 483 22.70 413 19.69 343 16.63 273
31.44 622 28.56 552 25.63 482 22.66 412 19.65 342 16.59 272
31.40 621 28.51 551 25.58 481 22.62 411 19.61 341 16.54 271
31.36 620 28.47 550 25.54 480 22.58 410 19.57 340 16.50 270
31.32 619 28.43 549 25.50 479 22.53 409 19.52 339 16.45 269
31.28 618 28.39 548 25.46 478 22.49 408 19.48 338 16.40 268
31.24 617 28.35 547 25.42 477 22.45 407 19.43 337 16.36 267
31.19 616 28.31 546 25.38 476 22.41 406 19.39 336 16.31 266
31.15 615 28.26 545 25.33 475 22.36 405 19.35 335 16.27 265
31.11 614 28.21 544 25.29 474 22.32 404 19.30 334 16.23 264
31.07 613 28.17 543 25.24 473 22.28 403 19.26 333 16.18 263
31.03 612 28.13 542 25.20 472 22.23 402 19.22 332 16.14 262
30.99 611 28.09 541 25.16 471 22.19 401 19.18 331 16.10 261
30.95 610 28.05 540 25.12 470 22.15 400 19.13 330 16.05 260
30.91 609 28.01 539 25.08 469 22.11 399 19.09 329 16.01 259
30.87 608 27.97 538 25.04 468 22.06 398 19.04 328 15.96 258
30.83 607 27.92 537 24.99 467 22.02 397 19.00 327 15.92 257
30.79 606 27.88 536 24.95 466 21.98 396 18.95 326 15.87 256
30.75 605 27.84 535 24.91 465 21.93 395 18.91 325 15.83 255
30.70 604 27.80 534 24.87 464 21.89 394 18.87 324 15.78 254
30.66 603 27.76 533 24.83 463 21.85 393 18.83 323 15.74 253
30.62 602 27.72 532 24.79 462 21.81 392 18.78 322 15.69 252
30.58 601 27.68 531 24.74 461 21.77 391 18.74 321 15.65 251
30.54 600 27.63 530 24.70 460 21.72 390 18.70 320 15.61 250
30.50 599 27.59 529 24.65 459 21.67 389 18.65 319 15.56 249
30.46 598 27.55 528 24.61 458 21.63 388 18.60 318 15.52 248
30.41 597 27.51 527 24.57 457 21.59 387 18.56 317 15.48 247
30.37 596 27.47 526 24.53 456 21.55 386 18.52 316 15.43 246
30.33 595 27.43 525 24.49 455 21.51 385 18.47 315 15.38 245
30.29 594 27.38 524 24.45 454 21.47 384 18.43 314 15.33 244
30.25 593 27.34 523 24.41 453 21.42 383 18.39 313 15.29 243
30.21 592 27.30 522 24.36 452 21.38 382 18.35 312 15.25 242
30.17 591 27.26 521 24.32 451 21.33 381 18.30 311 15.20 241
15.16 240 13.35 200 11.51 160 9.62 120 7.68 80 5.65 40
15.11 239 13.31 199 11.47 159 9.58 119 7.64 79 5.60 39
15.07 238 13.26 198 11.42 158 9.53 118 7.59 78 5.54 38
15.03 237 13.22 197 11.38 157 9.48 117 7.54 77 5.49 37
14.98 236 13.17 196 11.33 156 9.43 116 7.49 76 5.44 36
14.94 235 13.13 195 11.28 155 9.39 115 7.44 75 5.38 35
14.89 234 13.08 194 11.23 154 9.34 114 7.39 74 5.33 34
14.84 233 13.04 193 11.18 153 9.29 113 7.34 73 5.28 33
14.80 232 12.99 192 11.13 152 9.24 112 7.29 72 5.23 32
14.75 231 12.94 191 11.09 151 9.20 111 7.24 71 5.17 31
14.71 230 12.89 190 11.04 150 9.15 110 7.18 70 5.12 30
14.66 229 12.85 189 11.00 149 9.10 109 7.13 69 5.06 29
14.62 228 12.80 188 10.95 148 9.05 108 7.08 68 5.01 28
14.57 227 12.75 187 10.90 147 9.00 107 7.03 67 4.95 27
14.53 226 12.71 186 10.86 146 8.96 106 6.98 66 4.89 26
14.49 225 12.66 185 10.81 145 8.91 105 6.94 65 4.84 25
14.44 224 12.62 184 10.76 144 8.86 104 6.89 64 4.79 24
14.40 223 12.57 183 10.72 143 8.81 103 6.84 63 4.74 23
14.35 222 12.53 182 10.67 142 8.76 102 6.79 62 4.68 22
14.30 221 12.48 181 10.62 141 8.71 101 6.74 61 4.62 21
14.26 220 12.44 180 10.58 140 8.67 100 6.69 60 4.56 20
14.21 219 12.39 179 10.53 139 8.62 99 6.64 59 4.51 19
14.16 218 12.35 178 10.48 138 8.57 98 6.58 58 4.45 18
14.12 217 12.30 177 10.44 137 8.52 97 6.53 57 4.40 17
14.08 216 12.25 176 10.39 136 8.47 96 6.48 56 4.34 16
14.03 215 12.21 175 10.34 135 8.42 95 6.43 55 4.28 15
13.99 214 12.16 174 10.30 134 8.37 94 6.38 54 4.22 14
13.94 213 12.11 173 10.25 133 8.33 93 6.33 53 4.16 13
13.90 212 12.06 172 10.20 132 8.28 92 6.27 52 4.10 12
13.85 211 12.02 171 10.15 131 8.23 91 6.22 51 4.05 11
13.81 210 11.97 170 10.11 130 8.18 90 6.17 50 3.99 10
13.76 209 11.93 169 10.06 129 8.13 89 6.12 49 3.93 9
13.72 208 11.88 168 10.01 128 8.08 88 6.06 48 3.86 8
13.67 207 11.83 167 9.96 127 8.03 87 6.01 47 3.81 7
13.62 206 11.79 166 9.91 126 7.98 86 5.96 46 3.74 6
13.57 205 11.74 165 9.86 125 7.93 85 5.91 45 3.68 5
13.53 204 11.70 164 9.81 124 7.88 84 5.86 44 3.62 4
13.49 203 11.65 163 9.77 123 7.83 83 5.81 43 3.55 3
13.44 202 11.61 162 9.72 122 7.78 82 5.76 42 3.48 2
13.40 201 11.56 161 9.67 121 7.73 81 5.70 41 3.41 1
