77.72 1500 74.59 1430 71.44 1360 68.27 1290 65.09 1220 61.89 1150
77.68 1499 74.54 1429 71.39 1359 68.23 1289 65.04 1219 61.85 1149
77.63 1498 74.50 1428 71.35 1358 68.18 1288 65.00 1218 61.80 1148
77.59 1497 74.45 1427 71.30 1357 68.13 1287 64.95 1217 61.75 1147
77.54 1496 74.40 1426 71.25 1356 68.09 1286 64.90 1216 61.70 1146
77.51 1495 74.36 1425 71.21 1355 68.04 1285 64.86 1215 61.66 1145
77.46 1494 74.32 1424 71.16 1354 67.99 1284 64.81 1214 61.61 1144
77.41 1493 74.28 1423 71.11 1353 67.95 1283 64.76 1213 61.56 1143
77.37 1492 74.23 1422 71.08 1352 67.90 1282 64.72 1212 61.52 1142
77.32 1491 74.18 1421 71.03 1351 67.86 1281 64.68 1211 61.47 1141
77.28 1490 74.14 1420 70.99 1350 67.82 1280 64.63 1210 61.43 1140
77.23 1489 74.09 1419 70.94 1349 67.77 1279 64.59 1209 61.39 1139
77.19 1488 74.05 1418 70.89 1348 67.73 1278 64.54 1208 61.34 1138
77.14 1487 74.00 1417 70.85 1347 67.68 1277 64.49 1207 61.29 1137
77.09 1486 73.95 1416 70.80 1346 67.63 1276 64.45 1206 61.25 1136
77.06 1485 73.91 1415 70.76 1345 67.59 1275 64.40 1205 61.20 1135
77.01 1484 73.86 1414 70.71 1344 67.54 1274 64.35 1204 61.15 1134
76.97 1483 73.83 1413 70.66 1343 67.49 1273 64.31 1203 61.11 1133
76.92 1482 73.78 1412 70.63 1342 67.45 1272 64.26 1202 61.06 1132
76.88 1481 73.74 1411 70.58 1341 67.41 1271 64.23 1201 61.01 1131
76.83 1480 73.69 1410 70.53 1340 67.36 1270 64.18 1200 60.97 1130
76.78 1479 73.64 1409 70.49 1339 67.32 1269 64.13 1199 60.93 1129
76.74 1478 73.60 1408 70.44 1338 67.27 1268 64.09 1198 60.88 1128
76.69 1477 73.55 1407 70.40 1337 67.23 1267 64.04 1197 60.83 1127
76.65 1476 73.51 1406 70.35 1336 67.18 1266 63.99 1196 60.79 1126
76.61 1475 73.46 1405 70.30 1335 67.13 1265 63.95 1195 60.74 1125
76.56 1474 73.41 1404 70.26 1334 67.09 1264 63.90 1194 60.69 1124
76.52 1473 73.38 1403 70.21 1333 67.04 1263 63.85 1193 60.65 1123
76.47 1472 73.33 1402 70.18 1332 66.99 1262 63.81 1192 60.60 1122
76.43 1471 73.29 1401 70.13 1331 66.96 1261 63.77 1191 60.56 1121
76.38 1470 73.24 1400 70.08 1330 66.91 1260 63.72 1190 60.52 1120
76.34 1469 73.19 1399 70.04 1329 66.86 1259 63.68 1189 60.47 1119
76.29 1468 73.15 1398 69.99 1328 66.82 1258 63.63 1188 60.42 1118
76.24 1467 73.10 1397 69.94 1327 66.77 1257 63.58 1187 60.37 1117
76.20 1466 73.06 1396 69.90 1326 66.72 1256 63.54 1186 60.33 1116
76.15 1465 73.01 1395 69.85 1325 66.68 1255 63.49 1185 60.28 1115
76.12 1464 72.96 1394 69.81 1324 66.63 1254 63.44 1184 60.23 1114
76.07 1463 72.93 1393 69.76 1323 66.59 1253 63.40 1183 60.19 1113
76.03 1462 72.88 1392 69.72 1322 66.54 1252 63.35 1182 60.14 1112
75.98 1461 72.84 1391 69.68 1321 66.50 1251 63.31 1181 60.10 1111
75.93 1460 72.79 1390 69.63 1320 66.46 1250 63.26 1180 60.06 1110
75.89 1459 72.74 1389 69.58 1319 66.41 1249 63.22 1179 60.01 1109
75.84 1458 72.70 1388 69.54 1318 66.36 1248 63.17 1178 59.96 1108
75.80 1457 72.65 1387 69.49 1317 66.32 1247 63.12 1177 59.92 1107
75.75 1456 72.61 1386 69.45 1316 66.27 1246 63.08 1176 59.87 1106
75.70 1455 72.56 1385 69.40 1315 66.22 1245 63.03 1175 59.82 1105
75.67 1454 72.51 1384 69.35 1314 66.18 1244 62.98 1174 59.77 1104
75.62 1453 72.48 1383 69.31 1313 66.13 1243 62.94 1173 59.73 1103
75.58 1452 72.43 1382 69.27 1312 66.08 1242 62.89 1172 59.68 1102
75.53 1451 72.39 1381 69.22 1311 66.05 1241 62.85 1171 59.64 1101
75.49 1450 72.34 1380 69.18 1310 66.00 1240 62.81 1170 59.60 1100
75.44 1449 72.29 1379 69.13 1309 65.95 1239 62.76 1169 59.55 1099
75.39 1448 72.25 1378 69.09 1308 65.91 1238 62.71 1168 59.50 1098
75.35 1447 72.20 1377 69.04 1307 65.86 1237 62.67 1167 59.46 1097
75.30 1446 72.15 1376 68.99 1306 65.82 1236 62.62 1166 59.41 1096
75.26 1445 72.11 1375 68.95 1305 65.77 1235 62.57 1165 59.36 1095
75.22 1444 72.06 1374 68.90 1304 65.72 1234 62.53 1164 59.31 1094
75.17 1443 72.02 1373 68.85 1303 65.68 1233 62.48 1163 59.27 1093
75.13 1442 71.98 1372 68.81 1302 65.63 1232 62.43 1162 59.22 1092
75.08 1441 71.93 1371 68.77 1301 65.59 1231 62.39 1161 59.18 1091
75.04 1440 71.89 1370 68.73 1300 65.55 1230 62.35 1160 59.14 1090
74.99 1439 71.84 1369 68.68 1299 65.50 1229 62.30 1159 59.09 1089
74.94 1438 71.80 1368 68.63 1298 65.45 1228 62.26 1158 59.04 1088
74.90 1437 71.75 1367 68.59 1297 65.41 1227 62.21 1157 58.99 1087
74.85 1436 71.70 1366 68.54 1296 65.36 1226 62.16 1156 58.95 1086
74.81 1435 71.66 1365 68.49 1295 65.31 1225 62.12 1155 58.90 1085
74.77 1434 71.61 1364 68.45 1294 65.27 1224 62.07 1154 58.85 1084
74.73 1433 71.57 1363 68.40 1293 65.22 1223 62.02 1153 58.81 1083
74.68 1432 71.53 1362 68.35 1292 65.17 1222 61.98 1152 58.76 1082
74.63 1431 71.48 1361 68.32 1291 65.14 1221 61.93 1151 58.72 1081
58.68 1080 55.44 1010 52.18 940 48.90 870 45.60 800 42.27 730
58.63 1079 55.39 1009 52.13 939 48.85 869 45.55 799 42.22 729
58.58 1078 55.34 1008 52.09 938 48.81 868 45.50 798 42.18 728
58.53 1077 55.30 1007 52.04 937 48.76 867 45.45 797 42.13 727
58.49 1076 55.25 1006 51.99 936 48.71 866 45.41 796 42.08 726
58.44 1075 55.20 1005 51.94 935 48.66 865 45.37 795 42.03 725
58.39 1074 55.15 1004 51.90 934 48.62 864 45.32 794 41.98 724
58.35 1073 55.11 1003 51.85 933 48.58 863 45.27 793 41.94 723
58.30 1072 55.06 1002 51.81 932 48.53 862 45.22 792 41.89 722
58.26 1071 55.02 1001 51.76 931 48.48 861 45.17 791 41.84 721
58.21 1070 54.98 1000 51.72 930 48.43 860 45.12 790 41.79 720
58.17 1069 54.93 999 51.67 929 48.38 859 45.08 789 41.75 719
58.12 1068 54.88 998 51.62 928 48.34 858 45.03 788 41.70 718
58.07 1067 54.83 997 51.57 927 48.29 857 44.98 787 41.65 717
58.03 1066 54.79 996 51.52 926 48.24 856 44.94 786 41.60 716
57.98 1065 54.74 995 51.48 925 48.19 855 44.89 785 41.55 715
57.93 1064 54.69 994 51.43 924 48.15 854 44.84 784 41.51 714
57.88 1063 54.64 993 51.38 923 48.11 853 44.79 783 41.46 713
57.84 1062 54.60 992 51.34 922 48.06 852 44.75 782 41.41 712
57.80 1061 54.56 991 51.30 921 48.01 851 44.70 781 41.36 711
57.75 1060 54.51 990 51.25 920 47.96 850 44.65 780 41.31 710
57.71 1059 54.46 989 51.20 919 47.91 849 44.60 779 41.27 709
57.66 1058 54.42 988 51.15 918 47.86 848 44.55 778 41.22 708
57.61 1057 54.37 987 51.10 917 47.82 847 44.50 777 41.17 707
57.56 1056 54.32 986 51.06 916 47.77 846 44.47 776 41.12 706
57.52 1055 54.27 985 51.01 915 47.72 845 44.42 775 41.08 705
57.47 1054 54.23 984 50.96 914 47.68 844 44.37 774 41.03 704
57.42 1053 54.18 983 50.92 913 47.63 843 44.32 773 40.98 703
57.38 1052 54.13 982 50.88 912 47.59 842 44.27 772 40.93 702
57.34 1051 54.09 981 50.83 911 47.54 841 44.22 771 40.88 701
57.29 1050 54.05 980 50.78 910 47.49 840 44.17 770 40.83 700
57.24 1049 54.00 979 50.73 909 47.44 839 44.13 769 40.79 699
57.20 1048 53.95 978 50.68 908 47.39 838 44.08 768 40.74 698
57.15 1047 53.90 977 50.64 907 47.35 837 44.04 767 40.69 697
57.10 1046 53.86 976 50.59 906 47.30 836 43.99 766 40.64 696
57.05 1045 53.81 975 50.54 905 47.25 835 43.94 765 40.60 695
57.01 1044 53.76 974 50.49 904 47.21 834 43.89 764 40.55 694
56.96 1043 53.71 973 50.45 903 47.16 833 43.84 763 40.50 693
56.91 1042 53.67 972 50.41 902 47.11 832 43.80 762 40.45 692
56.88 1041 53.63 971 50.36 901 47.07 831 43.75 761 40.40 691
56.83 1040 53.58 970 50.31 900 47.02 830 43.70 760 40.36 690
56.78 1039 53.53 969 50.26 899 46.97 829 43.65 759 40.31 689
56.73 1038 53.49 968 50.22 898 46.92 828 43.60 758 40.26 688
56.69 1037 53.44 967 50.17 897 46.87 827 43.56 757 40.21 687
56.64 1036 53.39 966 50.12 896 46.82 826 43.51 756 40.16 686
56.59 1035 53.34 965 50.07 895 46.79 825 43.47 755 40.12 685
56.55 1034 53.30 964 50.02 894 46.74 824 43.42 754 40.07 684
56.50 1033 53.25 963 49.99 893 46.69 823 43.37 753 40.02 683
56.45 1032 53.21 962 49.94 892 46.64 822 43.32 752 39.97 682
56.41 1031 53.16 961 49.89 891 46.59 821 43.27 751 39.92 681
56.37 1030 53.12 960 49.84 890 46.55 820 43.22 750 39.88 680
56.32 1029 53.07 959 49.79 889 46.50 819 43.17 749 39.83 679
56.27 1028 53.02 958 49.75 888 46.45 818 43.12 748 39.78 678
56.22 1027 52.97 957 49.70 887 46.40 817 43.09 747 39.73 677
56.18 1026 52.92 956 49.65 886 46.35 816 43.04 746 39.68 676
56.13 1025 52.88 955 49.60 885 46.31 815 42.99 745 39.63 675
56.08 1024 52.83 954 49.55 884 46.27 814 42.94 744 39.58 674
56.03 1023 52.78 953 49.52 883 46.22 813 42.89 743 39.54 673
55.99 1022 52.74 952 49.47 882 46.17 812 42.84 742 39.49 672
55.95 1021 52.70 951 49.42 881 46.12 811 42.79 741 39.45 671
55.90 1020 52.65 950 49.37 880 46.07 810 42.74 740 39.40 670
55.86 1019 52.60 949 49.32 879 46.02 809 42.70 739 39.35 669
55.81 1018 52.55 948 49.28 878 45.98 808 42.66 738 39.30 668
55.76 1017 52.51 947 49.23 877 45.93 807 42.61 737 39.25 667
55.71 1016 52.46 946 49.18 876 45.88 806 42.56 736 39.20 666
55.67 1015 52.41 945 49.13 875 45.84 805 42.51 735 39.15 665
55.62 1014 52.36 944 49.09 874 45.79 804 42.46 734 39.10 664
55.57 1013 52.32 943 49.05 873 45.74 803 42.41 733 39.05 663
55.52 1012 52.28 942 49.00 872 45.70 802 42.36 732 39.00 662
55.49 1011 52.23 941 48.95 871 45.65 801 42.32 731 38.97 661
38.92 660 35.52 590 32.10 520 28.62 450 25.11 380 21.53 310
38.87 659 35.47 589 32.05 519 28.57 449 25.06 379 21.48 309
38.82 658 35.42 588 32.00 518 28.52 448 25.00 378 21.43 308
38.77 657 35.37 587 31.95 517 28.47 447 24.95 377 21.37 307
38.72 656 35.33 586 31.90 516 28.43 446 24.90 376 21.32 306
38.67 655 35.28 585 31.85 515 28.38 445 24.85 375 21.27 305
38.62 654 35.23 584 31.80 514 28.33 444 24.80 374 21.21 304
38.57 653 35.18 583 31.75 513 28.28 443 24.76 373 21.16 303
38.53 652 35.13 582 31.70 512 28.23 442 24.70 372 21.11 302
38.48 651 35.08 581 31.66 511 28.18 441 24.65 371 21.07 301
38.43 650 35.03 580 31.61 510 28.12 440 24.60 370 21.01 300
38.38 649 34.98 579 31.56 509 28.07 439 24.55 369 20.96 299
38.33 648 34.93 578 31.51 508 28.02 438 24.50 368 20.91 298
38.29 647 34.88 577 31.45 507 27.98 437 24.44 367 20.85 297
38.24 646 34.84 576 31.40 506 27.93 436 24.39 366 20.80 296
38.19 645 34.79 575 31.35 505 27.88 435 24.34 365 20.75 295
38.14 644 34.74 574 31.30 504 27.83 434 24.30 364 20.70 294
38.09 643 34.69 573 31.25 503 27.78 433 24.25 363 20.65 293
38.05 642 34.64 572 31.20 502 27.72 432 24.19 362 20.60 292
38.00 641 34.60 571 31.16 501 27.67 431 24.14 361 20.55 291
37.95 640 34.55 570 31.11 500 27.62 430 24.09 360 20.49 290
37.90 639 34.50 569 31.06 499 27.57 429 24.04 359 20.44 289
37.85 638 34.45 568 31.01 498 27.53 428 23.99 358 20.39 288
37.80 637 34.41 567 30.96 497 27.48 427 23.93 357 20.33 287
37.75 636 34.36 566 30.91 496 27.43 426 23.88 356 20.28 286
37.70 635 34.31 565 30.86 495 27.38 425 23.84 355 20.23 285
37.65 634 34.26 564 30.81 494 27.33 424 23.79 354 20.18 284
37.61 633 34.21 563 30.76 493 27.27 423 23.74 353 20.13 283
37.56 632 34.16 562 30.72 492 27.22 422 23.68 352 20.08 282
37.52 631 34.11 561 30.67 491 27.17 421 23.63 351 20.02 281
37.47 630 34.06 560 30.62 490 27.12 420 23.58 350 19.97 280
37.42 629 34.01 559 30.57 489 27.07 419 23.53 349 19.92 279
37.37 628 33.96 558 30.51 488 27.03 418 23.47 348 19.87 278
37.32 627 33.92 557 30.46 487 26.98 417 23.42 347 19.81 277
37.27 626 33.87 556 30.41 486 26.92 416 23.38 346 19.76 276
37.22 625 33.82 555 30.36 485 26.87 415 23.33 345 19.72 275
37.17 624 33.77 554 30.31 484 26.82 414 23.28 344 19.66 274
37.13 623 33.72 553 30.27 483 26.77 413 23.22 343 19.61 273
37.08 622 33.67 552 30.22 482 26.72 412 23.17 342 19.56 272
37.03 621 33.62 551 30.17 481 26.67 411 23.12 341 19.50 271
36.98 620 33.57 550 30.12 480 26.62 410 23.07 340 19.45 270
36.93 619 33.52 549 30.07 479 26.57 409 23.01 339 19.40 269
36.88 618 33.48 548 30.02 478 26.52 408 22.96 338 19.34 268
36.83 617 33.43 547 29.97 477 26.47 407 22.92 337 19.29 267
36.78 616 33.38 546 29.92 476 26.42 406 22.87 336 19.24 266
36.73 615 33.33 545 29.87 475 26.37 405 22.82 335 19.19 265
36.69 614 33.27 544 29.82 474 26.32 404 22.76 334 19.14 264
36.64 613 33.22 543 29.77 473 26.27 403 22.71 333 19.08 263
36.59 612 33.17 542 29.72 472 26.21 402 22.66 332 19.03 262
36.54 611 33.12 541 29.67 471 26.16 401 22.61 331 18.98 261
36.50 610 33.07 540 29.62 470 26.12 400 22.55 330 18.92 260
36.45 609 33.03 539 29.57 469 26.07 399 22.50 329 18.87 259
36.40 608 32.98 538 29.52 468 26.02 398 22.46 328 18.82 258
36.35 607 32.93 537 29.47 467 25.97 397 22.41 327 18.77 257
36.30 606 32.88 536 29.42 466 25.92 396 22.35 326 18.72 256
36.25 605 32.83 535 29.37 465 25.86 395 22.30 325 18.67 255
36.21 604 32.78 534 29.33 464 25.81 394 22.25 324 18.61 254
36.16 603 32.73 533 29.28 463 25.76 393 22.20 323 18.56 253
36.11 602 32.68 532 29.23 462 25.71 392 22.14 322 18.50 252
36.06 601 32.63 531 29.17 461 25.67 391 22.09 321 18.45 251
36.01 600 32.58 530 29.12 460 25.62 390 22.04 320 18.40 250
35.96 599 32.54 529 29.07 459 25.56 389 22.00 319 18.35 249
35.91 598 32.49 528 29.02 458 25.51 388 21.94 318 18.30 248
35.86 597 32.44 527 28.97 457 25.46 387 21.89 317 18.25 247
35.81 596 32.39 526 28.92 456 25.41 386 21.84 316 18.19 246
35.77 595 32.34 525 28.88 455 25.36 385 21.78 315 18.14 245
35.72 594 32.29 524 28.83 454 25.31 384 21.73 314 18.08 244
35.67 593 32.24 523 28.78 453 25.25 383 21.68 313 18.03 243
35.62 592 32.19 522 28.73 452 25.21 382 21.63 312 17.98 242
35.57 591 32.14 521 28.68 451 25.16 381 21.57 311 17.92 241
17.88 240 15.74 200 13.57 160 11.35 120 9.06 80 6.66 40
17.82 239 15.69 199 13.52 159 11.30 119 9.01 79 6.60 39
17.77 238 15.63 198 13.46 158 11.24 118 8.95 78 6.53 38
17.72 237 15.59 197 13.41 157 11.18 117 8.89 77 6.47 37
17.66 236 15.53 196 13.35 156 11.12 116 8.83 76 6.42 36
17.61 235 15.48 195 13.30 155 11.07 115 8.77 75 6.35 35
17.55 234 15.42 194 13.25 154 11.01 114 8.72 74 6.29 34
17.50 233 15.37 193 13.19 153 10.96 113 8.66 73 6.22 33
17.45 232 15.31 192 13.13 152 10.90 112 8.60 72 6.16 32
17.40 231 15.26 191 13.08 151 10.85 111 8.54 71 6.09 31
17.35 230 15.20 190 13.02 150 10.79 110 8.47 70 6.03 30
17.29 229 15.15 189 12.97 149 10.73 109 8.41 69 5.97 29
17.24 228 15.10 188 12.91 148 10.67 108 8.35 68 5.91 28
17.18 227 15.04 187 12.85 147 10.61 107 8.29 67 5.84 27
17.13 226 14.99 186 12.81 146 10.56 106 8.24 66 5.77 26
17.08 225 14.93 185 12.75 145 10.51 105 8.18 65 5.71 25
17.02 224 14.88 184 12.69 144 10.45 104 8.12 64 5.64 24
16.98 223 14.82 183 12.64 143 10.39 103 8.06 63 5.58 23
16.92 222 14.77 182 12.58 142 10.33 102 8.00 62 5.51 22
16.87 221 14.71 181 12.52 141 10.27 101 7.94 61 5.45 21
16.81 220 14.67 180 12.47 140 10.22 100 7.88 60 5.38 20
16.76 219 14.61 179 12.41 139 10.16 99 7.82 59 5.32 19
16.70 218 14.56 178 12.36 138 10.10 98 7.76 58 5.25 18
16.65 217 14.50 177 12.31 137 10.05 97 7.70 57 5.18 17
16.60 216 14.45 176 12.25 136 9.99 96 7.64 56 5.11 16
16.54 215 14.39 175 12.19 135 9.93 95 7.58 55 5.05 15
16.50 214 14.33 174 12.14 134 9.87 94 7.52 54 4.98 14
16.44 213 14.28 173 12.08 133 9.82 93 7.46 53 4.91 13
16.39 212 14.23 172 12.02 132 9.76 92 7.39 52 4.84 12
16.33 211 14.18 171 11.96 131 9.70 91 7.34 51 4.77 11
16.28 210 14.12 170 11.92 130 9.64 90 7.28 50 4.70 10
16.22 209 14.07 169 11.86 129 9.59 89 7.22 49 4.63 9
16.17 208 14.01 168 11.80 128 9.53 88 7.15 48 4.56 8
16.11 207 13.95 167 11.75 127 9.47 87 7.09 47 4.49 7
16.06 206 13.90 166 11.69 126 9.41 86 7.03 46 4.41 6
16.01 205 13.84 165 11.63 125 9.35 85 6.97 45 4.34 5
15.96 204 13.79 164 11.57 124 9.29 84 6.90 44 4.26 4
15.91 203 13.74 163 11.52 123 9.23 83 6.85 43 4.18 3
15.85 202 13.69 162 11.47 122 9.18 82 6.79 42 4.11 2
15.80 201 13.63 161 11.41 121 9.12 81 6.72 41 4.10 1
