71.53 1500 68.64 1430 65.74 1360 62.83 1290 59.90 1220 56.95 1150
71.49 1499 68.60 1429 65.70 1359 62.79 1289 59.85 1219 56.92 1149
71.45 1498 68.56 1428 65.66 1358 62.74 1288 59.82 1218 56.87 1148
71.41 1497 68.52 1427 65.62 1357 62.70 1287 59.77 1217 56.83 1147
71.36 1496 68.47 1426 65.57 1356 62.66 1286 59.73 1216 56.78 1146
71.33 1495 68.44 1425 65.54 1355 62.62 1285 59.69 1215 56.75 1145
71.28 1494 68.39 1424 65.49 1354 62.57 1284 59.65 1214 56.70 1144
71.24 1493 68.36 1423 65.45 1353 62.54 1283 59.60 1213 56.66 1143
71.20 1492 68.31 1422 65.41 1352 62.49 1282 59.57 1212 56.62 1142
71.16 1491 68.27 1421 65.37 1351 62.45 1281 59.52 1211 56.58 1141
71.12 1490 68.23 1420 65.33 1350 62.41 1280 59.48 1210 56.53 1140
71.08 1489 68.18 1419 65.28 1349 62.37 1279 59.44 1209 56.49 1139
71.04 1488 68.15 1418 65.24 1348 62.33 1278 59.39 1208 56.45 1138
70.99 1487 68.10 1417 65.20 1347 62.29 1277 59.35 1207 56.40 1137
70.95 1486 68.06 1416 65.16 1346 62.24 1276 59.31 1206 56.37 1136
70.91 1485 68.02 1415 65.12 1345 62.20 1275 59.27 1205 56.32 1135
70.87 1484 67.98 1414 65.08 1344 62.16 1274 59.22 1204 56.28 1134
70.83 1483 67.94 1413 65.03 1343 62.11 1273 59.19 1203 56.24 1133
70.79 1482 67.90 1412 65.00 1342 62.08 1272 59.14 1202 56.20 1132
70.75 1481 67.86 1411 64.95 1341 62.03 1271 59.11 1201 56.15 1131
70.71 1480 67.82 1410 64.91 1340 61.99 1270 59.06 1200 56.11 1130
70.66 1479 67.77 1409 64.87 1339 61.95 1269 59.02 1199 56.07 1129
70.63 1478 67.73 1408 64.83 1338 61.91 1268 58.98 1198 56.03 1128
70.58 1477 67.69 1407 64.79 1337 61.87 1267 58.94 1197 55.98 1127
70.54 1476 67.65 1406 64.74 1336 61.83 1266 58.89 1196 55.94 1126
70.50 1475 67.61 1405 64.70 1335 61.78 1265 58.85 1195 55.90 1125
70.45 1474 67.56 1404 64.66 1334 61.75 1264 58.81 1194 55.85 1124
70.42 1473 67.53 1403 64.62 1333 61.70 1263 58.76 1193 55.82 1123
70.37 1472 67.48 1402 64.58 1332 61.66 1262 58.73 1192 55.77 1122
70.34 1471 67.45 1401 64.54 1331 61.62 1261 58.68 1191 55.73 1121
70.29 1470 67.40 1400 64.49 1330 61.57 1260 58.64 1190 55.69 1120
70.26 1469 67.36 1399 64.46 1329 61.53 1259 58.60 1189 55.65 1119
70.21 1468 67.32 1398 64.41 1328 61.49 1258 58.56 1188 55.60 1118
70.17 1467 67.28 1397 64.37 1327 61.45 1257 58.51 1187 55.56 1117
70.13 1466 67.24 1396 64.33 1326 61.40 1256 58.48 1186 55.52 1116
70.09 1465 67.19 1395 64.28 1325 61.37 1255 58.43 1185 55.48 1115
70.05 1464 67.15 1394 64.25 1324 61.32 1254 58.39 1184 55.43 1114
70.00 1463 67.11 1393 64.20 1323 61.29 1253 58.35 1183 55.40 1113
69.97 1462 67.07 1392 64.16 1322 61.24 1252 58.30 1182 55.35 1112
69.92 1461 67.03 1391 64.12 1321 61.20 1251 58.26 1181 55.31 1111
69.88 1460 66.99 1390 64.08 1320 61.16 1250 58.21 1180 55.27 1110
69.84 1459 66.94 1389 64.03 1319 61.11 1249 58.18 1179 55.22 1109
69.80 1458 66.91 1388 64.00 1318 61.07 1248 58.13 1178 55.18 1108
69.76 1457 66.86 1387 63.95 1317 61.03 1247 58.09 1177 55.14 1107
69.72 1456 66.82 1386 63.92 1316 60.99 1246 58.05 1176 55.10 1106
69.67 1455 66.78 1385 63.87 1315 60.94 1245 58.01 1175 55.05 1105
69.63 1454 66.73 1384 63.83 1314 60.91 1244 57.96 1174 55.01 1104
69.59 1453 66.70 1383 63.79 1313 60.86 1243 57.93 1173 54.97 1103
69.55 1452 66.65 1382 63.74 1312 60.82 1242 57.88 1172 54.93 1102
69.51 1451 66.62 1381 63.70 1311 60.78 1241 57.84 1171 54.88 1101
69.47 1450 66.57 1380 63.66 1310 60.74 1240 57.80 1170 54.85 1100
69.43 1449 66.53 1379 63.62 1309 60.69 1239 57.76 1169 54.80 1099
69.38 1448 66.49 1378 63.58 1308 60.66 1238 57.71 1168 54.76 1098
69.35 1447 66.45 1377 63.54 1307 60.61 1237 57.67 1167 54.72 1097
69.30 1446 66.40 1376 63.49 1306 60.57 1236 57.63 1166 54.67 1096
69.27 1445 66.37 1375 63.46 1305 60.53 1235 57.58 1165 54.63 1095
69.22 1444 66.32 1374 63.41 1304 60.48 1234 57.55 1164 54.58 1094
69.18 1443 66.28 1373 63.37 1303 60.45 1233 57.50 1163 54.55 1093
69.14 1442 66.24 1372 63.33 1302 60.40 1232 57.46 1162 54.50 1092
69.09 1441 66.19 1371 63.29 1301 60.36 1231 57.42 1161 54.46 1091
69.06 1440 66.16 1370 63.25 1300 60.32 1230 57.38 1160 54.42 1090
69.01 1439 66.11 1369 63.20 1299 60.28 1229 57.33 1159 54.38 1089
68.97 1438 66.08 1368 63.16 1298 60.23 1228 57.30 1158 54.33 1088
68.93 1437 66.03 1367 63.12 1297 60.20 1227 57.25 1157 54.29 1087
68.89 1436 65.99 1366 63.08 1296 60.15 1226 57.21 1156 54.25 1086
68.85 1435 65.95 1365 63.03 1295 60.11 1225 57.17 1155 54.21 1085
68.81 1434 65.91 1364 63.00 1294 60.07 1224 57.12 1154 54.16 1084
68.77 1433 65.87 1363 62.95 1293 60.02 1223 57.08 1153 54.13 1083
68.73 1432 65.83 1362 62.91 1292 59.98 1222 57.04 1152 54.08 1082
68.68 1431 65.78 1361 62.87 1291 59.94 1221 57.00 1151 54.04 1081
54.00 1080 51.02 1010 48.02 940 45.00 870 41.97 800 38.90 730
53.95 1079 50.97 1009 47.97 939 44.96 869 41.92 799 38.86 729
53.91 1078 50.93 1008 47.94 938 44.92 868 41.88 798 38.81 728
53.86 1077 50.89 1007 47.89 937 44.88 867 41.83 797 38.77 727
53.83 1076 50.85 1006 47.85 936 44.83 866 41.79 796 38.72 726
53.78 1075 50.80 1005 47.80 935 44.79 865 41.75 795 38.68 725
53.74 1074 50.76 1004 47.77 934 44.74 864 41.71 794 38.63 724
53.70 1073 50.72 1003 47.72 933 44.70 863 41.66 793 38.60 723
53.66 1072 50.68 1002 47.68 932 44.66 862 41.62 792 38.55 722
53.61 1071 50.63 1001 47.63 931 44.61 861 41.57 791 38.51 721
53.57 1070 50.59 1000 47.60 930 44.57 860 41.53 790 38.46 720
53.53 1069 50.55 999 47.55 929 44.52 859 41.49 789 38.42 719
53.49 1068 50.50 998 47.51 928 44.49 858 41.44 788 38.37 718
53.44 1067 50.46 997 47.46 927 44.44 857 41.40 787 38.33 717
53.40 1066 50.42 996 47.42 926 44.40 856 41.35 786 38.28 716
53.36 1065 50.38 995 47.38 925 44.35 855 41.31 785 38.24 715
53.31 1064 50.33 994 47.33 924 44.31 854 41.26 784 38.20 714
53.27 1063 50.29 993 47.29 923 44.27 853 41.22 783 38.16 713
53.23 1062 50.25 992 47.24 922 44.23 852 41.18 782 38.11 712
53.19 1061 50.21 991 47.21 921 44.18 851 41.14 781 38.07 711
53.14 1060 50.16 990 47.16 920 44.14 850 41.09 780 38.02 710
53.11 1059 50.12 989 47.12 919 44.09 849 41.05 779 37.98 709
53.06 1058 50.08 988 47.07 918 44.05 848 41.00 778 37.93 708
53.02 1057 50.04 987 47.03 917 44.01 847 40.96 777 37.89 707
52.97 1056 49.99 986 46.99 916 43.97 846 40.92 776 37.84 706
52.94 1055 49.95 985 46.95 915 43.92 845 40.88 775 37.81 705
52.89 1054 49.91 984 46.90 914 43.88 844 40.83 774 37.76 704
52.85 1053 49.87 983 46.86 913 43.83 843 40.79 773 37.72 703
52.81 1052 49.82 982 46.82 912 43.79 842 40.74 772 37.67 702
52.77 1051 49.78 981 46.78 911 43.75 841 40.70 771 37.63 701
52.72 1050 49.74 980 46.73 910 43.70 840 40.65 770 37.58 700
52.68 1049 49.69 979 46.69 909 43.66 839 40.62 769 37.54 699
52.64 1048 49.65 978 46.64 908 43.61 838 40.57 768 37.49 698
52.59 1047 49.60 977 46.61 907 43.58 837 40.53 767 37.45 697
52.55 1046 49.57 976 46.56 906 43.53 836 40.48 766 37.40 696
52.50 1045 49.52 975 46.51 905 43.49 835 40.44 765 37.36 695
52.47 1044 49.48 974 46.47 904 43.44 834 40.39 764 37.32 694
52.42 1043 49.43 973 46.42 903 43.40 833 40.35 763 37.27 693
52.38 1042 49.40 972 46.39 902 43.35 832 40.31 762 37.23 692
52.34 1041 49.35 971 46.34 901 43.32 831 40.26 761 37.18 691
52.30 1040 49.31 970 46.30 900 43.27 830 40.22 760 37.14 690
52.25 1039 49.26 969 46.25 899 43.23 829 40.17 759 37.09 689
52.21 1038 49.23 968 46.22 898 43.18 828 40.13 758 37.05 688
52.17 1037 49.18 967 46.17 897 43.14 827 40.08 757 37.00 687
52.13 1036 49.14 966 46.13 896 43.09 826 40.04 756 36.96 686
52.08 1035 49.09 965 46.08 895 43.06 825 40.00 755 36.92 685
52.04 1034 49.05 964 46.04 894 43.01 824 39.96 754 36.88 684
52.00 1033 49.01 963 46.00 893 42.97 823 39.91 753 36.83 683
51.95 1032 48.96 962 45.96 892 42.92 822 39.87 752 36.79 682
51.91 1031 48.92 961 45.91 891 42.88 821 39.82 751 36.74 681
51.87 1030 48.88 960 45.87 890 42.84 820 39.78 750 36.70 680
51.83 1029 48.84 959 45.82 889 42.80 819 39.73 749 36.65 679
51.78 1028 48.79 958 45.79 888 42.75 818 39.69 748 36.61 678
51.74 1027 48.75 957 45.74 887 42.71 817 39.65 747 36.56 677
51.70 1026 48.70 956 45.70 886 42.66 816 39.61 746 36.52 676
51.66 1025 48.67 955 45.65 885 42.62 815 39.56 745 36.47 675
51.61 1024 48.62 954 45.61 884 42.58 814 39.52 744 36.43 674
51.57 1023 48.58 953 45.57 883 42.53 813 39.47 743 36.39 673
51.53 1022 48.53 952 45.52 882 42.49 812 39.43 742 36.35 672
51.49 1021 48.50 951 45.48 881 42.44 811 39.38 741 36.30 671
51.44 1020 48.45 950 45.43 880 42.40 810 39.34 740 36.26 670
51.41 1019 48.41 949 45.39 879 42.35 809 39.30 739 36.21 669
51.36 1018 48.36 948 45.35 878 42.32 808 39.26 738 36.17 668
51.32 1017 48.33 947 45.31 877 42.27 807 39.21 737 36.12 667
51.27 1016 48.28 946 45.26 876 42.23 806 39.17 736 36.08 666
51.23 1015 48.24 945 45.22 875 42.18 805 39.12 735 36.03 665
51.19 1014 48.19 944 45.17 874 42.14 804 39.08 734 35.99 664
51.14 1013 48.15 943 45.14 873 42.09 803 39.03 733 35.94 663
51.10 1012 48.11 942 45.09 872 42.06 802 38.99 732 35.90 662
51.06 1011 48.06 941 45.05 871 42.01 801 38.95 731 35.86 661
35.82 660 32.69 590 29.54 520 26.34 450 23.11 380 19.81 310
35.77 659 32.64 589 29.49 519 26.30 449 23.06 379 19.77 309
35.73 658 32.60 588 29.45 518 26.25 448 23.01 378 19.72 308
35.68 657 32.55 587 29.40 517 26.21 447 22.96 377 19.67 307
35.64 656 32.51 586 29.36 516 26.16 446 22.92 376 19.62 306
35.59 655 32.46 585 29.31 515 26.12 445 22.87 375 19.58 305
35.54 654 32.42 584 29.27 514 26.07 444 22.83 374 19.52 304
35.50 653 32.37 583 29.22 513 26.02 443 22.78 373 19.48 303
35.45 652 32.33 582 29.18 512 25.98 442 22.73 372 19.43 302
35.41 651 32.28 581 29.13 511 25.93 441 22.68 371 19.39 301
35.36 650 32.24 580 29.09 510 25.88 440 22.64 370 19.33 300
35.32 649 32.19 579 29.04 509 25.84 439 22.59 369 19.29 299
35.27 648 32.15 578 29.00 508 25.79 438 22.55 368 19.24 298
35.24 647 32.10 577 28.94 507 25.75 437 22.49 367 19.19 297
35.19 646 32.06 576 28.90 506 25.70 436 22.45 366 19.14 296
35.15 645 32.01 575 28.85 505 25.66 435 22.40 365 19.10 295
35.10 644 31.97 574 28.81 504 25.61 434 22.36 364 19.05 294
35.06 643 31.92 573 28.76 503 25.57 433 22.31 363 19.00 293
35.01 642 31.88 572 28.72 502 25.51 432 22.26 362 18.95 292
34.97 641 31.84 571 28.67 501 25.47 431 22.22 361 18.91 291
34.92 640 31.80 570 28.63 500 25.42 430 22.17 360 18.86 290
34.88 639 31.75 569 28.58 499 25.38 429 22.13 359 18.81 289
34.83 638 31.71 568 28.54 498 25.33 428 22.08 358 18.77 288
34.79 637 31.66 567 28.49 497 25.29 427 22.03 357 18.71 287
34.74 636 31.62 566 28.45 496 25.24 426 21.98 356 18.67 286
34.70 635 31.57 565 28.40 495 25.20 425 21.94 355 18.62 285
34.65 634 31.53 564 28.36 494 25.15 424 21.89 354 18.57 284
34.61 633 31.48 563 28.31 493 25.10 423 21.85 353 18.52 283
34.56 632 31.44 562 28.27 492 25.05 422 21.79 352 18.48 282
34.53 631 31.39 561 28.22 491 25.01 421 21.75 351 18.42 281
34.48 630 31.35 560 28.18 490 24.96 420 21.70 350 18.38 280
34.44 629 31.30 559 28.13 489 24.92 419 21.66 349 18.33 279
34.39 628 31.26 558 28.08 488 24.87 418 21.60 348 18.29 278
34.35 627 31.21 557 28.03 487 24.83 417 21.56 347 18.23 277
34.30 626 31.17 556 27.99 486 24.77 416 21.51 346 18.19 276
34.26 625 31.12 555 27.94 485 24.73 415 21.47 345 18.14 275
34.21 624 31.08 554 27.90 484 24.68 414 21.42 344 18.09 274
34.17 623 31.03 553 27.85 483 24.64 413 21.37 343 18.05 273
34.12 622 30.99 552 27.81 482 24.59 412 21.32 342 18.00 272
34.08 621 30.94 551 27.76 481 24.55 411 21.28 341 17.95 271
34.03 620 30.90 550 27.72 480 24.50 410 21.23 340 17.90 270
33.99 619 30.85 549 27.67 479 24.45 409 21.18 339 17.86 269
33.94 618 30.81 548 27.63 478 24.40 408 21.13 338 17.80 268
33.90 617 30.76 547 27.58 477 24.36 407 21.09 337 17.76 267
33.85 616 30.72 546 27.54 476 24.31 406 21.04 336 17.70 266
33.81 615 30.67 545 27.49 475 24.27 405 21.00 335 17.66 265
33.76 614 30.62 544 27.45 474 24.22 404 20.95 334 17.61 264
33.72 613 30.57 543 27.39 473 24.18 403 20.90 333 17.56 263
33.67 612 30.53 542 27.35 472 24.12 402 20.86 332 17.51 262
33.63 611 30.48 541 27.30 471 24.08 401 20.81 331 17.47 261
33.59 610 30.44 540 27.26 470 24.03 400 20.76 330 17.41 260
33.55 609 30.39 539 27.21 469 23.99 399 20.71 329 17.37 259
33.50 608 30.35 538 27.17 468 23.94 398 20.67 328 17.32 258
33.46 607 30.30 537 27.12 467 23.90 397 20.62 327 17.27 257
33.41 606 30.26 536 27.08 466 23.85 396 20.57 326 17.23 256
33.37 605 30.21 535 27.03 465 23.80 395 20.52 325 17.18 255
33.32 604 30.17 534 26.99 464 23.76 394 20.48 324 17.13 254
33.28 603 30.12 533 26.94 463 23.71 393 20.43 323 17.08 253
33.23 602 30.08 532 26.90 462 23.67 392 20.38 322 17.03 252
33.19 601 30.03 531 26.84 461 23.62 391 20.33 321 16.98 251
33.14 600 29.99 530 26.80 460 23.58 390 20.29 320 16.94 250
33.10 599 29.94 529 26.75 459 23.52 389 20.24 319 16.88 249
33.05 598 29.90 528 26.71 458 23.48 388 20.19 318 16.84 248
33.01 597 29.85 527 26.66 457 23.43 387 20.14 317 16.79 247
32.96 596 29.81 526 26.62 456 23.39 386 20.10 316 16.74 246
32.92 595 29.76 525 26.57 455 23.34 385 20.04 315 16.69 245
32.87 594 29.72 524 26.53 454 23.30 384 20.00 314 16.64 244
32.82 593 29.67 523 26.48 453 23.24 383 19.95 313 16.60 243
32.78 592 29.63 522 26.44 452 23.20 382 19.91 312 16.55 242
32.73 591 29.58 521 26.39 451 23.15 381 19.86 311 16.50 241
16.45 240 14.49 200 12.49 160 10.44 120 8.34 80 6.13 40
16.40 239 14.44 199 12.44 159 10.40 119 8.29 79 6.08 39
16.35 238 14.39 198 12.39 158 10.34 118 8.24 78 6.01 38
16.31 237 14.34 197 12.34 157 10.29 117 8.18 77 5.96 37
16.25 236 14.29 196 12.29 156 10.24 116 8.13 76 5.90 36
16.21 235 14.24 195 12.24 155 10.19 115 8.07 75 5.84 35
16.15 234 14.19 194 12.19 154 10.14 114 8.02 74 5.79 34
16.11 233 14.15 193 12.14 153 10.08 113 7.97 73 5.72 33
16.06 232 14.09 192 12.08 152 10.03 112 7.91 72 5.67 32
16.01 231 14.05 191 12.04 151 9.98 111 7.86 71 5.61 31
15.96 230 13.99 190 11.98 150 9.93 110 7.80 70 5.55 30
15.91 229 13.95 189 11.94 149 9.88 109 7.74 69 5.49 29
15.87 228 13.89 188 11.88 148 9.82 108 7.69 68 5.44 28
15.81 227 13.84 187 11.83 147 9.77 107 7.63 67 5.37 27
15.77 226 13.79 186 11.79 146 9.72 106 7.58 66 5.31 26
15.72 225 13.74 185 11.73 145 9.67 105 7.53 65 5.26 25
15.67 224 13.69 184 11.68 144 9.62 104 7.47 64 5.19 24
15.62 223 13.64 183 11.63 143 9.56 103 7.42 63 5.14 23
15.57 222 13.60 182 11.58 142 9.51 102 7.36 62 5.08 22
15.52 221 13.54 181 11.52 141 9.45 101 7.31 61 5.01 21
15.47 220 13.50 180 11.48 140 9.41 100 7.26 60 4.95 20
15.42 219 13.44 179 11.43 139 9.35 99 7.20 59 4.90 19
15.37 218 13.40 178 11.37 138 9.30 98 7.14 58 4.83 18
15.33 217 13.34 177 11.33 137 9.25 97 7.08 57 4.77 17
15.28 216 13.30 176 11.27 136 9.19 96 7.03 56 4.71 16
15.23 215 13.24 175 11.22 135 9.14 95 6.98 55 4.64 15
15.18 214 13.19 174 11.17 134 9.08 94 6.92 54 4.58 14
15.13 213 13.15 173 11.12 133 9.04 93 6.87 53 4.52 13
15.08 212 13.09 172 11.07 132 8.98 92 6.80 52 4.45 12
15.03 211 13.05 171 11.01 131 8.93 91 6.75 51 4.39 11
14.98 210 12.99 170 10.97 130 8.88 90 6.70 50 4.33 10
14.93 209 12.95 169 10.91 129 8.82 89 6.64 49 4.27 9
14.88 208 12.89 168 10.86 128 8.77 88 6.58 48 4.19 8
14.83 207 12.84 167 10.81 127 8.71 87 6.53 47 4.13 7
14.78 206 12.79 166 10.76 126 8.66 86 6.47 46 4.06 6
14.73 205 12.74 165 10.70 125 8.61 85 6.42 45 3.99 5
14.69 204 12.70 164 10.65 124 8.55 84 6.35 44 3.92 4
14.64 203 12.64 163 10.61 123 8.50 83 6.30 43 3.85 3
14.59 202 12.60 162 10.55 122 8.44 82 6.25 42 3.78 2
14.54 201 12.54 161 10.50 121 8.39 81 6.18 41 3.77 1
