74.72 1500 71.71 1430 68.68 1360 65.63 1290 62.58 1220 59.50 1150
74.69 1499 71.66 1429 68.64 1359 65.60 1289 62.53 1219 59.46 1149
74.64 1498 71.63 1428 68.60 1358 65.55 1288 62.49 1218 59.41 1148
74.60 1497 71.58 1427 68.55 1357 65.50 1287 62.44 1217 59.37 1147
74.55 1496 71.53 1426 68.50 1356 65.46 1286 62.40 1216 59.32 1146
74.52 1495 71.50 1425 68.47 1355 65.42 1285 62.36 1215 59.28 1145
74.47 1494 71.45 1424 68.42 1354 65.37 1284 62.31 1214 59.24 1144
74.42 1493 71.41 1423 68.37 1353 65.33 1283 62.27 1213 59.19 1143
74.38 1492 71.36 1422 68.33 1352 65.29 1282 62.23 1212 59.15 1142
74.34 1491 71.32 1421 68.29 1351 65.24 1281 62.18 1211 59.10 1141
74.30 1490 71.28 1420 68.25 1350 65.20 1280 62.13 1210 59.06 1140
74.25 1489 71.23 1419 68.20 1349 65.15 1279 62.10 1209 59.02 1139
74.21 1488 71.19 1418 68.16 1348 65.12 1278 62.05 1208 58.97 1138
74.17 1487 71.15 1417 68.12 1347 65.07 1277 62.00 1207 58.92 1137
74.12 1486 71.10 1416 68.07 1346 65.02 1276 61.96 1206 58.89 1136
74.08 1485 71.06 1415 68.03 1345 64.98 1275 61.92 1205 58.84 1135
74.04 1484 71.02 1414 67.99 1344 64.94 1274 61.87 1204 58.79 1134
74.00 1483 70.98 1413 67.94 1343 64.89 1273 61.83 1203 58.76 1133
73.95 1482 70.93 1412 67.90 1342 64.85 1272 61.79 1202 58.71 1132
73.91 1481 70.89 1411 67.85 1341 64.81 1271 61.75 1201 58.66 1131
73.87 1480 70.85 1410 67.81 1340 64.76 1270 61.70 1200 58.61 1130
73.82 1479 70.80 1409 67.77 1339 64.72 1269 61.65 1199 58.58 1129
73.78 1478 70.76 1408 67.72 1338 64.67 1268 61.62 1198 58.53 1128
73.73 1477 70.71 1407 67.68 1337 64.64 1267 61.57 1197 58.48 1127
73.70 1476 70.68 1406 67.64 1336 64.59 1266 61.52 1196 58.44 1126
73.65 1475 70.63 1405 67.59 1335 64.54 1265 61.48 1195 58.40 1125
73.60 1474 70.58 1404 67.55 1334 64.50 1264 61.44 1194 58.35 1124
73.57 1473 70.55 1403 67.51 1333 64.46 1263 61.39 1193 58.31 1123
73.52 1472 70.50 1402 67.47 1332 64.41 1262 61.35 1192 58.27 1122
73.48 1471 70.46 1401 67.42 1331 64.37 1261 61.31 1191 58.22 1121
73.43 1470 70.41 1400 67.37 1330 64.33 1260 61.26 1190 58.18 1120
73.40 1469 70.37 1399 67.34 1329 64.28 1259 61.22 1189 58.13 1119
73.35 1468 70.33 1398 67.29 1328 64.24 1258 61.17 1188 58.09 1118
73.30 1467 70.28 1397 67.24 1327 64.19 1257 61.13 1187 58.04 1117
73.26 1466 70.24 1396 67.20 1326 64.15 1256 61.09 1186 58.00 1116
73.22 1465 70.20 1395 67.16 1325 64.11 1255 61.04 1185 57.96 1115
73.18 1464 70.15 1394 67.12 1324 64.06 1254 60.99 1184 57.91 1114
73.13 1463 70.11 1393 67.07 1323 64.02 1253 60.96 1183 57.87 1113
73.09 1462 70.07 1392 67.03 1322 63.98 1252 60.91 1182 57.82 1112
73.05 1461 70.03 1391 66.99 1321 63.93 1251 60.86 1181 57.78 1111
73.00 1460 69.98 1390 66.94 1320 63.89 1250 60.82 1180 57.74 1110
72.96 1459 69.93 1389 66.89 1319 63.85 1249 60.78 1179 57.69 1109
72.92 1458 69.90 1388 66.86 1318 63.80 1248 60.73 1178 57.65 1108
72.88 1457 69.85 1387 66.81 1317 63.76 1247 60.68 1177 57.61 1107
72.83 1456 69.81 1386 66.77 1316 63.71 1246 60.65 1176 57.56 1106
72.78 1455 69.76 1385 66.72 1315 63.67 1245 60.60 1175 57.51 1105
72.75 1454 69.72 1384 66.68 1314 63.63 1244 60.55 1174 57.47 1104
72.70 1453 69.68 1383 66.64 1313 63.58 1243 60.51 1173 57.43 1103
72.66 1452 69.63 1382 66.59 1312 63.54 1242 60.47 1172 57.38 1102
72.62 1451 69.59 1381 66.55 1311 63.50 1241 60.42 1171 57.33 1101
72.58 1450 69.55 1380 66.51 1310 63.45 1240 60.38 1170 57.30 1100
72.53 1449 69.50 1379 66.46 1309 63.40 1239 60.34 1169 57.25 1099
72.48 1448 69.46 1378 66.42 1308 63.37 1238 60.29 1168 57.20 1098
72.45 1447 69.42 1377 66.38 1307 63.32 1237 60.25 1167 57.17 1097
72.40 1446 69.37 1376 66.33 1306 63.28 1236 60.20 1166 57.12 1096
72.36 1445 69.33 1375 66.29 1305 63.23 1235 60.16 1165 57.07 1095
72.31 1444 69.28 1374 66.25 1304 63.19 1234 60.12 1164 57.02 1094
72.27 1443 69.25 1373 66.20 1303 63.15 1233 60.07 1163 56.99 1093
72.23 1442 69.20 1372 66.16 1302 63.10 1232 60.03 1162 56.94 1092
72.18 1441 69.15 1371 66.11 1301 63.06 1231 59.99 1161 56.89 1091
72.14 1440 69.11 1370 66.08 1300 63.02 1230 59.94 1160 56.85 1090
72.10 1439 69.07 1369 66.03 1299 62.97 1229 59.89 1159 56.81 1089
72.05 1438 69.03 1368 65.98 1298 62.92 1228 59.86 1158 56.76 1088
72.01 1437 68.98 1367 65.94 1297 62.89 1227 59.81 1157 56.71 1087
71.97 1436 68.94 1366 65.90 1296 62.84 1226 59.76 1156 56.68 1086
71.93 1435 68.90 1365 65.85 1295 62.79 1225 59.72 1155 56.63 1085
71.88 1434 68.85 1364 65.81 1294 62.75 1224 59.68 1154 56.58 1084
71.84 1433 68.81 1363 65.77 1293 62.71 1223 59.63 1153 56.54 1083
71.80 1432 68.77 1362 65.72 1292 62.66 1222 59.59 1152 56.50 1082
71.75 1431 68.72 1361 65.68 1291 62.62 1221 59.55 1151 56.45 1081
56.41 1080 53.30 1010 50.16 940 47.01 870 43.84 800 40.64 730
56.37 1079 53.25 1009 50.12 939 46.97 869 43.79 799 40.60 729
56.32 1078 53.20 1008 50.08 938 46.93 868 43.75 798 40.55 728
56.27 1077 53.17 1007 50.03 937 46.88 867 43.70 797 40.50 727
56.23 1076 53.12 1006 49.99 936 46.83 866 43.65 796 40.45 726
56.19 1075 53.07 1005 49.94 935 46.79 865 43.62 795 40.41 725
56.14 1074 53.03 1004 49.90 934 46.74 864 43.57 794 40.36 724
56.10 1073 52.99 1003 49.85 933 46.70 863 43.52 793 40.32 723
56.06 1072 52.94 1002 49.81 932 46.66 862 43.48 792 40.28 722
56.01 1071 52.89 1001 49.76 931 46.61 861 43.43 791 40.23 721
55.96 1070 52.86 1000 49.72 930 46.56 860 43.38 790 40.18 720
55.92 1069 52.81 999 49.68 929 46.51 859 43.34 789 40.13 719
55.88 1068 52.76 998 49.63 928 46.48 858 43.30 788 40.09 718
55.83 1067 52.71 997 49.58 927 46.43 857 43.25 787 40.04 717
55.79 1066 52.68 996 49.53 926 46.38 856 43.20 786 39.99 716
55.74 1065 52.63 995 49.50 925 46.34 855 43.16 785 39.95 715
55.70 1064 52.58 994 49.45 924 46.29 854 43.11 784 39.91 714
55.65 1063 52.54 993 49.40 923 46.25 853 43.06 783 39.86 713
55.61 1062 52.50 992 49.36 922 46.20 852 43.02 782 39.81 712
55.57 1061 52.45 991 49.32 921 46.16 851 42.98 781 39.77 711
55.52 1060 52.40 990 49.27 920 46.11 850 42.93 780 39.72 710
55.48 1059 52.36 989 49.22 919 46.06 849 42.88 779 39.67 709
55.43 1058 52.32 988 49.18 918 46.02 848 42.84 778 39.63 708
55.39 1057 52.27 987 49.13 917 45.98 847 42.79 777 39.58 707
55.34 1056 52.23 986 49.09 916 45.93 846 42.75 776 39.53 706
55.30 1055 52.18 985 49.05 915 45.88 845 42.70 775 39.50 705
55.26 1054 52.14 984 49.00 914 45.84 844 42.66 774 39.45 704
55.21 1053 52.09 983 48.95 913 45.79 843 42.61 773 39.40 703
55.17 1052 52.05 982 48.91 912 45.75 842 42.56 772 39.35 702
55.12 1051 52.00 981 48.87 911 45.71 841 42.52 771 39.31 701
55.08 1050 51.96 980 48.82 910 45.66 840 42.47 770 39.26 700
55.03 1049 51.92 979 48.77 909 45.61 839 42.43 769 39.21 699
54.99 1048 51.87 978 48.73 908 45.56 838 42.38 768 39.17 698
54.94 1047 51.82 977 48.69 907 45.53 837 42.34 767 39.12 697
54.90 1046 51.78 976 48.64 906 45.48 836 42.29 766 39.07 696
54.85 1045 51.74 975 48.59 905 45.43 835 42.24 765 39.03 695
54.81 1044 51.69 974 48.55 904 45.39 834 42.20 764 38.99 694
54.77 1043 51.64 973 48.50 903 45.34 833 42.15 763 38.94 693
54.72 1042 51.60 972 48.46 902 45.29 832 42.11 762 38.89 692
54.68 1041 51.56 971 48.41 901 45.25 831 42.06 761 38.85 691
54.63 1040 51.51 970 48.37 900 45.21 830 42.02 760 38.80 690
54.59 1039 51.46 969 48.32 899 45.16 829 41.97 759 38.75 689
54.54 1038 51.43 968 48.28 898 45.11 828 41.92 758 38.70 688
54.50 1037 51.38 967 48.24 897 45.07 827 41.88 757 38.66 687
54.46 1036 51.33 966 48.19 896 45.02 826 41.83 756 38.61 686
54.41 1035 51.28 965 48.14 895 44.98 825 41.79 755 38.57 685
54.37 1034 51.25 964 48.09 894 44.93 824 41.74 754 38.53 684
54.32 1033 51.20 963 48.06 893 44.89 823 41.70 753 38.48 683
54.28 1032 51.15 962 48.01 892 44.84 822 41.65 752 38.43 682
54.23 1031 51.11 961 47.96 891 44.79 821 41.60 751 38.38 681
54.19 1030 51.07 960 47.92 890 44.75 820 41.56 750 38.34 680
54.15 1029 51.02 959 47.87 889 44.71 819 41.51 749 38.29 679
54.10 1028 50.97 958 47.83 888 44.66 818 41.46 748 38.24 678
54.05 1027 50.93 957 47.78 887 44.61 817 41.42 747 38.20 677
54.01 1026 50.88 956 47.74 886 44.57 816 41.38 746 38.15 676
53.97 1025 50.84 955 47.69 885 44.52 815 41.33 745 38.10 675
53.92 1024 50.80 954 47.64 884 44.48 814 41.28 744 38.06 674
53.87 1023 50.75 953 47.61 883 44.43 813 41.24 743 38.02 673
53.83 1022 50.70 952 47.56 882 44.39 812 41.19 742 37.97 672
53.79 1021 50.66 951 47.51 881 44.34 811 41.14 741 37.92 671
53.74 1020 50.62 950 47.46 880 44.29 810 41.09 740 37.88 670
53.70 1019 50.57 949 47.42 879 44.25 809 41.06 739 37.83 669
53.66 1018 50.52 948 47.38 878 44.21 808 41.01 738 37.78 668
53.61 1017 50.48 947 47.33 877 44.16 807 40.96 737 37.74 667
53.56 1016 50.44 946 47.29 876 44.11 806 40.92 736 37.69 666
53.52 1015 50.39 945 47.24 875 44.07 805 40.87 735 37.64 665
53.48 1014 50.34 944 47.19 874 44.02 804 40.82 734 37.59 664
53.43 1013 50.31 943 47.15 873 43.97 803 40.77 733 37.55 663
53.38 1012 50.26 942 47.11 872 43.94 802 40.73 732 37.50 662
53.35 1011 50.21 941 47.06 871 43.89 801 40.69 731 37.46 661
37.42 660 34.15 590 30.86 520 27.52 450 24.14 380 20.70 310
37.37 659 34.10 589 30.81 519 27.47 449 24.09 379 20.65 309
37.32 658 34.06 588 30.76 518 27.42 448 24.04 378 20.60 308
37.27 657 34.01 587 30.72 517 27.38 447 23.99 377 20.55 307
37.23 656 33.96 586 30.67 516 27.33 446 23.94 376 20.50 306
37.18 655 33.92 585 30.62 515 27.28 445 23.89 375 20.45 305
37.13 654 33.87 584 30.58 514 27.23 444 23.85 374 20.39 304
37.09 653 33.82 583 30.53 513 27.19 443 23.80 373 20.35 303
37.04 652 33.77 582 30.48 512 27.14 442 23.74 372 20.30 302
36.99 651 33.73 581 30.43 511 27.09 441 23.70 371 20.25 301
36.95 650 33.68 580 30.39 510 27.04 440 23.65 370 20.20 300
36.90 649 33.63 579 30.34 509 26.99 439 23.60 369 20.15 299
36.85 648 33.59 578 30.29 508 26.94 438 23.56 368 20.10 298
36.81 647 33.54 577 30.24 507 26.90 437 23.50 367 20.05 297
36.77 646 33.49 576 30.19 506 26.85 436 23.45 366 20.00 296
36.72 645 33.44 575 30.14 505 26.80 435 23.41 365 19.95 295
36.67 644 33.40 574 30.10 504 26.76 434 23.36 364 19.91 294
36.63 643 33.35 573 30.05 503 26.71 433 23.31 363 19.85 293
36.58 642 33.30 572 30.00 502 26.65 432 23.25 362 19.80 292
36.53 641 33.27 571 29.95 501 26.60 431 23.21 361 19.75 291
36.48 640 33.22 570 29.91 500 26.56 430 23.16 360 19.70 290
36.44 639 33.17 569 29.86 499 26.51 429 23.11 359 19.65 289
36.39 638 33.13 568 29.81 498 26.46 428 23.07 358 19.60 288
36.34 637 33.08 567 29.77 497 26.42 427 23.01 357 19.55 287
36.30 636 33.03 566 29.72 496 26.37 426 22.96 356 19.50 286
36.25 635 32.98 565 29.67 495 26.32 425 22.92 355 19.45 285
36.20 634 32.94 564 29.62 494 26.28 424 22.87 354 19.40 284
36.15 633 32.89 563 29.58 493 26.22 423 22.82 353 19.35 283
36.11 632 32.84 562 29.53 492 26.17 422 22.77 352 19.30 282
36.07 631 32.80 561 29.48 491 26.12 421 22.72 351 19.25 281
36.02 630 32.75 560 29.44 490 26.08 420 22.67 350 19.20 280
35.98 629 32.70 559 29.39 489 26.03 419 22.62 349 19.15 279
35.93 628 32.65 558 29.33 488 25.98 418 22.57 348 19.11 278
35.88 627 32.61 557 29.29 487 25.94 417 22.52 347 19.05 277
35.83 626 32.56 556 29.24 486 25.88 416 22.47 346 19.00 276
35.79 625 32.51 555 29.19 485 25.83 415 22.43 345 18.95 275
35.74 624 32.47 554 29.15 484 25.79 414 22.38 344 18.90 274
35.69 623 32.42 553 29.10 483 25.74 413 22.32 343 18.85 273
35.65 622 32.37 552 29.05 482 25.69 412 22.28 342 18.80 272
35.60 621 32.33 551 29.00 481 25.64 411 22.23 341 18.75 271
35.55 620 32.28 550 28.96 480 25.60 410 22.18 340 18.70 270
35.51 619 32.23 549 28.91 479 25.54 409 22.13 339 18.65 269
35.46 618 32.18 548 28.86 478 25.49 408 22.08 338 18.60 268
35.41 617 32.14 547 28.82 477 25.45 407 22.03 337 18.55 267
35.36 616 32.09 546 28.77 476 25.40 406 21.98 336 18.49 266
35.32 615 32.04 545 28.72 475 25.35 405 21.94 335 18.45 265
35.27 614 31.99 544 28.67 474 25.31 404 21.88 334 18.40 264
35.22 613 31.94 543 28.62 473 25.26 403 21.83 333 18.34 263
35.18 612 31.89 542 28.57 472 25.20 402 21.79 332 18.30 262
35.13 611 31.85 541 28.52 471 25.16 401 21.74 331 18.25 261
35.09 610 31.80 540 28.48 470 25.11 400 21.68 330 18.19 260
35.04 609 31.75 539 28.43 469 25.06 399 21.64 329 18.15 259
35.00 608 31.70 538 28.38 468 25.01 398 21.59 328 18.10 258
34.95 607 31.66 537 28.34 467 24.97 397 21.54 327 18.04 257
34.90 606 31.61 536 28.29 466 24.92 396 21.49 326 18.00 256
34.86 605 31.56 535 28.24 465 24.86 395 21.44 325 17.95 255
34.81 604 31.52 534 28.19 464 24.82 394 21.39 324 17.89 254
34.76 603 31.47 533 28.15 463 24.77 393 21.34 323 17.84 253
34.72 602 31.42 532 28.10 462 24.72 392 21.29 322 17.79 252
34.67 601 31.37 531 28.04 461 24.68 391 21.24 321 17.74 251
34.62 600 31.33 530 28.00 460 24.63 390 21.19 320 17.69 250
34.57 599 31.28 529 27.95 459 24.57 389 21.15 319 17.64 249
34.53 598 31.23 528 27.90 458 24.53 388 21.09 318 17.59 248
34.48 597 31.19 527 27.86 457 24.48 387 21.04 317 17.54 247
34.43 596 31.14 526 27.81 456 24.43 386 21.00 316 17.49 246
34.39 595 31.09 525 27.76 455 24.38 385 20.94 315 17.44 245
34.34 594 31.05 524 27.71 454 24.34 384 20.89 314 17.38 244
34.29 593 31.00 523 27.67 453 24.28 383 20.85 313 17.34 243
34.24 592 30.95 522 27.62 452 24.23 382 20.80 312 17.29 242
34.20 591 30.90 521 27.57 451 24.19 381 20.74 311 17.23 241
17.19 240 15.13 200 13.05 160 10.91 120 8.71 80 6.40 40
17.13 239 15.09 199 13.00 159 10.86 119 8.66 79 6.35 39
17.08 238 15.03 198 12.94 158 10.81 118 8.60 78 6.28 38
17.04 237 14.98 197 12.90 157 10.75 117 8.55 77 6.22 37
16.98 236 14.93 196 12.84 156 10.69 116 8.49 76 6.17 36
16.93 235 14.88 195 12.78 155 10.65 115 8.44 75 6.10 35
16.88 234 14.82 194 12.74 154 10.59 114 8.38 74 6.05 34
16.83 233 14.78 193 12.68 153 10.53 113 8.32 73 5.98 33
16.78 232 14.72 192 12.62 152 10.48 112 8.27 72 5.92 32
16.72 231 14.67 191 12.58 151 10.43 111 8.21 71 5.86 31
16.68 230 14.62 190 12.52 150 10.37 110 8.14 70 5.80 30
16.62 229 14.57 189 12.47 149 10.32 109 8.09 69 5.74 29
16.57 228 14.51 188 12.42 148 10.26 108 8.03 68 5.68 28
16.52 227 14.46 187 12.36 147 10.20 107 7.97 67 5.61 27
16.47 226 14.41 186 12.31 146 10.16 106 7.92 66 5.55 26
16.42 225 14.35 185 12.26 145 10.10 105 7.86 65 5.49 25
16.37 224 14.31 184 12.20 144 10.04 104 7.81 64 5.42 24
16.32 223 14.25 183 12.15 143 9.99 103 7.75 63 5.37 23
16.26 222 14.20 182 12.10 142 9.93 102 7.69 62 5.30 22
16.22 221 14.15 181 12.04 141 9.88 101 7.64 61 5.24 21
16.16 220 14.10 180 11.99 140 9.83 100 7.58 60 5.17 20
16.11 219 14.04 179 11.94 139 9.77 99 7.52 59 5.11 19
16.06 218 14.00 178 11.88 138 9.72 98 7.46 58 5.05 18
16.01 217 13.94 177 11.83 137 9.66 97 7.40 57 4.98 17
15.96 216 13.89 176 11.78 136 9.60 96 7.34 56 4.92 16
15.91 215 13.84 175 11.72 135 9.55 95 7.29 55 4.85 15
15.86 214 13.78 174 11.67 134 9.49 94 7.23 54 4.78 14
15.80 213 13.73 173 11.62 133 9.44 93 7.17 53 4.72 13
15.76 212 13.68 172 11.56 132 9.39 92 7.11 52 4.65 12
15.70 211 13.63 171 11.50 131 9.33 91 7.05 51 4.59 11
15.65 210 13.57 170 11.46 130 9.27 90 7.00 50 4.52 10
15.60 209 13.53 169 11.40 129 9.22 89 6.94 49 4.46 9
15.55 208 13.47 168 11.34 128 9.16 88 6.87 48 4.38 8
15.49 207 13.41 167 11.30 127 9.10 87 6.82 47 4.31 7
15.45 206 13.37 166 11.24 126 9.05 86 6.76 46 4.24 6
15.39 205 13.31 165 11.18 125 8.99 85 6.70 45 4.17 5
15.34 204 13.26 164 11.13 124 8.93 84 6.64 44 4.10 4
15.29 203 13.21 163 11.08 123 8.88 83 6.58 43 4.02 3
15.24 202 13.16 162 11.02 122 8.82 82 6.53 42 3.95 2
15.19 201 13.10 161 10.97 121 8.76 81 6.46 41 3.86 1
