68.24 1500 65.49 1430 62.73 1360 59.94 1290 57.15 1220 54.34 1150
68.21 1499 65.45 1429 62.68 1359 59.91 1289 57.11 1219 54.31 1149
68.17 1498 65.42 1428 62.65 1358 59.87 1288 57.07 1218 54.26 1148
68.13 1497 65.37 1427 62.61 1357 59.82 1287 57.03 1217 54.22 1147
68.09 1496 65.33 1426 62.56 1356 59.79 1286 56.99 1216 54.18 1146
68.06 1495 65.30 1425 62.53 1355 59.75 1285 56.95 1215 54.14 1145
68.01 1494 65.25 1424 62.49 1354 59.70 1284 56.91 1214 54.10 1144
67.97 1493 65.22 1423 62.44 1353 59.67 1283 56.87 1213 54.06 1143
67.93 1492 65.18 1422 62.41 1352 59.63 1282 56.83 1212 54.02 1142
67.89 1491 65.13 1421 62.37 1351 59.58 1281 56.79 1211 53.98 1141
67.86 1490 65.10 1420 62.33 1350 59.55 1280 56.75 1210 53.94 1140
67.81 1489 65.06 1419 62.29 1349 59.50 1279 56.71 1209 53.90 1139
67.78 1488 65.02 1418 62.25 1348 59.47 1278 56.67 1208 53.86 1138
67.74 1487 64.98 1417 62.21 1347 59.43 1277 56.63 1207 53.82 1137
67.69 1486 64.94 1416 62.17 1346 59.38 1276 56.59 1206 53.78 1136
67.66 1485 64.90 1415 62.13 1345 59.35 1275 56.55 1205 53.74 1135
67.62 1484 64.86 1414 62.09 1344 59.31 1274 56.51 1204 53.70 1134
67.58 1483 64.82 1413 62.05 1343 59.26 1273 56.47 1203 53.66 1133
67.54 1482 64.78 1412 62.01 1342 59.23 1272 56.43 1202 53.62 1132
67.51 1481 64.75 1411 61.97 1341 59.19 1271 56.39 1201 53.58 1131
67.46 1480 64.70 1410 61.93 1340 59.14 1270 56.35 1200 53.53 1130
67.42 1479 64.66 1409 61.89 1339 59.11 1269 56.31 1199 53.50 1129
67.38 1478 64.63 1408 61.85 1338 59.07 1268 56.27 1198 53.46 1128
67.34 1477 64.58 1407 61.82 1337 59.03 1267 56.23 1197 53.41 1127
67.31 1476 64.55 1406 61.77 1336 58.99 1266 56.19 1196 53.38 1126
67.26 1475 64.51 1405 61.73 1335 58.95 1265 56.15 1195 53.33 1125
67.22 1474 64.46 1404 61.70 1334 58.91 1264 56.11 1194 53.29 1124
67.19 1473 64.43 1403 61.65 1333 58.87 1263 56.07 1193 53.26 1123
67.14 1472 64.39 1402 61.62 1332 58.83 1262 56.03 1192 53.21 1122
67.11 1471 64.35 1401 61.58 1331 58.79 1261 55.99 1191 53.17 1121
67.07 1470 64.31 1400 61.53 1330 58.75 1260 55.95 1190 53.14 1120
67.03 1469 64.27 1399 61.50 1329 58.71 1259 55.91 1189 53.09 1119
66.99 1468 64.23 1398 61.46 1328 58.67 1258 55.87 1188 53.05 1118
66.95 1467 64.19 1397 61.41 1327 58.63 1257 55.83 1187 53.01 1117
66.91 1466 64.15 1396 61.38 1326 58.59 1256 55.79 1186 52.97 1116
66.87 1465 64.11 1395 61.34 1325 58.55 1255 55.75 1185 52.93 1115
66.83 1464 64.07 1394 61.30 1324 58.51 1254 55.71 1184 52.89 1114
66.79 1463 64.03 1393 61.26 1323 58.47 1253 55.67 1183 52.85 1113
66.76 1462 63.99 1392 61.21 1322 58.43 1252 55.63 1182 52.81 1112
66.71 1461 63.96 1391 61.18 1321 58.39 1251 55.59 1181 52.77 1111
66.67 1460 63.91 1390 61.14 1320 58.35 1250 55.54 1180 52.73 1110
66.64 1459 63.87 1389 61.09 1319 58.31 1249 55.51 1179 52.69 1109
66.59 1458 63.84 1388 61.06 1318 58.27 1248 55.47 1178 52.65 1108
66.56 1457 63.79 1387 61.02 1317 58.23 1247 55.42 1177 52.61 1107
66.52 1456 63.76 1386 60.98 1316 58.19 1246 55.39 1176 52.57 1106
66.47 1455 63.72 1385 60.94 1315 58.15 1245 55.35 1175 52.53 1105
66.44 1454 63.67 1384 60.90 1314 58.11 1244 55.30 1174 52.48 1104
66.40 1453 63.64 1383 60.86 1313 58.07 1243 55.27 1173 52.45 1103
66.36 1452 63.60 1382 60.82 1312 58.03 1242 55.23 1172 52.41 1102
66.32 1451 63.56 1381 60.78 1311 57.99 1241 55.18 1171 52.36 1101
66.28 1450 63.52 1380 60.74 1310 57.95 1240 55.15 1170 52.33 1100
66.24 1449 63.47 1379 60.70 1309 57.91 1239 55.11 1169 52.29 1099
66.20 1448 63.44 1378 60.66 1308 57.87 1238 55.06 1168 52.24 1098
66.16 1447 63.40 1377 60.62 1307 57.83 1237 55.03 1167 52.21 1097
66.12 1446 63.35 1376 60.58 1306 57.79 1236 54.98 1166 52.17 1096
66.09 1445 63.32 1375 60.54 1305 57.75 1235 54.94 1165 52.12 1095
66.04 1444 63.28 1374 60.50 1304 57.71 1234 54.91 1164 52.08 1094
66.00 1443 63.24 1373 60.46 1303 57.67 1233 54.86 1163 52.05 1093
65.97 1442 63.20 1372 60.42 1302 57.63 1232 54.82 1162 52.00 1092
65.92 1441 63.16 1371 60.38 1301 57.59 1231 54.79 1161 51.96 1091
65.89 1440 63.12 1370 60.35 1300 57.55 1230 54.74 1160 51.93 1090
65.85 1439 63.08 1369 60.30 1299 57.51 1229 54.70 1159 51.88 1089
65.80 1438 63.05 1368 60.26 1298 57.47 1228 54.67 1158 51.84 1088
65.77 1437 63.00 1367 60.23 1297 57.43 1227 54.62 1157 51.80 1087
65.73 1436 62.96 1366 60.18 1296 57.39 1226 54.58 1156 51.76 1086
65.69 1435 62.92 1365 60.14 1295 57.35 1225 54.55 1155 51.72 1085
65.65 1434 62.88 1364 60.11 1294 57.31 1224 54.50 1154 51.68 1084
65.61 1433 62.85 1363 60.06 1293 57.27 1223 54.46 1153 51.64 1083
65.57 1432 62.80 1362 60.02 1292 57.23 1222 54.43 1152 51.60 1082
65.53 1431 62.76 1361 59.99 1291 57.19 1221 54.38 1151 51.56 1081
51.52 1080 48.68 1010 45.82 940 42.94 870 40.04 800 37.12 730
51.48 1079 48.63 1009 45.77 939 42.89 869 40.00 799 37.08 729
51.44 1078 48.59 1008 45.74 938 42.86 868 39.96 798 37.03 728
51.39 1077 48.56 1007 45.70 937 42.82 867 39.91 797 36.99 727
51.36 1076 48.51 1006 45.65 936 42.77 866 39.87 796 36.95 726
51.32 1075 48.47 1005 45.61 935 42.73 865 39.83 795 36.90 725
51.27 1074 48.43 1004 45.58 934 42.69 864 39.79 794 36.86 724
51.24 1073 48.39 1003 45.53 933 42.65 863 39.75 793 36.83 723
51.20 1072 48.35 1002 45.49 932 42.61 862 39.71 792 36.78 722
51.15 1071 48.31 1001 45.45 931 42.57 861 39.66 791 36.74 721
51.11 1070 48.27 1000 45.41 930 42.52 860 39.62 790 36.70 720
51.07 1069 48.23 999 45.37 929 42.48 859 39.59 789 36.66 719
51.03 1068 48.19 998 45.33 928 42.45 858 39.54 788 36.61 718
50.99 1067 48.14 997 45.28 927 42.40 857 39.50 787 36.57 717
50.95 1066 48.11 996 45.24 926 42.36 856 39.46 786 36.53 716
50.91 1065 48.07 995 45.21 925 42.32 855 39.41 785 36.48 715
50.87 1064 48.02 994 45.16 924 42.28 854 39.37 784 36.45 714
50.83 1063 47.98 993 45.12 923 42.24 853 39.33 783 36.41 713
50.79 1062 47.95 992 45.08 922 42.20 852 39.29 782 36.36 712
50.75 1061 47.90 991 45.04 921 42.16 851 39.25 781 36.32 711
50.71 1060 47.86 990 45.00 920 42.11 850 39.21 780 36.28 710
50.67 1059 47.82 989 44.96 919 42.07 849 39.16 779 36.23 709
50.63 1058 47.78 988 44.91 918 42.03 848 39.12 778 36.19 708
50.59 1057 47.74 987 44.87 917 41.99 847 39.08 777 36.15 707
50.54 1056 47.70 986 44.84 916 41.95 846 39.04 776 36.11 706
50.51 1055 47.65 985 44.79 915 41.91 845 39.00 775 36.07 705
50.46 1054 47.62 984 44.75 914 41.86 844 38.96 774 36.03 704
50.42 1053 47.58 983 44.71 913 41.82 843 38.92 773 35.99 703
50.39 1052 47.53 982 44.67 912 41.79 842 38.87 772 35.94 702
50.34 1051 47.49 981 44.63 911 41.74 841 38.83 771 35.90 701
50.30 1050 47.46 980 44.59 910 41.70 840 38.79 770 35.86 700
50.26 1049 47.41 979 44.54 909 41.66 839 38.75 769 35.81 699
50.22 1048 47.37 978 44.50 908 41.61 838 38.71 768 35.77 698
50.18 1047 47.33 977 44.47 907 41.58 837 38.67 767 35.73 697
50.14 1046 47.29 976 44.42 906 41.54 836 38.62 766 35.68 696
50.10 1045 47.25 975 44.38 905 41.49 835 38.58 765 35.65 695
50.06 1044 47.21 974 44.34 904 41.45 834 38.54 764 35.61 694
50.02 1043 47.16 973 44.29 903 41.41 833 38.49 763 35.56 693
49.97 1042 47.13 972 44.26 902 41.36 832 38.46 762 35.52 692
49.94 1041 47.09 971 44.22 901 41.33 831 38.42 761 35.48 691
49.90 1040 47.04 970 44.17 900 41.29 830 38.37 760 35.44 690
49.85 1039 47.00 969 44.13 899 41.24 829 38.33 759 35.39 689
49.81 1038 46.97 968 44.10 898 41.20 828 38.29 758 35.35 688
49.78 1037 46.92 967 44.05 897 41.16 827 38.25 757 35.31 687
49.73 1036 46.88 966 44.01 896 41.12 826 38.20 756 35.26 686
49.69 1035 46.84 965 43.97 895 41.08 825 38.17 755 35.23 685
49.66 1034 46.80 964 43.93 894 41.04 824 38.12 754 35.19 684
49.61 1033 46.76 963 43.89 893 40.99 823 38.08 753 35.14 683
49.57 1032 46.72 962 43.85 892 40.95 822 38.04 752 35.10 682
49.53 1031 46.68 961 43.80 891 40.91 821 38.00 751 35.06 681
49.49 1030 46.64 960 43.76 890 40.87 820 37.95 750 35.01 680
49.45 1029 46.60 959 43.72 889 40.83 819 37.91 749 34.97 679
49.41 1028 46.55 958 43.68 888 40.79 818 37.87 748 34.93 678
49.36 1027 46.51 957 43.64 887 40.75 817 37.83 747 34.89 677
49.33 1026 46.47 956 43.60 886 40.70 816 37.79 746 34.84 676
49.29 1025 46.43 955 43.56 885 40.66 815 37.75 745 34.80 675
49.24 1024 46.39 954 43.51 884 40.63 814 37.70 744 34.76 674
49.20 1023 46.35 953 43.48 883 40.58 813 37.66 743 34.72 673
49.17 1022 46.31 952 43.44 882 40.54 812 37.62 742 34.68 672
49.12 1021 46.27 951 43.39 881 40.50 811 37.57 741 34.64 671
49.08 1020 46.23 950 43.35 880 40.45 810 37.53 740 34.59 670
49.05 1019 46.19 949 43.31 879 40.41 809 37.50 739 34.55 669
49.00 1018 46.14 948 43.27 878 40.38 808 37.45 738 34.51 668
48.96 1017 46.11 947 43.23 877 40.33 807 37.41 737 34.46 667
48.92 1016 46.06 946 43.19 876 40.29 806 37.37 736 34.42 666
48.88 1015 46.02 945 43.14 875 40.25 805 37.33 735 34.38 665
48.84 1014 45.98 944 43.10 874 40.20 804 37.28 734 34.34 664
48.80 1013 45.94 943 43.07 873 40.16 803 37.24 733 34.29 663
48.75 1012 45.90 942 43.02 872 40.13 802 37.20 732 34.25 662
48.72 1011 45.86 941 42.98 871 40.08 801 37.16 731 34.21 661
34.17 660 31.19 590 28.18 520 25.13 450 22.05 380 18.90 310
34.13 659 31.15 589 28.14 519 25.09 449 22.00 379 18.86 309
34.09 658 31.10 588 28.10 518 25.05 448 21.95 378 18.82 308
34.04 657 31.06 587 28.05 517 25.00 447 21.91 377 18.76 307
34.00 656 31.02 586 28.01 516 24.96 446 21.87 376 18.72 306
33.96 655 30.98 585 27.97 515 24.92 445 21.82 375 18.68 305
33.91 654 30.93 584 27.92 514 24.87 444 21.78 374 18.63 304
33.87 653 30.89 583 27.88 513 24.83 443 21.74 373 18.58 303
33.83 652 30.85 582 27.84 512 24.79 442 21.69 372 18.54 302
33.79 651 30.80 581 27.80 511 24.75 441 21.64 371 18.50 301
33.74 650 30.76 580 27.75 510 24.69 440 21.60 370 18.45 300
33.70 649 30.72 579 27.71 509 24.65 439 21.56 369 18.40 299
33.66 648 30.67 578 27.67 508 24.61 438 21.51 368 18.36 298
33.62 647 30.63 577 27.62 507 24.56 437 21.46 367 18.31 297
33.58 646 30.59 576 27.57 506 24.52 436 21.42 366 18.27 296
33.54 645 30.55 575 27.53 505 24.48 435 21.38 365 18.22 295
33.49 644 30.50 574 27.49 504 24.44 434 21.33 364 18.18 294
33.45 643 30.46 573 27.44 503 24.39 433 21.29 363 18.13 293
33.41 642 30.42 572 27.40 502 24.34 432 21.24 362 18.09 292
33.36 641 30.38 571 27.36 501 24.30 431 21.20 361 18.04 291
33.32 640 30.34 570 27.31 500 24.26 430 21.15 360 17.99 290
33.28 639 30.30 569 27.27 499 24.21 429 21.11 359 17.95 289
33.24 638 30.25 568 27.23 498 24.17 428 21.07 358 17.90 288
33.19 637 30.21 567 27.19 497 24.13 427 21.02 357 17.85 287
33.15 636 30.17 566 27.14 496 24.08 426 20.97 356 17.81 286
33.11 635 30.12 565 27.10 495 24.04 425 20.93 355 17.77 285
33.06 634 30.08 564 27.06 494 24.00 424 20.89 354 17.72 284
33.02 633 30.04 563 27.01 493 23.95 423 20.84 353 17.67 283
32.98 632 30.00 562 26.97 492 23.90 422 20.79 352 17.63 282
32.94 631 29.95 561 26.93 491 23.86 421 20.75 351 17.58 281
32.90 630 29.91 560 26.88 490 23.82 420 20.71 350 17.54 280
32.86 629 29.87 559 26.84 489 23.77 419 20.66 349 17.49 279
32.81 628 29.82 558 26.79 488 23.73 418 20.61 348 17.45 278
32.77 627 29.78 557 26.75 487 23.69 417 20.57 347 17.40 277
32.73 626 29.74 556 26.70 486 23.64 416 20.53 346 17.35 276
32.69 625 29.69 555 26.66 485 23.59 415 20.48 345 17.31 275
32.64 624 29.65 554 26.62 484 23.55 414 20.44 344 17.26 274
32.60 623 29.61 553 26.58 483 23.51 413 20.39 343 17.22 273
32.56 622 29.57 552 26.53 482 23.46 412 20.35 342 17.17 272
32.51 621 29.52 551 26.49 481 23.42 411 20.30 341 17.12 271
32.47 620 29.48 550 26.45 480 23.38 410 20.26 340 17.08 270
32.43 619 29.44 549 26.40 479 23.33 409 20.21 339 17.04 269
32.38 618 29.39 548 26.36 478 23.28 408 20.16 338 16.99 268
32.34 617 29.35 547 26.32 477 23.24 407 20.12 337 16.94 267
32.30 616 29.31 546 26.27 476 23.20 406 20.08 336 16.89 266
32.26 615 29.27 545 26.23 475 23.16 405 20.04 335 16.85 265
32.21 614 29.21 544 26.19 474 23.11 404 19.98 334 16.80 264
32.17 613 29.17 543 26.14 473 23.07 403 19.94 333 16.75 263
32.13 612 29.13 542 26.09 472 23.02 402 19.90 332 16.71 262
32.08 611 29.08 541 26.05 471 22.97 401 19.86 331 16.67 261
32.05 610 29.04 540 26.01 470 22.93 400 19.80 330 16.62 260
32.01 609 29.00 539 25.97 469 22.89 399 19.76 329 16.57 259
31.96 608 28.96 538 25.92 468 22.85 398 19.72 328 16.53 258
31.92 607 28.91 537 25.88 467 22.80 397 19.68 327 16.48 257
31.88 606 28.87 536 25.84 466 22.76 396 19.62 326 16.44 256
31.83 605 28.83 535 25.79 465 22.71 395 19.58 325 16.39 255
31.79 604 28.78 534 25.75 464 22.67 394 19.54 324 16.34 254
31.75 603 28.74 533 25.71 463 22.62 393 19.49 323 16.30 253
31.71 602 28.70 532 25.66 462 22.58 392 19.44 322 16.25 252
31.66 601 28.65 531 25.61 461 22.54 391 19.40 321 16.20 251
31.62 600 28.61 530 25.57 460 22.49 390 19.36 320 16.16 250
31.58 599 28.57 529 25.53 459 22.44 389 19.31 319 16.11 249
31.53 598 28.53 528 25.48 458 22.40 388 19.26 318 16.07 248
31.49 597 28.48 527 25.44 457 22.36 387 19.22 317 16.02 247
31.45 596 28.44 526 25.40 456 22.31 386 19.18 316 15.97 246
31.40 595 28.40 525 25.36 455 22.27 385 19.13 315 15.93 245
31.36 594 28.35 524 25.31 454 22.23 384 19.08 314 15.88 244
31.32 593 28.31 523 25.27 453 22.18 383 19.04 313 15.83 243
31.28 592 28.27 522 25.23 452 22.13 382 19.00 312 15.79 242
31.23 591 28.23 521 25.18 451 22.09 381 18.94 311 15.74 241
15.70 240 13.82 200 11.92 160 9.96 120 7.95 80 5.85 40
15.64 239 13.78 199 11.87 159 9.92 119 7.91 79 5.80 39
15.60 238 13.73 198 11.82 158 9.87 118 7.86 78 5.74 38
15.56 237 13.69 197 11.78 157 9.82 117 7.81 77 5.69 37
15.51 236 13.63 196 11.73 156 9.77 116 7.76 76 5.63 36
15.46 235 13.59 195 11.67 155 9.72 115 7.70 75 5.57 35
15.41 234 13.54 194 11.63 154 9.67 114 7.65 74 5.52 34
15.37 233 13.50 193 11.58 153 9.62 113 7.60 73 5.46 33
15.33 232 13.44 192 11.53 152 9.57 112 7.55 72 5.41 32
15.28 231 13.40 191 11.49 151 9.53 111 7.50 71 5.35 31
15.23 230 13.35 190 11.43 150 9.47 110 7.44 70 5.30 30
15.18 229 13.31 189 11.39 149 9.42 109 7.39 69 5.24 29
15.14 228 13.26 188 11.34 148 9.37 108 7.34 68 5.19 28
15.09 227 13.20 187 11.29 147 9.32 107 7.28 67 5.13 27
15.04 226 13.16 186 11.25 146 9.28 106 7.23 66 5.07 26
15.00 225 13.11 185 11.19 145 9.23 105 7.18 65 5.01 25
14.95 224 13.07 184 11.14 144 9.17 104 7.13 64 4.95 24
14.91 223 13.02 183 11.10 143 9.12 103 7.08 63 4.90 23
14.85 222 12.97 182 11.05 142 9.07 102 7.03 62 4.84 22
14.81 221 12.92 181 11.00 141 9.02 101 6.97 61 4.78 21
14.76 220 12.88 180 10.95 140 8.98 100 6.92 60 4.72 20
14.72 219 12.83 179 10.90 139 8.92 99 6.87 59 4.67 19
14.67 218 12.78 178 10.85 138 8.87 98 6.81 58 4.61 18
14.62 217 12.73 177 10.81 137 8.82 97 6.76 57 4.55 17
14.58 216 12.69 176 10.76 136 8.77 96 6.71 56 4.49 16
14.53 215 12.64 175 10.70 135 8.72 95 6.66 55 4.43 15
14.48 214 12.59 174 10.66 134 8.67 94 6.60 54 4.37 14
14.43 213 12.54 173 10.61 133 8.62 93 6.55 53 4.31 13
14.39 212 12.49 172 10.56 132 8.57 92 6.49 52 4.25 12
14.34 211 12.45 171 10.51 131 8.52 91 6.44 51 4.19 11
14.30 210 12.40 170 10.46 130 8.47 90 6.39 50 4.13 10
14.24 209 12.35 169 10.41 129 8.42 89 6.34 49 4.07 9
14.20 208 12.30 168 10.36 128 8.37 88 6.28 48 4.00 8
14.15 207 12.25 167 10.32 127 8.31 87 6.23 47 3.94 7
14.11 206 12.21 166 10.27 126 8.26 86 6.17 46 3.87 6
14.06 205 12.16 165 10.21 125 8.21 85 6.12 45 3.81 5
14.01 204 12.11 164 10.16 124 8.16 84 6.06 44 3.74 4
13.97 203 12.06 163 10.12 123 8.11 83 6.01 43 3.67 3
13.92 202 12.02 162 10.07 122 8.06 82 5.96 42 3.61 2
13.87 201 11.97 161 10.02 121 8.01 81 5.90 41 3.53 1
