62.14 1500 59.63 1430 57.11 1360 54.58 1290 52.04 1220 49.48 1150
62.10 1499 59.59 1429 57.07 1359 54.55 1289 52.00 1219 49.45 1149
62.07 1498 59.56 1428 57.04 1358 54.51 1288 51.96 1218 49.41 1148
62.03 1497 59.52 1427 57.00 1357 54.47 1287 51.93 1217 49.37 1147
62.00 1496 59.48 1426 56.96 1356 54.44 1286 51.89 1216 49.33 1146
61.96 1495 59.45 1425 56.93 1355 54.40 1285 51.86 1215 49.30 1145
61.93 1494 59.41 1424 56.89 1354 54.36 1284 51.82 1214 49.26 1144
61.89 1493 59.38 1423 56.86 1353 54.33 1283 51.78 1213 49.22 1143
61.85 1492 59.34 1422 56.82 1352 54.29 1282 51.75 1212 49.19 1142
61.82 1491 59.30 1421 56.78 1351 54.25 1281 51.71 1211 49.15 1141
61.78 1490 59.27 1420 56.75 1350 54.22 1280 51.67 1210 49.11 1140
61.75 1489 59.23 1419 56.71 1349 54.18 1279 51.64 1209 49.08 1139
61.71 1488 59.20 1418 56.68 1348 54.15 1278 51.60 1208 49.04 1138
61.67 1487 59.16 1417 56.64 1347 54.11 1277 51.56 1207 49.00 1137
61.64 1486 59.12 1416 56.60 1346 54.07 1276 51.53 1206 48.97 1136
61.60 1485 59.09 1415 56.57 1345 54.04 1275 51.49 1205 48.93 1135
61.57 1484 59.05 1414 56.53 1344 54.00 1274 51.45 1204 48.89 1134
61.53 1483 59.02 1413 56.50 1343 53.96 1273 51.42 1203 48.86 1133
61.49 1482 58.98 1412 56.46 1342 53.93 1272 51.38 1202 48.82 1132
61.46 1481 58.95 1411 56.42 1341 53.89 1271 51.35 1201 48.78 1131
61.42 1480 58.91 1410 56.39 1340 53.85 1270 51.31 1200 48.74 1130
61.39 1479 58.87 1409 56.35 1339 53.82 1269 51.27 1199 48.71 1129
61.35 1478 58.84 1408 56.32 1338 53.78 1268 51.24 1198 48.67 1128
61.31 1477 58.80 1407 56.28 1337 53.75 1267 51.20 1197 48.63 1127
61.28 1476 58.77 1406 56.24 1336 53.71 1266 51.16 1196 48.60 1126
61.24 1475 58.73 1405 56.21 1335 53.67 1265 51.13 1195 48.56 1125
61.21 1474 58.69 1404 56.17 1334 53.64 1264 51.09 1194 48.52 1124
61.17 1473 58.66 1403 56.14 1333 53.60 1263 51.05 1193 48.49 1123
61.13 1472 58.62 1402 56.10 1332 53.56 1262 51.02 1192 48.45 1122
61.10 1471 58.59 1401 56.06 1331 53.53 1261 50.98 1191 48.41 1121
61.06 1470 58.55 1400 56.03 1330 53.49 1260 50.94 1190 48.38 1120
61.03 1469 58.51 1399 55.99 1329 53.45 1259 50.91 1189 48.34 1119
60.99 1468 58.48 1398 55.96 1328 53.42 1258 50.87 1188 48.30 1118
60.95 1467 58.44 1397 55.92 1327 53.38 1257 50.83 1187 48.26 1117
60.92 1466 58.41 1396 55.88 1326 53.34 1256 50.80 1186 48.23 1116
60.88 1465 58.37 1395 55.85 1325 53.31 1255 50.76 1185 48.19 1115
60.85 1464 58.33 1394 55.81 1324 53.27 1254 50.72 1184 48.15 1114
60.81 1463 58.30 1393 55.78 1323 53.24 1253 50.69 1183 48.12 1113
60.78 1462 58.26 1392 55.74 1322 53.20 1252 50.65 1182 48.08 1112
60.74 1461 58.23 1391 55.70 1321 53.16 1251 50.61 1181 48.05 1111
60.70 1460 58.19 1390 55.67 1320 53.13 1250 50.57 1180 48.01 1110
60.67 1459 58.15 1389 55.63 1319 53.09 1249 50.54 1179 47.97 1109
60.63 1458 58.12 1388 55.60 1318 53.05 1248 50.50 1178 47.94 1108
60.60 1457 58.08 1387 55.56 1317 53.02 1247 50.46 1177 47.90 1107
60.56 1456 58.05 1386 55.52 1316 52.98 1246 50.43 1176 47.87 1106
60.52 1455 58.01 1385 55.49 1315 52.94 1245 50.39 1175 47.83 1105
60.49 1454 57.97 1384 55.45 1314 52.91 1244 50.35 1174 47.79 1104
60.45 1453 57.94 1383 55.42 1313 52.87 1243 50.32 1173 47.76 1103
60.42 1452 57.90 1382 55.38 1312 52.83 1242 50.28 1172 47.72 1102
60.38 1451 57.87 1381 55.34 1311 52.80 1241 50.24 1171 47.68 1101
60.35 1450 57.83 1380 55.31 1310 52.76 1240 50.21 1170 47.65 1100
60.31 1449 57.79 1379 55.27 1309 52.72 1239 50.17 1169 47.61 1099
60.27 1448 57.76 1378 55.24 1308 52.69 1238 50.13 1168 47.57 1098
60.24 1447 57.72 1377 55.20 1307 52.65 1237 50.10 1167 47.54 1097
60.20 1446 57.68 1376 55.16 1306 52.62 1236 50.06 1166 47.50 1096
60.17 1445 57.65 1375 55.13 1305 52.58 1235 50.02 1165 47.46 1095
60.13 1444 57.61 1374 55.09 1304 52.54 1234 49.99 1164 47.42 1094
60.09 1443 57.58 1373 55.05 1303 52.51 1233 49.95 1163 47.39 1093
60.06 1442 57.54 1372 55.02 1302 52.47 1232 49.92 1162 47.35 1092
60.02 1441 57.50 1371 54.98 1301 52.43 1231 49.88 1161 47.31 1091
59.99 1440 57.47 1370 54.95 1300 52.40 1230 49.84 1160 47.28 1090
59.95 1439 57.43 1369 54.91 1299 52.36 1229 49.81 1159 47.24 1089
59.91 1438 57.40 1368 54.87 1298 52.32 1228 49.77 1158 47.20 1088
59.88 1437 57.36 1367 54.84 1297 52.29 1227 49.74 1157 47.16 1087
59.84 1436 57.32 1366 54.80 1296 52.25 1226 49.70 1156 47.13 1086
59.81 1435 57.29 1365 54.76 1295 52.22 1225 49.66 1155 47.09 1085
59.77 1434 57.25 1364 54.73 1294 52.18 1224 49.63 1154 47.05 1084
59.74 1433 57.22 1363 54.69 1293 52.14 1223 49.59 1153 47.02 1083
59.70 1432 57.18 1362 54.65 1292 52.11 1222 49.56 1152 46.98 1082
59.66 1431 57.14 1361 54.62 1291 52.07 1221 49.52 1151 46.94 1081
46.91 1080 44.32 1010 41.72 940 39.09 870 36.46 800 33.80 730
46.87 1079 44.28 1009 41.68 939 39.06 869 36.42 799 33.76 729
46.83 1078 44.24 1008 41.64 938 39.02 868 36.38 798 33.72 728
46.79 1077 44.21 1007 41.61 937 38.98 867 36.34 797 33.68 727
46.76 1076 44.17 1006 41.57 936 38.95 866 36.30 796 33.64 726
46.72 1075 44.13 1005 41.53 935 38.91 865 36.27 795 33.60 725
46.68 1074 44.09 1004 41.50 934 38.87 864 36.23 794 33.56 724
46.65 1073 44.06 1003 41.46 933 38.84 863 36.19 793 33.53 723
46.61 1072 44.02 1002 41.42 932 38.80 862 36.15 792 33.49 722
46.57 1071 43.98 1001 41.38 931 38.76 861 36.11 791 33.45 721
46.54 1070 43.95 1000 41.35 930 38.72 860 36.07 790 33.41 720
46.50 1069 43.91 999 41.31 929 38.68 859 36.04 789 33.37 719
46.46 1068 43.87 998 41.27 928 38.65 858 36.00 788 33.34 718
46.43 1067 43.84 997 41.23 927 38.61 857 35.96 787 33.30 717
46.39 1066 43.80 996 41.19 926 38.57 856 35.93 786 33.26 716
46.36 1065 43.77 995 41.16 925 38.53 855 35.89 785 33.22 715
46.32 1064 43.73 994 41.12 924 38.49 854 35.85 784 33.19 714
46.28 1063 43.69 993 41.08 923 38.46 853 35.81 783 33.15 713
46.25 1062 43.66 992 41.04 922 38.42 852 35.78 782 33.11 712
46.21 1061 43.62 991 41.01 921 38.38 851 35.74 781 33.07 711
46.17 1060 43.58 990 40.97 920 38.34 850 35.70 780 33.03 710
46.14 1059 43.54 989 40.93 919 38.30 849 35.66 779 32.99 709
46.10 1058 43.51 988 40.89 918 38.26 848 35.62 778 32.95 708
46.06 1057 43.47 987 40.85 917 38.23 847 35.58 777 32.91 707
46.02 1056 43.43 986 40.82 916 38.19 846 35.55 776 32.87 706
45.99 1055 43.39 985 40.78 915 38.16 845 35.51 775 32.84 705
45.95 1054 43.36 984 40.75 914 38.12 844 35.47 774 32.80 704
45.91 1053 43.32 983 40.71 913 38.08 843 35.43 773 32.76 703
45.88 1052 43.28 982 40.67 912 38.05 842 35.39 772 32.73 702
45.84 1051 43.24 981 40.64 911 38.01 841 35.35 771 32.69 701
45.80 1050 43.21 980 40.60 910 37.97 840 35.32 770 32.65 700
45.76 1049 43.17 979 40.56 909 37.93 839 35.28 769 32.61 699
45.73 1048 43.13 978 40.52 908 37.89 838 35.24 768 32.57 698
45.69 1047 43.09 977 40.49 907 37.86 837 35.21 767 32.53 697
45.65 1046 43.06 976 40.45 906 37.82 836 35.17 766 32.49 696
45.61 1045 43.02 975 40.41 905 37.78 835 35.13 765 32.46 695
45.58 1044 42.98 974 40.37 904 37.74 834 35.09 764 32.42 694
45.54 1043 42.94 973 40.33 903 37.70 833 35.05 763 32.38 693
45.50 1042 42.91 972 40.30 902 37.66 832 35.02 762 32.34 692
45.47 1041 42.87 971 40.26 901 37.63 831 34.98 761 32.30 691
45.43 1040 42.83 970 40.22 900 37.59 830 34.94 760 32.26 690
45.39 1039 42.80 969 40.18 899 37.55 829 34.90 759 32.22 689
45.35 1038 42.76 968 40.15 898 37.51 828 34.86 758 32.19 688
45.32 1037 42.72 967 40.11 897 37.47 827 34.82 757 32.15 687
45.28 1036 42.69 966 40.07 896 37.44 826 34.78 756 32.11 686
45.24 1035 42.65 965 40.03 895 37.40 825 34.75 755 32.08 685
45.21 1034 42.62 964 39.99 894 37.37 824 34.71 754 32.04 684
45.17 1033 42.58 963 39.96 893 37.33 823 34.67 753 32.00 683
45.13 1032 42.54 962 39.92 892 37.29 822 34.63 752 31.96 682
45.10 1031 42.50 961 39.88 891 37.25 821 34.60 751 31.92 681
45.06 1030 42.47 960 39.85 890 37.22 820 34.56 750 31.88 680
45.02 1029 42.43 959 39.81 889 37.18 819 34.52 749 31.84 679
44.99 1028 42.39 958 39.77 888 37.14 818 34.48 748 31.80 678
44.95 1027 42.35 957 39.74 887 37.10 817 34.45 747 31.76 677
44.92 1026 42.31 956 39.70 886 37.06 816 34.41 746 31.72 676
44.88 1025 42.28 955 39.66 885 37.02 815 34.37 745 31.68 675
44.84 1024 42.24 954 39.62 884 36.99 814 34.33 744 31.65 674
44.80 1023 42.20 953 39.59 883 36.95 813 34.29 743 31.61 673
44.77 1022 42.16 952 39.55 882 36.91 812 34.25 742 31.58 672
44.73 1021 42.13 951 39.51 881 36.87 811 34.21 741 31.54 671
44.69 1020 42.09 950 39.47 880 36.83 810 34.17 740 31.50 670
44.66 1019 42.05 949 39.43 879 36.79 809 34.14 739 31.46 669
44.62 1018 42.01 948 39.40 878 36.76 808 34.10 738 31.42 668
44.58 1017 41.98 947 39.36 877 36.72 807 34.06 737 31.38 667
44.54 1016 41.94 946 39.32 876 36.68 806 34.02 736 31.34 666
44.51 1015 41.90 945 39.28 875 36.65 805 33.99 735 31.30 665
44.47 1014 41.86 944 39.24 874 36.61 804 33.95 734 31.26 664
44.43 1013 41.83 943 39.21 873 36.57 803 33.91 733 31.22 663
44.39 1012 41.79 942 39.17 872 36.54 802 33.87 732 31.18 662
44.36 1011 41.75 941 39.13 871 36.50 801 33.84 731 31.15 661
31.11 660 28.40 590 25.66 520 22.88 450 20.07 380 17.21 310
31.07 659 28.36 589 25.62 519 22.84 449 20.03 379 17.17 309
31.04 658 28.32 588 25.58 518 22.80 448 19.99 378 17.13 308
31.00 657 28.28 587 25.54 517 22.77 447 19.95 377 17.09 307
30.96 656 28.24 586 25.50 516 22.73 446 19.91 376 17.05 306
30.92 655 28.20 585 25.46 515 22.69 445 19.87 375 17.01 305
30.88 654 28.16 584 25.43 514 22.65 444 19.83 374 16.96 304
30.84 653 28.12 583 25.39 513 22.61 443 19.79 373 16.92 303
30.80 652 28.09 582 25.35 512 22.57 442 19.75 372 16.88 302
30.76 651 28.05 581 25.31 511 22.53 441 19.71 371 16.84 301
30.72 650 28.01 580 25.27 510 22.48 440 19.67 370 16.80 300
30.68 649 27.97 579 25.23 509 22.44 439 19.63 369 16.76 299
30.64 648 27.93 578 25.19 508 22.41 438 19.59 368 16.72 298
30.61 647 27.89 577 25.14 507 22.37 437 19.54 367 16.67 297
30.57 646 27.85 576 25.10 506 22.33 436 19.50 366 16.63 296
30.53 645 27.81 575 25.07 505 22.29 435 19.46 365 16.59 295
30.50 644 27.77 574 25.03 504 22.25 434 19.42 364 16.55 294
30.46 643 27.73 573 24.99 503 22.21 433 19.39 363 16.51 293
30.42 642 27.69 572 24.95 502 22.16 432 19.34 362 16.47 292
30.38 641 27.66 571 24.91 501 22.12 431 19.30 361 16.43 291
30.34 640 27.62 570 24.87 500 22.08 430 19.26 360 16.38 290
30.30 639 27.59 569 24.83 499 22.05 429 19.22 359 16.34 289
30.26 638 27.55 568 24.79 498 22.01 428 19.18 358 16.30 288
30.22 637 27.51 567 24.75 497 21.97 427 19.13 357 16.26 287
30.18 636 27.47 566 24.71 496 21.93 426 19.10 356 16.22 286
30.14 635 27.43 565 24.67 495 21.89 425 19.06 355 16.18 285
30.10 634 27.39 564 24.64 494 21.85 424 19.02 354 16.13 284
30.07 633 27.35 563 24.60 493 21.80 423 18.98 353 16.09 283
30.03 632 27.31 562 24.56 492 21.76 422 18.93 352 16.05 282
29.99 631 27.27 561 24.52 491 21.72 421 18.89 351 16.01 281
29.96 630 27.23 560 24.48 490 21.69 420 18.85 350 15.97 280
29.92 629 27.19 559 24.44 489 21.65 419 18.81 349 15.93 279
29.88 628 27.15 558 24.39 488 21.61 418 18.77 348 15.89 278
29.84 627 27.12 557 24.35 487 21.57 417 18.73 347 15.84 277
29.80 626 27.08 556 24.31 486 21.52 416 18.69 346 15.80 276
29.76 625 27.04 555 24.28 485 21.48 415 18.65 345 15.76 275
29.72 624 27.00 554 24.24 484 21.44 414 18.61 344 15.72 274
29.68 623 26.96 553 24.20 483 21.40 413 18.56 343 15.68 273
29.64 622 26.92 552 24.16 482 21.36 412 18.52 342 15.64 272
29.60 621 26.88 551 24.12 481 21.33 411 18.49 341 15.59 271
29.56 620 26.84 550 24.08 480 21.29 410 18.45 340 15.55 270
29.53 619 26.80 549 24.04 479 21.24 409 18.40 339 15.51 269
29.49 618 26.76 548 24.00 478 21.20 408 18.36 338 15.47 268
29.45 617 26.72 547 23.96 477 21.16 407 18.32 337 15.43 267
29.41 616 26.69 546 23.92 476 21.12 406 18.28 336 15.38 266
29.37 615 26.65 545 23.88 475 21.08 405 18.24 335 15.34 265
29.33 614 26.60 544 23.85 474 21.04 404 18.20 334 15.30 264
29.29 613 26.56 543 23.80 473 21.00 403 18.16 333 15.25 263
29.25 612 26.52 542 23.76 472 20.96 402 18.12 332 15.22 262
29.21 611 26.48 541 23.72 471 20.92 401 18.08 331 15.18 261
29.18 610 26.44 540 23.68 470 20.88 400 18.03 330 15.13 260
29.14 609 26.40 539 23.64 469 20.84 399 17.99 329 15.09 259
29.10 608 26.36 538 23.60 468 20.80 398 17.95 328 15.05 258
29.06 607 26.33 537 23.56 467 20.76 397 17.91 327 15.00 257
29.02 606 26.29 536 23.52 466 20.72 396 17.87 326 14.96 256
28.99 605 26.25 535 23.49 465 20.68 395 17.83 325 14.93 255
28.95 604 26.21 534 23.45 464 20.64 394 17.79 324 14.88 254
28.91 603 26.17 533 23.41 463 20.60 393 17.75 323 14.84 253
28.87 602 26.13 532 23.37 462 20.56 392 17.70 322 14.79 252
28.83 601 26.09 531 23.32 461 20.52 391 17.66 321 14.75 251
28.79 600 26.05 530 23.28 460 20.48 390 17.62 320 14.71 250
28.75 599 26.01 529 23.24 459 20.43 389 17.59 319 14.67 249
28.71 598 25.97 528 23.20 458 20.39 388 17.54 318 14.63 248
28.67 597 25.93 527 23.16 457 20.36 387 17.50 317 14.59 247
28.63 596 25.89 526 23.13 456 20.32 386 17.46 316 14.54 246
28.59 595 25.86 525 23.09 455 20.28 385 17.41 315 14.50 245
28.56 594 25.82 524 23.05 454 20.24 384 17.37 314 14.46 244
28.52 593 25.78 523 23.01 453 20.19 383 17.34 313 14.42 243
28.48 592 25.74 522 22.97 452 20.15 382 17.30 312 14.38 242
28.44 591 25.70 521 22.93 451 20.11 381 17.25 311 14.33 241
14.29 240 12.59 200 10.85 160 9.07 120 7.24 80 5.33 40
14.24 239 12.55 199 10.81 159 9.03 119 7.20 79 5.28 39
14.21 238 12.50 198 10.76 158 8.99 118 7.16 78 5.22 38
14.17 237 12.46 197 10.72 157 8.94 117 7.11 77 5.18 37
14.12 236 12.41 196 10.68 156 8.89 116 7.06 76 5.13 36
14.08 235 12.37 195 10.63 155 8.85 115 7.02 75 5.08 35
14.03 234 12.33 194 10.59 154 8.81 114 6.97 74 5.03 34
13.99 233 12.29 193 10.54 153 8.76 113 6.92 73 4.97 33
13.96 232 12.24 192 10.50 152 8.71 112 6.87 72 4.93 32
13.91 231 12.20 191 10.46 151 8.67 111 6.83 71 4.87 31
13.87 230 12.16 190 10.41 150 8.63 110 6.77 70 4.82 30
13.82 229 12.12 189 10.37 149 8.58 109 6.73 69 4.77 29
13.78 228 12.07 188 10.33 148 8.53 108 6.68 68 4.72 28
13.74 227 12.02 187 10.28 147 8.49 107 6.63 67 4.67 27
13.70 226 11.98 186 10.24 146 8.45 106 6.59 66 4.61 26
13.66 225 11.94 185 10.19 145 8.40 105 6.54 65 4.57 25
13.61 224 11.90 184 10.15 144 8.35 104 6.49 64 4.51 24
13.57 223 11.85 183 10.11 143 8.31 103 6.44 63 4.46 23
13.53 222 11.81 182 10.06 142 8.26 102 6.40 62 4.41 22
13.49 221 11.76 181 10.01 141 8.21 101 6.35 61 4.36 21
13.44 220 11.73 180 9.97 140 8.17 100 6.30 60 4.30 20
13.40 219 11.68 179 9.93 139 8.13 99 6.26 59 4.25 19
13.35 218 11.64 178 9.88 138 8.08 98 6.20 58 4.20 18
13.31 217 11.59 177 9.84 137 8.03 97 6.15 57 4.14 17
13.27 216 11.55 176 9.79 136 7.99 96 6.11 56 4.09 16
13.23 215 11.51 175 9.75 135 7.94 95 6.06 55 4.03 15
13.19 214 11.46 174 9.71 134 7.89 94 6.01 54 3.98 14
13.14 213 11.42 173 9.66 133 7.85 93 5.97 53 3.92 13
13.10 212 11.37 172 9.61 132 7.81 92 5.91 52 3.87 12
13.06 211 11.33 171 9.57 131 7.76 91 5.87 51 3.82 11
13.02 210 11.29 170 9.53 130 7.71 90 5.82 50 3.76 10
12.97 209 11.25 169 9.48 129 7.66 89 5.77 49 3.71 9
12.93 208 11.20 168 9.43 128 7.62 88 5.72 48 3.64 8
12.88 207 11.15 167 9.39 127 7.57 87 5.67 47 3.59 7
12.84 206 11.12 166 9.35 126 7.52 86 5.62 46 3.53 6
12.80 205 11.07 165 9.30 125 7.48 85 5.58 45 3.47 5
12.76 204 11.03 164 9.25 124 7.43 84 5.52 44 3.41 4
12.72 203 10.98 163 9.21 123 7.38 83 5.47 43 3.35 3
12.67 202 10.94 162 9.17 122 7.34 82 5.43 42 3.28 2
12.63 201 10.90 161 9.12 121 7.29 81 5.37 41 3.21 1
