55.41 1500 53.18 1430 50.93 1360 48.67 1290 46.40 1220 44.12 1150
55.38 1499 53.14 1429 50.90 1359 48.64 1289 46.37 1219 44.10 1149
55.35 1498 53.12 1428 50.87 1358 48.61 1288 46.34 1218 44.06 1148
55.32 1497 53.08 1427 50.84 1357 48.57 1287 46.31 1217 44.03 1147
55.29 1496 53.05 1426 50.80 1356 48.55 1286 46.27 1216 43.99 1146
55.26 1495 53.02 1425 50.77 1355 48.51 1285 46.24 1215 43.96 1145
55.22 1494 52.98 1424 50.74 1354 48.48 1284 46.21 1214 43.93 1144
55.19 1493 52.96 1423 50.70 1353 48.45 1283 46.17 1213 43.89 1143
55.16 1492 52.92 1422 50.67 1352 48.41 1282 46.15 1212 43.86 1142
55.13 1491 52.89 1421 50.64 1351 48.38 1281 46.11 1211 43.83 1141
55.10 1490 52.86 1420 50.61 1350 48.35 1280 46.08 1210 43.80 1140
55.06 1489 52.82 1419 50.58 1349 48.32 1279 46.05 1209 43.77 1139
55.04 1488 52.80 1418 50.54 1348 48.29 1278 46.01 1208 43.73 1138
55.00 1487 52.76 1417 50.51 1347 48.25 1277 45.98 1207 43.70 1137
54.97 1486 52.73 1416 50.48 1346 48.22 1276 45.95 1206 43.67 1136
54.94 1485 52.70 1415 50.45 1345 48.19 1275 45.92 1205 43.63 1135
54.90 1484 52.66 1414 50.42 1344 48.16 1274 45.88 1204 43.60 1134
54.88 1483 52.64 1413 50.38 1343 48.12 1273 45.85 1203 43.57 1133
54.84 1482 52.60 1412 50.35 1342 48.09 1272 45.82 1202 43.54 1132
54.81 1481 52.57 1411 50.32 1341 48.06 1271 45.79 1201 43.50 1131
54.78 1480 52.54 1410 50.28 1340 48.02 1270 45.76 1200 43.47 1130
54.74 1479 52.50 1409 50.26 1339 48.00 1269 45.72 1199 43.44 1129
54.71 1478 52.47 1408 50.22 1338 47.96 1268 45.69 1198 43.40 1128
54.68 1477 52.44 1407 50.19 1337 47.93 1267 45.66 1197 43.37 1127
54.65 1476 52.41 1406 50.16 1336 47.90 1266 45.62 1196 43.34 1126
54.62 1475 52.38 1405 50.12 1335 47.86 1265 45.60 1195 43.31 1125
54.58 1474 52.34 1404 50.10 1334 47.84 1264 45.56 1194 43.27 1124
54.55 1473 52.31 1403 50.06 1333 47.80 1263 45.53 1193 43.24 1123
54.52 1472 52.28 1402 50.03 1332 47.77 1262 45.50 1192 43.21 1122
54.49 1471 52.25 1401 50.00 1331 47.74 1261 45.46 1191 43.17 1121
54.46 1470 52.22 1400 49.96 1330 47.70 1260 45.43 1190 43.15 1120
54.43 1469 52.18 1399 49.94 1329 47.67 1259 45.40 1189 43.11 1119
54.39 1468 52.15 1398 49.90 1328 47.64 1258 45.37 1188 43.08 1118
54.36 1467 52.12 1397 49.87 1327 47.60 1257 45.33 1187 43.04 1117
54.33 1466 52.09 1396 49.84 1326 47.57 1256 45.30 1186 43.01 1116
54.30 1465 52.06 1395 49.80 1325 47.54 1255 45.27 1185 42.98 1115
54.27 1464 52.02 1394 49.77 1324 47.51 1254 45.23 1184 42.94 1114
54.23 1463 51.99 1393 49.74 1323 47.48 1253 45.20 1183 42.92 1113
54.21 1462 51.96 1392 49.70 1322 47.44 1252 45.17 1182 42.88 1112
54.17 1461 51.93 1391 49.68 1321 47.41 1251 45.13 1181 42.85 1111
54.14 1460 51.90 1390 49.64 1320 47.38 1250 45.10 1180 42.82 1110
54.11 1459 51.86 1389 49.61 1319 47.35 1249 45.07 1179 42.78 1109
54.07 1458 51.83 1388 49.58 1318 47.31 1248 45.04 1178 42.75 1108
54.04 1457 51.80 1387 49.54 1317 47.28 1247 45.00 1177 42.72 1107
54.01 1456 51.77 1386 49.52 1316 47.25 1246 44.97 1176 42.69 1106
53.98 1455 51.74 1385 49.48 1315 47.21 1245 44.94 1175 42.65 1105
53.95 1454 51.70 1384 49.45 1314 47.19 1244 44.90 1174 42.62 1104
53.91 1453 51.67 1383 49.42 1313 47.15 1243 44.88 1173 42.59 1103
53.88 1452 51.64 1382 49.38 1312 47.12 1242 44.84 1172 42.55 1102
53.85 1451 51.61 1381 49.35 1311 47.09 1241 44.81 1171 42.52 1101
53.82 1450 51.57 1380 49.32 1310 47.05 1240 44.78 1170 42.49 1100
53.79 1449 51.54 1379 49.29 1309 47.02 1239 44.74 1169 42.46 1099
53.75 1448 51.51 1378 49.26 1308 46.99 1238 44.71 1168 42.42 1098
53.72 1447 51.48 1377 49.22 1307 46.96 1237 44.68 1167 42.39 1097
53.69 1446 51.44 1376 49.19 1306 46.93 1236 44.65 1166 42.36 1096
53.66 1445 51.41 1375 49.16 1305 46.89 1235 44.61 1165 42.32 1095
53.63 1444 51.38 1374 49.13 1304 46.86 1234 44.58 1164 42.29 1094
53.59 1443 51.35 1373 49.09 1303 46.83 1233 44.55 1163 42.26 1093
53.56 1442 51.32 1372 49.06 1302 46.80 1232 44.51 1162 42.23 1092
53.53 1441 51.28 1371 49.03 1301 46.76 1231 44.49 1161 42.19 1091
53.50 1440 51.25 1370 49.00 1300 46.73 1230 44.45 1160 42.16 1090
53.47 1439 51.22 1369 48.97 1299 46.70 1229 44.42 1159 42.13 1089
53.43 1438 51.19 1368 48.93 1298 46.66 1228 44.39 1158 42.09 1088
53.40 1437 51.16 1367 48.90 1297 46.63 1227 44.35 1157 42.06 1087
53.37 1436 51.12 1366 48.87 1296 46.60 1226 44.32 1156 42.03 1086
53.34 1435 51.09 1365 48.83 1295 46.57 1225 44.29 1155 41.99 1085
53.31 1434 51.06 1364 48.80 1294 46.54 1224 44.26 1154 41.96 1084
53.28 1433 51.03 1363 48.77 1293 46.50 1223 44.22 1153 41.93 1083
53.24 1432 51.00 1362 48.74 1292 46.47 1222 44.19 1152 41.90 1082
53.21 1431 50.96 1361 48.71 1291 46.44 1221 44.16 1151 41.86 1081
41.83 1080 39.52 1010 37.20 940 34.86 870 32.51 800 30.14 730
41.80 1079 39.49 1009 37.17 939 34.83 869 32.48 799 30.11 729
41.76 1078 39.46 1008 37.14 938 34.80 868 32.44 798 30.07 728
41.73 1077 39.43 1007 37.10 937 34.77 867 32.41 797 30.04 727
41.70 1076 39.39 1006 37.07 936 34.73 866 32.37 796 30.00 726
41.67 1075 39.36 1005 37.03 935 34.70 865 32.35 795 29.97 725
41.63 1074 39.32 1004 37.01 934 34.66 864 32.31 794 29.93 724
41.60 1073 39.29 1003 36.97 933 34.63 863 32.28 793 29.90 723
41.57 1072 39.26 1002 36.94 932 34.60 862 32.24 792 29.87 722
41.53 1071 39.22 1001 36.90 931 34.56 861 32.21 791 29.83 721
41.50 1070 39.20 1000 36.87 930 34.53 860 32.17 790 29.80 720
41.47 1069 39.16 999 36.84 929 34.49 859 32.14 789 29.76 719
41.44 1068 39.13 998 36.80 928 34.47 858 32.11 788 29.73 718
41.40 1067 39.09 997 36.77 927 34.43 857 32.07 787 29.69 717
41.37 1066 39.06 996 36.73 926 34.40 856 32.04 786 29.66 716
41.34 1065 39.03 995 36.71 925 34.36 855 32.00 785 29.62 715
41.30 1064 38.99 994 36.67 924 34.33 854 31.97 784 29.60 714
41.27 1063 38.96 993 36.64 923 34.30 853 31.93 783 29.56 713
41.24 1062 38.93 992 36.60 922 34.26 852 31.91 782 29.53 712
41.21 1061 38.90 991 36.57 921 34.23 851 31.87 781 29.49 711
41.17 1060 38.86 990 36.54 920 34.19 850 31.84 780 29.46 710
41.14 1059 38.83 989 36.50 919 34.16 849 31.80 779 29.42 709
41.11 1058 38.80 988 36.47 918 34.12 848 31.77 778 29.39 708
41.07 1057 38.76 987 36.43 917 34.10 847 31.73 777 29.35 707
41.04 1056 38.73 986 36.41 916 34.06 846 31.70 776 29.32 706
41.01 1055 38.69 985 36.37 915 34.03 845 31.67 775 29.29 705
40.98 1054 38.67 984 36.34 914 33.99 844 31.63 774 29.25 704
40.94 1053 38.63 983 36.30 913 33.96 843 31.60 773 29.22 703
40.91 1052 38.60 982 36.27 912 33.93 842 31.56 772 29.18 702
40.88 1051 38.56 981 36.24 911 33.89 841 31.53 771 29.15 701
40.84 1050 38.53 980 36.20 910 33.86 840 31.49 770 29.11 700
40.81 1049 38.50 979 36.17 909 33.82 839 31.47 769 29.08 699
40.78 1048 38.46 978 36.13 908 33.79 838 31.43 768 29.04 698
40.75 1047 38.43 977 36.11 907 33.76 837 31.40 767 29.01 697
40.71 1046 38.40 976 36.07 906 33.73 836 31.36 766 28.98 696
40.68 1045 38.37 975 36.04 905 33.69 835 31.33 765 28.95 695
40.65 1044 38.33 974 36.00 904 33.66 834 31.29 764 28.91 694
40.61 1043 38.30 973 35.97 903 33.62 833 31.26 763 28.88 693
40.58 1042 38.27 972 35.94 902 33.59 832 31.23 762 28.84 692
40.55 1041 38.23 971 35.90 901 33.56 831 31.19 761 28.81 691
40.52 1040 38.20 970 35.87 900 33.52 830 31.16 760 28.77 690
40.48 1039 38.16 969 35.83 899 33.49 829 31.12 759 28.74 689
40.45 1038 38.14 968 35.81 898 33.45 828 31.09 758 28.70 688
40.42 1037 38.10 967 35.77 897 33.42 827 31.05 757 28.67 687
40.38 1036 38.07 966 35.74 896 33.38 826 31.02 756 28.63 686
40.35 1035 38.03 965 35.70 895 33.36 825 30.99 755 28.61 685
40.32 1034 38.00 964 35.67 894 33.32 824 30.96 754 28.57 684
40.29 1033 37.97 963 35.64 893 33.29 823 30.92 753 28.54 683
40.25 1032 37.93 962 35.60 892 33.25 822 30.89 752 28.50 682
40.22 1031 37.90 961 35.57 891 33.22 821 30.85 751 28.47 681
40.19 1030 37.87 960 35.53 890 33.19 820 30.82 750 28.43 680
40.15 1029 37.84 959 35.50 889 33.15 819 30.78 749 28.40 679
40.12 1028 37.80 958 35.47 888 33.12 818 30.75 748 28.36 678
40.08 1027 37.77 957 35.44 887 33.08 817 30.72 747 28.33 677
40.06 1026 37.73 956 35.40 886 33.05 816 30.68 746 28.29 676
40.02 1025 37.70 955 35.37 885 33.02 815 30.65 745 28.26 675
39.99 1024 37.67 954 35.33 884 32.99 814 30.61 744 28.22 674
39.95 1023 37.63 953 35.30 883 32.95 813 30.58 743 28.19 673
39.92 1022 37.60 952 35.27 882 32.92 812 30.55 742 28.16 672
39.89 1021 37.57 951 35.23 881 32.88 811 30.51 741 28.12 671
39.85 1020 37.54 950 35.20 880 32.85 810 30.48 740 28.09 670
39.82 1019 37.50 949 35.16 879 32.81 809 30.45 739 28.05 669
39.79 1018 37.47 948 35.14 878 32.78 808 30.41 738 28.02 668
39.76 1017 37.44 947 35.10 877 32.75 807 30.38 737 27.98 667
39.72 1016 37.40 946 35.07 876 32.72 806 30.34 736 27.95 666
39.69 1015 37.37 945 35.03 875 32.68 805 30.31 735 27.91 665
39.66 1014 37.33 944 35.00 874 32.65 804 30.27 734 27.88 664
39.62 1013 37.31 943 34.97 873 32.61 803 30.24 733 27.84 663
39.59 1012 37.27 942 34.93 872 32.58 802 30.20 732 27.81 662
39.56 1011 37.24 941 34.90 871 32.55 801 30.18 731 27.78 661
27.75 660 25.33 590 22.88 520 20.41 450 17.90 380 15.35 310
27.71 659 25.29 589 22.85 519 20.37 449 17.87 379 15.31 309
27.68 658 25.26 588 22.81 518 20.34 448 17.83 378 15.28 308
27.64 657 25.22 587 22.78 517 20.30 447 17.79 377 15.24 307
27.61 656 25.19 586 22.74 516 20.27 446 17.76 376 15.20 306
27.57 655 25.15 585 22.71 515 20.23 445 17.72 375 15.17 305
27.54 654 25.12 584 22.67 514 20.20 444 17.69 374 15.13 304
27.50 653 25.08 583 22.64 513 20.16 443 17.65 373 15.09 303
27.47 652 25.05 582 22.60 512 20.13 442 17.61 372 15.06 302
27.43 651 25.01 581 22.57 511 20.09 441 17.57 371 15.02 301
27.40 650 24.98 580 22.54 510 20.05 440 17.54 370 14.98 300
27.36 649 24.94 579 22.50 509 20.02 439 17.50 369 14.94 299
27.33 648 24.91 578 22.47 508 19.98 438 17.47 368 14.91 298
27.30 647 24.87 577 22.42 507 19.95 437 17.43 367 14.87 297
27.27 646 24.84 576 22.39 506 19.91 436 17.39 366 14.83 296
27.23 645 24.80 575 22.35 505 19.88 435 17.36 365 14.80 295
27.20 644 24.77 574 22.32 504 19.84 434 17.32 364 14.76 294
27.16 643 24.73 573 22.28 503 19.81 433 17.29 363 14.72 293
27.13 642 24.70 572 22.25 502 19.76 432 17.25 362 14.69 292
27.09 641 24.67 571 22.21 501 19.73 431 17.21 361 14.65 291
27.06 640 24.64 570 22.18 500 19.70 430 17.18 360 14.61 290
27.02 639 24.60 569 22.14 499 19.66 429 17.14 359 14.57 289
26.99 638 24.57 568 22.11 498 19.63 428 17.11 358 14.54 288
26.95 637 24.53 567 22.07 497 19.59 427 17.06 357 14.50 287
26.92 636 24.50 566 22.04 496 19.56 426 17.03 356 14.46 286
26.88 635 24.46 565 22.00 495 19.52 425 16.99 355 14.43 285
26.85 634 24.43 564 21.97 494 19.49 424 16.96 354 14.39 284
26.81 633 24.39 563 21.93 493 19.44 423 16.93 353 14.35 283
26.78 632 24.36 562 21.90 492 19.41 422 16.88 352 14.32 282
26.75 631 24.32 561 21.87 491 19.37 421 16.85 351 14.27 281
26.71 630 24.29 560 21.83 490 19.34 420 16.81 350 14.24 280
26.68 629 24.25 559 21.80 489 19.30 419 16.78 349 14.20 279
26.64 628 24.22 558 21.75 488 19.27 418 16.74 348 14.17 278
26.61 627 24.18 557 21.72 487 19.23 417 16.70 347 14.13 277
26.57 626 24.15 556 21.68 486 19.19 416 16.67 346 14.09 276
26.54 625 24.11 555 21.65 485 19.16 415 16.63 345 14.06 275
26.51 624 24.08 554 21.61 484 19.12 414 16.60 344 14.02 274
26.47 623 24.04 553 21.58 483 19.09 413 16.56 343 13.98 273
26.44 622 24.01 552 21.54 482 19.05 412 16.52 342 13.95 272
26.40 621 23.97 551 21.51 481 19.02 411 16.49 341 13.90 271
26.37 620 23.94 550 21.47 480 18.98 410 16.45 340 13.87 270
26.33 619 23.90 549 21.44 479 18.94 409 16.41 339 13.83 269
26.30 618 23.87 548 21.40 478 18.91 408 16.37 338 13.79 268
26.26 617 23.83 547 21.37 477 18.87 407 16.34 337 13.76 267
26.23 616 23.80 546 21.33 476 18.84 406 16.30 336 13.72 266
26.19 615 23.76 545 21.30 475 18.80 405 16.27 335 13.68 265
26.16 614 23.72 544 21.27 474 18.77 404 16.23 334 13.65 264
26.12 613 23.69 543 21.22 473 18.73 403 16.19 333 13.60 263
26.09 612 23.65 542 21.19 472 18.69 402 16.16 332 13.57 262
26.05 611 23.62 541 21.15 471 18.66 401 16.12 331 13.53 261
26.02 610 23.58 540 21.12 470 18.62 400 16.08 330 13.49 260
25.99 609 23.55 539 21.08 469 18.59 399 16.05 329 13.46 259
25.95 608 23.51 538 21.05 468 18.55 398 16.01 328 13.42 258
25.92 607 23.48 537 21.01 467 18.52 397 15.98 327 13.38 257
25.88 606 23.44 536 20.98 466 18.48 396 15.93 326 13.35 256
25.85 605 23.41 535 20.94 465 18.44 395 15.90 325 13.31 255
25.81 604 23.37 534 20.91 464 18.40 394 15.86 324 13.27 254
25.78 603 23.34 533 20.87 463 18.37 393 15.83 323 13.23 253
25.74 602 23.30 532 20.84 462 18.33 392 15.79 322 13.19 252
25.71 601 23.27 531 20.80 461 18.30 391 15.75 321 13.16 251
25.67 600 23.23 530 20.76 460 18.26 390 15.72 320 13.12 250
25.64 599 23.20 529 20.73 459 18.22 389 15.68 319 13.08 249
25.61 598 23.16 528 20.69 458 18.19 388 15.64 318 13.05 248
25.57 597 23.13 527 20.66 457 18.15 387 15.61 317 13.01 247
25.54 596 23.09 526 20.62 456 18.12 386 15.57 316 12.97 246
25.50 595 23.06 525 20.59 455 18.08 385 15.53 315 12.93 245
25.47 594 23.02 524 20.55 454 18.05 384 15.49 314 12.89 244
25.43 593 22.99 523 20.52 453 18.01 383 15.46 313 12.86 243
25.40 592 22.95 522 20.48 452 17.97 382 15.43 312 12.82 242
25.36 591 22.92 521 20.45 451 17.94 381 15.38 311 12.78 241
12.75 240 11.22 200 9.68 160 8.09 120 6.46 80 4.75 40
12.70 239 11.19 199 9.64 159 8.06 119 6.42 79 4.71 39
12.67 238 11.15 198 9.60 158 8.02 118 6.38 78 4.66 38
12.63 237 11.11 197 9.56 157 7.97 117 6.34 77 4.62 37
12.59 236 11.07 196 9.52 156 7.93 116 6.30 76 4.58 36
12.56 235 11.04 195 9.48 155 7.90 115 6.26 75 4.53 35
12.52 234 10.99 194 9.45 154 7.85 114 6.21 74 4.48 34
12.48 233 10.96 193 9.40 153 7.81 113 6.17 73 4.44 33
12.45 232 10.92 192 9.36 152 7.77 112 6.13 72 4.39 32
12.40 231 10.88 191 9.33 151 7.74 111 6.09 71 4.34 31
12.37 230 10.84 190 9.28 150 7.69 110 6.04 70 4.30 30
12.33 229 10.81 189 9.25 149 7.65 109 6.00 69 4.25 29
12.29 228 10.76 188 9.21 148 7.61 108 5.96 68 4.21 28
12.25 227 10.72 187 9.17 147 7.57 107 5.91 67 4.16 27
12.22 226 10.69 186 9.13 146 7.53 106 5.87 66 4.11 26
12.18 225 10.65 185 9.09 145 7.49 105 5.83 65 4.07 25
12.14 224 10.61 184 9.05 144 7.45 104 5.79 64 4.02 24
12.10 223 10.57 183 9.01 143 7.41 103 5.75 63 3.98 23
12.06 222 10.53 182 8.97 142 7.37 102 5.71 62 3.93 22
12.03 221 10.49 181 8.93 141 7.32 101 5.66 61 3.88 21
11.99 220 10.46 180 8.89 140 7.29 100 5.62 60 3.84 20
11.95 219 10.42 179 8.85 139 7.25 99 5.58 59 3.79 19
11.91 218 10.38 178 8.81 138 7.21 98 5.53 58 3.74 18
11.87 217 10.34 177 8.78 137 7.16 97 5.49 57 3.70 17
11.84 216 10.30 176 8.73 136 7.12 96 5.45 56 3.65 16
11.80 215 10.26 175 8.69 135 7.08 95 5.41 55 3.60 15
11.76 214 10.22 174 8.66 134 7.04 94 5.36 54 3.55 14
11.72 213 10.19 173 8.62 133 7.00 93 5.32 53 3.50 13
11.69 212 10.14 172 8.57 132 6.96 92 5.27 52 3.45 12
11.64 211 10.11 171 8.53 131 6.92 91 5.23 51 3.40 11
11.61 210 10.07 170 8.50 130 6.88 90 5.19 50 3.35 10
11.57 209 10.03 169 8.45 129 6.84 89 5.15 49 3.31 9
11.53 208 9.99 168 8.41 128 6.79 88 5.10 48 3.25 8
11.49 207 9.95 167 8.38 127 6.75 87 5.06 47 3.20 7
11.45 206 9.91 166 8.34 126 6.71 86 5.01 46 3.14 6
11.41 205 9.87 165 8.29 125 6.67 85 4.97 45 3.10 5
11.38 204 9.84 164 8.25 124 6.63 84 4.92 44 3.04 4
11.34 203 9.79 163 8.22 123 6.58 83 4.88 43 2.98 3
11.30 202 9.76 162 8.18 122 6.54 82 4.84 42 2.93 2
11.27 201 9.72 161 8.13 121 6.50 81 4.79 41 2.87 1
