48.30 1500 46.36 1430 44.40 1360 42.43 1290 40.45 1220 38.46 1150
48.28 1499 46.33 1429 44.37 1359 42.41 1289 40.42 1219 38.44 1149
48.25 1498 46.30 1428 44.35 1358 42.37 1288 40.40 1218 38.41 1148
48.23 1497 46.27 1427 44.31 1357 42.34 1287 40.37 1217 38.38 1147
48.20 1496 46.24 1426 44.28 1356 42.32 1286 40.34 1216 38.35 1146
48.17 1495 46.22 1425 44.26 1355 42.29 1285 40.31 1215 38.32 1145
48.14 1494 46.19 1424 44.23 1354 42.26 1284 40.28 1214 38.29 1144
48.11 1493 46.16 1423 44.20 1353 42.23 1283 40.25 1213 38.26 1143
48.09 1492 46.13 1422 44.18 1352 42.20 1282 40.23 1212 38.24 1142
48.06 1491 46.10 1421 44.14 1351 42.17 1281 40.20 1211 38.21 1141
48.03 1490 46.08 1420 44.12 1350 42.15 1280 40.17 1210 38.18 1140
48.00 1489 46.05 1419 44.09 1349 42.12 1279 40.14 1209 38.15 1139
47.98 1488 46.02 1418 44.06 1348 42.09 1278 40.11 1208 38.12 1138
47.95 1487 45.99 1417 44.04 1347 42.06 1277 40.08 1207 38.09 1137
47.92 1486 45.96 1416 44.00 1346 42.03 1276 40.06 1206 38.07 1136
47.89 1485 45.94 1415 43.98 1345 42.01 1275 40.03 1205 38.04 1135
47.86 1484 45.91 1414 43.95 1344 41.98 1274 40.00 1204 38.01 1134
47.84 1483 45.88 1413 43.92 1343 41.95 1273 39.97 1203 37.98 1133
47.81 1482 45.85 1412 43.90 1342 41.92 1272 39.94 1202 37.95 1132
47.78 1481 45.83 1411 43.86 1341 41.89 1271 39.92 1201 37.92 1131
47.75 1480 45.80 1410 43.83 1340 41.86 1270 39.89 1200 37.89 1130
47.72 1479 45.77 1409 43.81 1339 41.84 1269 39.86 1199 37.87 1129
47.70 1478 45.74 1408 43.78 1338 41.81 1268 39.83 1198 37.84 1128
47.67 1477 45.71 1407 43.76 1337 41.78 1267 39.80 1197 37.81 1127
47.64 1476 45.69 1406 43.72 1336 41.75 1266 39.77 1196 37.78 1126
47.61 1475 45.66 1405 43.69 1335 41.72 1265 39.75 1195 37.75 1125
47.58 1474 45.63 1404 43.67 1334 41.70 1264 39.72 1194 37.72 1124
47.56 1473 45.60 1403 43.64 1333 41.67 1263 39.69 1193 37.70 1123
47.53 1472 45.57 1402 43.62 1332 41.64 1262 39.66 1192 37.67 1122
47.50 1471 45.55 1401 43.59 1331 41.61 1261 39.63 1191 37.64 1121
47.47 1470 45.52 1400 43.55 1330 41.58 1260 39.60 1190 37.61 1120
47.45 1469 45.49 1399 43.53 1329 41.55 1259 39.58 1189 37.58 1119
47.42 1468 45.46 1398 43.50 1328 41.53 1258 39.55 1188 37.55 1118
47.39 1467 45.43 1397 43.47 1327 41.50 1257 39.52 1187 37.52 1117
47.36 1466 45.41 1396 43.45 1326 41.47 1256 39.49 1186 37.50 1116
47.33 1465 45.38 1395 43.41 1325 41.44 1255 39.46 1185 37.47 1115
47.31 1464 45.35 1394 43.39 1324 41.41 1254 39.43 1184 37.44 1114
47.28 1463 45.32 1393 43.36 1323 41.39 1253 39.41 1183 37.41 1113
47.25 1462 45.29 1392 43.33 1322 41.36 1252 39.38 1182 37.38 1112
47.22 1461 45.27 1391 43.31 1321 41.33 1251 39.35 1181 37.35 1111
47.19 1460 45.24 1390 43.27 1320 41.30 1250 39.32 1180 37.33 1110
47.17 1459 45.21 1389 43.24 1319 41.27 1249 39.29 1179 37.30 1109
47.14 1458 45.18 1388 43.22 1318 41.24 1248 39.26 1178 37.27 1108
47.11 1457 45.15 1387 43.19 1317 41.22 1247 39.23 1177 37.24 1107
47.08 1456 45.13 1386 43.17 1316 41.19 1246 39.21 1176 37.21 1106
47.05 1455 45.10 1385 43.13 1315 41.16 1245 39.18 1175 37.18 1105
47.03 1454 45.07 1384 43.10 1314 41.13 1244 39.14 1174 37.15 1104
47.00 1453 45.04 1383 43.08 1313 41.10 1243 39.12 1173 37.13 1103
46.97 1452 45.01 1382 43.05 1312 41.07 1242 39.09 1172 37.10 1102
46.94 1451 44.99 1381 43.02 1311 41.05 1241 39.06 1171 37.06 1101
46.92 1450 44.96 1380 43.00 1310 41.02 1240 39.04 1170 37.04 1100
46.89 1449 44.93 1379 42.96 1309 40.99 1239 39.01 1169 37.01 1099
46.86 1448 44.90 1378 42.94 1308 40.96 1238 38.97 1168 36.98 1098
46.83 1447 44.87 1377 42.91 1307 40.93 1237 38.95 1167 36.96 1097
46.80 1446 44.84 1376 42.88 1306 40.91 1236 38.92 1166 36.92 1096
46.78 1445 44.82 1375 42.86 1305 40.88 1235 38.89 1165 36.89 1095
46.75 1444 44.79 1374 42.82 1304 40.85 1234 38.87 1164 36.86 1094
46.72 1443 44.77 1373 42.79 1303 40.82 1233 38.83 1163 36.84 1093
46.69 1442 44.73 1372 42.77 1302 40.79 1232 38.80 1162 36.81 1092
46.66 1441 44.70 1371 42.74 1301 40.76 1231 38.78 1161 36.78 1091
46.64 1440 44.68 1370 42.72 1300 40.74 1230 38.75 1160 36.75 1090
46.61 1439 44.65 1369 42.68 1299 40.71 1229 38.72 1159 36.72 1089
46.58 1438 44.63 1368 42.65 1298 40.68 1228 38.69 1158 36.69 1088
46.55 1437 44.59 1367 42.63 1297 40.65 1227 38.66 1157 36.66 1087
46.52 1436 44.56 1366 42.60 1296 40.62 1226 38.63 1156 36.64 1086
46.50 1435 44.54 1365 42.57 1295 40.59 1225 38.61 1155 36.61 1085
46.47 1434 44.51 1364 42.54 1294 40.57 1224 38.58 1154 36.58 1084
46.44 1433 44.49 1363 42.51 1293 40.54 1223 38.55 1153 36.55 1083
46.41 1432 44.45 1362 42.48 1292 40.51 1222 38.52 1152 36.52 1082
46.38 1431 44.42 1361 42.46 1291 40.48 1221 38.49 1151 36.49 1081
36.47 1080 34.46 1010 32.43 940 30.39 870 28.34 800 26.27 730
36.44 1079 34.43 1009 32.40 939 30.36 869 28.31 799 26.24 729
36.41 1078 34.39 1008 32.38 938 30.34 868 28.28 798 26.21 728
36.38 1077 34.37 1007 32.34 937 30.31 867 28.25 797 26.18 727
36.35 1076 34.34 1006 32.31 936 30.28 866 28.22 796 26.15 726
36.32 1075 34.31 1005 32.28 935 30.25 865 28.20 795 26.12 725
36.29 1074 34.28 1004 32.26 934 30.22 864 28.17 794 26.09 724
36.27 1073 34.25 1003 32.23 933 30.19 863 28.14 793 26.07 723
36.24 1072 34.22 1002 32.20 932 30.16 862 28.11 792 26.04 722
36.21 1071 34.19 1001 32.17 931 30.13 861 28.08 791 26.01 721
36.18 1070 34.17 1000 32.14 930 30.10 860 28.04 790 25.98 720
36.15 1069 34.14 999 32.11 929 30.07 859 28.02 789 25.95 719
36.12 1068 34.11 998 32.08 928 30.05 858 27.99 788 25.92 718
36.09 1067 34.08 997 32.05 927 30.02 857 27.96 787 25.89 717
36.07 1066 34.05 996 32.02 926 29.98 856 27.93 786 25.86 716
36.04 1065 34.02 995 32.00 925 29.95 855 27.90 785 25.82 715
36.01 1064 33.99 994 31.97 924 29.92 854 27.87 784 25.80 714
35.98 1063 33.96 993 31.94 923 29.90 853 27.84 783 25.77 713
35.95 1062 33.94 992 31.91 922 29.87 852 27.81 782 25.74 712
35.92 1061 33.91 991 31.88 921 29.84 851 27.78 781 25.71 711
35.89 1060 33.88 990 31.85 920 29.81 850 27.75 780 25.68 710
35.87 1059 33.85 989 31.82 919 29.78 849 27.72 779 25.65 709
35.84 1058 33.82 988 31.79 918 29.75 848 27.69 778 25.62 708
35.81 1057 33.79 987 31.76 917 29.72 847 27.66 777 25.59 707
35.78 1056 33.76 986 31.74 916 29.69 846 27.64 776 25.56 706
35.75 1055 33.73 985 31.71 915 29.66 845 27.61 775 25.53 705
35.72 1054 33.71 984 31.68 914 29.63 844 27.58 774 25.50 704
35.69 1053 33.68 983 31.65 913 29.60 843 27.55 773 25.47 703
35.67 1052 33.65 982 31.62 912 29.58 842 27.52 772 25.44 702
35.64 1051 33.62 981 31.59 911 29.55 841 27.49 771 25.41 701
35.61 1050 33.59 980 31.56 910 29.52 840 27.45 770 25.38 700
35.57 1049 33.56 979 31.53 909 29.49 839 27.43 769 25.35 699
35.55 1048 33.53 978 31.50 908 29.46 838 27.40 768 25.32 698
35.52 1047 33.50 977 31.48 907 29.43 837 27.37 767 25.29 697
35.49 1046 33.48 976 31.44 906 29.40 836 27.34 766 25.26 696
35.46 1045 33.45 975 31.41 905 29.37 835 27.31 765 25.23 695
35.43 1044 33.42 974 31.38 904 29.34 834 27.28 764 25.20 694
35.40 1043 33.38 973 31.35 903 29.31 833 27.25 763 25.17 693
35.37 1042 33.36 972 31.33 902 29.28 832 27.22 762 25.14 692
35.35 1041 33.33 971 31.30 901 29.26 831 27.19 761 25.11 691
35.32 1040 33.30 970 31.27 900 29.22 830 27.16 760 25.08 690
35.29 1039 33.27 969 31.24 899 29.19 829 27.13 759 25.05 689
35.26 1038 33.25 968 31.21 898 29.16 828 27.10 758 25.02 688
35.23 1037 33.21 967 31.18 897 29.13 827 27.07 757 24.99 687
35.20 1036 33.18 966 31.15 896 29.10 826 27.04 756 24.96 686
35.17 1035 33.15 965 31.12 895 29.08 825 27.02 755 24.94 685
35.15 1034 33.13 964 31.09 894 29.05 824 26.99 754 24.91 684
35.12 1033 33.10 963 31.07 893 29.02 823 26.96 753 24.88 683
35.09 1032 33.07 962 31.04 892 28.99 822 26.93 752 24.85 682
35.06 1031 33.04 961 31.01 891 28.96 821 26.90 751 24.81 681
35.03 1030 33.01 960 30.98 890 28.93 820 26.86 750 24.78 680
35.00 1029 32.98 959 30.95 889 28.90 819 26.83 749 24.75 679
34.97 1028 32.95 958 30.92 888 28.87 818 26.80 748 24.72 678
34.94 1027 32.92 957 30.89 887 28.84 817 26.78 747 24.69 677
34.92 1026 32.89 956 30.86 886 28.81 816 26.75 746 24.66 676
34.89 1025 32.87 955 30.83 885 28.78 815 26.72 745 24.63 675
34.86 1024 32.84 954 30.80 884 28.76 814 26.69 744 24.60 674
34.83 1023 32.81 953 30.78 883 28.73 813 26.66 743 24.58 673
34.80 1022 32.78 952 30.75 882 28.70 812 26.63 742 24.55 672
34.77 1021 32.75 951 30.71 881 28.67 811 26.60 741 24.52 671
34.74 1020 32.72 950 30.68 880 28.63 810 26.57 740 24.49 670
34.72 1019 32.69 949 30.65 879 28.60 809 26.54 739 24.46 669
34.69 1018 32.66 948 30.63 878 28.58 808 26.51 738 24.43 668
34.66 1017 32.64 947 30.60 877 28.55 807 26.48 737 24.40 667
34.63 1016 32.61 946 30.57 876 28.52 806 26.45 736 24.36 666
34.60 1015 32.58 945 30.54 875 28.49 805 26.42 735 24.33 665
34.57 1014 32.55 944 30.51 874 28.46 804 26.39 734 24.30 664
34.54 1013 32.52 943 30.48 873 28.43 803 26.36 733 24.27 663
34.51 1012 32.49 942 30.45 872 28.40 802 26.33 732 24.24 662
34.49 1011 32.46 941 30.42 871 28.37 801 26.31 731 24.22 661
24.19 660 22.08 590 19.95 520 17.79 450 15.61 380 13.38 310
24.16 659 22.05 589 19.92 519 17.76 449 15.58 379 13.35 309
24.13 658 22.02 588 19.89 518 17.73 448 15.54 378 13.32 308
24.10 657 21.99 587 19.86 517 17.70 447 15.51 377 13.28 307
24.07 656 21.96 586 19.83 516 17.67 446 15.48 376 13.25 306
24.04 655 21.93 585 19.80 515 17.64 445 15.45 375 13.22 305
24.01 654 21.90 584 19.77 514 17.61 444 15.42 374 13.19 304
23.98 653 21.86 583 19.74 513 17.58 443 15.39 373 13.16 303
23.95 652 21.83 582 19.71 512 17.55 442 15.35 372 13.12 302
23.91 651 21.80 581 19.68 511 17.52 441 15.32 371 13.09 301
23.88 650 21.77 580 19.64 510 17.48 440 15.29 370 13.06 300
23.85 649 21.74 579 19.61 509 17.45 439 15.26 369 13.03 299
23.82 648 21.71 578 19.58 508 17.42 438 15.23 368 13.00 298
23.80 647 21.68 577 19.55 507 17.39 437 15.19 367 12.96 297
23.77 646 21.65 576 19.52 506 17.36 436 15.16 366 12.93 296
23.74 645 21.62 575 19.49 505 17.33 435 15.13 365 12.90 295
23.71 644 21.59 574 19.46 504 17.30 434 15.10 364 12.87 294
23.68 643 21.56 573 19.43 503 17.27 433 15.07 363 12.83 293
23.65 642 21.53 572 19.40 502 17.23 432 15.03 362 12.80 292
23.62 641 21.51 571 19.37 501 17.20 431 15.00 361 12.77 291
23.59 640 21.48 570 19.33 500 17.17 430 14.97 360 12.74 290
23.56 639 21.45 569 19.30 499 17.14 429 14.94 359 12.70 289
23.53 638 21.41 568 19.27 498 17.11 428 14.91 358 12.67 288
23.50 637 21.38 567 19.24 497 17.08 427 14.88 357 12.64 287
23.46 636 21.35 566 19.21 496 17.05 426 14.85 356 12.61 286
23.43 635 21.32 565 19.18 495 17.02 425 14.82 355 12.58 285
23.40 634 21.29 564 19.15 494 16.99 424 14.79 354 12.54 284
23.37 633 21.26 563 19.12 493 16.95 423 14.75 353 12.51 283
23.34 632 21.23 562 19.09 492 16.92 422 14.72 352 12.48 282
23.32 631 21.20 561 19.06 491 16.89 421 14.69 351 12.44 281
23.29 630 21.17 560 19.03 490 16.86 420 14.66 350 12.41 280
23.26 629 21.14 559 19.00 489 16.83 419 14.63 349 12.38 279
23.23 628 21.11 558 18.96 488 16.80 418 14.59 348 12.35 278
23.20 627 21.08 557 18.93 487 16.77 417 14.56 347 12.32 277
23.17 626 21.05 556 18.90 486 16.73 416 14.53 346 12.29 276
23.14 625 21.02 555 18.87 485 16.70 415 14.50 345 12.25 275
23.11 624 20.99 554 18.84 484 16.67 414 14.47 344 12.22 274
23.08 623 20.96 553 18.81 483 16.64 413 14.43 343 12.19 273
23.04 622 20.93 552 18.78 482 16.61 412 14.40 342 12.16 272
23.01 621 20.90 551 18.75 481 16.58 411 14.37 341 12.12 271
22.98 620 20.87 550 18.72 480 16.55 410 14.34 340 12.09 270
22.95 619 20.84 549 18.69 479 16.51 409 14.30 339 12.06 269
22.92 618 20.81 548 18.66 478 16.48 408 14.27 338 12.02 268
22.89 617 20.78 547 18.63 477 16.45 407 14.24 337 11.99 267
22.86 616 20.75 546 18.60 476 16.42 406 14.21 336 11.96 266
22.83 615 20.72 545 18.57 475 16.39 405 14.18 335 11.93 265
22.80 614 20.68 544 18.54 474 16.36 404 14.15 334 11.90 264
22.77 613 20.65 543 18.50 473 16.33 403 14.12 333 11.86 263
22.74 612 20.62 542 18.47 472 16.29 402 14.09 332 11.83 262
22.71 611 20.59 541 18.44 471 16.26 401 14.06 331 11.80 261
22.69 610 20.56 540 18.41 470 16.23 400 14.02 330 11.76 260
22.66 609 20.53 539 18.38 469 16.20 399 13.99 329 11.73 259
22.63 608 20.50 538 18.35 468 16.17 398 13.96 328 11.70 258
22.59 607 20.47 537 18.32 467 16.14 397 13.93 327 11.66 257
22.56 606 20.44 536 18.29 466 16.11 396 13.89 326 11.63 256
22.53 605 20.41 535 18.26 465 16.07 395 13.86 325 11.60 255
22.50 604 20.37 534 18.23 464 16.04 394 13.83 324 11.57 254
22.47 603 20.34 533 18.20 463 16.01 393 13.80 323 11.54 253
22.44 602 20.31 532 18.17 462 15.98 392 13.76 322 11.50 252
22.41 601 20.28 531 18.13 461 15.95 391 13.73 321 11.47 251
22.38 600 20.25 530 18.10 460 15.92 390 13.70 320 11.44 250
22.35 599 20.22 529 18.07 459 15.89 389 13.67 319 11.40 249
22.32 598 20.19 528 18.04 458 15.86 388 13.64 318 11.37 248
22.29 597 20.16 527 18.01 457 15.83 387 13.61 317 11.34 247
22.26 596 20.13 526 17.98 456 15.79 386 13.57 316 11.31 246
22.23 595 20.10 525 17.95 455 15.76 385 13.54 315 11.28 245
22.20 594 20.07 524 17.92 454 15.73 384 13.51 314 11.24 244
22.17 593 20.04 523 17.89 453 15.70 383 13.48 313 11.21 243
22.14 592 20.01 522 17.86 452 15.67 382 13.45 312 11.18 242
22.11 591 19.98 521 17.83 451 15.64 381 13.41 311 11.14 241
11.11 240 9.79 200 8.44 160 7.05 120 5.63 80 4.14 40
11.07 239 9.76 199 8.40 159 7.02 119 5.60 79 4.10 39
11.04 238 9.72 198 8.37 158 6.99 118 5.56 78 4.06 38
11.01 237 9.69 197 8.34 157 6.95 117 5.53 77 4.03 37
10.98 236 9.65 196 8.30 156 6.91 116 5.49 76 3.99 36
10.95 235 9.62 195 8.26 155 6.88 115 5.45 75 3.95 35
10.91 234 9.58 194 8.23 154 6.85 114 5.42 74 3.91 34
10.88 233 9.55 193 8.20 153 6.81 113 5.38 73 3.87 33
10.85 232 9.52 192 8.16 152 6.77 112 5.35 72 3.83 32
10.81 231 9.49 191 8.13 151 6.74 111 5.31 71 3.79 31
10.78 230 9.45 190 8.09 150 6.71 110 5.27 70 3.75 30
10.75 229 9.42 189 8.06 149 6.67 109 5.23 69 3.71 29
10.72 228 9.38 188 8.03 148 6.63 108 5.19 68 3.67 28
10.68 227 9.35 187 7.99 147 6.60 107 5.16 67 3.63 27
10.65 226 9.32 186 7.96 146 6.57 106 5.12 66 3.59 26
10.62 225 9.28 185 7.92 145 6.53 105 5.08 65 3.55 25
10.58 224 9.25 184 7.89 144 6.49 104 5.05 64 3.51 24
10.55 223 9.21 183 7.86 143 6.46 103 5.01 63 3.47 23
10.52 222 9.18 182 7.82 142 6.42 102 4.97 62 3.43 22
10.48 221 9.15 181 7.78 141 6.39 101 4.94 61 3.39 21
10.45 220 9.12 180 7.75 140 6.35 100 4.90 60 3.34 20
10.42 219 9.08 179 7.72 139 6.32 99 4.86 59 3.31 19
10.38 218 9.05 178 7.68 138 6.28 98 4.82 58 3.27 18
10.35 217 9.01 177 7.65 137 6.25 97 4.79 57 3.22 17
10.32 216 8.98 176 7.61 136 6.21 96 4.75 56 3.18 16
10.28 215 8.95 175 7.58 135 6.17 95 4.71 55 3.14 15
10.25 214 8.91 174 7.55 134 6.14 94 4.68 54 3.09 14
10.22 213 8.88 173 7.51 133 6.11 93 4.64 53 3.05 13
10.19 212 8.84 172 7.47 132 6.07 92 4.60 52 3.01 12
10.15 211 8.81 171 7.44 131 6.03 91 4.56 51 2.97 11
10.12 210 8.78 170 7.41 130 6.00 90 4.52 50 2.92 10
10.08 209 8.75 169 7.37 129 5.96 89 4.49 49 2.88 9
10.05 208 8.71 168 7.33 128 5.92 88 4.45 48 2.83 8
10.02 207 8.67 167 7.30 127 5.89 87 4.41 47 2.79 7
9.99 206 8.64 166 7.27 126 5.85 86 4.37 46 2.74 6
9.95 205 8.61 165 7.23 125 5.81 85 4.34 45 2.70 5
9.92 204 8.58 164 7.19 124 5.78 84 4.29 44 2.65 4
9.89 203 8.54 163 7.16 123 5.74 83 4.26 43 2.60 3
9.85 202 8.51 162 7.13 122 5.70 82 4.22 42 2.55 2
9.82 201 8.47 161 7.09 121 5.67 81 4.18 41 2.50 1
