40.71 1500 39.07 1430 37.42 1360 35.76 1290 34.09 1220 32.42 1150
40.69 1499 39.05 1429 37.39 1359 35.74 1289 34.07 1219 32.40 1149
40.67 1498 39.02 1428 37.37 1358 35.71 1288 34.05 1218 32.37 1148
40.64 1497 39.00 1427 37.35 1357 35.69 1287 34.02 1217 32.35 1147
40.62 1496 38.97 1426 37.32 1356 35.67 1286 34.00 1216 32.32 1146
40.60 1495 38.95 1425 37.30 1355 35.64 1285 33.98 1215 32.30 1145
40.57 1494 38.93 1424 37.28 1354 35.62 1284 33.95 1214 32.27 1144
40.55 1493 38.91 1423 37.25 1353 35.60 1283 33.92 1213 32.25 1143
40.53 1492 38.88 1422 37.23 1352 35.57 1282 33.90 1212 32.23 1142
40.50 1491 38.86 1421 37.21 1351 35.54 1281 33.88 1211 32.20 1141
40.48 1490 38.84 1420 37.18 1350 35.52 1280 33.85 1210 32.18 1140
40.46 1489 38.81 1419 37.16 1349 35.50 1279 33.83 1209 32.16 1139
40.43 1488 38.79 1418 37.13 1348 35.48 1278 33.81 1208 32.13 1138
40.41 1487 38.76 1417 37.11 1347 35.45 1277 33.78 1207 32.10 1137
40.38 1486 38.74 1416 37.09 1346 35.43 1276 33.76 1206 32.08 1136
40.36 1485 38.72 1415 37.07 1345 35.41 1275 33.73 1205 32.06 1135
40.34 1484 38.69 1414 37.04 1344 35.38 1274 33.71 1204 32.03 1134
40.32 1483 38.67 1413 37.02 1343 35.35 1273 33.69 1203 32.01 1133
40.29 1482 38.65 1412 36.99 1342 35.33 1272 33.66 1202 31.99 1132
40.27 1481 38.63 1411 36.97 1341 35.31 1271 33.64 1201 31.96 1131
40.24 1480 38.60 1410 36.94 1340 35.28 1270 33.62 1200 31.94 1130
40.22 1479 38.57 1409 36.92 1339 35.26 1269 33.59 1199 31.91 1129
40.20 1478 38.55 1408 36.90 1338 35.24 1268 33.57 1198 31.89 1128
40.17 1477 38.53 1407 36.88 1337 35.22 1267 33.55 1197 31.86 1127
40.15 1476 38.51 1406 36.85 1336 35.19 1266 33.52 1196 31.84 1126
40.13 1475 38.48 1405 36.83 1335 35.16 1265 33.50 1195 31.82 1125
40.10 1474 38.46 1404 36.81 1334 35.14 1264 33.47 1194 31.79 1124
40.08 1473 38.44 1403 36.78 1333 35.12 1263 33.45 1193 31.77 1123
40.06 1472 38.41 1402 36.76 1332 35.09 1262 33.43 1192 31.75 1122
40.03 1471 38.39 1401 36.73 1331 35.07 1261 33.40 1191 31.72 1121
40.01 1470 38.36 1400 36.71 1330 35.05 1260 33.38 1190 31.70 1120
39.99 1469 38.34 1399 36.69 1329 35.02 1259 33.36 1189 31.67 1119
39.96 1468 38.32 1398 36.66 1328 35.00 1258 33.33 1188 31.65 1118
39.94 1467 38.29 1397 36.64 1327 34.98 1257 33.30 1187 31.62 1117
39.92 1466 38.27 1396 36.62 1326 34.95 1256 33.28 1186 31.60 1116
39.89 1465 38.25 1395 36.59 1325 34.93 1255 33.26 1185 31.58 1115
39.87 1464 38.22 1394 36.57 1324 34.90 1254 33.23 1184 31.55 1114
39.85 1463 38.20 1393 36.54 1323 34.88 1253 33.21 1183 31.53 1113
39.82 1462 38.17 1392 36.52 1322 34.86 1252 33.19 1182 31.50 1112
39.80 1461 38.15 1391 36.50 1321 34.83 1251 33.16 1181 31.48 1111
39.77 1460 38.13 1390 36.47 1320 34.81 1250 33.13 1180 31.46 1110
39.75 1459 38.10 1389 36.45 1319 34.79 1249 33.11 1179 31.43 1109
39.73 1458 38.08 1388 36.43 1318 34.76 1248 33.09 1178 31.41 1108
39.71 1457 38.06 1387 36.40 1317 34.74 1247 33.06 1177 31.39 1107
39.68 1456 38.04 1386 36.38 1316 34.71 1246 33.04 1176 31.36 1106
39.66 1455 38.01 1385 36.35 1315 34.69 1245 33.02 1175 31.34 1105
39.63 1454 37.98 1384 36.33 1314 34.67 1244 32.99 1174 31.31 1104
39.61 1453 37.96 1383 36.31 1313 34.64 1243 32.97 1173 31.29 1103
39.59 1452 37.94 1382 36.28 1312 34.62 1242 32.95 1172 31.26 1102
39.56 1451 37.92 1381 36.26 1311 34.60 1241 32.92 1171 31.24 1101
39.54 1450 37.89 1380 36.24 1310 34.57 1240 32.90 1170 31.22 1100
39.52 1449 37.87 1379 36.21 1309 34.54 1239 32.87 1169 31.19 1099
39.49 1448 37.85 1378 36.19 1308 34.52 1238 32.85 1168 31.17 1098
39.47 1447 37.82 1377 36.16 1307 34.50 1237 32.83 1167 31.15 1097
39.45 1446 37.79 1376 36.14 1306 34.48 1236 32.80 1166 31.12 1096
39.42 1445 37.77 1375 36.12 1305 34.45 1235 32.78 1165 31.09 1095
39.40 1444 37.75 1374 36.09 1304 34.43 1234 32.76 1164 31.07 1094
39.37 1443 37.73 1373 36.07 1303 34.41 1233 32.73 1163 31.05 1093
39.35 1442 37.70 1372 36.05 1302 34.38 1232 32.70 1162 31.02 1092
39.33 1441 37.68 1371 36.02 1301 34.36 1231 32.68 1161 31.00 1091
39.31 1440 37.66 1370 36.00 1300 34.33 1230 32.66 1160 30.98 1090
39.28 1439 37.63 1369 35.97 1299 34.31 1229 32.63 1159 30.95 1089
39.26 1438 37.61 1368 35.95 1298 34.28 1228 32.61 1158 30.93 1088
39.24 1437 37.58 1367 35.93 1297 34.26 1227 32.59 1157 30.90 1087
39.21 1436 37.56 1366 35.90 1296 34.24 1226 32.56 1156 30.88 1086
39.19 1435 37.54 1365 35.88 1295 34.21 1225 32.54 1155 30.85 1085
39.16 1434 37.51 1364 35.86 1294 34.19 1224 32.51 1154 30.83 1084
39.14 1433 37.49 1363 35.83 1293 34.17 1223 32.49 1153 30.81 1083
39.12 1432 37.47 1362 35.81 1292 34.14 1222 32.47 1152 30.78 1082
39.09 1431 37.44 1361 35.79 1291 34.12 1221 32.44 1151 30.76 1081
30.74 1080 29.04 1010 27.33 940 25.62 870 23.89 800 22.14 730
30.71 1079 29.01 1009 27.31 939 25.59 869 23.86 799 22.12 729
30.68 1078 28.99 1008 27.29 938 25.57 868 23.84 798 22.09 728
30.66 1077 28.97 1007 27.26 937 25.54 867 23.81 797 22.07 727
30.64 1076 28.94 1006 27.23 936 25.52 866 23.78 796 22.04 726
30.61 1075 28.92 1005 27.21 935 25.49 865 23.76 795 22.02 725
30.59 1074 28.89 1004 27.19 934 25.47 864 23.74 794 21.99 724
30.57 1073 28.87 1003 27.16 933 25.45 863 23.71 793 21.97 723
30.54 1072 28.84 1002 27.14 932 25.42 862 23.69 792 21.94 722
30.52 1071 28.82 1001 27.11 931 25.39 861 23.66 791 21.92 721
30.49 1070 28.80 1000 27.09 930 25.37 860 23.64 790 21.89 720
30.47 1069 28.77 999 27.07 929 25.34 859 23.62 789 21.87 719
30.44 1068 28.75 998 27.04 928 25.32 858 23.59 788 21.84 718
30.42 1067 28.72 997 27.01 927 25.30 857 23.56 787 21.82 717
30.40 1066 28.70 996 26.99 926 25.27 856 23.54 786 21.79 716
30.37 1065 28.68 995 26.97 925 25.25 855 23.51 785 21.77 715
30.35 1064 28.65 994 26.94 924 25.22 854 23.49 784 21.74 714
30.32 1063 28.62 993 26.92 923 25.20 853 23.46 783 21.72 713
30.30 1062 28.60 992 26.89 922 25.17 852 23.44 782 21.69 712
30.27 1061 28.58 991 26.87 921 25.15 851 23.42 781 21.67 711
30.25 1060 28.55 990 26.85 920 25.12 850 23.39 780 21.64 710
30.23 1059 28.53 989 26.82 919 25.10 849 23.36 779 21.62 709
30.20 1058 28.51 988 26.79 918 25.07 848 23.34 778 21.59 708
30.18 1057 28.48 987 26.77 917 25.05 847 23.31 777 21.57 707
30.15 1056 28.45 986 26.75 916 25.03 846 23.29 776 21.54 706
30.13 1055 28.43 985 26.72 915 25.00 845 23.27 775 21.52 705
30.11 1054 28.41 984 26.70 914 24.97 844 23.24 774 21.49 704
30.08 1053 28.38 983 26.67 913 24.95 843 23.22 773 21.47 703
30.06 1052 28.36 982 26.65 912 24.93 842 23.19 772 21.44 702
30.03 1051 28.33 981 26.62 911 24.90 841 23.16 771 21.42 701
30.01 1050 28.31 980 26.60 910 24.88 840 23.14 770 21.39 700
29.98 1049 28.29 979 26.57 909 24.85 839 23.12 769 21.37 699
29.96 1048 28.26 978 26.55 908 24.83 838 23.09 768 21.34 698
29.94 1047 28.23 977 26.53 907 24.81 837 23.07 767 21.31 697
29.91 1046 28.21 976 26.50 906 24.78 836 23.04 766 21.29 696
29.89 1045 28.19 975 26.48 905 24.75 835 23.02 765 21.27 695
29.86 1044 28.16 974 26.45 904 24.73 834 22.99 764 21.24 694
29.84 1043 28.14 973 26.42 903 24.70 833 22.96 763 21.22 693
29.81 1042 28.12 972 26.40 902 24.68 832 22.94 762 21.19 692
29.79 1041 28.09 971 26.38 901 24.66 831 22.92 761 21.17 691
29.77 1040 28.07 970 26.35 900 24.63 830 22.89 760 21.14 690
29.74 1039 28.04 969 26.33 899 24.61 829 22.87 759 21.11 689
29.72 1038 28.02 968 26.31 898 24.58 828 22.84 758 21.09 688
29.70 1037 27.99 967 26.28 897 24.55 827 22.82 757 21.06 687
29.67 1036 27.97 966 26.26 896 24.53 826 22.79 756 21.04 686
29.64 1035 27.94 965 26.23 895 24.51 825 22.77 755 21.02 685
29.62 1034 27.92 964 26.20 894 24.48 824 22.74 754 20.99 684
29.60 1033 27.90 963 26.18 893 24.46 823 22.72 753 20.97 683
29.57 1032 27.87 962 26.16 892 24.43 822 22.69 752 20.94 682
29.55 1031 27.84 961 26.13 891 24.41 821 22.67 751 20.91 681
29.53 1030 27.82 960 26.11 890 24.38 820 22.64 750 20.89 680
29.50 1029 27.80 959 26.08 889 24.36 819 22.62 749 20.86 679
29.47 1028 27.77 958 26.06 888 24.33 818 22.59 748 20.84 678
29.45 1027 27.75 957 26.04 887 24.31 817 22.57 747 20.81 677
29.43 1026 27.72 956 26.01 886 24.28 816 22.54 746 20.79 676
29.40 1025 27.70 955 25.98 885 24.26 815 22.52 745 20.76 675
29.38 1024 27.68 954 25.96 884 24.24 814 22.49 744 20.73 674
29.35 1023 27.65 953 25.94 883 24.21 813 22.47 743 20.71 673
29.33 1022 27.62 952 25.91 882 24.18 812 22.44 742 20.69 672
29.31 1021 27.60 951 25.89 881 24.16 811 22.42 741 20.66 671
29.28 1020 27.58 950 25.86 880 24.13 810 22.39 740 20.64 670
29.26 1019 27.55 949 25.84 879 24.11 809 22.37 739 20.61 669
29.23 1018 27.53 948 25.81 878 24.09 808 22.34 738 20.59 668
29.21 1017 27.51 947 25.79 877 24.06 807 22.32 737 20.56 667
29.18 1016 27.48 946 25.76 876 24.04 806 22.29 736 20.54 666
29.16 1015 27.46 945 25.74 875 24.01 805 22.27 735 20.51 665
29.14 1014 27.43 944 25.71 874 23.98 804 22.24 734 20.48 664
29.11 1013 27.41 943 25.69 873 23.96 803 22.22 733 20.46 663
29.09 1012 27.38 942 25.67 872 23.94 802 22.19 732 20.43 662
29.06 1011 27.36 941 25.64 871 23.91 801 22.17 731 20.41 661
20.39 660 18.61 590 16.81 520 14.99 450 13.15 380 11.28 310
20.36 659 18.58 589 16.79 519 14.97 449 13.13 379 11.25 309
20.34 658 18.56 588 16.76 518 14.94 448 13.10 378 11.23 308
20.31 657 18.53 587 16.74 517 14.92 447 13.07 377 11.20 307
20.28 656 18.51 586 16.71 516 14.89 446 13.05 376 11.17 306
20.26 655 18.48 585 16.69 515 14.87 445 13.02 375 11.14 305
20.23 654 18.45 584 16.66 514 14.84 444 12.99 374 11.11 304
20.21 653 18.43 583 16.63 513 14.81 443 12.97 373 11.09 303
20.18 652 18.40 582 16.61 512 14.79 442 12.94 372 11.06 302
20.16 651 18.38 581 16.58 511 14.76 441 12.91 371 11.04 301
20.13 650 18.35 580 16.56 510 14.73 440 12.89 370 11.01 300
20.10 649 18.33 579 16.53 509 14.71 439 12.86 369 10.98 299
20.08 648 18.30 578 16.51 508 14.68 438 12.84 368 10.95 298
20.06 647 18.27 577 16.48 507 14.66 437 12.80 367 10.92 297
20.03 646 18.25 576 16.45 506 14.63 436 12.78 366 10.90 296
20.01 645 18.22 575 16.42 505 14.60 435 12.75 365 10.87 295
19.98 644 18.20 574 16.40 504 14.58 434 12.73 364 10.85 294
19.96 643 18.17 573 16.37 503 14.55 433 12.70 363 10.82 293
19.93 642 18.15 572 16.35 502 14.52 432 12.67 362 10.79 292
19.90 641 18.13 571 16.32 501 14.50 431 12.65 361 10.76 291
19.88 640 18.10 570 16.30 500 14.47 430 12.62 360 10.73 290
19.85 639 18.07 569 16.27 499 14.45 429 12.59 359 10.71 289
19.83 638 18.05 568 16.24 498 14.42 428 12.57 358 10.68 288
19.80 637 18.02 567 16.22 497 14.39 427 12.54 357 10.65 287
19.78 636 18.00 566 16.19 496 14.37 426 12.51 356 10.63 286
19.75 635 17.97 565 16.17 495 14.34 425 12.49 355 10.60 285
19.73 634 17.95 564 16.14 494 14.32 424 12.46 354 10.57 284
19.70 633 17.92 563 16.12 493 14.29 423 12.44 353 10.54 283
19.67 632 17.90 562 16.09 492 14.26 422 12.41 352 10.52 282
19.65 631 17.87 561 16.07 491 14.24 421 12.38 351 10.49 281
19.63 630 17.84 560 16.04 490 14.21 420 12.35 350 10.46 280
19.60 629 17.82 559 16.01 489 14.18 419 12.33 349 10.44 279
19.58 628 17.79 558 15.98 488 14.16 418 12.30 348 10.41 278
19.55 627 17.77 557 15.96 487 14.13 417 12.27 347 10.38 277
19.53 626 17.74 556 15.93 486 14.10 416 12.25 346 10.35 276
19.50 625 17.72 555 15.91 485 14.08 415 12.22 345 10.33 275
19.47 624 17.69 554 15.88 484 14.05 414 12.19 344 10.30 274
19.45 623 17.66 553 15.85 483 14.02 413 12.16 343 10.27 273
19.42 622 17.64 552 15.83 482 14.00 412 12.14 342 10.25 272
19.40 621 17.61 551 15.80 481 13.97 411 12.11 341 10.22 271
19.37 620 17.59 550 15.78 480 13.95 410 12.09 340 10.19 270
19.35 619 17.56 549 15.75 479 13.92 409 12.06 339 10.16 269
19.32 618 17.54 548 15.73 478 13.89 408 12.03 338 10.13 268
19.29 617 17.51 547 15.70 477 13.87 407 12.01 337 10.11 267
19.27 616 17.49 546 15.68 476 13.84 406 11.98 336 10.08 266
19.24 615 17.46 545 15.65 475 13.81 405 11.95 335 10.05 265
19.22 614 17.43 544 15.62 474 13.79 404 11.92 334 10.03 264
19.19 613 17.40 543 15.59 473 13.76 403 11.90 333 10.00 263
19.17 612 17.38 542 15.57 472 13.73 402 11.87 332 9.97 262
19.14 611 17.35 541 15.54 471 13.71 401 11.85 331 9.94 261
19.12 610 17.33 540 15.52 470 13.68 400 11.82 330 9.91 260
19.09 609 17.30 539 15.49 469 13.66 399 11.79 329 9.89 259
19.07 608 17.27 538 15.47 468 13.63 398 11.76 328 9.86 258
19.04 607 17.25 537 15.44 467 13.60 397 11.74 327 9.83 257
19.02 606 17.22 536 15.41 466 13.58 396 11.71 326 9.81 256
18.99 605 17.20 535 15.39 465 13.55 395 11.68 325 9.78 255
18.97 604 17.17 534 15.36 464 13.52 394 11.66 324 9.75 254
18.94 603 17.15 533 15.34 463 13.50 393 11.63 323 9.72 253
18.92 602 17.12 532 15.31 462 13.47 392 11.60 322 9.69 252
18.89 601 17.10 531 15.28 461 13.45 391 11.57 321 9.67 251
18.86 600 17.07 530 15.26 460 13.42 390 11.55 320 9.64 250
18.84 599 17.04 529 15.23 459 13.39 389 11.52 319 9.61 249
18.81 598 17.02 528 15.20 458 13.36 388 11.49 318 9.59 248
18.79 597 16.99 527 15.18 457 13.34 387 11.47 317 9.56 247
18.76 596 16.97 526 15.15 456 13.31 386 11.44 316 9.53 246
18.74 595 16.94 525 15.13 455 13.29 385 11.41 315 9.50 245
18.71 594 16.92 524 15.10 454 13.26 384 11.38 314 9.47 244
18.68 593 16.89 523 15.08 453 13.23 383 11.36 313 9.45 243
18.66 592 16.86 522 15.05 452 13.20 382 11.33 312 9.42 242
18.63 591 16.84 521 15.02 451 13.18 381 11.30 311 9.39 241
9.37 240 8.25 200 7.11 160 5.95 120 4.75 80 3.49 40
9.33 239 8.22 199 7.08 159 5.92 119 4.72 79 3.46 39
9.31 238 8.19 198 7.05 158 5.89 118 4.69 78 3.42 38
9.28 237 8.17 197 7.03 157 5.86 117 4.66 77 3.39 37
9.25 236 8.13 196 7.00 156 5.83 116 4.63 76 3.36 36
9.23 235 8.11 195 6.97 155 5.80 115 4.60 75 3.33 35
9.20 234 8.08 194 6.94 154 5.77 114 4.57 74 3.30 34
9.17 233 8.05 193 6.91 153 5.74 113 4.54 73 3.26 33
9.14 232 8.02 192 6.88 152 5.71 112 4.51 72 3.23 32
9.11 231 8.00 191 6.85 151 5.68 111 4.47 71 3.19 31
9.09 230 7.97 190 6.82 150 5.65 110 4.44 70 3.16 30
9.06 229 7.94 189 6.80 149 5.62 109 4.41 69 3.13 29
9.03 228 7.91 188 6.77 148 5.59 108 4.38 68 3.10 28
9.00 227 7.88 187 6.74 147 5.56 107 4.35 67 3.06 27
8.98 226 7.85 186 6.71 146 5.54 106 4.32 66 3.02 26
8.95 225 7.82 185 6.68 145 5.51 105 4.29 65 2.99 25
8.92 224 7.80 184 6.65 144 5.47 104 4.25 64 2.96 24
8.89 223 7.77 183 6.62 143 5.44 103 4.22 63 2.93 23
8.86 222 7.74 182 6.59 142 5.41 102 4.19 62 2.89 22
8.84 221 7.71 181 6.56 141 5.38 101 4.16 61 2.86 21
8.81 220 7.68 180 6.54 140 5.36 100 4.13 60 2.82 20
8.78 219 7.65 179 6.50 139 5.33 99 4.10 59 2.79 19
8.75 218 7.63 178 6.47 138 5.30 98 4.06 58 2.75 18
8.72 217 7.60 177 6.45 137 5.26 97 4.03 57 2.72 17
8.70 216 7.57 176 6.42 136 5.23 96 4.00 56 2.68 16
8.67 215 7.54 175 6.39 135 5.20 95 3.97 55 2.64 15
8.64 214 7.51 174 6.36 134 5.17 94 3.94 54 2.61 14
8.61 213 7.48 173 6.33 133 5.15 93 3.91 53 2.57 13
8.59 212 7.45 172 6.30 132 5.12 92 3.88 52 2.54 12
8.56 211 7.43 171 6.27 131 5.08 91 3.84 51 2.50 11
8.53 210 7.40 170 6.24 130 5.05 90 3.81 50 2.47 10
8.50 209 7.37 169 6.21 129 5.02 89 3.78 49 2.43 9
8.47 208 7.34 168 6.18 128 4.99 88 3.75 48 2.39 8
8.44 207 7.31 167 6.16 127 4.96 87 3.72 47 2.35 7
8.42 206 7.28 166 6.13 126 4.93 86 3.69 46 2.31 6
8.39 205 7.25 165 6.09 125 4.90 85 3.65 45 2.28 5
8.36 204 7.23 164 6.06 124 4.87 84 3.62 44 2.23 4
8.33 203 7.20 163 6.04 123 4.84 83 3.59 43 2.19 3
8.30 202 7.17 162 6.01 122 4.81 82 3.56 42 2.15 2
8.28 201 7.14 161 5.98 121 4.78 81 3.52 41 2.11 1
