32.55 1500 31.24 1430 29.92 1360 28.59 1290 27.26 1220 25.92 1150
32.53 1499 31.22 1429 29.90 1359 28.57 1289 27.24 1219 25.90 1149
32.51 1498 31.20 1428 29.88 1358 28.55 1288 27.22 1218 25.88 1148
32.49 1497 31.18 1427 29.86 1357 28.53 1287 27.20 1217 25.86 1147
32.47 1496 31.16 1426 29.84 1356 28.51 1286 27.18 1216 25.84 1146
32.46 1495 31.14 1425 29.82 1355 28.49 1285 27.16 1215 25.82 1145
32.44 1494 31.12 1424 29.80 1354 28.47 1284 27.14 1214 25.80 1144
32.42 1493 31.10 1423 29.78 1353 28.46 1283 27.12 1213 25.78 1143
32.40 1492 31.08 1422 29.76 1352 28.44 1282 27.11 1212 25.77 1142
32.38 1491 31.06 1421 29.74 1351 28.42 1281 27.08 1211 25.74 1141
32.36 1490 31.05 1420 29.73 1350 28.40 1280 27.06 1210 25.72 1140
32.34 1489 31.03 1419 29.71 1349 28.38 1279 27.05 1209 25.71 1139
32.33 1488 31.01 1418 29.69 1348 28.36 1278 27.03 1208 25.69 1138
32.31 1487 30.99 1417 29.67 1347 28.34 1277 27.01 1207 25.67 1137
32.29 1486 30.97 1416 29.65 1346 28.32 1276 26.99 1206 25.65 1136
32.27 1485 30.95 1415 29.63 1345 28.31 1275 26.97 1205 25.63 1135
32.25 1484 30.93 1414 29.61 1344 28.29 1274 26.95 1204 25.61 1134
32.23 1483 30.92 1413 29.59 1343 28.26 1273 26.93 1203 25.59 1133
32.21 1482 30.90 1412 29.58 1342 28.25 1272 26.91 1202 25.57 1132
32.19 1481 30.88 1411 29.56 1341 28.23 1271 26.90 1201 25.55 1131
32.17 1480 30.86 1410 29.54 1340 28.21 1270 26.88 1200 25.53 1130
32.15 1479 30.84 1409 29.52 1339 28.19 1269 26.86 1199 25.52 1129
32.14 1478 30.82 1408 29.50 1338 28.17 1268 26.84 1198 25.49 1128
32.12 1477 30.80 1407 29.48 1337 28.15 1267 26.82 1197 25.47 1127
32.10 1476 30.79 1406 29.46 1336 28.13 1266 26.80 1196 25.46 1126
32.08 1475 30.76 1405 29.44 1335 28.11 1265 26.78 1195 25.44 1125
32.06 1474 30.74 1404 29.42 1334 28.10 1264 26.76 1194 25.42 1124
32.04 1473 30.73 1403 29.40 1333 28.08 1263 26.74 1193 25.40 1123
32.02 1472 30.71 1402 29.39 1332 28.06 1262 26.72 1192 25.38 1122
32.01 1471 30.69 1401 29.37 1331 28.04 1261 26.70 1191 25.36 1121
31.99 1470 30.67 1400 29.35 1330 28.02 1260 26.68 1190 25.34 1120
31.97 1469 30.65 1399 29.33 1329 28.00 1259 26.67 1189 25.32 1119
31.95 1468 30.63 1398 29.31 1328 27.98 1258 26.65 1188 25.30 1118
31.93 1467 30.61 1397 29.29 1327 27.96 1257 26.63 1187 25.28 1117
31.91 1466 30.60 1396 29.27 1326 27.94 1256 26.61 1186 25.27 1116
31.89 1465 30.58 1395 29.25 1325 27.92 1255 26.59 1185 25.24 1115
31.88 1464 30.56 1394 29.24 1324 27.90 1254 26.57 1184 25.22 1114
31.85 1463 30.54 1393 29.22 1323 27.89 1253 26.55 1183 25.21 1113
31.84 1462 30.52 1392 29.20 1322 27.87 1252 26.53 1182 25.19 1112
31.82 1461 30.50 1391 29.18 1321 27.85 1251 26.51 1181 25.17 1111
31.80 1460 30.48 1390 29.16 1320 27.83 1250 26.49 1180 25.15 1110
31.78 1459 30.46 1389 29.14 1319 27.81 1249 26.47 1179 25.13 1109
31.76 1458 30.45 1388 29.12 1318 27.79 1248 26.45 1178 25.11 1108
31.74 1457 30.42 1387 29.10 1317 27.77 1247 26.43 1177 25.09 1107
31.72 1456 30.41 1386 29.08 1316 27.75 1246 26.42 1176 25.07 1106
31.70 1455 30.39 1385 29.06 1315 27.73 1245 26.40 1175 25.05 1105
31.69 1454 30.37 1384 29.04 1314 27.72 1244 26.38 1174 25.03 1104
31.67 1453 30.35 1383 29.03 1313 27.70 1243 26.36 1173 25.02 1103
31.65 1452 30.33 1382 29.01 1312 27.67 1242 26.34 1172 24.99 1102
31.63 1451 30.31 1381 28.99 1311 27.66 1241 26.32 1171 24.97 1101
31.61 1450 30.29 1380 28.97 1310 27.64 1240 26.30 1170 24.96 1100
31.59 1449 30.27 1379 28.95 1309 27.62 1239 26.28 1169 24.94 1099
31.57 1448 30.26 1378 28.93 1308 27.60 1238 26.26 1168 24.92 1098
31.56 1447 30.24 1377 28.91 1307 27.58 1237 26.24 1167 24.90 1097
31.54 1446 30.22 1376 28.89 1306 27.56 1236 26.22 1166 24.88 1096
31.52 1445 30.20 1375 28.88 1305 27.54 1235 26.20 1165 24.86 1095
31.50 1444 30.18 1374 28.86 1304 27.52 1234 26.19 1164 24.84 1094
31.48 1443 30.16 1373 28.83 1303 27.51 1233 26.17 1163 24.82 1093
31.46 1442 30.14 1372 28.82 1302 27.49 1232 26.15 1162 24.80 1092
31.44 1441 30.12 1371 28.80 1301 27.47 1231 26.13 1161 24.78 1091
31.42 1440 30.10 1370 28.78 1300 27.45 1230 26.11 1160 24.77 1090
31.40 1439 30.08 1369 28.76 1299 27.43 1229 26.09 1159 24.74 1089
31.38 1438 30.07 1368 28.74 1298 27.41 1228 26.07 1158 24.72 1088
31.37 1437 30.05 1367 28.72 1297 27.39 1227 26.05 1157 24.70 1087
31.35 1436 30.03 1366 28.70 1296 27.37 1226 26.03 1156 24.69 1086
31.33 1435 30.01 1365 28.68 1295 27.35 1225 26.02 1155 24.67 1085
31.31 1434 29.99 1364 28.67 1294 27.33 1224 25.99 1154 24.65 1084
31.29 1433 29.97 1363 28.65 1293 27.31 1223 25.97 1153 24.63 1083
31.27 1432 29.95 1362 28.63 1292 27.29 1222 25.96 1152 24.61 1082
31.25 1431 29.93 1361 28.61 1291 27.28 1221 25.94 1151 24.59 1081
24.57 1080 23.22 1010 21.85 940 20.48 870 19.10 800 17.70 730
24.55 1079 23.20 1009 21.83 939 20.46 869 19.08 799 17.68 729
24.53 1078 23.18 1008 21.81 938 20.44 868 19.06 798 17.66 728
24.51 1077 23.16 1007 21.79 937 20.42 867 19.04 797 17.64 727
24.49 1076 23.14 1006 21.77 936 20.40 866 19.02 796 17.62 726
24.47 1075 23.12 1005 21.75 935 20.38 865 19.00 795 17.60 725
24.45 1074 23.10 1004 21.74 934 20.36 864 18.98 794 17.58 724
24.44 1073 23.08 1003 21.72 933 20.34 863 18.96 793 17.57 723
24.42 1072 23.06 1002 21.70 932 20.32 862 18.94 792 17.54 722
24.40 1071 23.04 1001 21.68 931 20.30 861 18.92 791 17.52 721
24.38 1070 23.02 1000 21.66 930 20.28 860 18.90 790 17.50 720
24.36 1069 23.00 999 21.64 929 20.26 859 18.88 789 17.48 719
24.34 1068 22.98 998 21.62 928 20.25 858 18.86 788 17.46 718
24.32 1067 22.96 997 21.60 927 20.22 857 18.84 787 17.44 717
24.30 1066 22.95 996 21.58 926 20.20 856 18.82 786 17.42 716
24.28 1065 22.93 995 21.56 925 20.18 855 18.80 785 17.40 715
24.26 1064 22.90 994 21.54 924 20.16 854 18.78 784 17.38 714
24.24 1063 22.88 993 21.52 923 20.15 853 18.76 783 17.36 713
24.22 1062 22.87 992 21.50 922 20.13 852 18.74 782 17.34 712
24.20 1061 22.85 991 21.48 921 20.11 851 18.72 781 17.32 711
24.18 1060 22.83 990 21.46 920 20.09 850 18.70 780 17.30 710
24.17 1059 22.81 989 21.44 919 20.06 849 18.68 779 17.28 709
24.15 1058 22.79 988 21.42 918 20.04 848 18.66 778 17.26 708
24.13 1057 22.77 987 21.40 917 20.03 847 18.64 777 17.24 707
24.11 1056 22.75 986 21.38 916 20.01 846 18.62 776 17.22 706
24.09 1055 22.73 985 21.36 915 19.99 845 18.60 775 17.20 705
24.07 1054 22.71 984 21.34 914 19.97 844 18.58 774 17.18 704
24.05 1053 22.69 983 21.32 913 19.95 843 18.56 773 17.16 703
24.03 1052 22.67 982 21.31 912 19.93 842 18.54 772 17.14 702
24.01 1051 22.65 981 21.29 911 19.91 841 18.52 771 17.12 701
23.99 1050 22.63 980 21.27 910 19.89 840 18.50 770 17.10 700
23.97 1049 22.61 979 21.25 909 19.87 839 18.48 769 17.08 699
23.95 1048 22.59 978 21.22 908 19.85 838 18.46 768 17.06 698
23.93 1047 22.57 977 21.21 907 19.83 837 18.44 767 17.04 697
23.91 1046 22.56 976 21.19 906 19.81 836 18.42 766 17.02 696
23.89 1045 22.54 975 21.17 905 19.79 835 18.40 765 17.00 695
23.88 1044 22.52 974 21.15 904 19.77 834 18.38 764 16.98 694
23.86 1043 22.49 973 21.13 903 19.75 833 18.36 763 16.96 693
23.84 1042 22.48 972 21.11 902 19.73 832 18.34 762 16.94 692
23.82 1041 22.46 971 21.09 901 19.71 831 18.32 761 16.92 691
23.80 1040 22.44 970 21.07 900 19.69 830 18.30 760 16.90 690
23.78 1039 22.42 969 21.05 899 19.67 829 18.28 759 16.88 689
23.76 1038 22.40 968 21.03 898 19.65 828 18.26 758 16.86 688
23.74 1037 22.38 967 21.01 897 19.63 827 18.24 757 16.84 687
23.72 1036 22.36 966 20.99 896 19.61 826 18.22 756 16.82 686
23.70 1035 22.34 965 20.97 895 19.59 825 18.20 755 16.80 685
23.68 1034 22.32 964 20.95 894 19.57 824 18.18 754 16.78 684
23.66 1033 22.30 963 20.93 893 19.55 823 18.16 753 16.76 683
23.64 1032 22.28 962 20.91 892 19.53 822 18.14 752 16.74 682
23.62 1031 22.26 961 20.89 891 19.51 821 18.12 751 16.72 681
23.61 1030 22.24 960 20.87 890 19.50 820 18.10 750 16.70 680
23.59 1029 22.22 959 20.85 889 19.47 819 18.08 749 16.68 679
23.56 1028 22.20 958 20.84 888 19.45 818 18.06 748 16.66 678
23.54 1027 22.18 957 20.81 887 19.43 817 18.04 747 16.64 677
23.53 1026 22.16 956 20.79 886 19.41 816 18.02 746 16.62 676
23.51 1025 22.15 955 20.77 885 19.39 815 18.00 745 16.60 675
23.49 1024 22.13 954 20.75 884 19.38 814 17.98 744 16.58 674
23.47 1023 22.11 953 20.74 883 19.36 813 17.96 743 16.56 673
23.45 1022 22.09 952 20.72 882 19.34 812 17.94 742 16.54 672
23.43 1021 22.07 951 20.70 881 19.31 811 17.92 741 16.52 671
23.41 1020 22.05 950 20.68 880 19.29 810 17.90 740 16.50 670
23.39 1019 22.03 949 20.65 879 19.27 809 17.88 739 16.48 669
23.37 1018 22.01 948 20.64 878 19.26 808 17.86 738 16.46 668
23.35 1017 21.99 947 20.62 877 19.24 807 17.84 737 16.44 667
23.33 1016 21.97 946 20.60 876 19.22 806 17.82 736 16.42 666
23.31 1015 21.95 945 20.58 875 19.20 805 17.80 735 16.40 665
23.29 1014 21.93 944 20.56 874 19.18 804 17.78 734 16.38 664
23.27 1013 21.91 943 20.54 873 19.16 803 17.76 733 16.36 663
23.25 1012 21.89 942 20.52 872 19.14 802 17.74 732 16.34 662
23.24 1011 21.87 941 20.50 871 19.12 801 17.72 731 16.32 661
16.30 660 14.88 590 13.44 520 11.99 450 10.52 380 9.02 310
16.28 659 14.86 589 13.42 519 11.97 449 10.50 379 9.00 309
16.26 658 14.84 588 13.40 518 11.95 448 10.47 378 8.98 308
16.24 657 14.82 587 13.38 517 11.93 447 10.45 377 8.95 307
16.22 656 14.79 586 13.36 516 11.91 446 10.43 376 8.93 306
16.20 655 14.77 585 13.34 515 11.89 445 10.41 375 8.91 305
16.18 654 14.75 584 13.32 514 11.86 444 10.39 374 8.89 304
16.16 653 14.73 583 13.30 513 11.84 443 10.37 373 8.86 303
16.13 652 14.71 582 13.28 512 11.82 442 10.34 372 8.84 302
16.11 651 14.69 581 13.26 511 11.80 441 10.32 371 8.82 301
16.09 650 14.67 580 13.24 510 11.78 440 10.30 370 8.80 300
16.07 649 14.65 579 13.22 509 11.76 439 10.28 369 8.78 299
16.05 648 14.63 578 13.20 508 11.74 438 10.26 368 8.76 298
16.04 647 14.61 577 13.17 507 11.72 437 10.24 367 8.73 297
16.02 646 14.59 576 13.15 506 11.70 436 10.22 366 8.71 296
16.00 645 14.57 575 13.13 505 11.68 435 10.20 365 8.69 295
15.98 644 14.55 574 13.11 504 11.66 434 10.18 364 8.67 294
15.95 643 14.53 573 13.09 503 11.64 433 10.16 363 8.65 293
15.93 642 14.51 572 13.07 502 11.61 432 10.13 362 8.63 292
15.91 641 14.49 571 13.05 501 11.59 431 10.11 361 8.61 291
15.89 640 14.47 570 13.03 500 11.57 430 10.09 360 8.58 290
15.87 639 14.45 569 13.01 499 11.55 429 10.07 359 8.56 289
15.85 638 14.43 568 12.99 498 11.53 428 10.05 358 8.54 288
15.83 637 14.41 567 12.97 497 11.51 427 10.02 357 8.52 287
15.81 636 14.39 566 12.95 496 11.49 426 10.00 356 8.50 286
15.79 635 14.37 565 12.93 495 11.47 425 9.98 355 8.48 285
15.77 634 14.35 564 12.91 494 11.45 424 9.96 354 8.45 284
15.75 633 14.33 563 12.89 493 11.42 423 9.94 353 8.43 283
15.73 632 14.31 562 12.86 492 11.40 422 9.92 352 8.41 282
15.71 631 14.29 561 12.84 491 11.38 421 9.90 351 8.39 281
15.69 630 14.27 560 12.82 490 11.36 420 9.88 350 8.36 280
15.67 629 14.25 559 12.80 489 11.34 419 9.86 349 8.34 279
15.65 628 14.23 558 12.78 488 11.32 418 9.83 348 8.32 278
15.63 627 14.20 557 12.76 487 11.30 417 9.81 347 8.30 277
15.61 626 14.18 556 12.74 486 11.27 416 9.79 346 8.28 276
15.59 625 14.16 555 12.72 485 11.25 415 9.77 345 8.26 275
15.57 624 14.14 554 12.70 484 11.23 414 9.75 344 8.23 274
15.55 623 14.12 553 12.68 483 11.21 413 9.73 343 8.21 273
15.53 622 14.10 552 12.66 482 11.19 412 9.71 342 8.19 272
15.51 621 14.08 551 12.64 481 11.17 411 9.68 341 8.17 271
15.49 620 14.06 550 12.61 480 11.15 410 9.66 340 8.15 270
15.47 619 14.04 549 12.59 479 11.13 409 9.64 339 8.13 269
15.45 618 14.02 548 12.57 478 11.11 408 9.62 338 8.10 268
15.43 617 14.00 547 12.55 477 11.09 407 9.60 337 8.08 267
15.41 616 13.98 546 12.53 476 11.07 406 9.58 336 8.06 266
15.38 615 13.96 545 12.51 475 11.05 405 9.56 335 8.04 265
15.36 614 13.93 544 12.49 474 11.02 404 9.53 334 8.02 264
15.34 613 13.91 543 12.47 473 11.00 403 9.51 333 7.99 263
15.32 612 13.89 542 12.45 472 10.98 402 9.49 332 7.97 262
15.30 611 13.87 541 12.43 471 10.96 401 9.47 331 7.95 261
15.29 610 13.85 540 12.41 470 10.94 400 9.45 330 7.93 260
15.27 609 13.83 539 12.39 469 10.92 399 9.43 329 7.91 259
15.25 608 13.81 538 12.36 468 10.90 398 9.41 328 7.89 258
15.23 607 13.79 537 12.34 467 10.88 397 9.39 327 7.86 257
15.20 606 13.77 536 12.32 466 10.86 396 9.36 326 7.84 256
15.18 605 13.75 535 12.30 465 10.83 395 9.34 325 7.82 255
15.16 604 13.73 534 12.28 464 10.81 394 9.32 324 7.80 254
15.14 603 13.71 533 12.26 463 10.79 393 9.30 323 7.77 253
15.12 602 13.69 532 12.24 462 10.77 392 9.27 322 7.75 252
15.10 601 13.67 531 12.22 461 10.75 391 9.25 321 7.73 251
15.08 600 13.65 530 12.20 460 10.73 390 9.23 320 7.71 250
15.06 599 13.63 529 12.18 459 10.70 389 9.21 319 7.68 249
15.04 598 13.61 528 12.16 458 10.68 388 9.19 318 7.66 248
15.02 597 13.59 527 12.14 457 10.66 387 9.17 317 7.64 247
15.00 596 13.57 526 12.11 456 10.64 386 9.15 316 7.62 246
14.98 595 13.54 525 12.09 455 10.62 385 9.12 315 7.60 245
14.96 594 13.52 524 12.07 454 10.60 384 9.10 314 7.57 244
14.94 593 13.50 523 12.05 453 10.58 383 9.08 313 7.55 243
14.92 592 13.48 522 12.03 452 10.56 382 9.06 312 7.53 242
14.90 591 13.46 521 12.01 451 10.54 381 9.04 311 7.51 241
7.49 240 6.59 200 5.68 160 4.75 120 3.80 80 2.79 40
7.46 239 6.57 199 5.66 159 4.73 119 3.78 79 2.77 39
7.44 238 6.55 198 5.64 158 4.71 118 3.75 78 2.74 38
7.42 237 6.53 197 5.62 157 4.68 117 3.73 77 2.71 37
7.40 236 6.50 196 5.59 156 4.66 116 3.70 76 2.69 36
7.38 235 6.48 195 5.57 155 4.64 115 3.68 75 2.66 35
7.35 234 6.46 194 5.55 154 4.62 114 3.65 74 2.64 34
7.33 233 6.44 193 5.53 153 4.59 113 3.63 73 2.61 33
7.31 232 6.41 192 5.50 152 4.57 112 3.60 72 2.58 32
7.29 231 6.39 191 5.48 151 4.55 111 3.58 71 2.55 31
7.27 230 6.37 190 5.46 150 4.52 110 3.55 70 2.53 30
7.24 229 6.35 189 5.43 149 4.50 109 3.53 69 2.50 29
7.22 228 6.32 188 5.41 148 4.47 108 3.50 68 2.48 28
7.20 227 6.30 187 5.39 147 4.45 107 3.48 67 2.45 27
7.18 226 6.28 186 5.37 146 4.43 106 3.45 66 2.42 26
7.16 225 6.25 185 5.34 145 4.40 105 3.43 65 2.39 25
7.13 224 6.23 184 5.32 144 4.38 104 3.40 64 2.37 24
7.11 223 6.21 183 5.30 143 4.35 103 3.38 63 2.34 23
7.09 222 6.19 182 5.27 142 4.33 102 3.35 62 2.31 22
7.07 221 6.16 181 5.25 141 4.30 101 3.33 61 2.28 21
7.04 220 6.14 180 5.23 140 4.28 100 3.30 60 2.25 20
7.02 219 6.12 179 5.20 139 4.26 99 3.28 59 2.23 19
7.00 218 6.10 178 5.18 138 4.23 98 3.25 58 2.20 18
6.98 217 6.07 177 5.16 137 4.21 97 3.23 57 2.17 17
6.96 216 6.05 176 5.13 136 4.18 96 3.20 56 2.14 16
6.93 215 6.03 175 5.11 135 4.16 95 3.18 55 2.12 15
6.91 214 6.00 174 5.09 134 4.14 94 3.15 54 2.09 14
6.89 213 5.98 173 5.06 133 4.12 93 3.13 53 2.06 13
6.87 212 5.96 172 5.04 132 4.09 92 3.10 52 2.03 12
6.84 211 5.94 171 5.01 131 4.07 91 3.07 51 2.00 11
6.82 210 5.91 170 4.99 130 4.04 90 3.05 50 1.97 10
6.80 209 5.89 169 4.97 129 4.02 89 3.03 49 1.94 9
6.77 208 5.87 168 4.94 128 3.99 88 3.00 48 1.91 8
6.75 207 5.84 167 4.92 127 3.97 87 2.97 47 1.88 7
6.73 206 5.82 166 4.90 126 3.94 86 2.95 46 1.85 6
6.71 205 5.80 165 4.87 125 3.92 85 2.92 45 1.82 5
6.68 204 5.78 164 4.85 124 3.89 84 2.89 44 1.79 4
6.66 203 5.75 163 4.83 123 3.87 83 2.87 43 1.75 3
6.64 202 5.73 162 4.80 122 3.84 82 2.84 42 1.72 2
6.62 201 5.71 161 4.78 121 3.82 81 2.82 41 1.69 1
