79.41 1500
79.37 1499
79.32 1498
79.28 1497
79.23 1496
79.19 1495
79.14 1494
79.09 1493
79.05 1492
79.00 1491
78.96 1490
78.91 1489
78.87 1488
78.82 1487
78.77 1486
78.73 1485
78.68 1484
78.64 1483
78.59 1482
78.55 1481
78.50 1480
78.45 1479
78.41 1478
78.36 1477
78.32 1476
78.27 1475
78.22 1474
78.18 1473
78.13 1472
78.09 1471
78.04 1470
78.00 1469
77.95 1468
77.90 1467
77.86 1466
77.81 1465
77.77 1464
77.72 1463
77.68 1462
77.63 1461
77.58 1460
77.54 1459
77.49 1458
77.45 1457
77.40 1456
77.35 1455
77.31 1454
77.26 1453
77.22 1452
77.17 1451

77.13 1450
77.08 1449
77.03 1448
76.99 1447
76.94 1446
76.90 1445
76.85 1444
76.80 1443
76.76 1442
76.71 1441
76.67 1440
76.62 1439
76.57 1438
76.53 1437
76.48 1436
76.44 1435
76.39 1434
76.35 1433
76.30 1432
76.25 1431
76.21 1430
76.16 1429
76.12 1428
76.07 1427
76.02 1426
75.98 1425
75.93 1424
75.89 1423
75.84 1422
75.79 1421
75.75 1420
75.70 1419
75.66 1418
75.61 1417
75.56 1416
75.52 1415
75.47 1414
75.43 1413
75.38 1412
75.34 1411
75.29 1410
75.24 1409
75.20 1408
75.15 1407
75.11 1406
75.06 1405
75.01 1404
74.97 1403
74.92 1402
74.88 1401

74.83 1400
74.78 1399
74.74 1398
74.69 1397
74.65 1396
74.60 1395
74.55 1394
74.51 1393
74.46 1392
74.42 1391
74.37 1390
74.32 1389
74.28 1388
74.23 1387
74.19 1386
74.14 1385
74.09 1384
74.05 1383
74.00 1382
73.96 1381
73.91 1380
73.86 1379
73.82 1378
73.77 1377
73.72 1376
73.68 1375
73.63 1374
73.59 1373
73.54 1372
73.49 1371
73.45 1370
73.40 1369
73.36 1368
73.31 1367
73.26 1366
73.22 1365
73.17 1364
73.13 1363
73.08 1362
73.03 1361
72.99 1360
72.94 1359
72.90 1358
72.85 1357
72.80 1356
72.76 1355
72.71 1354
72.66 1353
72.62 1352
72.57 1351

72.53 1350
72.48 1349
72.43 1348
72.39 1347
72.34 1346
72.30 1345
72.25 1344
72.20 1343
72.16 1342
72.11 1341
72.06 1340
72.02 1339
71.97 1338
71.93 1337
71.88 1336
71.83 1335
71.79 1334
71.74 1333
71.70 1332
71.65 1331
71.60 1330
71.56 1329
71.51 1328
71.46 1327
71.42 1326
71.37 1325
71.33 1324
71.28 1323
71.23 1322
71.19 1321
71.14 1320
71.09 1319
71.05 1318
71.00 1317
70.96 1316
70.91 1315
70.86 1314
70.82 1313
70.77 1312
70.72 1311
70.68 1310
70.63 1309
70.59 1308
70.54 1307
70.49 1306
70.45 1305
70.40 1304
70.35 1303
70.31 1302
70.26 1301

70.22 1300
70.17 1299
70.12 1298
70.08 1297
70.03 1296
69.98 1295
69.94 1294
69.89 1293
69.84 1292
69.80 1291
69.75 1290
69.71 1289
69.66 1288
69.61 1287
69.57 1286
69.52 1285
69.47 1284
69.43 1283
69.38 1282
69.33 1281
69.29 1280
69.24 1279
69.20 1278
69.15 1277
69.10 1276
69.06 1275
69.01 1274
68.96 1273
68.92 1272
68.87 1271
68.82 1270
68.78 1269
68.73 1268
68.69 1267
68.64 1266
68.59 1265
68.55 1264
68.50 1263
68.45 1262
68.41 1261
68.36 1260
68.31 1259
68.27 1258
68.22 1257
68.17 1256
68.13 1255
68.08 1254
68.04 1253
67.99 1252
67.94 1251
67.90 1250
67.85 1249
67.80 1248
67.76 1247
67.71 1246
67.66 1245
67.62 1244
67.57 1243
67.52 1242
67.48 1241
67.43 1240
67.38 1239
67.34 1238
67.29 1237
67.25 1236
67.20 1235
67.15 1234
67.11 1233
67.06 1232
67.01 1231
66.97 1230
66.92 1229
66.87 1228
66.83 1227
66.78 1226
66.73 1225
66.69 1224
66.64 1223
66.59 1222
66.55 1221
66.50 1220
66.45 1219
66.41 1218
66.36 1217
66.31 1216
66.27 1215
66.22 1214
66.17 1213
66.13 1212
66.08 1211
66.03 1210
65.99 1209
65.94 1208
65.89 1207
65.85 1206
65.80 1205
65.75 1204
65.71 1203
65.66 1202
65.62 1201

65.57 1200
65.52 1199
65.48 1198
65.43 1197
65.38 1196
65.34 1195
65.29 1194
65.24 1193
65.20 1192
65.15 1191
65.10 1190
65.06 1189
65.01 1188
64.96 1187
64.92 1186
64.87 1185
64.82 1184
64.78 1183
64.73 1182
64.68 1181
64.63 1180
64.59 1179
64.54 1178
64.49 1177
64.45 1176
64.40 1175
64.35 1174
64.31 1173
64.26 1172
64.21 1171
64.17 1170
64.12 1169
64.07 1168
64.03 1167
63.98 1166
63.93 1165
63.89 1164
63.84 1163
63.79 1162
63.75 1161
63.70 1160
63.65 1159
63.61 1158
63.56 1157
63.51 1156
63.47 1155
63.42 1154
63.37 1153
63.33 1152
63.28 1151

63.23 1150
63.19 1149
63.14 1148
63.09 1147
63.04 1146
63.00 1145
62.95 1144
62.90 1143
62.86 1142
62.81 1141
62.76 1140
62.72 1139
62.67 1138
62.62 1137
62.58 1136
62.53 1135
62.48 1134
62.44 1133
62.39 1132
62.34 1131
62.29 1130
62.25 1129
62.20 1128
62.15 1127
62.11 1126
62.06 1125
62.01 1124
61.97 1123
61.92 1122
61.87 1121
61.83 1120
61.78 1119
61.73 1118
61.68 1117
61.64 1116
61.59 1115
61.54 1114
61.50 1113
61.45 1112
61.40 1111
61.36 1110
61.31 1109
61.26 1108
61.22 1107
61.17 1106
61.12 1105
61.07 1104
61.03 1103
60.98 1102
60.93 1101

60.89 1100
60.84 1099
60.79 1098
60.75 1097
60.70 1096
60.65 1095
60.60 1094
60.56 1093
60.51 1092
60.46 1091
60.42 1090
60.37 1089
60.32 1088
60.27 1087
60.23 1086
60.18 1085
60.13 1084
60.09 1083
60.04 1082
59.99 1081
59.95 1080
59.90 1079
59.85 1078
59.80 1077
59.76 1076
59.71 1075
59.66 1074
59.62 1073
59.57 1072
59.52 1071
59.47 1070
59.43 1069
59.38 1068
59.33 1067
59.29 1066
59.24 1065
59.19 1064
59.14 1063
59.10 1062
59.05 1061
59.00 1060
58.96 1059
58.91 1058
58.86 1057
58.81 1056
58.77 1055
58.72 1054
58.67 1053
58.63 1052
58.58 1051

58.53 1050
58.48 1049
58.44 1048
58.39 1047
58.34 1046
58.29 1045
58.25 1044
58.20 1043
58.15 1042
58.11 1041
58.06 1040
58.01 1039
57.96 1038
57.92 1037
57.87 1036
57.82 1035
57.78 1034
57.73 1033
57.68 1032
57.63 1031
57.59 1030
57.54 1029
57.49 1028
57.44 1027
57.40 1026
57.35 1025
57.30 1024
57.25 1023
57.21 1022
57.16 1021
57.11 1020
57.07 1019
57.02 1018
56.97 1017
56.92 1016
56.88 1015
56.83 1014
56.78 1013
56.73 1012
56.69 1011
56.64 1010
56.59 1009
56.54 1008
56.50 1007
56.45 1006
56.40 1005
56.35 1004
56.31 1003
56.26 1002
56.21 1001
56.17 1000
56.12 999
56.07 998
56.02 997
55.98 996
55.93 995
55.88 994
55.83 993
55.79 992
55.74 991
55.69 990
55.64 989
55.60 988
55.55 987
55.50 986
55.45 985
55.41 984
55.36 983
55.31 982
55.26 981
55.22 980
55.17 979
55.12 978
55.07 977
55.03 976
54.98 975
54.93 974
54.88 973
54.84 972
54.79 971
54.74 970
54.69 969
54.65 968
54.60 967
54.55 966
54.50 965
54.46 964
54.41 963
54.36 962
54.31 961
54.27 960
54.22 959
54.17 958
54.12 957
54.07 956
54.03 955
53.98 954
53.93 953
53.88 952
53.84 951

53.79 950
53.74 949
53.69 948
53.65 947
53.60 946
53.55 945
53.50 944
53.46 943
53.41 942
53.36 941
53.31 940
53.26 939
53.22 938
53.17 937
53.12 936
53.07 935
53.03 934
52.98 933
52.93 932
52.88 931
52.84 930
52.79 929
52.74 928
52.69 927
52.64 926
52.60 925
52.55 924
52.50 923
52.45 922
52.41 921
52.36 920
52.31 919
52.26 918
52.21 917
52.17 916
52.12 915
52.07 914
52.02 913
51.98 912
51.93 911
51.88 910
51.83 909
51.78 908
51.74 907
51.69 906
51.64 905
51.59 904
51.54 903
51.50 902
51.45 901

51.40 900
51.35 899
51.31 898
51.26 897
51.21 896
51.16 895
51.11 894
51.07 893
51.02 892
50.97 891
50.92 890
50.87 889
50.83 888
50.78 887
50.73 886
50.68 885
50.63 884
50.59 883
50.54 882
50.49 881
50.44 880
50.39 879
50.35 878
50.30 877
50.25 876
50.20 875
50.15 874
50.11 873
50.06 872
50.01 871
49.96 870
49.91 869
49.87 868
49.82 867
49.77 866
49.72 865
49.67 864
49.63 863
49.58 862
49.53 861
49.48 860
49.43 859
49.39 858
49.34 857
49.29 856
49.24 855
49.19 854
49.15 853
49.10 852
49.05 851

49.00 850
48.95 849
48.90 848
48.86 847
48.81 846
48.76 845
48.71 844
48.66 843
48.62 842
48.57 841
48.52 840
48.47 839
48.42 838
48.38 837
48.33 836
48.28 835
48.23 834
48.18 833
48.13 832
48.09 831
48.04 830
47.99 829
47.94 828
47.89 827
47.84 826
47.80 825
47.75 824
47.70 823
47.65 822
47.60 821
47.56 820
47.51 819
47.46 818
47.41 817
47.36 816
47.31 815
47.27 814
47.22 813
47.17 812
47.12 811
47.07 810
47.02 809
46.98 808
46.93 807
46.88 806
46.83 805
46.78 804
46.73 803
46.69 802
46.64 801

46.59 800
46.54 799
46.49 798
46.44 797
46.39 796
46.35 795
46.30 794
46.25 793
46.20 792
46.15 791
46.10 790
46.06 789
46.01 788
45.96 787
45.91 786
45.86 785
45.81 784
45.76 783
45.72 782
45.67 781
45.62 780
45.57 779
45.52 778
45.47 777
45.43 776
45.38 775
45.33 774
45.28 773
45.23 772
45.18 771
45.13 770
45.09 769
45.04 768
44.99 767
44.94 766
44.89 765
44.84 764
44.79 763
44.75 762
44.70 761
44.65 760
44.60 759
44.55 758
44.50 757
44.45 756
44.41 755
44.36 754
44.31 753
44.26 752
44.21 751
44.16 750
44.11 749
44.06 748
44.02 747
43.97 746
43.92 745
43.87 744
43.82 743
43.77 742
43.72 741
43.67 740
43.63 739
43.58 738
43.53 737
43.48 736
43.43 735
43.38 734
43.33 733
43.28 732
43.24 731
43.19 730
43.14 729
43.09 728
43.04 727
42.99 726
42.94 725
42.89 724
42.85 723
42.80 722
42.75 721
42.70 720
42.65 719
42.60 718
42.55 717
42.50 716
42.45 715
42.41 714
42.36 713
42.31 712
42.26 711
42.21 710
42.16 709
42.11 708
42.06 707
42.01 706
41.97 705
41.92 704
41.87 703
41.82 702
41.77 701

41.72 700
41.67 699
41.62 698
41.57 697
41.52 696
41.48 695
41.43 694
41.38 693
41.33 692
41.28 691
41.23 690
41.18 689
41.13 688
41.08 687
41.03 686
40.99 685
40.94 684
40.89 683
40.84 682
40.79 681
40.74 680
40.69 679
40.64 678
40.59 677
40.54 676
40.49 675
40.44 674
40.40 673
40.35 672
40.30 671
40.25 670
40.20 669
40.15 668
40.10 667
40.05 666
40.00 665
39.95 664
39.90 663
39.85 662
39.81 661
39.76 660
39.71 659
39.66 658
39.61 657
39.56 656
39.51 655
39.46 654
39.41 653
39.36 652
39.31 651

39.26 650
39.21 649
39.16 648
39.12 647
39.07 646
39.02 645
38.97 644
38.92 643
38.87 642
38.82 641
38.77 640
38.72 639
38.67 638
38.62 637
38.57 636
38.52 635
38.47 634
38.42 633
38.37 632
38.33 631
38.28 630
38.23 629
38.18 628
38.13 627
38.08 626
38.03 625
37.98 624
37.93 623
37.88 622
37.83 621
37.78 620
37.73 619
37.68 618
37.63 617
37.58 616
37.53 615
37.48 614
37.43 613
37.38 612
37.33 611
37.29 610
37.24 609
37.19 608
37.14 607
37.09 606
37.04 605
36.99 604
36.94 603
36.89 602
36.84 601

36.79 600
36.74 599
36.69 598
36.64 597
36.59 596
36.54 595
36.49 594
36.44 593
36.39 592
36.34 591
36.29 590
36.24 589
36.19 588
36.14 587
36.09 586
36.04 585
35.99 584
35.94 583
35.89 582
35.84 581
35.79 580
35.74 579
35.69 578
35.64 577
35.59 576
35.54 575
35.49 574
35.44 573
35.39 572
35.35 571
35.30 570
35.25 569
35.20 568
35.15 567
35.10 566
35.05 565
35.00 564
34.95 563
34.90 562
34.85 561
34.80 560
34.75 559
34.70 558
34.65 557
34.60 556
34.55 555
34.50 554
34.45 553
34.40 552
34.35 551

34.30 550
34.25 549
34.20 548
34.15 547
34.10 546
34.05 545
33.99 544
33.94 543
33.89 542
33.84 541
33.79 540
33.74 539
33.69 538
33.64 537
33.59 536
33.54 535
33.49 534
33.44 533
33.39 532
33.34 531
33.29 530
33.24 529
33.19 528
33.14 527
33.09 526
33.04 525
32.99 524
32.94 523
32.89 522
32.84 521
32.79 520
32.74 519
32.69 518
32.64 517
32.59 516
32.54 515
32.49 514
32.44 513
32.39 512
32.34 511
32.29 510
32.24 509
32.19 508
32.13 507
32.08 506
32.03 505
31.98 504
31.93 503
31.88 502
31.83 501
31.78 500
31.73 499
31.68 498
31.63 497
31.58 496
31.53 495
31.48 494
31.43 493
31.38 492
31.33 491
31.28 490
31.23 489
31.17 488
31.12 487
31.07 486
31.02 485
30.97 484
30.92 483
30.87 482
30.82 481
30.77 480
30.72 479
30.67 478
30.62 477
30.57 476
30.52 475
30.47 474
30.41 473
30.36 472
30.31 471
30.26 470
30.21 469
30.16 468
30.11 467
30.06 466
30.01 465
29.96 464
29.91 463
29.86 462
29.80 461
29.75 460
29.70 459
29.65 458
29.60 457
29.55 456
29.50 455
29.45 454
29.40 453
29.35 452
29.30 451

29.24 450
29.19 449
29.14 448
29.09 447
29.04 446
28.99 445
28.94 444
28.89 443
28.84 442
28.79 441
28.73 440
28.68 439
28.63 438
28.58 437
28.53 436
28.48 435
28.43 434
28.38 433
28.32 432
28.27 431
28.22 430
28.17 429
28.12 428
28.07 427
28.02 426
27.97 425
27.92 424
27.86 423
27.81 422
27.76 421
27.71 420
27.66 419
27.61 418
27.56 417
27.50 416
27.45 415
27.40 414
27.35 413
27.30 412
27.25 411
27.20 410
27.14 409
27.09 408
27.04 407
26.99 406
26.94 405
26.89 404
26.84 403
26.78 402
26.73 401

26.68 400
26.63 399
26.58 398
26.53 397
26.48 396
26.42 395
26.37 394
26.32 393
26.27 392
26.22 391
26.17 390
26.11 389
26.06 388
26.01 387
25.96 386
25.91 385
25.86 384
25.80 383
25.75 382
25.70 381
25.65 380
25.60 379
25.54 378
25.49 377
25.44 376
25.39 375
25.34 374
25.29 373
25.23 372
25.18 371
25.13 370
25.08 369
25.03 368
24.97 367
24.92 366
24.87 365
24.82 364
24.77 363
24.71 362
24.66 361
24.61 360
24.56 359
24.51 358
24.45 357
24.40 356
24.35 355
24.30 354
24.25 353
24.19 352
24.14 351

24.09 350
24.04 349
23.98 348
23.93 347
23.88 346
23.83 345
23.78 344
23.72 343
23.67 342
23.62 341
23.57 340
23.51 339
23.46 338
23.41 337
23.36 336
23.31 335
23.25 334
23.20 333
23.15 332
23.10 331
23.04 330
22.99 329
22.94 328
22.89 327
22.83 326
22.78 325
22.73 324
22.68 323
22.62 322
22.57 321
22.52 320
22.47 319
22.41 318
22.36 317
22.31 316
22.25 315
22.20 314
22.15 313
22.10 312
22.04 311
21.99 310
21.94 309
21.89 308
21.83 307
21.78 306
21.73 305
21.67 304
21.62 303
21.57 302
21.52 301

21.46 300
21.41 299
21.36 298
21.30 297
21.25 296
21.20 295
21.15 294
21.09 293
21.04 292
20.99 291
20.93 290
20.88 289
20.83 288
20.77 287
20.72 286
20.67 285
20.61 284
20.56 283
20.51 282
20.45 281
20.40 280
20.35 279
20.30 278
20.24 277
20.19 276
20.14 275
20.08 274
20.03 273
19.98 272
19.92 271
19.87 270
19.82 269
19.76 268
19.71 267
19.65 266
19.60 265
19.55 264
19.49 263
19.44 262
19.39 261
19.33 260
19.28 259
19.23 258
19.17 257
19.12 256
19.07 255
19.01 254
18.96 253
18.90 252
18.85 251
18.80 250
18.74 249
18.69 248
18.64 247
18.58 246
18.53 245
18.47 244
18.42 243
18.37 242
18.31 241
18.26 240
18.20 239
18.15 238
18.10 237
18.04 236
17.99 235
17.93 234
17.88 233
17.83 232
17.77 231
17.72 230
17.66 229
17.61 228
17.55 227
17.50 226
17.45 225
17.39 224
17.34 223
17.28 222
17.23 221
17.17 220
17.12 219
17.06 218
17.01 217
16.96 216
16.90 215
16.85 214
16.79 213
16.74 212
16.68 211
16.63 210
16.57 209
16.52 208
16.46 207
16.41 206
16.35 205
16.30 204
16.25 203
16.19 202
16.14 201

16.08 200
16.03 199
15.97 198
15.92 197
15.86 196
15.81 195
15.75 194
15.70 193
15.64 192
15.59 191
15.53 190
15.48 189
15.42 188
15.36 187
15.31 186
15.25 185
15.20 184
15.14 183
15.09 182
15.03 181
14.98 180
14.92 179
14.87 178
14.81 177
14.76 176
14.70 175
14.64 174
14.59 173
14.53 172
14.48 171
14.42 170
14.37 169
14.31 168
14.25 167
14.20 166
14.14 165
14.09 164
14.03 163
13.98 162
13.92 161
13.86 160
13.81 159
13.75 158
13.70 157
13.64 156
13.58 155
13.53 154
13.47 153
13.41 152
13.36 151

13.30 150
13.25 149
13.19 148
13.13 147
13.08 146
13.02 145
12.96 144
12.91 143
12.85 142
12.79 141
12.74 140
12.68 139
12.62 138
12.57 137
12.51 136
12.45 135
12.40 134
12.34 133
12.28 132
12.22 131
12.17 130
12.11 129
12.05 128
12.00 127
11.94 126
11.88 125
11.82 124
11.77 123
11.71 122
11.65 121
11.59 120
11.54 119
11.48 118
11.42 117
11.36 116
11.31 115
11.25 114
11.19 113
11.13 112
11.08 111
11.02 110
10.96 109
10.90 108
10.84 107
10.79 106
10.73 105
10.67 104
10.61 103
10.55 102
10.49 101

10.44 100
10.38 99
10.32 98
10.26 97
10.20 96
10.14 95
10.08 94
10.03 93
9.97 92
9.91 91
9.85 90
9.79 89
9.73 88
9.67 87
9.61 86
9.55 85
9.49 84
9.43 83
9.37 82
9.31 81
9.25 80
9.20 79
9.14 78
9.08 77
9.02 76
8.96 75
8.90 74
8.84 73
8.78 72
8.72 71
8.65 70
8.59 69
8.53 68
8.47 67
8.41 66
8.35 65
8.29 64
8.23 63
8.17 62
8.11 61
8.05 60
7.99 59
7.92 58
7.86 57
7.80 56
7.74 55
7.68 54
7.62 53
7.55 52
7.49 51

7.43 50
7.37 49
7.30 48
7.24 47
7.18 46
7.12 45
7.05 44
6.99 43
6.93 42
6.86 41
6.80 40
6.74 39
6.67 38
6.61 37
6.55 36
6.48 35
6.42 34
6.35 33
6.29 32
6.22 31
6.16 30
6.09 29
6.03 28
5.96 27
5.89 26
5.83 25
5.76 24
5.70 23
5.63 22
5.56 21
5.49 20
5.43 19
5.36 18
5.29 17
5.22 16
5.15 15
5.08 14
5.01 13
4.94 12
4.87 11
4.80 10
4.73 9
4.65 8
4.58 7
4.50 6
4.43 5
4.35 4
4.27 3
4.19 2
4.10 1
