7.61 1520 6.91 1257 6.21 1014 5.51 783 4.81 573 4.11 381
7.60 1516 6.90 1254 6.20 1010 5.50 780 4.80 570 4.10 379
7.59 1509 6.89 1251 6.19 1004 5.49 777 4.79 565 4.09 376
7.58 1505 6.88 1247 6.18 1001 5.48 774 4.78 562 4.08 374
7.57 1501 6.87 1244 6.17 997 5.47 771 4.77 559 4.07 371
7.56 1498 6.86 1240 6.16 994 5.46 768 4.76 557 4.06 369
7.55 1494 6.85 1237 6.15 991 5.45 765 4.75 554 4.05 367
7.54 1491 6.84 1233 6.14 988 5.44 762 4.74 551 4.04 364
7.53 1487 6.83 1230 6.13 985 5.43 759 4.73 548 4.03 362
7.52 1483 6.82 1227 6.12 981 5.42 756 4.72 546 4.02 359
7.51 1480 6.81 1223 6.11 978 5.41 753 4.71 543 4.01 357
7.50 1476 6.80 1220 6.10 975 5.40 750 4.70 540 4.00 355
7.49 1473 6.79 1213 6.09 972 5.39 744 4.69 538 3.99 350
7.48 1469 6.78 1210 6.08 969 5.38 741 4.68 535 3.98 347
7.47 1465 6.77 1206 6.07 965 5.37 738 4.67 532 3.97 345
7.46 1462 6.76 1203 6.06 962 5.36 735 4.66 530 3.96 343
7.45 1458 6.75 1199 6.05 959 5.35 732 4.65 527 3.95 340
7.44 1455 6.74 1196 6.04 956 5.34 729 4.64 524 3.94 338
7.43 1451 6.73 1193 6.03 953 5.33 726 4.63 522 3.93 336
7.42 1447 6.72 1189 6.02 949 5.32 723 4.62 519 3.92 333
7.41 1444 6.71 1186 6.01 946 5.31 720 4.61 516 3.91 331
7.40 1440 6.70 1182 6.00 943 5.30 717 4.60 514 3.90 329
7.39 1433 6.69 1179 5.99 937 5.29 715 4.59 508 3.89 326
7.38 1429 6.68 1176 5.98 934 5.28 712 4.58 506 3.88 324
7.37 1426 6.67 1172 5.97 930 5.27 709 4.57 503 3.87 322
7.36 1422 6.66 1169 5.96 927 5.26 706 4.56 500 3.86 319
7.35 1419 6.65 1165 5.95 924 5.25 703 4.55 498 3.85 317
7.34 1415 6.64 1162 5.94 921 5.24 700 4.54 495 3.84 315
7.33 1412 6.63 1159 5.93 918 5.23 697 4.53 492 3.83 312
7.32 1408 6.62 1155 5.92 915 5.22 694 4.52 490 3.82 310
7.31 1404 6.61 1152 5.91 912 5.21 691 4.51 487 3.81 308
7.30 1401 6.60 1149 5.90 908 5.20 688 4.50 485 3.80 306
7.29 1397 6.59 1142 5.89 905 5.19 683 4.49 482 3.79 301
7.28 1394 6.58 1139 5.88 902 5.18 680 4.48 479 3.78 299
7.27 1390 6.57 1135 5.87 899 5.17 677 4.47 477 3.77 296
7.26 1387 6.56 1132 5.86 896 5.16 674 4.46 474 3.76 294
7.25 1383 6.55 1129 5.85 893 5.15 671 4.45 472 3.75 292
7.24 1380 6.54 1125 5.84 890 5.14 668 4.44 469 3.74 290
7.23 1376 6.53 1122 5.83 887 5.13 665 4.43 466 3.73 287
7.22 1373 6.52 1119 5.82 883 5.12 663 4.42 464 3.72 285
7.21 1369 6.51 1115 5.81 880 5.11 660 4.41 461 3.71 283
7.20 1366 6.50 1112 5.80 877 5.10 657 4.40 459 3.70 281
7.19 1358 6.49 1109 5.79 871 5.09 654 4.39 454 3.69 279
7.18 1355 6.48 1105 5.78 868 5.08 651 4.38 451 3.68 276
7.17 1351 6.47 1102 5.77 865 5.07 648 4.37 448 3.67 274
7.16 1348 6.46 1099 5.76 862 5.06 645 4.36 446 3.66 272
7.15 1344 6.45 1095 5.75 859 5.05 643 4.35 443 3.65 270
7.14 1341 6.44 1092 5.74 856 5.04 640 4.34 441 3.64 267
7.13 1337 6.43 1089 5.73 853 5.03 637 4.33 438 3.63 265
7.12 1334 6.42 1085 5.72 850 5.02 634 4.32 436 3.62 263
7.11 1330 6.41 1082 5.71 846 5.01 631 4.31 433 3.61 261
7.10 1327 6.40 1079 5.70 843 5.00 628 4.30 431 3.60 259
7.09 1323 6.39 1072 5.69 840 4.99 623 4.29 428 3.59 254
7.08 1320 6.38 1069 5.68 837 4.98 620 4.28 426 3.58 252
7.07 1316 6.37 1066 5.67 834 4.97 617 4.27 423 3.57 250
7.06 1313 6.36 1062 5.66 831 4.96 614 4.26 421 3.56 248
7.05 1309 6.35 1059 5.65 828 4.95 612 4.25 418 3.55 246
7.04 1306 6.34 1056 5.64 825 4.94 609 4.24 416 3.54 244
7.03 1302 6.33 1053 5.63 822 4.93 606 4.23 413 3.53 242
7.02 1299 6.32 1049 5.62 819 4.92 603 4.22 411 3.52 239
7.01 1296 6.31 1046 5.61 816 4.91 601 4.21 408 3.51 237
7.00 1292 6.30 1043 5.60 813 4.90 598 4.20 406 3.50 235
6.99 1285 6.29 1040 5.59 807 4.89 595 4.19 401 3.49 233
6.98 1282 6.28 1036 5.58 804 4.88 592 4.18 398 3.48 231
6.97 1278 6.27 1033 5.57 801 4.87 589 4.17 396 3.47 229
6.96 1275 6.26 1030 5.56 798 4.86 587 4.16 393 3.46 227
6.95 1271 6.25 1027 5.55 795 4.85 584 4.15 391 3.45 225
6.94 1268 6.24 1023 5.54 792 4.84 581 4.14 388 3.44 223
6.93 1264 6.23 1020 5.53 789 4.83 578 4.13 386 3.43 220
6.92 1261 6.22 1017 5.52 786 4.82 576 4.12 384 3.42 218
3.41 216 3.18 167 2.95 122 2.72 83 2.49 48 2.26 19
3.40 214 3.17 165 2.94 121 2.71 81 2.48 46 2.25 18
3.39 210 3.16 163 2.93 119 2.70 80 2.47 45 2.24 17
3.38 208 3.15 161 2.92 117 2.69 78 2.46 44 2.23 16
3.37 206 3.14 159 2.91 116 2.68 76 2.45 43 2.22 15
3.36 204 3.13 157 2.90 114 2.67 75 2.44 41 2.21 14
3.35 202 3.12 155 2.89 112 2.66 73 2.43 40 2.20 13
3.34 200 3.11 153 2.88 110 2.65 72 2.42 39 2.18 11
3.33 198 3.10 151 2.87 109 2.64 70 2.41 37 2.17 10
3.32 196 3.09 150 2.86 107 2.63 69 2.40 36 2.16 9
3.31 194 3.08 148 2.85 105 2.62 67 2.39 34 2.15 8
3.30 192 3.07 146 2.84 104 2.61 66 2.38 33 2.13 7
3.29 190 3.06 144 2.83 102 2.60 65 2.37 31 2.12 6
3.28 188 3.05 142 2.82 100 2.59 62 2.36 30 2.11 5
3.27 186 3.04 140 2.81 99 2.58 60 2.35 29 2.09 4
3.26 184 3.03 139 2.80 97 2.57 59 2.34 28 2.08 3
3.25 182 3.02 137 2.79 94 2.56 57 2.33 27 2.06 2
3.24 180 3.01 135 2.78 92 2.55 56 2.32 26 2.05 1
3.23 178 3.00 133 2.77 91 2.54 55 2.31 25
3.22 176 2.99 130 2.76 89 2.53 53 2.30 23
3.21 174 2.98 128 2.75 87 2.52 52 2.29 22
3.20 172 2.97 126 2.74 86 2.51 50 2.28 21
3.19 168 2.96 124 2.73 84 2.50 49 2.27 20
