6.79 1520 6.09 1230 5.39 956 4.69 706 3.99 477 3.29 279
6.78 1516 6.08 1223 5.38 953 4.68 703 3.98 474 3.28 276
6.77 1512 6.07 1220 5.37 949 4.67 697 3.97 472 3.27 274
6.76 1509 6.06 1216 5.36 946 4.66 694 3.96 469 3.26 270
6.75 1501 6.05 1213 5.35 943 4.65 691 3.95 466 3.25 267
6.74 1498 6.04 1210 5.34 937 4.64 688 3.94 461 3.24 265
6.73 1494 6.03 1206 5.33 934 4.63 686 3.93 459 3.23 263
6.72 1491 6.02 1199 5.32 930 4.62 683 3.92 456 3.22 261
6.71 1487 6.01 1196 5.31 927 4.61 677 3.91 454 3.21 259
6.70 1480 6.00 1193 5.30 924 4.60 674 3.90 451 3.20 254
6.69 1476 5.99 1189 5.29 918 4.59 671 3.89 448 3.19 252
6.68 1473 5.98 1186 5.28 915 4.58 668 3.88 443 3.18 250
6.67 1469 5.97 1182 5.27 912 4.57 665 3.87 441 3.17 248
6.66 1465 5.96 1176 5.26 908 4.56 660 3.86 438 3.16 246
6.65 1462 5.95 1172 5.25 905 4.55 657 3.85 436 3.15 242
6.64 1455 5.94 1169 5.24 902 4.54 654 3.84 433 3.14 239
6.63 1451 5.93 1165 5.23 896 4.53 651 3.83 431 3.13 237
6.62 1447 5.92 1162 5.22 893 4.52 648 3.82 426 3.12 235
6.61 1444 5.91 1155 5.21 890 4.51 645 3.81 423 3.11 233
6.60 1440 5.90 1152 5.20 887 4.50 640 3.80 421 3.10 231
6.59 1437 5.89 1149 5.19 883 4.49 637 3.79 418 3.09 227
6.58 1429 5.88 1145 5.18 877 4.48 634 3.78 416 3.08 225
6.57 1426 5.87 1142 5.17 874 4.47 631 3.77 411 3.07 223
6.56 1422 5.86 1139 5.16 871 4.46 628 3.76 408 3.06 220
6.55 1419 5.85 1132 5.15 868 4.45 626 3.75 406 3.05 218
6.54 1415 5.84 1129 5.14 865 4.44 620 3.74 403 3.04 214
6.53 1408 5.83 1125 5.13 862 4.43 617 3.73 401 3.03 212
6.52 1404 5.82 1122 5.12 856 4.42 614 3.72 398 3.02 210
6.51 1401 5.81 1119 5.11 853 4.41 612 3.71 393 3.01 208
6.50 1397 5.80 1115 5.10 850 4.40 609 3.70 391 3.00 206
6.49 1394 5.79 1109 5.09 846 4.39 603 3.69 388 2.99 204
6.48 1390 5.78 1105 5.08 843 4.38 601 3.68 386 2.98 200
6.47 1383 5.77 1102 5.07 840 4.37 598 3.67 384 2.97 198
6.46 1380 5.76 1099 5.06 834 4.36 595 3.66 381 2.96 196
6.45 1376 5.75 1095 5.05 831 4.35 592 3.65 376 2.95 194
6.44 1373 5.74 1089 5.04 828 4.34 589 3.64 374 2.94 192
6.43 1369 5.73 1085 5.03 825 4.33 584 3.63 371 2.93 190
6.42 1366 5.72 1082 5.02 822 4.32 581 3.62 369 2.92 186
6.41 1358 5.71 1079 5.01 816 4.31 578 3.61 367 2.91 184
6.40 1355 5.70 1076 5.00 813 4.30 576 3.60 362 2.90 182
6.39 1351 5.69 1072 4.99 810 4.29 573 3.59 359 2.89 180
6.38 1348 5.68 1066 4.98 807 4.28 570 3.58 357 2.88 178
6.37 1344 5.67 1062 4.97 804 4.27 565 3.57 355 2.87 174
6.36 1337 5.66 1059 4.96 801 4.26 562 3.56 352 2.86 172
6.35 1334 5.65 1056 4.95 795 4.25 559 3.55 350 2.85 170
6.34 1330 5.64 1053 4.94 792 4.24 557 3.54 345 2.84 168
6.33 1327 5.63 1046 4.93 789 4.23 554 3.53 343 2.83 167
6.32 1323 5.62 1043 4.92 786 4.22 548 3.52 340 2.82 165
6.31 1320 5.61 1040 4.91 783 4.21 546 3.51 338 2.81 161
6.30 1313 5.60 1036 4.90 780 4.20 543 3.50 336 2.80 159
6.29 1309 5.59 1033 4.89 774 4.19 540 3.49 331 2.79 157
6.28 1306 5.58 1030 4.88 771 4.18 538 3.48 329 2.78 155
6.27 1302 5.57 1023 4.87 768 4.17 535 3.47 326 2.77 153
6.26 1299 5.56 1020 4.86 765 4.16 530 3.46 324 2.76 151
6.25 1296 5.55 1017 4.85 762 4.15 527 3.45 322 2.75 148
6.24 1289 5.54 1014 4.84 756 4.14 524 3.44 319 2.74 146
6.23 1285 5.53 1010 4.83 753 4.13 522 3.43 315 2.73 144
6.22 1282 5.52 1007 4.82 750 4.12 519 3.42 312 2.72 142
6.21 1278 5.51 1001 4.81 747 4.11 514 3.41 310 2.71 140
6.20 1275 5.50 997 4.80 744 4.10 511 3.40 308 2.70 137
6.19 1268 5.49 994 4.79 741 4.09 508 3.39 306 2.69 135
6.18 1264 5.48 991 4.78 735 4.08 506 3.38 303 2.68 133
6.17 1261 5.47 988 4.77 732 4.07 503 3.37 299 2.67 131
6.16 1257 5.46 981 4.76 729 4.06 500 3.36 296 2.66 130
6.15 1254 5.45 978 4.75 726 4.05 495 3.35 294 2.65 128
6.14 1251 5.44 975 4.74 723 4.04 492 3.34 292 2.64 124
6.13 1244 5.43 972 4.73 720 4.03 490 3.33 290 2.63 122
6.12 1240 5.42 969 4.72 715 4.02 487 3.32 285 2.62 121
6.11 1237 5.41 965 4.71 712 4.01 485 3.31 283 2.61 119
6.10 1233 5.40 959 4.70 709 4.00 482 3.30 281 2.60 117
2.59 114 2.46 89 2.33 66 2.20 45 2.07 26 1.93 10
2.58 112 2.45 87 2.32 65 2.19 43 2.06 25 1.92 9
2.57 110 2.44 86 2.31 63 2.18 41 2.05 23 1.90 7
2.56 109 2.43 84 2.30 60 2.17 40 2.04 22 1.89 6
2.55 107 2.42 81 2.29 59 2.16 39 2.03 21 1.88 5
2.54 105 2.41 80 2.28 57 2.15 37 2.02 19 1.86 4
2.53 102 2.40 78 2.27 56 2.14 36 2.01 18 1.84 2
2.52 100 2.39 76 2.26 55 2.13 34 2.00 17 1.83 1
2.51 99 2.38 75 2.25 52 2.12 33 1.99 16
2.50 97 2.37 73 2.24 50 2.11 31 1.98 15
2.49 95 2.36 70 2.23 49 2.10 30 1.97 13
2.48 94 2.35 69 2.22 48 2.09 29 1.96 12
2.47 91 2.34 67 2.21 46 2.08 27 1.94 11
