6.38 1520 5.68 1213 4.98 924 4.28 660 3.58 423 2.88 223
6.37 1516 5.67 1206 4.97 921 4.27 657 3.57 421 2.87 218
6.36 1512 5.66 1203 4.96 915 4.26 654 3.56 418 2.86 216
6.35 1509 5.65 1199 4.95 912 4.25 648 3.55 416 2.85 214
6.34 1501 5.64 1196 4.94 908 4.24 645 3.54 411 2.84 212
6.33 1498 5.63 1189 4.93 905 4.23 643 3.53 408 2.83 208
6.32 1494 5.62 1186 4.92 899 4.22 640 3.52 406 2.82 206
6.31 1491 5.61 1182 4.91 896 4.21 634 3.51 403 2.81 204
6.30 1483 5.60 1179 4.90 893 4.20 631 3.50 398 2.80 202
6.29 1480 5.59 1172 4.89 890 4.19 628 3.49 396 2.79 198
6.28 1476 5.58 1169 4.88 883 4.18 626 3.48 393 2.78 196
6.27 1473 5.57 1165 4.87 880 4.17 620 3.47 391 2.77 194
6.26 1465 5.56 1162 4.86 877 4.16 617 3.46 386 2.76 192
6.25 1462 5.55 1155 4.85 874 4.15 614 3.45 384 2.75 188
6.24 1458 5.54 1152 4.84 868 4.14 612 3.44 381 2.74 186
6.23 1455 5.53 1149 4.83 865 4.13 606 3.43 379 2.73 184
6.22 1447 5.52 1145 4.82 862 4.12 603 3.42 374 2.72 182
6.21 1444 5.51 1139 4.81 859 4.11 601 3.41 371 2.71 178
6.20 1440 5.50 1135 4.80 853 4.10 598 3.40 369 2.70 176
6.19 1437 5.49 1132 4.79 850 4.09 592 3.39 367 2.69 174
6.18 1429 5.48 1129 4.78 846 4.08 589 3.38 362 2.68 172
6.17 1426 5.47 1122 4.77 843 4.07 587 3.37 359 2.67 168
6.16 1422 5.46 1119 4.76 837 4.06 584 3.36 357 2.66 167
6.15 1419 5.45 1115 4.75 834 4.05 578 3.35 355 2.65 165
6.14 1412 5.44 1112 4.74 831 4.04 576 3.34 350 2.64 163
6.13 1408 5.43 1105 4.73 828 4.03 573 3.33 347 2.63 159
6.12 1404 5.42 1102 4.72 822 4.02 570 3.32 345 2.62 157
6.11 1401 5.41 1099 4.71 819 4.01 565 3.31 343 2.61 155
6.10 1394 5.40 1095 4.70 816 4.00 562 3.30 338 2.60 151
6.09 1390 5.39 1089 4.69 813 3.99 559 3.29 336 2.59 150
6.08 1387 5.38 1085 4.68 807 3.98 557 3.28 333 2.58 148
6.07 1383 5.37 1082 4.67 804 3.97 551 3.27 329 2.57 146
6.06 1376 5.36 1079 4.66 801 3.96 548 3.26 326 2.56 142
6.05 1373 5.35 1072 4.65 798 3.95 546 3.25 324 2.55 140
6.04 1369 5.34 1069 4.64 792 3.94 540 3.24 322 2.54 139
6.03 1366 5.33 1066 4.63 789 3.93 538 3.23 317 2.53 137
6.02 1358 5.32 1062 4.62 786 3.92 535 3.22 315 2.52 133
6.01 1355 5.31 1056 4.61 783 3.91 532 3.21 312 2.51 131
6.00 1351 5.30 1053 4.60 777 3.90 527 3.20 310 2.50 130
5.99 1348 5.29 1049 4.59 774 3.89 524 3.19 306 2.49 128
5.98 1341 5.28 1046 4.58 771 3.88 522 3.18 303 2.48 124
5.97 1337 5.27 1040 4.57 765 3.87 519 3.17 301 2.47 122
5.96 1334 5.26 1036 4.56 762 3.86 514 3.16 299 2.46 121
5.95 1330 5.25 1033 4.55 759 3.85 511 3.15 294 2.45 119
5.94 1323 5.24 1027 4.54 756 3.84 508 3.14 292 2.44 116
5.93 1320 5.23 1023 4.53 750 3.83 506 3.13 290 2.43 114
5.92 1316 5.22 1020 4.52 747 3.82 500 3.12 287 2.42 112
5.91 1309 5.21 1017 4.51 744 3.81 498 3.11 283 2.41 110
5.90 1306 5.20 1010 4.50 741 3.80 495 3.10 281 2.40 107
5.89 1302 5.19 1007 4.49 735 3.79 492 3.09 279 2.39 105
5.88 1299 5.18 1004 4.48 732 3.78 487 3.08 276 2.38 104
5.87 1292 5.17 1001 4.47 729 3.77 485 3.07 272 2.37 102
5.86 1289 5.16 994 4.46 726 3.76 482 3.06 270 2.36 99
5.85 1285 5.15 991 4.45 720 3.75 479 3.05 267 2.35 97
5.84 1282 5.14 988 4.44 717 3.74 474 3.04 265 2.34 95
5.83 1275 5.13 985 4.43 715 3.73 472 3.03 261 2.33 94
5.82 1271 5.12 978 4.42 712 3.72 469 3.02 259 2.32 91
5.81 1268 5.11 975 4.41 706 3.71 466 3.01 257 2.31 89
5.80 1264 5.10 972 4.40 703 3.70 461 3.00 254 2.30 87
5.79 1257 5.09 969 4.39 700 3.69 459 2.99 250 2.29 86
5.78 1254 5.08 962 4.38 697 3.68 456 2.98 248 2.28 83
5.77 1251 5.07 959 4.37 691 3.67 454 2.97 246 2.27 81
5.76 1247 5.06 956 4.36 688 3.66 448 2.96 244 2.26 80
5.75 1240 5.05 953 4.35 686 3.65 446 2.95 239 2.25 78
5.74 1237 5.04 946 4.34 683 3.64 443 2.94 237 2.24 75
5.73 1233 5.03 943 4.33 677 3.63 441 2.93 235 2.23 73
5.72 1230 5.02 940 4.32 674 3.62 436 2.92 233 2.22 72
5.71 1223 5.01 937 4.31 671 3.61 433 2.91 229 2.21 70
5.70 1220 5.00 930 4.30 668 3.60 431 2.90 227 2.20 67
5.69 1216 4.99 927 4.29 663 3.59 428 2.89 225 2.19 66
2.18 65 2.10 50 2.02 37 1.94 26 1.86 15 1.75 4
2.17 63 2.09 49 2.01 36 1.93 23 1.85 13 1.74 3
2.16 60 2.08 46 2.00 34 1.92 22 1.84 12 1.73 2
2.15 59 2.07 45 1.99 33 1.91 21 1.82 11 1.72 1
2.14 57 2.06 44 1.98 31 1.90 20 1.81 9
2.13 56 2.05 43 1.97 29 1.89 18 1.80 8
2.12 53 2.04 40 1.96 28 1.88 17 1.78 7
2.11 52 2.03 39 1.95 27 1.87 16 1.77 5
