5.96 1516 5.26 1189 4.56 883 3.86 606 3.16 362 2.46 159
5.95 1512 5.25 1182 4.55 877 3.85 603 3.15 359 2.45 157
5.94 1509 5.24 1179 4.54 874 3.84 598 3.14 355 2.44 155
5.93 1501 5.23 1176 4.53 871 3.83 595 3.13 352 2.43 151
5.92 1498 5.22 1169 4.52 865 3.82 592 3.12 350 2.42 150
5.91 1494 5.21 1165 4.51 862 3.81 587 3.11 345 2.41 148
5.90 1487 5.20 1162 4.50 859 3.80 584 3.10 343 2.40 144
5.89 1483 5.19 1155 4.49 853 3.79 581 3.09 340 2.39 142
5.88 1480 5.18 1152 4.48 850 3.78 576 3.08 336 2.38 140
5.87 1473 5.17 1149 4.47 846 3.77 573 3.07 333 2.37 137
5.86 1469 5.16 1142 4.46 840 3.76 570 3.06 331 2.36 135
5.85 1465 5.15 1139 4.45 837 3.75 565 3.05 326 2.35 133
5.84 1458 5.14 1135 4.44 834 3.74 562 3.04 324 2.34 130
5.83 1455 5.13 1129 4.43 828 3.73 559 3.03 322 2.33 128
5.82 1451 5.12 1125 4.42 825 3.72 554 3.02 317 2.32 124
5.81 1444 5.11 1119 4.41 822 3.71 551 3.01 315 2.31 122
5.80 1440 5.10 1115 4.40 816 3.70 546 3.00 312 2.30 121
5.79 1437 5.09 1112 4.39 813 3.69 543 2.99 308 2.29 117
5.78 1429 5.08 1105 4.38 810 3.68 540 2.98 306 2.28 116
5.77 1426 5.07 1102 4.37 804 3.67 535 2.97 303 2.27 114
5.76 1422 5.06 1099 4.36 801 3.66 532 2.96 299 2.26 110
5.75 1415 5.05 1092 4.35 798 3.65 530 2.95 296 2.25 109
5.74 1412 5.04 1089 4.34 792 3.64 524 2.94 294 2.24 107
5.73 1408 5.03 1085 4.33 789 3.63 522 2.93 290 2.23 104
5.72 1401 5.02 1079 4.32 786 3.62 519 2.92 287 2.22 102
5.71 1397 5.01 1076 4.31 780 3.61 514 2.91 285 2.21 100
5.70 1394 5.00 1072 4.30 777 3.60 511 2.90 281 2.20 97
5.69 1387 4.99 1066 4.29 774 3.59 508 2.89 279 2.19 95
5.68 1383 4.98 1062 4.28 768 3.58 503 2.88 276 2.18 94
5.67 1380 4.97 1059 4.27 765 3.57 500 2.87 272 2.17 91
5.66 1373 4.96 1053 4.26 762 3.56 498 2.86 270 2.16 89
5.65 1369 4.95 1049 4.25 756 3.55 492 2.85 267 2.15 87
5.64 1366 4.94 1046 4.24 753 3.54 490 2.84 263 2.14 84
5.63 1358 4.93 1040 4.23 750 3.53 487 2.83 261 2.13 83
5.62 1355 4.92 1036 4.22 744 3.52 482 2.82 259 2.12 81
5.61 1351 4.91 1033 4.21 741 3.51 479 2.81 254 2.11 78
5.60 1344 4.90 1027 4.20 738 3.50 477 2.80 252 2.10 76
5.59 1341 4.89 1023 4.19 732 3.49 472 2.79 248 2.09 75
5.58 1334 4.88 1020 4.18 729 3.48 469 2.78 246 2.08 72
5.57 1330 4.87 1014 4.17 723 3.47 466 2.77 244 2.07 70
5.56 1327 4.86 1010 4.16 720 3.46 461 2.76 239 2.06 69
5.55 1320 4.85 1007 4.15 717 3.45 459 2.75 237 2.05 66
5.54 1316 4.84 1001 4.14 712 3.44 456 2.74 235 2.04 65
5.53 1313 4.83 997 4.13 709 3.43 451 2.73 231 2.03 63
5.52 1306 4.82 994 4.12 706 3.42 448 2.72 229 2.02 60
5.51 1302 4.81 988 4.11 700 3.41 446 2.71 227 2.01 59
5.50 1299 4.80 985 4.10 697 3.40 441 2.70 223 2.00 57
5.49 1292 4.79 981 4.09 694 3.39 438 2.69 220 1.99 55
5.48 1289 4.78 975 4.08 688 3.38 436 2.68 218 1.98 53
5.47 1285 4.77 972 4.07 686 3.37 431 2.67 214 1.97 52
5.46 1278 4.76 969 4.06 683 3.36 428 2.66 212 1.96 49
5.45 1275 4.75 962 4.05 677 3.35 426 2.65 210 1.95 48
5.44 1271 4.74 959 4.04 674 3.34 421 2.64 206 1.94 46
5.43 1264 4.73 956 4.03 671 3.33 418 2.63 204 1.93 44
5.42 1261 4.72 949 4.02 665 3.32 416 2.62 202 1.92 43
5.41 1257 4.71 946 4.01 663 3.31 411 2.61 198 1.91 41
5.40 1251 4.70 943 4.00 660 3.30 408 2.60 196 1.90 39
5.39 1247 4.69 937 3.99 654 3.29 406 2.59 194 1.89 37
5.38 1244 4.68 934 3.98 651 3.28 401 2.58 190 1.88 36
5.37 1237 4.67 930 3.97 648 3.27 398 2.57 188 1.87 34
5.36 1233 4.66 924 3.96 643 3.26 396 2.56 186 1.86 33
5.35 1230 4.65 921 3.95 640 3.25 391 2.55 182 1.85 30
5.34 1223 4.64 915 3.94 637 3.24 388 2.54 180 1.84 29
5.33 1220 4.63 912 3.93 631 3.23 384 2.53 178 1.83 28
5.32 1216 4.62 908 3.92 628 3.22 381 2.52 174 1.82 26
5.31 1210 4.61 902 3.91 626 3.21 379 2.51 172 1.81 25
5.30 1206 4.60 899 3.90 620 3.20 374 2.50 170 1.80 23
5.29 1203 4.59 896 3.89 617 3.19 371 2.49 167 1.79 21
5.28 1196 4.58 890 3.88 614 3.18 369 2.48 165 1.78 20
5.27 1193 4.57 887 3.87 609 3.17 364 2.47 163 1.77 19
1.76 17 1.73 13 1.70 10 1.67 7 1.64 4 1.61 1
1.75 16 1.72 12 1.69 9 1.66 6 1.63 3
1.74 15 1.71 11 1.68 8 1.65 5 1.62 2
