5.55 1520 4.87 1176 4.19 859 3.51 573 2.83 324 2.15 122
5.54 1512 4.86 1169 4.18 853 3.50 570 2.82 322 2.14 121
5.53 1509 4.85 1165 4.17 850 3.49 565 2.81 317 2.13 117
5.52 1501 4.84 1159 4.16 846 3.48 562 2.80 315 2.12 116
5.51 1498 4.83 1155 4.15 840 3.47 557 2.79 310 2.11 112
5.50 1494 4.82 1152 4.14 837 3.46 554 2.78 308 2.10 110
5.49 1487 4.81 1145 4.13 831 3.45 548 2.77 303 2.09 107
5.48 1483 4.80 1142 4.12 828 3.44 546 2.76 301 2.08 105
5.47 1476 4.79 1135 4.11 822 3.43 540 2.75 299 2.07 104
5.46 1473 4.78 1132 4.10 819 3.42 538 2.74 294 2.06 100
5.45 1465 4.77 1125 4.09 813 3.41 535 2.73 292 2.05 99
5.44 1462 4.76 1122 4.08 810 3.40 530 2.72 287 2.04 95
5.43 1455 4.75 1119 4.07 807 3.39 527 2.71 285 2.03 94
5.42 1451 4.74 1112 4.06 801 3.38 522 2.70 281 2.02 91
5.41 1447 4.73 1109 4.05 798 3.37 519 2.69 279 2.01 89
5.40 1440 4.72 1102 4.04 792 3.36 514 2.68 274 2.00 87
5.39 1437 4.71 1099 4.03 789 3.35 511 2.67 272 1.99 84
5.38 1429 4.70 1092 4.02 783 3.34 506 2.66 270 1.98 83
5.37 1426 4.69 1089 4.01 780 3.33 503 2.65 265 1.97 80
5.36 1419 4.68 1082 4.00 777 3.32 500 2.64 263 1.96 78
5.35 1415 4.67 1079 3.99 771 3.31 495 2.63 259 1.95 75
5.34 1408 4.66 1076 3.98 768 3.30 492 2.62 257 1.94 73
5.33 1404 4.65 1069 3.97 762 3.29 487 2.61 252 1.93 70
5.32 1401 4.64 1066 3.96 759 3.28 485 2.60 250 1.92 69
5.31 1394 4.63 1059 3.95 753 3.27 479 2.59 246 1.91 67
5.30 1390 4.62 1056 3.94 750 3.26 477 2.58 244 1.90 65
5.29 1383 4.61 1049 3.93 744 3.25 474 2.57 242 1.89 63
5.28 1380 4.60 1046 3.92 741 3.24 469 2.56 237 1.88 60
5.27 1373 4.59 1040 3.91 738 3.23 466 2.55 235 1.87 59
5.26 1369 4.58 1036 3.90 732 3.22 461 2.54 231 1.86 56
5.25 1366 4.57 1033 3.89 729 3.21 459 2.53 229 1.85 55
5.24 1358 4.56 1027 3.88 723 3.20 454 2.52 225 1.84 52
5.23 1355 4.55 1023 3.87 720 3.19 451 2.51 223 1.83 50
5.22 1348 4.54 1017 3.86 715 3.18 446 2.50 218 1.82 49
5.21 1344 4.53 1014 3.85 712 3.17 443 2.49 216 1.81 46
5.20 1337 4.52 1007 3.84 706 3.16 441 2.48 214 1.80 45
5.19 1334 4.51 1004 3.83 703 3.15 436 2.47 210 1.79 43
5.18 1327 4.50 1001 3.82 700 3.14 433 2.46 208 1.78 41
5.17 1323 4.49 994 3.81 694 3.13 428 2.45 204 1.77 39
5.16 1320 4.48 991 3.80 691 3.12 426 2.44 202 1.76 37
5.15 1313 4.47 985 3.79 686 3.11 421 2.43 198 1.75 36
5.14 1309 4.46 981 3.78 683 3.10 418 2.42 196 1.74 34
5.13 1302 4.45 975 3.77 677 3.09 413 2.41 194 1.73 33
5.12 1299 4.44 972 3.76 674 3.08 411 2.40 190 1.72 30
5.11 1292 4.43 965 3.75 671 3.07 408 2.39 188 1.71 29
5.10 1289 4.42 962 3.74 665 3.06 403 2.38 184 1.70 27
5.09 1282 4.41 959 3.73 663 3.05 401 2.37 182 1.69 26
5.08 1278 4.40 953 3.72 657 3.04 396 2.36 178 1.68 23
5.07 1275 4.39 949 3.71 654 3.03 393 2.35 176 1.67 22
5.06 1268 4.38 943 3.70 648 3.02 388 2.34 172 1.66 21
5.05 1264 4.37 940 3.69 645 3.01 386 2.33 170 1.65 19
5.04 1257 4.36 934 3.68 640 3.00 384 2.32 168 1.64 18
5.03 1254 4.35 930 3.67 637 2.99 379 2.31 165 1.63 16
5.02 1247 4.34 924 3.66 634 2.98 376 2.30 163 1.62 15
5.01 1244 4.33 921 3.65 628 2.97 371 2.29 159 1.61 13
5.00 1237 4.32 918 3.64 626 2.96 369 2.28 157 1.60 12
4.99 1233 4.31 912 3.63 620 2.95 364 2.27 153 1.59 11
4.98 1230 4.30 908 3.62 617 2.94 362 2.26 151 1.58 10
4.97 1223 4.29 902 3.61 612 2.93 357 2.25 150 1.57 9
4.96 1220 4.28 899 3.60 609 2.92 355 2.24 146 1.55 7
4.95 1213 4.27 893 3.59 603 2.91 352 2.23 144 1.54 5
4.94 1210 4.26 890 3.58 601 2.90 347 2.22 140 1.53 4
4.93 1203 4.25 887 3.57 598 2.89 345 2.21 139 1.52 3
4.92 1199 4.24 880 3.56 592 2.88 340 2.20 135 1.50 2
4.91 1196 4.23 877 3.55 589 2.87 338 2.19 133 1.49 1
4.90 1189 4.22 871 3.54 584 2.86 333 2.18 130
4.89 1186 4.21 868 3.53 581 2.85 331 2.17 128
4.88 1179 4.20 862 3.52 576 2.84 326 2.16 126
