4.27 1516 3.75 1176 3.23 859 2.71 576 2.19 329 1.67 128
4.26 1509 3.74 1169 3.22 853 2.70 570 2.18 324 1.66 124
4.25 1501 3.73 1162 3.21 850 2.69 565 2.17 319 1.65 121
4.24 1494 3.72 1155 3.20 843 2.68 562 2.16 315 1.64 117
4.23 1487 3.71 1149 3.19 837 2.67 557 2.15 310 1.63 114
4.22 1480 3.70 1142 3.18 831 2.66 551 2.14 308 1.62 110
4.21 1476 3.69 1135 3.17 825 2.65 546 2.13 303 1.61 107
4.20 1469 3.68 1129 3.16 819 2.64 540 2.12 299 1.60 105
4.19 1462 3.67 1125 3.15 813 2.63 535 2.11 294 1.59 102
4.18 1455 3.66 1119 3.14 810 2.62 530 2.10 290 1.58 99
4.17 1447 3.65 1112 3.13 804 2.61 524 2.09 285 1.57 95
4.16 1440 3.64 1105 3.12 798 2.60 522 2.08 281 1.56 92
4.15 1433 3.63 1099 3.11 792 2.59 516 2.07 276 1.55 89
4.14 1426 3.62 1092 3.10 786 2.58 511 2.06 274 1.54 86
4.13 1422 3.61 1085 3.09 780 2.57 506 2.05 270 1.53 84
4.12 1415 3.60 1082 3.08 774 2.56 500 2.04 265 1.52 81
4.11 1408 3.59 1076 3.07 768 2.55 495 2.03 261 1.51 78
4.10 1401 3.58 1069 3.06 765 2.54 490 2.02 257 1.50 75
4.09 1394 3.57 1062 3.05 759 2.53 485 2.01 252 1.49 72
4.08 1387 3.56 1056 3.04 753 2.52 482 2.00 248 1.48 69
4.07 1380 3.55 1049 3.03 747 2.51 477 1.99 246 1.47 66
4.06 1376 3.54 1043 3.02 741 2.50 472 1.98 242 1.46 63
4.05 1369 3.53 1036 3.01 735 2.49 466 1.97 237 1.45 62
4.04 1362 3.52 1033 3.00 729 2.48 461 1.96 233 1.44 59
4.03 1355 3.51 1027 2.99 723 2.47 456 1.95 229 1.43 56
4.02 1348 3.50 1020 2.98 720 2.46 451 1.94 225 1.42 53
4.01 1341 3.49 1014 2.97 715 2.45 448 1.93 220 1.41 50
4.00 1334 3.48 1007 2.96 709 2.44 443 1.92 216 1.40 48
3.99 1327 3.47 1001 2.95 703 2.43 438 1.91 214 1.39 45
3.98 1323 3.46 994 2.94 697 2.42 433 1.90 210 1.38 43
3.97 1316 3.45 988 2.93 691 2.41 428 1.89 206 1.37 41
3.96 1309 3.44 985 2.92 686 2.40 423 1.88 202 1.36 39
3.95 1302 3.43 978 2.91 683 2.39 418 1.87 198 1.35 36
3.94 1296 3.42 972 2.90 677 2.38 413 1.86 194 1.34 34
3.93 1289 3.41 965 2.89 671 2.37 411 1.85 190 1.33 31
3.92 1282 3.40 959 2.88 665 2.36 406 1.84 186 1.32 29
3.91 1275 3.39 953 2.87 660 2.35 401 1.83 184 1.31 27
3.90 1271 3.38 946 2.86 654 2.34 396 1.82 180 1.30 26
3.89 1264 3.37 943 2.85 648 2.33 391 1.81 176 1.29 23
3.88 1257 3.36 937 2.84 643 2.32 386 1.80 172 1.28 21
3.87 1251 3.35 930 2.83 640 2.31 381 1.79 168 1.27 19
3.86 1244 3.34 924 2.82 634 2.30 376 1.78 165 1.26 17
3.85 1237 3.33 918 2.81 628 2.29 374 1.77 161 1.25 15
3.84 1230 3.32 912 2.80 623 2.28 369 1.76 159 1.24 13
3.83 1227 3.31 905 2.79 617 2.27 364 1.75 155 1.22 11
3.82 1220 3.30 899 2.78 612 2.26 359 1.74 151 1.21 9
3.81 1213 3.29 896 2.77 606 2.25 355 1.73 148 1.20 7
3.80 1206 3.28 890 2.76 601 2.24 350 1.72 144 1.19 6
3.79 1199 3.27 883 2.75 598 2.23 345 1.71 140 1.18 4
3.78 1193 3.26 877 2.74 592 2.22 343 1.70 137 1.17 3
3.77 1186 3.25 871 2.73 587 2.21 338 1.69 133 1.16 2
3.76 1179 3.24 865 2.72 581 2.20 333 1.68 131 1.15 1
