2.74 1516 2.40 1169 2.06 850 1.72 562 1.38 312 1.04 112
2.73 1505 2.39 1159 2.05 840 1.71 554 1.37 306 1.03 107
2.72 1494 2.38 1149 2.04 831 1.70 546 1.36 299 1.02 102
2.71 1487 2.37 1139 2.03 822 1.69 538 1.35 292 1.01 97
2.70 1476 2.36 1132 2.02 813 1.68 530 1.34 285 1.00 92
2.69 1465 2.35 1122 2.01 804 1.67 522 1.33 279 0.99 87
2.68 1455 2.34 1112 2.00 798 1.66 514 1.32 272 0.98 83
2.67 1444 2.33 1102 1.99 789 1.65 508 1.31 265 0.97 78
2.66 1433 2.32 1092 1.98 780 1.64 500 1.30 261 0.96 73
2.65 1422 2.31 1082 1.97 771 1.63 492 1.29 254 0.95 69
2.64 1412 2.30 1072 1.96 762 1.62 485 1.28 248 0.94 66
2.63 1401 2.29 1062 1.95 753 1.61 477 1.27 242 0.93 62
2.62 1390 2.28 1053 1.94 744 1.60 469 1.26 235 0.92 57
2.61 1380 2.27 1043 1.93 735 1.59 461 1.25 229 0.91 53
2.60 1373 2.26 1033 1.92 726 1.58 454 1.24 223 0.90 49
2.59 1362 2.25 1023 1.91 717 1.57 446 1.23 216 0.89 45
2.58 1351 2.24 1017 1.90 709 1.56 438 1.22 210 0.88 41
2.57 1341 2.23 1007 1.89 703 1.55 431 1.21 204 0.87 37
2.56 1330 2.22 997 1.88 694 1.54 423 1.20 198 0.86 34
2.55 1320 2.21 988 1.87 686 1.53 418 1.19 192 0.85 30
2.54 1309 2.20 978 1.86 677 1.52 411 1.18 188 0.84 27
2.53 1299 2.19 969 1.85 668 1.51 403 1.17 182 0.83 23
2.52 1289 2.18 959 1.84 660 1.50 396 1.16 176 0.82 21
2.51 1278 2.17 949 1.83 651 1.49 388 1.15 170 0.81 18
2.50 1268 2.16 940 1.82 643 1.48 381 1.14 165 0.80 15
2.49 1257 2.15 930 1.81 634 1.47 374 1.13 159 0.79 12
2.48 1251 2.14 921 1.80 626 1.46 367 1.12 153 0.78 10
2.47 1240 2.13 912 1.79 617 1.45 359 1.11 148 0.77 7
2.46 1230 2.12 905 1.78 609 1.44 352 1.10 142 0.76 5
2.45 1220 2.11 896 1.77 603 1.43 345 1.09 137 0.75 3
2.44 1210 2.10 887 1.76 595 1.42 338 1.08 131 0.74 1
2.43 1199 2.09 877 1.75 587 1.41 333 1.07 126
2.42 1189 2.08 868 1.74 578 1.40 326 1.06 122
2.41 1179 2.07 859 1.73 570 1.39 319 1.05 117
