1.80 1509 1.58 1165 1.36 853 1.14 570 0.92 322 0.70 122
1.79 1491 1.57 1152 1.35 840 1.13 557 0.91 312 0.69 116
1.78 1476 1.56 1139 1.34 825 1.12 546 0.90 303 0.68 107
1.77 1458 1.55 1122 1.33 813 1.11 535 0.89 292 0.67 100
1.76 1444 1.54 1109 1.32 798 1.10 522 0.88 283 0.66 92
1.75 1429 1.53 1092 1.31 786 1.09 511 0.87 272 0.65 86
1.74 1412 1.52 1079 1.30 774 1.08 498 0.86 263 0.64 80
1.73 1397 1.51 1062 1.29 759 1.07 487 0.85 252 0.63 72
1.72 1380 1.50 1049 1.28 747 1.06 474 0.84 244 0.62 66
1.71 1366 1.49 1036 1.27 732 1.05 464 0.83 235 0.61 59
1.70 1348 1.48 1020 1.26 720 1.04 454 0.82 225 0.60 53
1.69 1334 1.47 1007 1.25 706 1.03 441 0.81 216 0.59 46
1.68 1320 1.46 991 1.24 694 1.02 431 0.80 206 0.58 41
1.67 1302 1.45 978 1.23 683 1.01 418 0.79 198 0.57 36
1.66 1289 1.44 962 1.22 668 1.00 408 0.78 190 0.56 30
1.65 1271 1.43 949 1.21 657 0.99 396 0.77 180 0.55 26
1.64 1257 1.42 937 1.20 643 0.98 386 0.76 172 0.54 20
1.63 1244 1.41 921 1.19 631 0.97 376 0.75 163 0.53 16
1.62 1227 1.40 908 1.18 617 0.96 364 0.74 155 0.52 12
1.61 1213 1.39 893 1.17 606 0.95 355 0.73 146 0.51 8
1.60 1196 1.38 880 1.16 595 0.94 343 0.72 139 0.50 5
1.59 1182 1.37 868 1.15 581 0.93 333 0.71 131 0.49 2
