7.99 1520
7.98 1516
7.97 1512
7.96 1509
7.95 1505
7.94 1501
7.93 1498
7.92 1494
7.91 1491
7.90 1487
7.89 1483
7.88 1480
7.87 1476
7.86 1473
7.85 1469
7.84 1465
7.83 1462
7.82 1458
7.81 1455
7.80 1451
7.79 1447
7.78 1444
7.77 1440
7.76 1437
7.75 1433
7.74 1429
7.73 1426
7.72 1422
7.71 1419
7.70 1415
7.69 1412
7.68 1408
7.67 1404
7.66 1401
7.65 1397
7.64 1394
7.63 1390
7.62 1387
7.61 1383
7.60 1380
7.59 1376
7.58 1373
7.57 1369
7.56 1366
7.55 1362
7.54 1358
7.53 1355
7.52 1351
7.51 1348
7.50 1344

7.49 1341
7.48 1337
7.47 1334
7.46 1330
7.45 1327
7.44 1323
7.43 1320
7.42 1316
7.41 1313
7.40 1309
7.39 1306
7.38 1302
7.37 1299
7.36 1296
7.35 1292
7.34 1289
7.33 1285
7.32 1282
7.31 1278
7.30 1275
7.29 1271
7.28 1268
7.27 1264
7.26 1261
7.25 1257
7.24 1254
7.23 1251
7.22 1247
7.21 1244
7.20 1240
7.19 1237
7.18 1233
7.17 1230
7.16 1227
7.15 1223
7.14 1220
7.13 1216
7.12 1213
7.11 1210
7.10 1206
7.09 1203
7.08 1199
7.07 1196
7.06 1193
7.05 1189
7.04 1186
7.03 1182
7.02 1179
7.01 1176
7.00 1172

6.99 1169
6.98 1165
6.97 1162
6.96 1159
6.95 1155
6.94 1152
6.93 1149
6.92 1145
6.91 1142
6.90 1139
6.89 1135
6.88 1132
6.87 1129
6.86 1125
6.85 1122
6.84 1119
6.83 1115
6.82 1112
6.81 1109
6.80 1105
6.79 1102
6.78 1099
6.77 1095
6.76 1092
6.75 1089
6.74 1085
6.73 1082
6.72 1079
6.71 1076
6.70 1072
6.69 1069
6.68 1066
6.67 1062
6.66 1059
6.65 1056
6.64 1053
6.63 1049
6.62 1046
6.61 1043
6.60 1040
6.59 1036
6.58 1033
6.57 1030
6.56 1027
6.55 1023
6.54 1020
6.53 1017
6.52 1014
6.51 1010
6.50 1007

6.49 1004
6.48 1001
6.47 997
6.46 994
6.45 991
6.44 988
6.43 985
6.42 981
6.41 978
6.40 975
6.39 972
6.38 969
6.37 965
6.36 962
6.35 959
6.34 956
6.33 953
6.32 949
6.31 946
6.30 943
6.29 940
6.28 937
6.27 934
6.26 930
6.25 927
6.24 924
6.23 921
6.22 918
6.21 915
6.20 912
6.19 908
6.18 905
6.17 902
6.16 899
6.15 896
6.14 893
6.13 890
6.12 887
6.11 883
6.10 880
6.09 877
6.08 874
6.07 871
6.06 868
6.05 865
6.04 862
6.03 859
6.02 856
6.01 853
6.00 850

5.99 846
5.98 843
5.97 840
5.96 837
5.95 834
5.94 831
5.93 828
5.92 825
5.91 822
5.90 819
5.89 816
5.88 813
5.87 810
5.86 807
5.85 804
5.84 801
5.83 798
5.82 795
5.81 792
5.80 789
5.79 786
5.78 783
5.77 780
5.76 777
5.75 774
5.74 771
5.73 768
5.72 765
5.71 762
5.70 759
5.69 756
5.68 753
5.67 750
5.66 747
5.65 744
5.64 741
5.63 738
5.62 735
5.61 732
5.60 729
5.59 726
5.58 723
5.57 720
5.56 717
5.55 715
5.54 712
5.53 709
5.52 706
5.51 703
5.50 700
5.49 697
5.48 694
5.47 691
5.46 688
5.45 686
5.44 683
5.43 680
5.42 677
5.41 674
5.40 671
5.39 668
5.38 665
5.37 663
5.36 660
5.35 657
5.34 654
5.33 651
5.32 648
5.31 645
5.30 643
5.29 640
5.28 637
5.27 634
5.26 631
5.25 628
5.24 626
5.23 623
5.22 620
5.21 617
5.20 614
5.19 612
5.18 609
5.17 606
5.16 603
5.15 601
5.14 598
5.13 595
5.12 592
5.11 589
5.10 587
5.09 584
5.08 581
5.07 578
5.06 576
5.05 573
5.04 570
5.03 567
5.02 565
5.01 562
5.00 559

4.99 557
4.98 554
4.97 551
4.96 548
4.95 546
4.94 543
4.93 540
4.92 538
4.91 535
4.90 532
4.89 530
4.88 527
4.87 524
4.86 522
4.85 519
4.84 516
4.83 514
4.82 511
4.81 508
4.80 506
4.79 503
4.78 500
4.77 498
4.76 495
4.75 492
4.74 490
4.73 487
4.72 485
4.71 482
4.70 479
4.69 477
4.68 474
4.67 472
4.66 469
4.65 466
4.64 464
4.63 461
4.62 459
4.61 456
4.60 454
4.59 451
4.58 448
4.57 446
4.56 443
4.55 441
4.54 438
4.53 436
4.52 433
4.51 431
4.50 428

4.49 426
4.48 423
4.47 421
4.46 418
4.45 416
4.44 413
4.43 411
4.42 408
4.41 406
4.40 403
4.39 401
4.38 398
4.37 396
4.36 393
4.35 391
4.34 388
4.33 386
4.32 384
4.31 381
4.30 379
4.29 376
4.28 374
4.27 371
4.26 369
4.25 367
4.24 364
4.23 362
4.22 359
4.21 357
4.20 355
4.19 352
4.18 350
4.17 347
4.16 345
4.15 343
4.14 340
4.13 338
4.12 336
4.11 333
4.10 331
4.09 329
4.08 326
4.07 324
4.06 322
4.05 319
4.04 317
4.03 315
4.02 312
4.01 310
4.00 308

3.99 306
3.98 303
3.97 301
3.96 299
3.95 296
3.94 294
3.93 292
3.92 290
3.91 287
3.90 285
3.89 283
3.88 281
3.87 279
3.86 276
3.85 274
3.84 272
3.83 270
3.82 267
3.81 265
3.80 263
3.79 261
3.78 259
3.77 257
3.76 254
3.75 252
3.74 250
3.73 248
3.72 246
3.71 244
3.70 242
3.69 239
3.68 237
3.67 235
3.66 233
3.65 231
3.64 229
3.63 227
3.62 225
3.61 223
3.60 220
3.59 218
3.58 216
3.57 214
3.56 212
3.55 210
3.54 208
3.53 206
3.52 204
3.51 202
3.50 200

3.49 198
3.48 196
3.47 194
3.46 192
3.45 190
3.44 188
3.43 186
3.42 184
3.41 182
3.40 180
3.39 178
3.38 176
3.37 174
3.36 172
3.35 170
3.34 168
3.33 167
3.32 165
3.31 163
3.30 161
3.29 159
3.28 157
3.27 155
3.26 153
3.25 151
3.24 150
3.23 148
3.22 146
3.21 144
3.20 142
3.19 140
3.18 139
3.17 137
3.16 135
3.15 133
3.14 131
3.13 130
3.12 128
3.11 126
3.10 124
3.09 122
3.08 121
3.07 119
3.06 117
3.05 116
3.04 114
3.03 112
3.02 110
3.01 109
3.00 107
2.99 105
2.98 104
2.97 102
2.96 100
2.95 99
2.94 97
2.93 95
2.92 94
2.91 92
2.90 91
2.89 89
2.88 87
2.87 86
2.86 84
2.85 83
2.84 81
2.83 80
2.82 78
2.81 76
2.80 75

2.79 73
2.78 72
2.77 70
2.76 69
2.75 67
2.74 66
2.73 65
2.72 63
2.71 62
2.70 60
2.69 59
2.68 57
2.67 56
2.66 55
2.65 53
2.64 52
2.63 50
2.62 49
2.61 48
2.60 46

2.59 45
2.58 44
2.57 43
2.56 41
2.55 40
2.54 39
2.53 37
2.52 36
2.51 35
2.50 34
2.49 33
2.48 31
2.47 30
2.46 29
2.45 28
2.44 27
2.43 26
2.42 25
2.41 23
2.40 22

2.39 21
2.38 20
2.37 19
2.36 18
2.35 17
2.34 16
2.33 15
2.32 14
2.31 13
2.30 12
2.28 11
2.27 10
2.26 9
2.25 8
2.23 7
2.22 6
2.21 5
2.19 4
2.18 3
2.16 2

2.14 1
