9.20 1461 8.50 1260 7.80 1071 7.10 891 6.40 720 5.70 561
9.19 1458 8.49 1258 7.79 1068 7.09 888 6.39 718 5.69 559
9.18 1455 8.48 1255 7.78 1066 7.08 886 6.38 716 5.68 556
9.17 1453 8.47 1252 7.77 1063 7.07 883 6.37 713 5.67 552
9.16 1450 8.46 1250 7.76 1061 7.06 881 6.36 711 5.66 550
9.15 1447 8.45 1247 7.75 1058 7.05 878 6.35 709 5.65 548
9.14 1441 8.44 1244 7.74 1056 7.04 876 6.34 707 5.64 546
9.13 1439 8.43 1241 7.73 1053 7.03 874 6.33 704 5.63 544
9.12 1436 8.42 1239 7.72 1050 7.02 871 6.32 702 5.62 542
9.11 1433 8.41 1236 7.71 1048 7.01 869 6.31 700 5.61 540
9.10 1430 8.40 1233 7.70 1045 7.00 866 6.30 695 5.60 537
9.09 1427 8.39 1231 7.69 1043 6.99 864 6.29 693 5.59 535
9.08 1425 8.38 1228 7.68 1040 6.98 862 6.28 691 5.58 533
9.07 1422 8.37 1225 7.67 1038 6.97 859 6.27 688 5.57 531
9.06 1419 8.36 1223 7.66 1035 6.96 857 6.26 686 5.56 529
9.05 1416 8.35 1220 7.65 1033 6.95 854 6.25 684 5.55 527
9.04 1413 8.34 1217 7.64 1030 6.94 850 6.24 682 5.54 525
9.03 1411 8.33 1215 7.63 1027 6.93 847 6.23 679 5.53 523
9.02 1408 8.32 1212 7.62 1025 6.92 845 6.22 677 5.52 521
9.01 1405 8.31 1209 7.61 1022 6.91 842 6.21 675 5.51 519
9.00 1402 8.30 1207 7.60 1020 6.90 840 6.20 673 5.50 516
8.99 1400 8.29 1204 7.59 1017 6.89 838 6.19 670 5.49 514
8.98 1397 8.28 1201 7.58 1015 6.88 835 6.18 668 5.48 512
8.97 1394 8.27 1199 7.57 1010 6.87 833 6.17 666 5.47 510
8.96 1391 8.26 1196 7.56 1007 6.86 830 6.16 664 5.46 508
8.95 1389 8.25 1194 7.55 1005 6.85 828 6.15 661 5.45 506
8.94 1386 8.24 1191 7.54 1002 6.84 826 6.14 659 5.44 504
8.93 1383 8.23 1188 7.53 1000 6.83 823 6.13 657 5.43 502
8.92 1380 8.22 1186 7.52 997 6.82 821 6.12 655 5.42 500
8.91 1377 8.21 1183 7.51 995 6.81 818 6.11 652 5.41 498
8.90 1375 8.20 1178 7.50 992 6.80 816 6.10 650 5.40 496
8.89 1372 8.19 1175 7.49 990 6.79 814 6.09 648 5.39 494
8.88 1369 8.18 1172 7.48 987 6.78 811 6.08 646 5.38 492
8.87 1366 8.17 1170 7.47 985 6.77 809 6.07 644 5.37 490
8.86 1364 8.16 1167 7.46 982 6.76 807 6.06 641 5.36 485
8.85 1361 8.15 1164 7.45 980 6.75 804 6.05 639 5.35 483
8.84 1358 8.14 1162 7.44 977 6.74 802 6.04 637 5.34 481
8.83 1353 8.13 1159 7.43 975 6.73 799 6.03 635 5.33 479
8.82 1350 8.12 1157 7.42 972 6.72 797 6.02 632 5.32 477
8.81 1347 8.11 1154 7.41 970 6.71 795 6.01 630 5.31 475
8.80 1344 8.10 1151 7.40 967 6.70 792 6.00 628 5.30 473
8.79 1342 8.09 1149 7.39 965 6.69 790 5.99 624 5.29 471
8.78 1339 8.08 1146 7.38 962 6.68 788 5.98 621 5.28 469
8.77 1336 8.07 1143 7.37 960 6.67 785 5.97 619 5.27 467
8.76 1334 8.06 1141 7.36 957 6.66 783 5.96 617 5.26 465
8.75 1331 8.05 1138 7.35 955 6.65 781 5.95 615 5.25 463
8.74 1328 8.04 1136 7.34 952 6.64 778 5.94 613 5.24 461
8.73 1325 8.03 1133 7.33 950 6.63 776 5.93 610 5.23 459
8.72 1323 8.02 1130 7.32 947 6.62 771 5.92 608 5.22 457
8.71 1320 8.01 1128 7.31 945 6.61 769 5.91 606 5.21 455
8.70 1317 8.00 1125 7.30 942 6.60 767 5.90 604 5.20 453
8.69 1314 7.99 1123 7.29 940 6.59 764 5.89 602 5.19 451
8.68 1312 7.98 1120 7.28 937 6.58 762 5.88 600 5.18 449
8.67 1309 7.97 1117 7.27 935 6.57 760 5.87 597 5.17 447
8.66 1306 7.96 1115 7.26 932 6.56 757 5.86 595 5.16 445
8.65 1304 7.95 1112 7.25 927 6.55 755 5.85 593 5.15 443
8.64 1301 7.94 1110 7.24 925 6.54 753 5.84 591 5.14 441
8.63 1298 7.93 1107 7.23 922 6.53 750 5.83 589 5.13 439
8.62 1295 7.92 1104 7.22 920 6.52 748 5.82 587 5.12 437
8.61 1293 7.91 1102 7.21 918 6.51 746 5.81 584 5.11 435
8.60 1290 7.90 1099 7.20 915 6.50 743 5.80 582 5.10 433
8.59 1287 7.89 1097 7.19 913 6.49 741 5.79 580 5.09 431
8.58 1285 7.88 1092 7.18 910 6.48 739 5.78 578 5.08 429
8.57 1282 7.87 1089 7.17 908 6.47 736 5.77 576 5.07 427
8.56 1279 7.86 1086 7.16 905 6.46 734 5.76 574 5.06 425
8.55 1276 7.85 1084 7.15 903 6.45 732 5.75 571 5.05 423
8.54 1274 7.84 1081 7.14 900 6.44 729 5.74 569 5.04 419
8.53 1271 7.83 1079 7.13 898 6.43 727 5.73 567 5.03 417
8.52 1268 7.82 1076 7.12 896 6.42 725 5.72 565 5.02 415
8.51 1263 7.81 1073 7.11 893 6.41 723 5.71 563 5.01 413
5.00 411 4.54 323 4.08 239 3.62 164 3.16 98 2.70 42
4.99 409 4.53 321 4.07 237 3.61 162 3.15 95 2.69 41
4.98 407 4.52 319 4.06 235 3.60 161 3.14 94 2.68 40
4.97 405 4.51 317 4.05 234 3.59 159 3.13 93 2.67 39
4.96 404 4.50 315 4.04 232 3.58 158 3.12 91 2.66 38
4.95 402 4.49 313 4.03 230 3.57 156 3.11 90 2.65 37
4.94 400 4.48 312 4.02 229 3.56 155 3.10 89 2.64 36
4.93 398 4.47 310 4.01 227 3.55 153 3.09 88 2.63 35
4.92 396 4.46 308 4.00 225 3.54 152 3.08 86 2.62 34
4.91 394 4.45 306 3.99 224 3.53 150 3.07 85 2.61 33
4.90 392 4.44 304 3.98 222 3.52 149 3.06 84 2.60 32
4.89 390 4.43 303 3.97 220 3.51 147 3.05 83 2.59 31
4.88 388 4.42 301 3.96 219 3.50 146 3.04 81 2.58 30
4.87 386 4.41 297 3.95 217 3.49 145 3.03 80 2.57 29
4.86 384 4.40 295 3.94 215 3.48 143 3.02 79 2.56 28
4.85 382 4.39 294 3.93 214 3.47 140 3.01 78 2.55 27
4.84 380 4.38 292 3.92 212 3.46 139 3.00 76 2.54 26
4.83 378 4.37 290 3.91 211 3.45 137 2.99 75 2.53 25
4.82 377 4.36 288 3.90 209 3.44 136 2.98 74 2.52 24
4.81 375 4.35 287 3.89 207 3.43 135 2.97 73 2.51 23
4.80 373 4.34 285 3.88 206 3.42 133 2.96 72 2.50 22
4.79 371 4.33 283 3.87 204 3.41 132 2.95 70 2.49 21
4.78 369 4.32 281 3.86 203 3.40 130 2.94 69 2.47 20
4.77 367 4.31 280 3.85 201 3.39 129 2.93 68 2.46 19
4.76 365 4.30 278 3.84 199 3.38 127 2.92 67 2.45 18
4.75 363 4.29 276 3.83 198 3.37 126 2.91 66 2.44 17
4.74 361 4.28 274 3.82 196 3.36 125 2.90 65 2.42 16
4.73 358 4.27 273 3.81 195 3.35 123 2.89 63 2.41 15
4.72 356 4.26 271 3.80 193 3.34 122 2.88 62 2.40 14
4.71 354 4.25 269 3.79 191 3.33 121 2.87 61 2.38 13
4.70 352 4.24 267 3.78 188 3.32 119 2.86 60 2.37 12
4.69 350 4.23 266 3.77 187 3.31 118 2.85 59 2.36 11
4.68 348 4.22 264 3.76 185 3.30 116 2.84 58 2.34 10
4.67 346 4.21 262 3.75 184 3.29 115 2.83 56 2.33 9
4.66 345 4.20 261 3.74 182 3.28 114 2.82 54 2.31 8
4.65 343 4.19 259 3.73 181 3.27 112 2.81 53 2.30 7
4.64 341 4.18 257 3.72 179 3.26 111 2.80 52 2.28 6
4.63 339 4.17 255 3.71 177 3.25 110 2.79 51 2.26 5
4.62 337 4.16 254 3.70 176 3.24 108 2.78 50 2.24 4
4.61 335 4.15 252 3.69 174 3.23 107 2.77 49 2.22 3
4.60 333 4.14 250 3.68 173 3.22 106 2.76 48 2.21 2
4.59 332 4.13 249 3.67 171 3.21 104 2.75 47 2.19 1
4.58 330 4.12 247 3.66 170 3.20 103 2.74 46
4.57 328 4.11 245 3.65 168 3.19 102 2.73 45
4.56 326 4.10 242 3.64 167 3.18 100 2.72 44
4.55 324 4.09 240 3.63 165 3.17 99 2.71 43
