8.71 1461 8.01 1252 7.31 1050 6.61 862 5.91 684 5.21 516
8.70 1458 8.00 1247 7.30 1048 6.60 859 5.90 682 5.20 514
8.69 1455 7.99 1244 7.29 1045 6.59 857 5.89 677 5.19 512
8.68 1453 7.98 1241 7.28 1043 6.58 854 5.88 675 5.18 510
8.67 1447 7.97 1239 7.27 1040 6.57 852 5.87 673 5.17 508
8.66 1444 7.96 1236 7.26 1038 6.56 847 5.86 670 5.16 506
8.65 1441 7.95 1233 7.25 1035 6.55 845 5.85 668 5.15 504
8.64 1439 7.94 1231 7.24 1033 6.54 842 5.84 666 5.14 502
8.63 1436 7.93 1228 7.23 1027 6.53 840 5.83 664 5.13 500
8.62 1433 7.92 1225 7.22 1025 6.52 838 5.82 661 5.12 498
8.61 1430 7.91 1223 7.21 1022 6.51 835 5.81 659 5.11 494
8.60 1427 7.90 1220 7.20 1020 6.50 833 5.80 657 5.10 492
8.59 1425 7.89 1215 7.19 1017 6.49 830 5.79 655 5.09 490
8.58 1422 7.88 1212 7.18 1015 6.48 828 5.78 650 5.08 487
8.57 1419 7.87 1209 7.17 1012 6.47 826 5.77 648 5.07 485
8.56 1413 7.86 1207 7.16 1010 6.46 823 5.76 646 5.06 483
8.55 1411 7.85 1204 7.15 1007 6.45 818 5.75 644 5.05 481
8.54 1408 7.84 1201 7.14 1005 6.44 816 5.74 641 5.04 479
8.53 1405 7.83 1199 7.13 1002 6.43 814 5.73 639 5.03 477
8.52 1402 7.82 1196 7.12 1000 6.42 811 5.72 637 5.02 475
8.51 1400 7.81 1194 7.11 995 6.41 809 5.71 635 5.01 473
8.50 1397 7.80 1191 7.10 992 6.40 807 5.70 632 5.00 469
8.49 1394 7.79 1188 7.09 990 6.39 804 5.69 630 4.99 467
8.48 1391 7.78 1183 7.08 987 6.38 802 5.68 628 4.98 465
8.47 1389 7.77 1180 7.07 985 6.37 799 5.67 624 4.97 463
8.46 1386 7.76 1178 7.06 982 6.36 797 5.66 621 4.96 461
8.45 1380 7.75 1175 7.05 980 6.35 795 5.65 619 4.95 459
8.44 1377 7.74 1172 7.04 977 6.34 790 5.64 617 4.94 457
8.43 1375 7.73 1170 7.03 975 6.33 788 5.63 615 4.93 455
8.42 1372 7.72 1167 7.02 972 6.32 785 5.62 613 4.92 453
8.41 1369 7.71 1164 7.01 970 6.31 783 5.61 610 4.91 451
8.40 1366 7.70 1162 7.00 965 6.30 781 5.60 608 4.90 449
8.39 1364 7.69 1159 6.99 962 6.29 778 5.59 606 4.89 445
8.38 1361 7.68 1157 6.98 960 6.28 776 5.58 604 4.88 443
8.37 1358 7.67 1151 6.97 957 6.27 774 5.57 602 4.87 441
8.36 1355 7.66 1149 6.96 955 6.26 771 5.56 597 4.86 439
8.35 1353 7.65 1146 6.95 952 6.25 769 5.55 595 4.85 437
8.34 1347 7.64 1143 6.94 950 6.24 767 5.54 593 4.84 435
8.33 1344 7.63 1141 6.93 947 6.23 764 5.53 591 4.83 433
8.32 1342 7.62 1138 6.92 945 6.22 760 5.52 589 4.82 431
8.31 1339 7.61 1136 6.91 942 6.21 757 5.51 587 4.81 429
8.30 1336 7.60 1133 6.90 940 6.20 755 5.50 584 4.80 427
8.29 1334 7.59 1130 6.89 935 6.19 753 5.49 582 4.79 425
8.28 1331 7.58 1128 6.88 932 6.18 750 5.48 580 4.78 421
8.27 1328 7.57 1125 6.87 930 6.17 748 5.47 578 4.77 419
8.26 1325 7.56 1120 6.86 927 6.16 746 5.46 576 4.76 417
8.25 1323 7.55 1117 6.85 925 6.15 743 5.45 571 4.75 415
8.24 1320 7.54 1115 6.84 922 6.14 741 5.44 569 4.74 413
8.23 1314 7.53 1112 6.83 920 6.13 739 5.43 567 4.73 411
8.22 1312 7.52 1110 6.82 918 6.12 736 5.42 565 4.72 409
8.21 1309 7.51 1107 6.81 915 6.11 732 5.41 563 4.71 407
8.20 1306 7.50 1104 6.80 913 6.10 729 5.40 561 4.70 405
8.19 1304 7.49 1102 6.79 910 6.09 727 5.39 559 4.69 404
8.18 1301 7.48 1099 6.78 905 6.08 725 5.38 556 4.68 402
8.17 1298 7.47 1097 6.77 903 6.07 723 5.37 554 4.67 398
8.16 1295 7.46 1094 6.76 900 6.06 720 5.36 552 4.66 396
8.15 1293 7.45 1089 6.75 898 6.05 718 5.35 550 4.65 394
8.14 1290 7.44 1086 6.74 896 6.04 716 5.34 548 4.64 392
8.13 1287 7.43 1084 6.73 893 6.03 713 5.33 544 4.63 390
8.12 1282 7.42 1081 6.72 891 6.02 711 5.32 542 4.62 388
8.11 1279 7.41 1079 6.71 888 6.01 709 5.31 540 4.61 386
8.10 1276 7.40 1076 6.70 886 6.00 704 5.30 537 4.60 384
8.09 1274 7.39 1073 6.69 883 5.99 702 5.29 535 4.59 382
8.08 1271 7.38 1071 6.68 881 5.98 700 5.28 533 4.58 380
8.07 1268 7.37 1068 6.67 876 5.97 697 5.27 531 4.57 378
8.06 1266 7.36 1066 6.66 874 5.96 695 5.26 529 4.56 375
8.05 1263 7.35 1063 6.65 871 5.95 693 5.25 527 4.55 373
8.04 1260 7.34 1058 6.64 869 5.94 691 5.24 525 4.54 371
8.03 1258 7.33 1056 6.63 866 5.93 688 5.23 523 4.53 369
8.02 1255 7.32 1053 6.62 864 5.92 686 5.22 519 4.52 367
4.51 365 4.11 285 3.71 212 3.31 145 2.91 86 2.51 37
4.50 363 4.10 283 3.70 211 3.30 143 2.90 85 2.50 36
4.49 361 4.09 281 3.69 209 3.29 142 2.89 83 2.49 35
4.48 360 4.08 280 3.68 207 3.28 140 2.88 81 2.48 34
4.47 358 4.07 278 3.67 204 3.27 139 2.87 80 2.47 33
4.46 356 4.06 276 3.66 203 3.26 137 2.86 79 2.46 32
4.45 354 4.05 274 3.65 201 3.25 136 2.85 78 2.45 31
4.44 350 4.04 273 3.64 199 3.24 135 2.84 76 2.44 29
4.43 348 4.03 271 3.63 198 3.23 133 2.83 75 2.43 28
4.42 346 4.02 269 3.62 196 3.22 130 2.82 74 2.42 27
4.41 345 4.01 267 3.61 195 3.21 129 2.81 73 2.41 26
4.40 343 4.00 264 3.60 193 3.20 127 2.80 72 2.39 25
4.39 341 3.99 262 3.59 191 3.19 126 2.79 70 2.38 24
4.38 339 3.98 261 3.58 190 3.18 125 2.78 68 2.37 23
4.37 337 3.97 259 3.57 188 3.17 123 2.77 67 2.36 22
4.36 335 3.96 257 3.56 187 3.16 122 2.76 66 2.35 21
4.35 333 3.95 255 3.55 184 3.15 121 2.75 65 2.34 20
4.34 332 3.94 254 3.54 182 3.14 119 2.74 63 2.33 19
4.33 328 3.93 252 3.53 181 3.13 118 2.73 62 2.32 18
4.32 326 3.92 250 3.52 179 3.12 116 2.72 61 2.31 17
4.31 324 3.91 249 3.51 177 3.11 114 2.71 60 2.29 16
4.30 323 3.90 247 3.50 176 3.10 112 2.70 59 2.28 15
4.29 321 3.89 244 3.49 174 3.09 111 2.69 58 2.27 14
4.28 319 3.88 242 3.48 173 3.08 110 2.68 57 2.25 13
4.27 317 3.87 240 3.47 171 3.07 108 2.67 56 2.24 12
4.26 315 3.86 239 3.46 170 3.06 107 2.66 53 2.23 11
4.25 313 3.85 237 3.45 168 3.05 106 2.65 52 2.22 10
4.24 312 3.84 235 3.44 165 3.04 104 2.64 51 2.21 9
4.23 310 3.83 234 3.43 164 3.03 103 2.63 50 2.19 8
4.22 306 3.82 232 3.42 162 3.02 102 2.62 49 2.18 7
4.21 304 3.81 230 3.41 161 3.01 100 2.61 48 2.16 6
4.20 303 3.80 229 3.40 159 3.00 98 2.60 47 2.14 5
4.19 301 3.79 227 3.39 158 2.99 96 2.59 46 2.12 4
4.18 299 3.78 224 3.38 156 2.98 95 2.58 45 2.11 3
4.17 297 3.77 222 3.37 155 2.97 94 2.57 44 2.09 2
4.16 295 3.76 220 3.36 153 2.96 93 2.56 43 2.07 1
4.15 294 3.75 219 3.35 152 2.95 91 2.55 41
4.14 292 3.74 217 3.34 150 2.94 90 2.54 40
4.13 290 3.73 215 3.33 147 2.93 89 2.53 39
4.12 288 3.72 214 3.32 146 2.92 88 2.52 38
