8.22 1461 7.52 1239 6.82 1027 6.12 828 5.42 644 4.72 471
8.21 1458 7.51 1236 6.81 1025 6.11 826 5.41 639 4.71 469
8.20 1455 7.50 1233 6.80 1022 6.10 823 5.40 637 4.70 465
8.19 1453 7.49 1231 6.79 1020 6.09 821 5.39 635 4.69 463
8.18 1447 7.48 1228 6.78 1017 6.08 818 5.38 632 4.68 461
8.17 1444 7.47 1223 6.77 1015 6.07 816 5.37 630 4.67 459
8.16 1441 7.46 1220 6.76 1010 6.06 811 5.36 628 4.66 457
8.15 1439 7.45 1217 6.75 1007 6.05 809 5.35 624 4.65 455
8.14 1436 7.44 1215 6.74 1005 6.04 807 5.34 621 4.64 451
8.13 1433 7.43 1212 6.73 1002 6.03 804 5.33 619 4.63 449
8.12 1427 7.42 1209 6.72 1000 6.02 802 5.32 617 4.62 447
8.11 1425 7.41 1204 6.71 997 6.01 799 5.31 615 4.61 445
8.10 1422 7.40 1201 6.70 992 6.00 797 5.30 613 4.60 443
8.09 1419 7.39 1199 6.69 990 5.99 792 5.29 610 4.59 441
8.08 1416 7.38 1196 6.68 987 5.98 790 5.28 606 4.58 439
8.07 1413 7.37 1194 6.67 985 5.97 788 5.27 604 4.57 435
8.06 1411 7.36 1191 6.66 982 5.96 785 5.26 602 4.56 433
8.05 1405 7.35 1186 6.65 980 5.95 783 5.25 600 4.55 431
8.04 1402 7.34 1183 6.64 975 5.94 781 5.24 597 4.54 429
8.03 1400 7.33 1180 6.63 972 5.93 776 5.23 595 4.53 427
8.02 1397 7.32 1178 6.62 970 5.92 774 5.22 591 4.52 425
8.01 1394 7.31 1175 6.61 967 5.91 771 5.21 589 4.51 421
8.00 1391 7.30 1172 6.60 965 5.90 769 5.20 587 4.50 419
7.99 1386 7.29 1170 6.59 962 5.89 767 5.19 584 4.49 417
7.98 1383 7.28 1164 6.58 960 5.88 764 5.18 582 4.48 415
7.97 1380 7.27 1162 6.57 955 5.87 762 5.17 580 4.47 413
7.96 1377 7.26 1159 6.56 952 5.86 757 5.16 578 4.46 411
7.95 1375 7.25 1157 6.55 950 5.85 755 5.15 574 4.45 409
7.94 1372 7.24 1154 6.54 947 5.84 753 5.14 571 4.44 405
7.93 1366 7.23 1151 6.53 945 5.83 750 5.13 569 4.43 404
7.92 1364 7.22 1146 6.52 942 5.82 748 5.12 567 4.42 402
7.91 1361 7.21 1143 6.51 937 5.81 746 5.11 565 4.41 400
7.90 1358 7.20 1141 6.50 935 5.80 741 5.10 563 4.40 398
7.89 1355 7.19 1138 6.49 932 5.79 739 5.09 559 4.39 396
7.88 1353 7.18 1136 6.48 930 5.78 736 5.08 556 4.38 392
7.87 1350 7.17 1133 6.47 927 5.77 734 5.07 554 4.37 390
7.86 1344 7.16 1130 6.46 925 5.76 732 5.06 552 4.36 388
7.85 1342 7.15 1125 6.45 922 5.75 729 5.05 550 4.35 386
7.84 1339 7.14 1123 6.44 918 5.74 727 5.04 548 4.34 384
7.83 1336 7.13 1120 6.43 915 5.73 723 5.03 546 4.33 382
7.82 1334 7.12 1117 6.42 913 5.72 720 5.02 542 4.32 380
7.81 1331 7.11 1115 6.41 910 5.71 718 5.01 540 4.31 377
7.80 1325 7.10 1112 6.40 908 5.70 716 5.00 537 4.30 375
7.79 1323 7.09 1107 6.39 905 5.69 713 4.99 535 4.29 373
7.78 1320 7.08 1104 6.38 900 5.68 711 4.98 533 4.28 371
7.77 1317 7.07 1102 6.37 898 5.67 707 4.97 531 4.27 369
7.76 1314 7.06 1099 6.36 896 5.66 704 4.96 527 4.26 367
7.75 1312 7.05 1097 6.35 893 5.65 702 4.95 525 4.25 363
7.74 1309 7.04 1094 6.34 891 5.64 700 4.94 523 4.24 361
7.73 1304 7.03 1092 6.33 888 5.63 697 4.93 521 4.23 360
7.72 1301 7.02 1086 6.32 886 5.62 695 4.92 519 4.22 358
7.71 1298 7.01 1084 6.31 881 5.61 693 4.91 516 4.21 356
7.70 1295 7.00 1081 6.30 878 5.60 688 4.90 512 4.20 354
7.69 1293 6.99 1079 6.29 876 5.59 686 4.89 510 4.19 350
7.68 1290 6.98 1076 6.28 874 5.58 684 4.88 508 4.18 348
7.67 1285 6.97 1073 6.27 871 5.57 682 4.87 506 4.17 346
7.66 1282 6.96 1068 6.26 869 5.56 679 4.86 504 4.16 345
7.65 1279 6.95 1066 6.25 864 5.55 677 4.85 502 4.15 343
7.64 1276 6.94 1063 6.24 862 5.54 673 4.84 500 4.14 341
7.63 1274 6.93 1061 6.23 859 5.53 670 4.83 496 4.13 339
7.62 1271 6.92 1058 6.22 857 5.52 668 4.82 494 4.12 335
7.61 1268 6.91 1056 6.21 854 5.51 666 4.81 492 4.11 333
7.60 1263 6.90 1053 6.20 852 5.50 664 4.80 490 4.10 332
7.59 1260 6.89 1048 6.19 850 5.49 661 4.79 487 4.09 330
7.58 1258 6.88 1045 6.18 845 5.48 657 4.78 485 4.08 328
7.57 1255 6.87 1043 6.17 842 5.47 655 4.77 481 4.07 326
7.56 1252 6.86 1040 6.16 840 5.46 652 4.76 479 4.06 323
7.55 1250 6.85 1038 6.15 838 5.45 650 4.75 477 4.05 321
7.54 1244 6.84 1035 6.14 835 5.44 648 4.74 475 4.04 319
7.53 1241 6.83 1030 6.13 833 5.43 646 4.73 473 4.03 317
4.02 315 3.68 247 3.34 182 3.00 125 2.66 74 2.32 31
4.01 313 3.67 244 3.33 181 2.99 123 2.65 73 2.31 30
4.00 312 3.66 242 3.32 179 2.98 122 2.64 70 2.30 29
3.99 308 3.65 240 3.31 177 2.97 121 2.63 69 2.29 28
3.98 306 3.64 239 3.30 176 2.96 118 2.62 68 2.28 27
3.97 304 3.63 237 3.29 174 2.95 116 2.61 67 2.27 26
3.96 303 3.62 235 3.28 171 2.94 115 2.60 66 2.26 25
3.95 301 3.61 232 3.27 170 2.93 114 2.59 65 2.25 24
3.94 299 3.60 230 3.26 168 2.92 112 2.58 63 2.24 23
3.93 295 3.59 229 3.25 167 2.91 111 2.57 61 2.23 22
3.92 294 3.58 227 3.24 165 2.90 108 2.56 60 2.22 21
3.91 292 3.57 225 3.23 164 2.89 107 2.55 59 2.20 20
3.90 290 3.56 224 3.22 161 2.88 106 2.54 58 2.19 18
3.89 288 3.55 222 3.21 159 2.87 104 2.53 57 2.18 17
3.88 287 3.54 219 3.20 158 2.86 103 2.52 56 2.16 16
3.87 285 3.53 217 3.19 156 2.85 102 2.51 53 2.15 15
3.86 281 3.52 215 3.18 155 2.84 100 2.50 52 2.14 14
3.85 280 3.51 214 3.17 153 2.83 98 2.49 51 2.13 13
3.84 278 3.50 212 3.16 152 2.82 96 2.48 50 2.12 12
3.83 276 3.49 211 3.15 149 2.81 95 2.47 49 2.11 11
3.82 274 3.48 207 3.14 147 2.80 94 2.46 48 2.09 10
3.81 273 3.47 206 3.13 146 2.79 93 2.45 46 2.08 9
3.80 269 3.46 204 3.12 145 2.78 91 2.44 45 2.07 8
3.79 267 3.45 203 3.11 143 2.77 89 2.43 44 2.06 7
3.78 266 3.44 201 3.10 142 2.76 88 2.42 43 2.04 6
3.77 264 3.43 199 3.09 139 2.75 86 2.41 42 2.02 5
3.76 262 3.42 198 3.08 137 2.74 85 2.40 41 2.00 4
3.75 261 3.41 195 3.07 136 2.73 84 2.39 40 1.99 3
3.74 259 3.40 193 3.06 135 2.72 83 2.38 38 1.97 2
3.73 255 3.39 191 3.05 133 2.71 81 2.37 37 1.95 1
3.72 254 3.38 190 3.04 132 2.70 79 2.36 36
3.71 252 3.37 188 3.03 129 2.69 78 2.35 35
3.70 250 3.36 187 3.02 127 2.68 76 2.34 34
3.69 249 3.35 184 3.01 126 2.67 75 2.33 33
