7.73 1461 7.03 1225 6.33 1002 5.63 792 4.93 597 4.23 419
7.72 1458 7.02 1223 6.32 1000 5.62 790 4.92 595 4.22 417
7.71 1455 7.01 1220 6.31 997 5.61 788 4.91 593 4.21 415
7.70 1453 7.00 1217 6.30 995 5.60 785 4.90 591 4.20 413
7.69 1447 6.99 1212 6.29 990 5.59 781 4.89 587 4.19 409
7.68 1444 6.98 1209 6.28 987 5.58 778 4.88 584 4.18 407
7.67 1441 6.97 1207 6.27 985 5.57 776 4.87 582 4.17 405
7.66 1439 6.96 1204 6.26 982 5.56 774 4.86 580 4.16 404
7.65 1433 6.95 1199 6.25 977 5.55 769 4.85 576 4.15 400
7.64 1430 6.94 1196 6.24 975 5.54 767 4.84 574 4.14 398
7.63 1427 6.93 1194 6.23 972 5.53 764 4.83 571 4.13 396
7.62 1425 6.92 1191 6.22 970 5.52 762 4.82 569 4.12 394
7.61 1419 6.91 1186 6.21 965 5.51 757 4.81 565 4.11 390
7.60 1416 6.90 1183 6.20 962 5.50 755 4.80 563 4.10 388
7.59 1413 6.89 1180 6.19 960 5.49 753 4.79 561 4.09 386
7.58 1411 6.88 1178 6.18 957 5.48 750 4.78 559 4.08 384
7.57 1408 6.87 1175 6.17 955 5.47 748 4.77 556 4.07 382
7.56 1402 6.86 1170 6.16 950 5.46 743 4.76 552 4.06 378
7.55 1400 6.85 1167 6.15 947 5.45 741 4.75 550 4.05 377
7.54 1397 6.84 1164 6.14 945 5.44 739 4.74 548 4.04 375
7.53 1394 6.83 1162 6.13 942 5.43 736 4.73 546 4.03 373
7.52 1389 6.82 1157 6.12 937 5.42 732 4.72 542 4.02 369
7.51 1386 6.81 1154 6.11 935 5.41 729 4.71 540 4.01 367
7.50 1383 6.80 1151 6.10 932 5.40 727 4.70 537 4.00 365
7.49 1380 6.79 1149 6.09 930 5.39 725 4.69 535 3.99 363
7.48 1375 6.78 1143 6.08 925 5.38 720 4.68 531 3.98 360
7.47 1372 6.77 1141 6.07 922 5.37 718 4.67 529 3.97 358
7.46 1369 6.76 1138 6.06 920 5.36 716 4.66 527 3.96 356
7.45 1366 6.75 1136 6.05 918 5.35 713 4.65 525 3.95 354
7.44 1364 6.74 1133 6.04 915 5.34 711 4.64 523 3.94 352
7.43 1358 6.73 1128 6.03 910 5.33 707 4.63 519 3.93 348
7.42 1355 6.72 1125 6.02 908 5.32 704 4.62 516 3.92 346
7.41 1353 6.71 1123 6.01 905 5.31 702 4.61 514 3.91 345
7.40 1350 6.70 1120 6.00 903 5.30 700 4.60 512 3.90 343
7.39 1344 6.69 1115 5.99 898 5.29 695 4.59 508 3.89 339
7.38 1342 6.68 1112 5.98 896 5.28 693 4.58 506 3.88 337
7.37 1339 6.67 1110 5.97 893 5.27 691 4.57 504 3.87 335
7.36 1336 6.66 1107 5.96 891 5.26 688 4.56 502 3.86 333
7.35 1334 6.65 1104 5.95 888 5.25 686 4.55 500 3.85 332
7.34 1328 6.64 1099 5.94 883 5.24 682 4.54 496 3.84 328
7.33 1325 6.63 1097 5.93 881 5.23 679 4.53 494 3.83 326
7.32 1323 6.62 1094 5.92 878 5.22 677 4.52 492 3.82 324
7.31 1320 6.61 1092 5.91 876 5.21 675 4.51 490 3.81 323
7.30 1314 6.60 1086 5.90 871 5.20 670 4.50 485 3.80 319
7.29 1312 6.59 1084 5.89 869 5.19 668 4.49 483 3.79 317
7.28 1309 6.58 1081 5.88 866 5.18 666 4.48 481 3.78 315
7.27 1306 6.57 1079 5.87 864 5.17 664 4.47 479 3.77 313
7.26 1301 6.56 1073 5.86 859 5.16 659 4.46 475 3.76 310
7.25 1298 6.55 1071 5.85 857 5.15 657 4.45 473 3.75 308
7.24 1295 6.54 1068 5.84 854 5.14 655 4.44 471 3.74 306
7.23 1293 6.53 1066 5.83 852 5.13 652 4.43 469 3.73 304
7.22 1290 6.52 1063 5.82 850 5.12 650 4.42 467 3.72 303
7.21 1285 6.51 1058 5.81 845 5.11 646 4.41 463 3.71 299
7.20 1282 6.50 1056 5.80 842 5.10 644 4.40 461 3.70 297
7.19 1279 6.49 1053 5.79 840 5.09 641 4.39 459 3.69 295
7.18 1276 6.48 1050 5.78 838 5.08 639 4.38 457 3.68 294
7.17 1271 6.47 1045 5.77 833 5.07 635 4.37 453 3.67 290
7.16 1268 6.46 1043 5.76 830 5.06 632 4.36 451 3.66 288
7.15 1266 6.45 1040 5.75 828 5.05 630 4.35 449 3.65 287
7.14 1263 6.44 1038 5.74 826 5.04 628 4.34 447 3.64 285
7.13 1258 6.43 1033 5.73 821 5.03 624 4.33 443 3.63 281
7.12 1255 6.42 1030 5.72 818 5.02 621 4.32 441 3.62 280
7.11 1252 6.41 1027 5.71 816 5.01 619 4.31 439 3.61 278
7.10 1250 6.40 1025 5.70 814 5.00 617 4.30 437 3.60 276
7.09 1247 6.39 1022 5.69 811 4.99 615 4.29 435 3.59 274
7.08 1241 6.38 1017 5.68 807 4.98 610 4.28 431 3.58 271
7.07 1239 6.37 1015 5.67 804 4.97 608 4.27 429 3.57 269
7.06 1236 6.36 1012 5.66 802 4.96 606 4.26 427 3.56 267
7.05 1233 6.35 1010 5.65 799 4.95 604 4.25 425 3.55 266
7.04 1228 6.34 1005 5.64 795 4.94 600 4.24 421 3.54 262
3.53 261 3.26 206 2.99 155 2.72 108 2.45 67 2.18 31
3.52 259 3.25 204 2.98 153 2.71 106 2.44 65 2.17 30
3.51 257 3.24 203 2.97 150 2.70 104 2.43 63 2.16 29
3.50 255 3.23 199 2.96 149 2.69 103 2.42 62 2.15 28
3.49 252 3.22 198 2.95 147 2.68 102 2.41 61 2.14 26
3.48 250 3.21 196 2.94 146 2.67 100 2.40 59 2.12 25
3.47 249 3.20 195 2.93 143 2.66 98 2.39 58 2.11 24
3.46 247 3.19 191 2.92 142 2.65 96 2.38 57 2.10 23
3.45 244 3.18 190 2.91 140 2.64 95 2.37 56 2.09 21
3.44 242 3.17 188 2.90 139 2.63 94 2.36 53 2.07 20
3.43 240 3.16 187 2.89 137 2.62 91 2.35 52 2.06 19
3.42 239 3.15 185 2.88 135 2.61 90 2.34 51 2.05 17
3.41 235 3.14 182 2.87 133 2.60 89 2.33 50 2.03 16
3.40 234 3.13 181 2.86 132 2.59 88 2.32 49 2.02 15
3.39 232 3.12 179 2.85 130 2.58 85 2.31 47 2.00 13
3.38 230 3.11 177 2.84 127 2.57 84 2.30 46 1.99 12
3.37 229 3.10 174 2.83 126 2.56 83 2.29 45 1.98 11
3.36 225 3.09 173 2.82 125 2.55 81 2.28 44 1.97 10
3.35 224 3.08 171 2.81 123 2.54 80 2.27 42 1.96 9
3.34 222 3.07 170 2.80 122 2.53 78 2.26 41 1.94 8
3.33 220 3.06 167 2.79 119 2.52 76 2.25 40 1.93 7
3.32 217 3.05 165 2.78 118 2.51 75 2.24 39 1.92 6
3.31 215 3.04 164 2.77 116 2.50 74 2.23 37 1.90 5
3.30 214 3.03 162 2.76 115 2.49 72 2.22 36 1.89 4
3.29 212 3.02 161 2.75 112 2.48 70 2.21 35 1.87 3
3.28 209 3.01 158 2.74 111 2.47 69 2.20 34 1.85 2
3.27 207 3.00 156 2.73 110 2.46 68 2.19 33 1.84 1
