6.25 1461 5.55 1170 4.85 900 4.15 652 3.45 427 2.75 234
6.24 1455 5.54 1167 4.84 898 4.14 648 3.44 425 2.74 232
6.23 1453 5.53 1162 4.83 893 4.13 646 3.43 421 2.73 229
6.22 1447 5.52 1159 4.82 888 4.12 641 3.42 419 2.72 227
6.21 1444 5.51 1154 4.81 886 4.11 639 3.41 415 2.71 224
6.20 1439 5.50 1151 4.80 881 4.10 635 3.40 413 2.70 222
6.19 1436 5.49 1146 4.79 878 4.09 632 3.39 409 2.69 219
6.18 1430 5.48 1143 4.78 874 4.08 628 3.38 407 2.68 215
6.17 1425 5.47 1138 4.77 871 4.07 626 3.37 404 2.67 214
6.16 1422 5.46 1136 4.76 866 4.06 621 3.36 402 2.66 211
6.15 1416 5.45 1130 4.75 864 4.05 619 3.35 398 2.65 209
6.14 1413 5.44 1128 4.74 859 4.04 615 3.34 396 2.64 206
6.13 1408 5.43 1123 4.73 857 4.03 610 3.33 392 2.63 204
6.12 1405 5.42 1120 4.72 852 4.02 608 3.32 390 2.62 201
6.11 1400 5.41 1115 4.71 850 4.01 604 3.31 386 2.61 199
6.10 1397 5.40 1112 4.70 845 4.00 602 3.30 384 2.60 196
6.09 1391 5.39 1107 4.69 842 3.99 597 3.29 380 2.59 195
6.08 1389 5.38 1104 4.68 838 3.98 595 3.28 378 2.58 191
6.07 1383 5.37 1099 4.67 835 3.97 591 3.27 375 2.57 190
6.06 1380 5.36 1094 4.66 830 3.96 589 3.26 373 2.56 187
6.05 1375 5.35 1092 4.65 828 3.95 584 3.25 369 2.55 185
6.04 1372 5.34 1086 4.64 823 3.94 582 3.24 367 2.54 182
6.03 1366 5.33 1084 4.63 821 3.93 578 3.23 363 2.53 181
6.02 1364 5.32 1079 4.62 816 3.92 576 3.22 360 2.52 177
6.01 1358 5.31 1076 4.61 814 3.91 571 3.21 358 2.51 176
6.00 1355 5.30 1071 4.60 809 3.90 569 3.20 354 2.50 173
5.99 1350 5.29 1068 4.59 807 3.89 565 3.19 352 2.49 171
5.98 1347 5.28 1063 4.58 802 3.88 563 3.18 348 2.48 168
5.97 1342 5.27 1061 4.57 799 3.87 559 3.17 346 2.47 167
5.96 1339 5.26 1056 4.56 795 3.86 556 3.16 343 2.46 164
5.95 1334 5.25 1053 4.55 790 3.85 552 3.15 341 2.45 162
5.94 1331 5.24 1048 4.54 788 3.84 550 3.14 337 2.44 159
5.93 1325 5.23 1045 4.53 783 3.83 546 3.13 335 2.43 158
5.92 1323 5.22 1040 4.52 781 3.82 544 3.12 332 2.42 155
5.91 1317 5.21 1038 4.51 776 3.81 540 3.11 330 2.41 152
5.90 1312 5.20 1033 4.50 774 3.80 537 3.10 326 2.40 150
5.89 1309 5.19 1030 4.49 769 3.79 533 3.09 324 2.39 147
5.88 1304 5.18 1025 4.48 767 3.78 531 3.08 321 2.38 146
5.87 1301 5.17 1022 4.47 762 3.77 527 3.07 319 2.37 143
5.86 1295 5.16 1017 4.46 760 3.76 523 3.06 315 2.36 142
5.85 1293 5.15 1015 4.45 755 3.75 521 3.05 313 2.35 139
5.84 1287 5.14 1010 4.44 753 3.74 516 3.04 310 2.34 137
5.83 1285 5.13 1007 4.43 748 3.73 514 3.03 308 2.33 135
5.82 1279 5.12 1002 4.42 746 3.72 510 3.02 304 2.32 133
5.81 1276 5.11 1000 4.41 741 3.71 508 3.01 303 2.31 130
5.80 1271 5.10 995 4.40 739 3.70 504 3.00 299 2.30 129
5.79 1268 5.09 990 4.39 734 3.69 502 2.99 297 2.29 126
5.78 1263 5.08 987 4.38 732 3.68 498 2.98 294 2.28 125
5.77 1260 5.07 982 4.37 727 3.67 496 2.97 292 2.27 122
5.76 1255 5.06 980 4.36 725 3.66 492 2.96 288 2.26 121
5.75 1252 5.05 975 4.35 720 3.65 490 2.95 285 2.25 118
5.74 1247 5.04 972 4.34 718 3.64 485 2.94 283 2.24 116
5.73 1244 5.03 967 4.33 713 3.63 483 2.93 280 2.23 114
5.72 1239 5.02 965 4.32 711 3.62 479 2.92 278 2.22 112
5.71 1236 5.01 960 4.31 707 3.61 477 2.91 274 2.21 110
5.70 1231 5.00 957 4.30 702 3.60 473 2.90 273 2.20 108
5.69 1228 4.99 952 4.29 700 3.59 471 2.89 269 2.19 106
5.68 1223 4.98 950 4.28 695 3.58 467 2.88 267 2.18 104
5.67 1220 4.97 945 4.27 693 3.57 465 2.87 264 2.17 102
5.66 1215 4.96 942 4.26 688 3.56 461 2.86 262 2.16 100
5.65 1212 4.95 937 4.25 686 3.55 459 2.85 259 2.15 98
5.64 1207 4.94 935 4.24 682 3.54 455 2.84 257 2.14 95
5.63 1201 4.93 930 4.23 679 3.53 453 2.83 254 2.13 94
5.62 1199 4.92 927 4.22 675 3.52 449 2.82 252 2.12 91
5.61 1194 4.91 922 4.21 673 3.51 447 2.81 249 2.11 90
5.60 1191 4.90 920 4.20 668 3.50 443 2.80 247 2.10 88
5.59 1186 4.89 915 4.19 666 3.49 439 2.79 244 2.09 86
5.58 1183 4.88 913 4.18 661 3.48 437 2.78 242 2.08 84
5.57 1178 4.87 908 4.17 659 3.47 433 2.77 239 2.07 83
5.56 1175 4.86 905 4.16 655 3.46 431 2.76 237 2.06 80
2.05 79 1.96 62 1.87 47 1.78 34 1.69 21 1.57 8
2.04 76 1.95 61 1.86 46 1.77 32 1.68 20 1.55 6
2.03 75 1.94 59 1.85 44 1.76 31 1.67 19 1.54 5
2.02 73 1.93 58 1.84 43 1.75 29 1.66 18 1.53 4
2.01 72 1.92 56 1.83 41 1.74 28 1.64 16 1.51 3
2.00 69 1.91 54 1.82 40 1.73 26 1.63 14 1.50 2
1.99 68 1.90 52 1.81 38 1.72 25 1.62 13 1.49 1
1.98 66 1.89 51 1.80 37 1.71 24 1.61 12
1.97 65 1.88 49 1.79 35 1.70 23 1.59 10
