5.76 1461 5.06 1146 4.36 857 3.66 593 2.96 358 2.26 162
5.75 1455 5.05 1143 4.35 852 3.65 589 2.95 356 2.25 159
5.74 1453 5.04 1138 4.34 850 3.64 584 2.94 352 2.24 158
5.73 1447 5.03 1136 4.33 845 3.63 582 2.93 348 2.23 155
5.72 1441 5.02 1130 4.32 842 3.62 578 2.92 346 2.22 152
5.71 1439 5.01 1125 4.31 838 3.61 576 2.91 343 2.21 150
5.70 1433 5.00 1123 4.30 833 3.60 571 2.90 339 2.20 147
5.69 1427 4.99 1117 4.29 830 3.59 567 2.89 337 2.19 145
5.68 1425 4.98 1112 4.28 826 3.58 565 2.88 333 2.18 143
5.67 1419 4.97 1110 4.27 821 3.57 561 2.87 332 2.17 140
5.66 1413 4.96 1104 4.26 818 3.56 556 2.86 328 2.16 139
5.65 1411 4.95 1099 4.25 814 3.55 554 2.85 324 2.15 136
5.64 1405 4.94 1097 4.24 809 3.54 550 2.84 323 2.14 133
5.63 1400 4.93 1092 4.23 807 3.53 546 2.83 319 2.13 132
5.62 1397 4.92 1086 4.22 802 3.52 544 2.82 315 2.12 129
5.61 1391 4.91 1084 4.21 797 3.51 540 2.81 313 2.11 126
5.60 1386 4.90 1079 4.20 795 3.50 535 2.80 310 2.10 125
5.59 1383 4.89 1073 4.19 790 3.49 533 2.79 306 2.09 122
5.58 1377 4.88 1071 4.18 785 3.48 529 2.78 304 2.08 119
5.57 1375 4.87 1066 4.17 783 3.47 525 2.77 301 2.07 118
5.56 1369 4.86 1063 4.16 778 3.46 523 2.76 297 2.06 115
5.55 1364 4.85 1058 4.15 776 3.45 519 2.75 295 2.05 112
5.54 1361 4.84 1053 4.14 771 3.44 514 2.74 292 2.04 111
5.53 1355 4.83 1050 4.13 767 3.43 512 2.73 288 2.03 108
5.52 1350 4.82 1045 4.12 764 3.42 508 2.72 287 2.02 106
5.51 1347 4.81 1040 4.11 760 3.41 506 2.71 283 2.01 104
5.50 1342 4.80 1038 4.10 755 3.40 502 2.70 281 2.00 102
5.49 1336 4.79 1033 4.09 753 3.39 498 2.69 278 1.99 99
5.48 1334 4.78 1027 4.08 748 3.38 496 2.68 274 1.98 98
5.47 1328 4.77 1025 4.07 743 3.37 492 2.67 273 1.97 95
5.46 1323 4.76 1020 4.06 741 3.36 487 2.66 269 1.96 94
5.45 1320 4.75 1015 4.05 736 3.35 485 2.65 266 1.95 91
5.44 1314 4.74 1012 4.04 732 3.34 481 2.64 264 1.94 89
5.43 1309 4.73 1007 4.03 729 3.33 477 2.63 261 1.93 88
5.42 1306 4.72 1002 4.02 725 3.32 475 2.62 257 1.92 85
5.41 1301 4.71 1000 4.01 720 3.31 471 2.61 255 1.91 83
5.40 1298 4.70 995 4.00 718 3.30 467 2.60 252 1.90 81
5.39 1293 4.69 992 3.99 713 3.29 465 2.59 249 1.89 79
5.38 1287 4.68 987 3.98 709 3.28 461 2.58 247 1.88 76
5.37 1285 4.67 982 3.97 707 3.27 457 2.57 244 1.87 75
5.36 1279 4.66 980 3.96 702 3.26 455 2.56 240 1.86 73
5.35 1274 4.65 975 3.95 700 3.25 451 2.55 239 1.85 70
5.34 1271 4.64 970 3.94 695 3.24 449 2.54 235 1.84 69
5.33 1266 4.63 967 3.93 691 3.23 445 2.53 232 1.83 67
5.32 1260 4.62 962 3.92 688 3.22 441 2.52 230 1.82 65
5.31 1258 4.61 957 3.91 684 3.21 439 2.51 227 1.81 63
5.30 1252 4.60 955 3.90 679 3.20 435 2.50 225 1.80 61
5.29 1247 4.59 950 3.89 677 3.19 431 2.49 222 1.79 60
5.28 1244 4.58 945 3.88 673 3.18 429 2.48 219 1.78 58
5.27 1239 4.57 942 3.87 668 3.17 425 2.47 217 1.77 56
5.26 1233 4.56 937 3.86 666 3.16 421 2.46 214 1.76 54
5.25 1231 4.55 932 3.85 661 3.15 419 2.45 211 1.75 52
5.24 1225 4.54 930 3.84 657 3.14 415 2.44 209 1.74 50
5.23 1223 4.53 925 3.83 655 3.13 411 2.43 206 1.73 49
5.22 1217 4.52 920 3.82 650 3.12 409 2.42 203 1.72 47
5.21 1212 4.51 918 3.81 646 3.11 405 2.41 201 1.71 45
5.20 1209 4.50 913 3.80 644 3.10 402 2.40 198 1.70 44
5.19 1204 4.49 910 3.79 639 3.09 400 2.39 195 1.69 42
5.18 1199 4.48 905 3.78 637 3.08 396 2.38 193 1.68 40
5.17 1196 4.47 900 3.77 632 3.07 392 2.37 190 1.67 39
5.16 1191 4.46 898 3.76 628 3.06 390 2.36 187 1.66 37
5.15 1186 4.45 893 3.75 626 3.05 386 2.35 185 1.65 35
5.14 1183 4.44 888 3.74 621 3.04 384 2.34 182 1.64 34
5.13 1178 4.43 886 3.73 617 3.03 380 2.33 181 1.63 32
5.12 1172 4.42 881 3.72 615 3.02 377 2.32 177 1.62 31
5.11 1170 4.41 876 3.71 610 3.01 375 2.31 174 1.61 29
5.10 1164 4.40 874 3.70 606 3.00 371 2.30 173 1.60 27
5.09 1159 4.39 869 3.69 604 2.99 367 2.29 170 1.59 26
5.08 1157 4.38 864 3.68 600 2.98 365 2.28 167 1.58 25
5.07 1151 4.37 862 3.67 595 2.97 361 2.27 165 1.57 23
1.56 22 1.52 16 1.48 11 1.44 7 1.39 3
1.55 20 1.51 15 1.47 10 1.43 6 1.38 2
1.54 19 1.50 14 1.46 9 1.42 5 1.37 1
1.53 18 1.49 13 1.45 8 1.41 4
