4.28 1458 3.73 1128 3.18 823 2.63 548 2.08 308 1.53 115
4.27 1453 3.72 1123 3.17 818 2.62 544 2.07 304 1.52 111
4.26 1444 3.71 1117 3.16 814 2.61 540 2.06 301 1.51 108
4.25 1439 3.70 1110 3.15 807 2.60 535 2.05 297 1.50 106
4.24 1433 3.69 1104 3.14 802 2.59 529 2.04 294 1.49 103
4.23 1427 3.68 1099 3.13 797 2.58 525 2.03 288 1.48 99
4.22 1422 3.67 1094 3.12 792 2.57 521 2.02 285 1.47 96
4.21 1413 3.66 1086 3.11 788 2.56 516 2.01 281 1.46 94
4.20 1408 3.65 1081 3.10 781 2.55 512 2.00 278 1.45 91
4.19 1402 3.64 1076 3.09 776 2.54 506 1.99 273 1.44 89
4.18 1397 3.63 1071 3.08 771 2.53 502 1.98 269 1.43 85
4.17 1389 3.62 1066 3.07 767 2.52 498 1.97 266 1.42 83
4.16 1383 3.61 1058 3.06 762 2.51 494 1.96 262 1.41 80
4.15 1377 3.60 1053 3.05 755 2.50 487 1.95 259 1.40 78
4.14 1372 3.59 1048 3.04 750 2.49 483 1.94 254 1.39 74
4.13 1366 3.58 1043 3.03 746 2.48 479 1.93 250 1.38 72
4.12 1358 3.57 1038 3.02 741 2.47 475 1.92 247 1.37 69
4.11 1353 3.56 1030 3.01 734 2.46 471 1.91 244 1.36 67
4.10 1347 3.55 1025 3.00 729 2.45 465 1.90 240 1.35 65
4.09 1342 3.54 1020 2.99 725 2.44 461 1.89 235 1.34 61
4.08 1336 3.53 1015 2.98 720 2.43 457 1.88 232 1.33 59
4.07 1328 3.52 1007 2.97 716 2.42 453 1.87 229 1.32 57
4.06 1323 3.51 1002 2.96 709 2.41 449 1.86 225 1.31 54
4.05 1317 3.50 997 2.95 704 2.40 443 1.85 220 1.30 52
4.04 1312 3.49 992 2.94 700 2.39 439 1.84 217 1.29 49
4.03 1304 3.48 987 2.93 695 2.38 435 1.83 214 1.28 47
4.02 1298 3.47 980 2.92 691 2.37 431 1.82 211 1.27 45
4.01 1293 3.46 975 2.91 684 2.36 425 1.81 207 1.26 43
4.00 1287 3.45 970 2.90 679 2.35 421 1.80 203 1.25 40
3.99 1282 3.44 965 2.89 675 2.34 417 1.79 199 1.24 38
3.98 1274 3.43 960 2.88 670 2.33 413 1.78 196 1.23 36
3.97 1268 3.42 952 2.87 664 2.32 409 1.77 193 1.22 34
3.96 1263 3.41 947 2.86 659 2.31 404 1.76 188 1.21 32
3.95 1258 3.40 942 2.85 655 2.30 400 1.75 185 1.20 29
3.94 1252 3.39 937 2.84 650 2.29 396 1.74 182 1.19 27
3.93 1244 3.38 930 2.83 646 2.28 392 1.73 179 1.18 25
3.92 1239 3.37 925 2.82 639 2.27 386 1.72 176 1.17 24
3.91 1233 3.36 920 2.81 635 2.26 382 1.71 171 1.16 22
3.90 1228 3.35 915 2.80 630 2.25 378 1.70 168 1.15 20
3.89 1220 3.34 910 2.79 626 2.24 375 1.69 165 1.14 18
3.88 1215 3.33 903 2.78 619 2.23 371 1.68 162 1.13 16
3.87 1209 3.32 898 2.77 615 2.22 365 1.67 159 1.12 15
3.86 1204 3.31 893 2.76 610 2.21 361 1.66 155 1.11 13
3.85 1199 3.30 888 2.75 606 2.20 358 1.65 152 1.10 11
3.84 1191 3.29 881 2.74 602 2.19 354 1.64 149 1.09 10
3.83 1186 3.28 876 2.73 595 2.18 350 1.63 146 1.08 8
3.82 1180 3.27 871 2.72 591 2.17 345 1.62 142 1.07 7
3.81 1175 3.26 866 2.71 587 2.16 341 1.61 139 1.06 5
3.80 1170 3.25 862 2.70 582 2.15 337 1.60 136 1.05 4
3.79 1162 3.24 854 2.69 578 2.14 333 1.59 133 1.04 3
3.78 1157 3.23 850 2.68 571 2.13 328 1.58 130 1.03 2
3.77 1151 3.22 845 2.67 567 2.12 324 1.57 126 1.02 1
3.76 1146 3.21 840 2.66 563 2.11 321 1.56 123
3.75 1138 3.20 835 2.65 559 2.10 317 1.55 121
3.74 1133 3.19 828 2.64 552 2.09 313 1.54 118
