3.30 1461 2.88 1133 2.46 830 2.04 556 1.62 317 1.20 123
3.29 1453 2.87 1125 2.45 823 2.03 550 1.61 313 1.19 119
3.28 1444 2.86 1117 2.44 816 2.02 544 1.60 308 1.18 115
3.27 1436 2.85 1110 2.43 809 2.01 540 1.59 303 1.17 111
3.26 1427 2.84 1102 2.42 802 2.00 533 1.58 297 1.16 107
3.25 1419 2.83 1094 2.41 797 1.99 527 1.57 292 1.15 103
3.24 1411 2.82 1089 2.40 790 1.98 521 1.56 287 1.14 99
3.23 1402 2.81 1081 2.39 783 1.97 514 1.55 281 1.13 95
3.22 1397 2.80 1073 2.38 776 1.96 508 1.54 276 1.12 93
3.21 1389 2.79 1066 2.37 769 1.95 502 1.53 273 1.11 89
3.20 1380 2.78 1058 2.36 762 1.94 496 1.52 267 1.10 85
3.19 1372 2.77 1050 2.35 755 1.93 492 1.51 262 1.09 81
3.18 1364 2.76 1043 2.34 748 1.92 485 1.50 257 1.08 78
3.17 1355 2.75 1035 2.33 743 1.91 479 1.49 252 1.07 74
3.16 1347 2.74 1030 2.32 736 1.90 473 1.48 247 1.06 70
3.15 1339 2.73 1022 2.31 729 1.89 467 1.47 242 1.05 67
3.14 1334 2.72 1015 2.30 723 1.88 461 1.46 237 1.04 65
3.13 1325 2.71 1007 2.29 716 1.87 455 1.45 234 1.03 61
3.12 1317 2.70 1000 2.28 709 1.86 449 1.44 229 1.02 58
3.11 1309 2.69 992 2.27 702 1.85 445 1.43 224 1.01 54
3.10 1301 2.68 985 2.26 695 1.84 439 1.42 219 1.00 51
3.09 1293 2.67 977 2.25 691 1.83 433 1.41 214 0.99 48
3.08 1285 2.66 972 2.24 684 1.82 427 1.40 209 0.98 45
3.07 1276 2.65 965 2.23 677 1.81 421 1.39 204 0.97 42
3.06 1271 2.64 957 2.22 670 1.80 415 1.38 199 0.96 40
3.05 1263 2.63 950 2.21 664 1.79 409 1.37 196 0.95 37
3.04 1255 2.62 942 2.20 657 1.78 404 1.36 191 0.94 34
3.03 1247 2.61 935 2.19 650 1.77 400 1.35 187 0.93 31
3.02 1239 2.60 927 2.18 644 1.76 394 1.34 182 0.92 28
3.01 1231 2.59 920 2.17 639 1.75 388 1.33 177 0.91 25
3.00 1223 2.58 915 2.16 632 1.74 382 1.32 173 0.90 23
2.99 1215 2.57 908 2.15 626 1.73 377 1.31 168 0.89 20
2.98 1209 2.56 900 2.14 619 1.72 371 1.30 164 0.88 19
2.97 1201 2.55 893 2.13 613 1.71 365 1.29 161 0.87 16
2.96 1194 2.54 886 2.12 606 1.70 360 1.28 156 0.86 14
2.95 1186 2.53 878 2.11 600 1.69 356 1.27 152 0.85 12
2.94 1178 2.52 871 2.10 593 1.68 350 1.26 147 0.84 10
2.93 1170 2.51 864 2.09 589 1.67 345 1.25 143 0.83 8
2.92 1162 2.50 859 2.08 582 1.66 339 1.24 139 0.82 6
2.91 1154 2.49 852 2.07 576 1.65 333 1.23 135 0.81 4
2.90 1149 2.48 845 2.06 569 1.64 328 1.22 130 0.80 3
2.89 1141 2.47 838 2.05 563 1.63 323 1.21 126 0.79 2
