9.49 1461
9.48 1458
9.47 1455
9.46 1453
9.45 1450
9.44 1447
9.43 1444
9.42 1441
9.41 1439
9.40 1436
9.39 1433
9.38 1430
9.37 1427
9.36 1425
9.35 1422
9.34 1419
9.33 1416
9.32 1413
9.31 1411
9.30 1408
9.29 1405
9.28 1402
9.27 1400
9.26 1397
9.25 1394
9.24 1391
9.23 1389
9.22 1386
9.21 1383
9.20 1380
9.19 1377
9.18 1375
9.17 1372
9.16 1369
9.15 1366
9.14 1364
9.13 1361
9.12 1358
9.11 1355
9.10 1353
9.09 1350
9.08 1347
9.07 1344
9.06 1342
9.05 1339
9.04 1336
9.03 1334
9.02 1331
9.01 1328
9.00 1325

8.99 1323
8.98 1320
8.97 1317
8.96 1314
8.95 1312
8.94 1309
8.93 1306
8.92 1304
8.91 1301
8.90 1298
8.89 1295
8.88 1293
8.87 1290
8.86 1287
8.85 1285
8.84 1282
8.83 1279
8.82 1276
8.81 1274
8.80 1271
8.79 1268
8.78 1266
8.77 1263
8.76 1260
8.75 1258
8.74 1255
8.73 1252
8.72 1250
8.71 1247
8.70 1244
8.69 1241
8.68 1239
8.67 1236
8.66 1233
8.65 1231
8.64 1228
8.63 1225
8.62 1223
8.61 1220
8.60 1217
8.59 1215
8.58 1212
8.57 1209
8.56 1207
8.55 1204
8.54 1201
8.53 1199
8.52 1196
8.51 1194
8.50 1191

8.49 1188
8.48 1186
8.47 1183
8.46 1180
8.45 1178
8.44 1175
8.43 1172
8.42 1170
8.41 1167
8.40 1164
8.39 1162
8.38 1159
8.37 1157
8.36 1154
8.35 1151
8.34 1149
8.33 1146
8.32 1143
8.31 1141
8.30 1138
8.29 1136
8.28 1133
8.27 1130
8.26 1128
8.25 1125
8.24 1123
8.23 1120
8.22 1117
8.21 1115
8.20 1112
8.19 1110
8.18 1107
8.17 1104
8.16 1102
8.15 1099
8.14 1097
8.13 1094
8.12 1092
8.11 1089
8.10 1086
8.09 1084
8.08 1081
8.07 1079
8.06 1076
8.05 1073
8.04 1071
8.03 1068
8.02 1066
8.01 1063
8.00 1061

7.99 1058
7.98 1056
7.97 1053
7.96 1050
7.95 1048
7.94 1045
7.93 1043
7.92 1040
7.91 1038
7.90 1035
7.89 1033
7.88 1030
7.87 1027
7.86 1025
7.85 1022
7.84 1020
7.83 1017
7.82 1015
7.81 1012
7.80 1010
7.79 1007
7.78 1005
7.77 1002
7.76 1000
7.75 997
7.74 995
7.73 992
7.72 990
7.71 987
7.70 985
7.69 982
7.68 980
7.67 977
7.66 975
7.65 972
7.64 970
7.63 967
7.62 965
7.61 962
7.60 960
7.59 957
7.58 955
7.57 952
7.56 950
7.55 947
7.54 945
7.53 942
7.52 940
7.51 937
7.50 935

7.49 932
7.48 930
7.47 927
7.46 925
7.45 922
7.44 920
7.43 918
7.42 915
7.41 913
7.40 910
7.39 908
7.38 905
7.37 903
7.36 900
7.35 898
7.34 896
7.33 893
7.32 891
7.31 888
7.30 886
7.29 883
7.28 881
7.27 878
7.26 876
7.25 874
7.24 871
7.23 869
7.22 866
7.21 864
7.20 862
7.19 859
7.18 857
7.17 854
7.16 852
7.15 850
7.14 847
7.13 845
7.12 842
7.11 840
7.10 838
7.09 835
7.08 833
7.07 830
7.06 828
7.05 826
7.04 823
7.03 821
7.02 818
7.01 816
7.00 814
6.99 811
6.98 809
6.97 807
6.96 804
6.95 802
6.94 799
6.93 797
6.92 795
6.91 792
6.90 790
6.89 788
6.88 785
6.87 783
6.86 781
6.85 778
6.84 776
6.83 774
6.82 771
6.81 769
6.80 767
6.79 764
6.78 762
6.77 760
6.76 757
6.75 755
6.74 753
6.73 750
6.72 748
6.71 746
6.70 743
6.69 741
6.68 739
6.67 736
6.66 734
6.65 732
6.64 729
6.63 727
6.62 725
6.61 723
6.60 720
6.59 718
6.58 716
6.57 713
6.56 711
6.55 709
6.54 707
6.53 704
6.52 702
6.51 700
6.50 697

6.49 695
6.48 693
6.47 691
6.46 688
6.45 686
6.44 684
6.43 682
6.42 679
6.41 677
6.40 675
6.39 673
6.38 670
6.37 668
6.36 666
6.35 664
6.34 661
6.33 659
6.32 657
6.31 655
6.30 652
6.29 650
6.28 648
6.27 646
6.26 644
6.25 641
6.24 639
6.23 637
6.22 635
6.21 632
6.20 630
6.19 628
6.18 626
6.17 624
6.16 621
6.15 619
6.14 617
6.13 615
6.12 613
6.11 610
6.10 608
6.09 606
6.08 604
6.07 602
6.06 600
6.05 597
6.04 595
6.03 593
6.02 591
6.01 589
6.00 587

5.99 584
5.98 582
5.97 580
5.96 578
5.95 576
5.94 574
5.93 571
5.92 569
5.91 567
5.90 565
5.89 563
5.88 561
5.87 559
5.86 556
5.85 554
5.84 552
5.83 550
5.82 548
5.81 546
5.80 544
5.79 542
5.78 540
5.77 537
5.76 535
5.75 533
5.74 531
5.73 529
5.72 527
5.71 525
5.70 523
5.69 521
5.68 519
5.67 516
5.66 514
5.65 512
5.64 510
5.63 508
5.62 506
5.61 504
5.60 502
5.59 500
5.58 498
5.57 496
5.56 494
5.55 492
5.54 490
5.53 487
5.52 485
5.51 483
5.50 481

5.49 479
5.48 477
5.47 475
5.46 473
5.45 471
5.44 469
5.43 467
5.42 465
5.41 463
5.40 461
5.39 459
5.38 457
5.37 455
5.36 453
5.35 451
5.34 449
5.33 447
5.32 445
5.31 443
5.30 441
5.29 439
5.28 437
5.27 435
5.26 433
5.25 431
5.24 429
5.23 427
5.22 425
5.21 423
5.20 421
5.19 419
5.18 417
5.17 415
5.16 413
5.15 411
5.14 409
5.13 407
5.12 405
5.11 404
5.10 402
5.09 400
5.08 398
5.07 396
5.06 394
5.05 392
5.04 390
5.03 388
5.02 386
5.01 384
5.00 382
4.99 380
4.98 378
4.97 377
4.96 375
4.95 373
4.94 371
4.93 369
4.92 367
4.91 365
4.90 363
4.89 361
4.88 360
4.87 358
4.86 356
4.85 354
4.84 352
4.83 350
4.82 348
4.81 346
4.80 345
4.79 343
4.78 341
4.77 339
4.76 337
4.75 335
4.74 333
4.73 332
4.72 330
4.71 328
4.70 326
4.69 324
4.68 323
4.67 321
4.66 319
4.65 317
4.64 315
4.63 313
4.62 312
4.61 310
4.60 308
4.59 306
4.58 304
4.57 303
4.56 301
4.55 299
4.54 297
4.53 295
4.52 294
4.51 292
4.50 290
4.49 288
4.48 287
4.47 285
4.46 283
4.45 281
4.44 280
4.43 278
4.42 276
4.41 274
4.40 273
4.39 271
4.38 269
4.37 267
4.36 266
4.35 264
4.34 262
4.33 261
4.32 259
4.31 257
4.30 255
4.29 254
4.28 252
4.27 250
4.26 249
4.25 247
4.24 245
4.23 244
4.22 242
4.21 240
4.20 239
4.19 237
4.18 235
4.17 234
4.16 232
4.15 230
4.14 229
4.13 227
4.12 225
4.11 224
4.10 222
4.09 220
4.08 219
4.07 217
4.06 215
4.05 214
4.04 212
4.03 211
4.02 209
4.01 207
4.00 206
3.99 204
3.98 203
3.97 201
3.96 199
3.95 198
3.94 196
3.93 195
3.92 193
3.91 191
3.90 190
3.89 188
3.88 187
3.87 185
3.86 184
3.85 182
3.84 181
3.83 179
3.82 177
3.81 176
3.80 174
3.79 173
3.78 171
3.77 170
3.76 168
3.75 167
3.74 165
3.73 164
3.72 162
3.71 161
3.70 159
3.69 158
3.68 156
3.67 155
3.66 153
3.65 152
3.64 150
3.63 149
3.62 147
3.61 146
3.60 145
3.59 143
3.58 142
3.57 140
3.56 139
3.55 137
3.54 136
3.53 135
3.52 133
3.51 132
3.50 130
3.49 129
3.48 127
3.47 126
3.46 125
3.45 123
3.44 122
3.43 121
3.42 119
3.41 118
3.40 116
3.39 115
3.38 114
3.37 112
3.36 111
3.35 110
3.34 108
3.33 107
3.32 106
3.31 104
3.30 103
3.29 102
3.28 100
3.27 99
3.26 98
3.25 96
3.24 95
3.23 94
3.22 93
3.21 91
3.20 90
3.19 89
3.18 88
3.17 86
3.16 85
3.15 84
3.14 83
3.13 81
3.12 80
3.11 79
3.10 78
3.09 76
3.08 75
3.07 74
3.06 73
3.05 72
3.04 70
3.03 69
3.02 68
3.01 67
3.00 66
2.99 65
2.98 63
2.97 62
2.96 61
2.95 60
2.94 59
2.93 58
2.92 57
2.91 56
2.90 54
2.89 53
2.88 52
2.87 51
2.86 50
2.85 49
2.84 48
2.83 47
2.82 46
2.81 45
2.80 44
2.79 43
2.78 42
2.77 41
2.76 40
2.75 39
2.74 38
2.73 37
2.72 36
2.71 35
2.70 34
2.69 33
2.68 32
2.67 31
2.66 30
2.65 29
2.64 28
2.63 27
2.62 26
2.60 25
2.59 24
2.58 23
2.57 22
2.56 21
2.54 20
2.53 19
2.52 18
2.51 17
2.49 16
2.48 15
2.47 14
2.45 13
2.44 12
2.43 11
2.41 10
2.40 9
2.38 8
2.37 7
2.35 6
2.33 5
2.31 4
2.29 3
2.27 2
2.25 1
