12.59 1249 13.33 1149 14.06 1053 14.80 962 15.53 874 16.27 790
12.60 1248 13.34 1148 14.07 1052 14.81 960 15.54 873 16.28 789
12.61 1246 13.35 1146 14.08 1051 14.82 959 15.55 871 16.29 788
12.62 1245 13.36 1145 14.09 1049 14.83 958 15.56 870 16.30 787
12.63 1243 13.37 1144 14.10 1048 14.84 957 15.57 869 16.31 785
12.64 1242 13.38 1142 14.11 1047 14.85 955 15.58 868 16.32 784
12.66 1240 13.39 1141 14.12 1045 14.86 954 15.59 867 16.33 783
12.67 1239 13.40 1139 14.14 1044 14.87 953 15.60 865 16.34 782
12.68 1237 13.41 1138 14.15 1043 14.88 951 15.62 864 16.35 781
12.69 1236 13.42 1137 14.16 1041 14.89 950 15.63 863 16.36 780
12.70 1235 13.43 1135 14.17 1040 14.90 949 15.64 862 16.37 778
12.71 1233 13.44 1134 14.18 1039 14.91 948 15.65 860 16.38 777
12.72 1232 13.45 1133 14.19 1037 14.92 946 15.66 859 16.39 776
12.73 1230 13.46 1131 14.20 1036 14.93 945 15.67 858 16.40 775
12.74 1229 13.47 1130 14.21 1035 14.94 944 15.68 857 16.41 774
12.75 1227 13.48 1128 14.22 1033 14.95 942 15.69 856 16.42 773
12.76 1226 13.49 1127 14.23 1032 14.96 941 15.70 854 16.43 772
12.77 1224 13.51 1126 14.24 1031 14.98 940 15.71 853 16.44 770
12.78 1223 13.52 1124 14.25 1029 14.99 939 15.72 852 16.46 769
12.79 1222 13.53 1123 14.26 1028 15.00 937 15.73 851 16.47 768
12.80 1220 13.54 1121 14.27 1027 15.01 936 15.74 850 16.48 767
12.81 1219 13.55 1120 14.28 1025 15.02 935 15.75 848 16.49 766
12.82 1217 13.56 1119 14.29 1024 15.03 934 15.76 847 16.50 765
12.83 1216 13.57 1117 14.30 1023 15.04 932 15.77 846 16.51 763
12.84 1214 13.58 1116 14.31 1022 15.05 931 15.78 845 16.52 762
12.85 1213 13.59 1115 14.32 1020 15.06 930 15.79 843 16.53 761
12.87 1212 13.60 1113 14.33 1019 15.07 929 15.80 842 16.54 760
12.88 1210 13.61 1112 14.35 1018 15.08 927 15.81 841 16.55 759
12.89 1209 13.62 1110 14.36 1016 15.09 926 15.83 840 16.56 758
12.90 1207 13.63 1109 14.37 1015 15.10 925 15.84 839 16.57 757
12.91 1206 13.64 1108 14.38 1014 15.11 924 15.85 837 16.58 755
12.92 1204 13.65 1106 14.39 1012 15.12 922 15.86 836 16.59 754
12.93 1203 13.66 1105 14.40 1011 15.13 921 15.87 835 16.60 753
12.94 1201 13.67 1104 14.41 1010 15.14 920 15.88 834 16.61 752
12.95 1200 13.68 1102 14.42 1008 15.15 918 15.89 833 16.62 751
12.96 1199 13.69 1101 14.43 1007 15.16 917 15.90 831 16.63 750
12.97 1197 13.70 1099 14.44 1006 15.17 916 15.91 830 16.64 749
12.98 1196 13.72 1098 14.45 1004 15.19 915 15.92 829 16.65 747
12.99 1194 13.73 1097 14.46 1003 15.20 913 15.93 828 16.67 746
13.00 1193 13.74 1095 14.47 1002 15.21 912 15.94 827 16.68 745
13.01 1192 13.75 1094 14.48 1000 15.22 911 15.95 825 16.69 744
13.02 1190 13.76 1093 14.49 999 15.23 910 15.96 824 16.70 743
13.03 1189 13.77 1091 14.50 998 15.24 908 15.97 823 16.71 742
13.04 1187 13.78 1090 14.51 997 15.25 907 15.98 822 16.72 741
13.05 1186 13.79 1089 14.52 995 15.26 906 15.99 821 16.73 740
13.06 1184 13.80 1087 14.53 994 15.27 905 16.00 820 16.74 738
13.07 1183 13.81 1086 14.54 993 15.28 903 16.01 818 16.75 737
13.09 1182 13.82 1084 14.56 991 15.29 902 16.02 817 16.76 736
13.10 1180 13.83 1083 14.57 990 15.30 901 16.04 816 16.77 735
13.11 1179 13.84 1082 14.58 989 15.31 900 16.05 815 16.78 734
13.12 1177 13.85 1080 14.59 987 15.32 899 16.06 814 16.79 733
13.13 1176 13.86 1079 14.60 986 15.33 897 16.07 812 16.80 732
13.14 1175 13.87 1078 14.61 985 15.34 896 16.08 811 16.81 730
13.15 1173 13.88 1076 14.62 984 15.35 895 16.09 810 16.82 729
13.16 1172 13.89 1075 14.63 982 15.36 894 16.10 809 16.83 728
13.17 1170 13.90 1074 14.64 981 15.37 892 16.11 808 16.84 727
13.18 1169 13.91 1072 14.65 980 15.38 891 16.12 807 16.85 726
13.19 1167 13.93 1071 14.66 978 15.39 890 16.13 805 16.86 725
13.20 1166 13.94 1070 14.67 977 15.41 889 16.14 804 16.88 724
13.21 1165 13.95 1068 14.68 976 15.42 887 16.15 803 16.89 723
13.22 1163 13.96 1067 14.69 975 15.43 886 16.16 802 16.90 722
13.23 1162 13.97 1066 14.70 973 15.44 885 16.17 801 16.91 720
13.24 1160 13.98 1064 14.71 972 15.45 884 16.18 799 16.92 719
13.25 1159 13.99 1063 14.72 971 15.46 882 16.19 798 16.93 718
13.26 1158 14.00 1061 14.73 969 15.47 881 16.20 797 16.94 717
13.27 1156 14.01 1060 14.74 968 15.48 880 16.21 796 16.95 716
13.28 1155 14.02 1059 14.75 967 15.49 879 16.22 795 16.96 715
13.30 1153 14.03 1057 14.77 965 15.50 878 16.23 794 16.97 714
13.31 1152 14.04 1056 14.78 964 15.51 876 16.25 792 16.98 713
13.32 1151 14.05 1055 14.79 963 15.52 875 16.26 791 16.99 711
17.00 710 17.74 635 18.47 563 19.24 493 20.06 423 20.94 353
17.01 709 17.75 634 18.48 562 19.25 492 20.07 422 20.96 352
17.02 708 17.76 633 18.49 561 19.26 491 20.08 421 20.97 351
17.03 707 17.77 632 18.50 560 19.27 490 20.09 420 20.98 350
17.04 706 17.78 631 18.51 559 19.28 489 20.11 419 20.99 349
17.05 705 17.79 629 18.52 558 19.29 488 20.12 418 21.01 348
17.06 704 17.80 628 18.53 557 19.30 487 20.13 417 21.02 347
17.07 703 17.81 627 18.54 556 19.32 486 20.14 416 21.03 346
17.09 702 17.82 626 18.55 555 19.33 485 20.15 415 21.04 345
17.10 700 17.83 625 18.57 554 19.34 484 20.16 414 21.06 344
17.11 699 17.84 624 18.58 553 19.35 483 20.18 413 21.07 343
17.12 698 17.85 623 18.59 552 19.36 482 20.19 412 21.08 342
17.13 697 17.86 622 18.60 551 19.37 481 20.20 411 21.11 341
17.14 696 17.87 621 18.61 550 19.38 480 20.21 410 21.12 340
17.15 695 17.88 620 18.62 549 19.39 479 20.22 409 21.13 339
17.16 694 17.89 619 18.63 548 19.41 478 20.23 408 21.14 338
17.17 693 17.90 618 18.64 547 19.42 477 20.26 407 21.16 337
17.18 692 17.91 617 18.65 546 19.43 476 20.27 406 21.17 336
17.19 691 17.92 616 18.66 545 19.44 475 20.28 405 21.18 335
17.20 689 17.94 615 18.67 544 19.46 474 20.29 404 21.20 334
17.21 688 17.95 614 18.69 543 19.47 473 20.30 403 21.21 333
17.22 687 17.96 613 18.70 542 19.48 472 20.31 402 21.22 332
17.23 686 17.97 612 18.71 541 19.49 471 20.33 401 21.23 331
17.24 685 17.98 611 18.72 540 19.50 470 20.34 400 21.25 330
17.25 684 17.99 610 18.73 539 19.51 469 20.35 399 21.26 329
17.26 683 18.00 609 18.74 538 19.52 468 20.36 398 21.27 328
17.27 682 18.01 608 18.75 537 19.53 467 20.37 397 21.29 327
17.28 681 18.02 607 18.76 536 19.54 466 20.39 396 21.31 326
17.30 680 18.03 606 18.78 535 19.55 465 20.40 395 21.32 325
17.31 679 18.04 605 18.79 534 19.57 464 20.41 394 21.34 324
17.32 677 18.05 604 18.80 533 19.58 463 20.42 393 21.35 323
17.33 676 18.06 603 18.81 532 19.59 462 20.43 392 21.36 322
17.34 675 18.07 602 18.82 531 19.60 461 20.45 391 21.38 321
17.35 674 18.08 600 18.83 530 19.61 460 20.47 390 21.39 320
17.36 673 18.09 599 18.84 529 19.63 459 20.48 389 21.40 319
17.37 672 18.10 598 18.85 528 19.64 458 20.49 388 21.42 318
17.38 671 18.11 597 18.86 527 19.65 457 20.50 387 21.43 317
17.39 670 18.12 596 18.87 526 19.66 456 20.52 386 21.44 316
17.40 669 18.13 595 18.88 525 19.68 455 20.53 385 21.45 315
17.41 668 18.15 594 18.89 524 19.69 454 20.54 384 21.47 314
17.42 667 18.16 593 18.90 523 19.70 453 20.55 383 21.48 313
17.43 666 18.17 592 18.91 522 19.71 452 20.56 382 21.49 312
17.44 665 18.18 591 18.92 521 19.72 451 20.58 381 21.52 311
17.45 663 18.19 590 18.93 520 19.73 450 20.59 380 21.53 310
17.46 662 18.20 589 18.94 519 19.74 449 20.60 379 21.55 309
17.47 661 18.21 588 18.95 518 19.75 448 20.61 378 21.56 308
17.48 660 18.22 587 18.96 517 19.77 447 20.63 377 21.57 307
17.49 659 18.23 586 18.99 516 19.78 446 20.64 376 21.59 306
17.50 658 18.24 585 19.00 515 19.79 445 20.65 375 21.60 305
17.52 657 18.25 584 19.01 514 19.80 444 20.66 374 21.61 304
17.53 656 18.26 583 19.02 513 19.81 443 20.68 373 21.63 303
17.54 655 18.27 582 19.03 512 19.82 442 20.70 372 21.64 302
17.55 654 18.28 581 19.04 511 19.84 441 20.71 371 21.65 301
17.56 653 18.29 580 19.05 510 19.85 440 20.72 370 21.67 300
17.57 652 18.30 579 19.06 509 19.87 439 20.73 369 21.68 299
17.58 651 18.31 578 19.07 508 19.88 438 20.75 368 21.69 298
17.59 650 18.32 577 19.08 507 19.89 437 20.76 367 21.71 297
17.60 648 18.33 576 19.09 506 19.90 436 20.77 366 21.73 296
17.61 647 18.34 575 19.10 505 19.91 435 20.78 365 21.75 295
17.62 646 18.36 574 19.11 504 19.92 434 20.80 364 21.76 294
17.63 645 18.37 573 19.12 503 19.93 433 20.81 363 21.77 293
17.64 644 18.38 572 19.13 502 19.95 432 20.82 362 21.79 292
17.65 643 18.39 571 19.14 501 19.96 431 20.83 361 21.80 291
17.66 642 18.40 570 19.15 500 19.97 430 20.85 360 21.81 290
17.67 641 18.41 569 19.17 499 19.98 429 20.86 359 21.83 289
17.68 640 18.42 568 19.18 498 19.99 428 20.87 358 21.84 288
17.69 639 18.43 567 19.20 497 20.00 427 20.89 357 21.86 287
17.70 638 18.44 566 19.21 496 20.01 426 20.91 356 21.87 286
17.71 637 18.45 565 19.22 495 20.03 425 20.92 355 21.88 285
17.73 636 18.46 564 19.23 494 20.05 424 20.93 354 21.90 284
21.91 283 22.65 235 23.47 187 24.39 139 25.48 91 26.91 43
21.93 282 22.67 234 23.49 186 24.41 138 25.50 90 26.95 42
21.95 281 22.68 233 23.50 185 24.43 137 25.54 89 26.98 41
21.96 280 22.70 232 23.52 184 24.45 136 25.56 88 27.03 40
21.98 279 22.72 231 23.54 183 24.48 135 25.59 87 27.06 39
21.99 278 22.73 230 23.56 182 24.50 134 25.61 86 27.10 38
22.01 277 22.75 229 23.57 181 24.52 133 25.64 85 27.14 37
22.02 276 22.76 228 23.59 180 24.54 132 25.66 84 27.17 36
22.03 275 22.79 227 23.61 179 24.56 131 25.69 83 27.22 35
22.05 274 22.80 226 23.64 178 24.58 130 25.71 82 27.26 34
22.06 273 22.82 225 23.65 177 24.60 129 25.75 81 27.30 33
22.08 272 22.83 224 23.67 176 24.62 128 25.77 80 27.34 32
22.09 271 22.85 223 23.69 175 24.64 127 25.80 79 27.38 31
22.11 270 22.87 222 23.71 174 24.66 126 25.82 78 27.43 30
22.12 269 22.88 221 23.72 173 24.69 125 25.85 77 27.47 29
22.13 268 22.90 220 23.74 172 24.71 124 25.88 76 27.51 28
22.16 267 22.91 219 23.76 171 24.73 123 25.90 75 27.56 27
22.17 266 22.93 218 23.78 170 24.75 122 25.93 74 27.60 26
22.19 265 22.95 217 23.79 169 24.77 121 25.97 73 27.65 25
22.20 264 22.96 216 23.81 168 24.80 120 25.99 72 27.70 24
22.22 263 22.98 215 23.84 167 24.82 119 26.02 71 27.75 23
22.23 262 23.00 214 23.86 166 24.84 118 26.05 70 27.79 22
22.25 261 23.02 213 23.88 165 24.86 117 26.07 69 27.85 21
22.26 260 23.04 212 23.89 164 24.88 116 26.10 68 27.90 20
22.28 259 23.05 211 23.91 163 24.91 115 26.13 67 27.95 19
22.29 258 23.07 210 23.93 162 24.93 114 26.17 66 28.00 18
22.30 257 23.08 209 23.95 161 24.96 113 26.20 65 28.07 17
22.32 256 23.10 208 23.97 160 24.98 112 26.22 64 28.12 16
22.33 255 23.12 207 23.99 159 25.00 111 26.25 63 28.18 15
22.35 254 23.13 206 24.01 158 25.02 110 26.28 62 28.23 14
22.37 253 23.15 205 24.02 157 25.04 109 26.31 61 28.30 13
22.39 252 23.17 204 24.04 156 25.07 108 26.34 60 28.37 12
22.40 251 23.18 203 24.07 155 25.09 107 26.38 59 28.43 11
22.42 250 23.21 202 24.09 154 25.12 106 26.41 58 28.51 10
22.43 249 23.22 201 24.11 153 25.14 105 26.44 57 28.58 9
22.45 248 23.24 200 24.13 152 25.17 104 26.47 56 28.66 8
22.46 247 23.26 199 24.15 151 25.19 103 26.50 55 28.75 7
22.48 246 23.27 198 24.17 150 25.21 102 26.53 54 28.83 6
22.49 245 23.29 197 24.18 149 25.23 101 26.56 53 28.93 5
22.51 244 23.31 196 24.20 148 25.26 100 26.60 52 29.04 4
22.52 243 23.32 195 24.22 147 25.28 99 26.64 51 29.16 3
22.54 242 23.34 194 24.24 146 25.30 98 26.67 50 29.30 2
22.55 241 23.36 193 24.27 145 25.34 97 26.70 49 29.48 1
22.58 240 23.37 192 24.29 144 25.36 96 26.73 48
22.59 239 23.39 191 24.31 143 25.38 95 26.77 47
22.61 238 23.42 190 24.33 142 25.41 94 26.81 46
22.62 237 23.44 189 24.35 141 25.43 93 26.84 45
22.64 236 23.45 188 24.37 140 25.45 92 26.88 44
