13.11 1249 13.87 1149 14.64 1053 15.40 962 16.17 874 16.93 790
13.12 1248 13.88 1148 14.65 1052 15.41 960 16.18 873 16.94 789
13.13 1246 13.90 1146 14.66 1051 15.43 959 16.19 871 16.95 788
13.14 1245 13.91 1145 14.67 1049 15.44 958 16.20 870 16.97 787
13.15 1243 13.92 1144 14.68 1048 15.45 957 16.21 869 16.98 785
13.16 1242 13.93 1142 14.69 1047 15.46 955 16.22 868 16.99 784
13.17 1240 13.94 1141 14.70 1045 15.47 954 16.23 867 17.00 783
13.18 1239 13.95 1139 14.71 1044 15.48 953 16.24 865 17.01 782
13.20 1237 13.96 1138 14.73 1043 15.49 951 16.26 864 17.02 781
13.21 1236 13.97 1137 14.74 1041 15.50 950 16.27 863 17.03 780
13.22 1235 13.98 1135 14.75 1040 15.51 949 16.28 862 17.04 778
13.23 1233 13.99 1134 14.76 1039 15.52 948 16.29 860 17.05 777
13.24 1232 14.00 1133 14.77 1037 15.53 946 16.30 859 17.06 776
13.25 1230 14.02 1131 14.78 1036 15.55 945 16.31 858 17.08 775
13.26 1229 14.03 1130 14.79 1035 15.56 944 16.32 857 17.09 774
13.27 1227 14.04 1128 14.80 1033 15.57 942 16.33 856 17.10 773
13.28 1226 14.05 1127 14.81 1032 15.58 941 16.34 854 17.11 772
13.29 1224 14.06 1126 14.82 1031 15.59 940 16.35 853 17.12 770
13.31 1223 14.07 1124 14.83 1029 15.60 939 16.36 852 17.13 769
13.32 1222 14.08 1123 14.85 1028 15.61 937 16.38 851 17.14 768
13.33 1220 14.09 1121 14.86 1027 15.62 936 16.39 850 17.15 767
13.34 1219 14.10 1120 14.87 1025 15.63 935 16.40 848 17.16 766
13.35 1217 14.11 1119 14.88 1024 15.64 934 16.41 847 17.17 765
13.36 1216 14.12 1117 14.89 1023 15.65 932 16.42 846 17.18 763
13.37 1214 14.14 1116 14.90 1022 15.67 931 16.43 845 17.20 762
13.38 1213 14.15 1115 14.91 1020 15.68 930 16.44 843 17.21 761
13.39 1212 14.16 1113 14.92 1019 15.69 929 16.45 842 17.22 760
13.40 1210 14.17 1112 14.93 1018 15.70 927 16.46 841 17.23 759
13.41 1209 14.18 1110 14.94 1016 15.71 926 16.47 840 17.24 758
13.43 1207 14.19 1109 14.96 1015 15.72 925 16.49 839 17.25 757
13.44 1206 14.20 1108 14.97 1014 15.73 924 16.50 837 17.26 755
13.45 1204 14.21 1106 14.98 1012 15.74 922 16.51 836 17.27 754
13.46 1203 14.22 1105 14.99 1011 15.75 921 16.52 835 17.28 753
13.47 1201 14.23 1104 15.00 1010 15.76 920 16.53 834 17.29 752
13.48 1200 14.24 1102 15.01 1008 15.77 918 16.54 833 17.30 751
13.49 1199 14.26 1101 15.02 1007 15.79 917 16.55 831 17.32 750
13.50 1197 14.27 1099 15.03 1006 15.80 916 16.56 830 17.33 749
13.51 1196 14.28 1098 15.04 1004 15.81 915 16.57 829 17.34 747
13.52 1194 14.29 1097 15.05 1003 15.82 913 16.58 828 17.35 746
13.53 1193 14.30 1095 15.06 1002 15.83 912 16.59 827 17.36 745
13.55 1192 14.31 1094 15.08 1000 15.84 911 16.61 825 17.37 744
13.56 1190 14.32 1093 15.09 999 15.85 910 16.62 824 17.38 743
13.57 1189 14.33 1091 15.10 998 15.86 908 16.63 823 17.39 742
13.58 1187 14.34 1090 15.11 997 15.87 907 16.64 822 17.40 741
13.59 1186 14.35 1089 15.12 995 15.88 906 16.65 821 17.41 740
13.60 1184 14.37 1087 15.13 994 15.89 905 16.66 820 17.42 738
13.61 1183 14.38 1086 15.14 993 15.91 903 16.67 818 17.44 737
13.62 1182 14.39 1084 15.15 991 15.92 902 16.68 817 17.45 736
13.63 1180 14.40 1083 15.16 990 15.93 901 16.69 816 17.46 735
13.64 1179 14.41 1082 15.17 989 15.94 900 16.70 815 17.47 734
13.65 1177 14.42 1080 15.18 987 15.95 899 16.71 814 17.48 733
13.67 1176 14.43 1079 15.20 986 15.96 897 16.73 812 17.49 732
13.68 1175 14.44 1078 15.21 985 15.97 896 16.74 811 17.50 730
13.69 1173 14.45 1076 15.22 984 15.98 895 16.75 810 17.51 729
13.70 1172 14.46 1075 15.23 982 15.99 894 16.76 809 17.52 728
13.71 1170 14.47 1074 15.24 981 16.00 892 16.77 808 17.53 727
13.72 1169 14.49 1072 15.25 980 16.02 891 16.78 807 17.54 726
13.73 1167 14.50 1071 15.26 978 16.03 890 16.79 805 17.56 725
13.74 1166 14.51 1070 15.27 977 16.04 889 16.80 804 17.57 724
13.75 1165 14.52 1068 15.28 976 16.05 887 16.81 803 17.58 723
13.76 1163 14.53 1067 15.29 975 16.06 886 16.82 802 17.59 722
13.77 1162 14.54 1066 15.30 973 16.07 885 16.83 801 17.60 720
13.79 1160 14.55 1064 15.32 972 16.08 884 16.85 799 17.61 719
13.80 1159 14.56 1063 15.33 971 16.09 882 16.86 798 17.62 718
13.81 1158 14.57 1061 15.34 969 16.10 881 16.87 797 17.63 717
13.82 1156 14.58 1060 15.35 968 16.11 880 16.88 796 17.64 716
13.83 1155 14.59 1059 15.36 967 16.12 879 16.89 795 17.65 715
13.84 1153 14.61 1057 15.37 965 16.14 878 16.90 794 17.67 714
13.85 1152 14.62 1056 15.38 964 16.15 876 16.91 792 17.68 713
13.86 1151 14.63 1055 15.39 963 16.16 875 16.92 791 17.69 711
17.70 710 18.46 635 19.23 563 20.03 493 20.88 423 21.80 353
17.71 709 18.47 634 19.24 562 20.04 492 20.89 422 21.82 352
17.72 708 18.48 633 19.25 561 20.05 491 20.90 421 21.83 351
17.73 707 18.50 632 19.26 560 20.06 490 20.91 420 21.84 350
17.74 706 18.51 631 19.27 559 20.07 489 20.93 419 21.85 349
17.75 705 18.52 629 19.28 558 20.08 488 20.94 418 21.87 348
17.76 704 18.53 628 19.29 557 20.09 487 20.95 417 21.88 347
17.77 703 18.54 627 19.30 556 20.11 486 20.97 416 21.89 346
17.79 702 18.55 626 19.32 555 20.12 485 20.98 415 21.91 345
17.80 700 18.56 625 19.33 554 20.13 484 20.99 414 21.93 344
17.81 699 18.57 624 19.34 553 20.15 483 21.01 413 21.94 343
17.82 698 18.58 623 19.35 552 20.16 482 21.02 412 21.95 342
17.83 697 18.59 622 19.36 551 20.17 481 21.03 411 21.97 341
17.84 696 18.60 621 19.37 550 20.18 480 21.04 410 21.98 340
17.85 695 18.62 620 19.38 549 20.19 479 21.05 409 21.99 339
17.86 694 18.63 619 19.39 548 20.20 478 21.06 408 22.00 338
17.87 693 18.64 618 19.40 547 20.21 477 21.09 407 22.03 337
17.88 692 18.65 617 19.41 546 20.22 476 21.10 406 22.04 336
17.89 691 18.66 616 19.42 545 20.23 475 21.11 405 22.05 335
17.91 689 18.67 615 19.44 544 20.26 474 21.12 404 22.07 334
17.92 688 18.68 614 19.46 543 20.27 473 21.13 403 22.08 333
17.93 687 18.69 613 19.47 542 20.28 472 21.14 402 22.09 332
17.94 686 18.70 612 19.48 541 20.29 471 21.16 401 22.10 331
17.95 685 18.71 611 19.49 540 20.30 470 21.17 400 22.12 330
17.96 684 18.73 610 19.50 539 20.31 469 21.18 399 22.13 329
17.97 683 18.74 609 19.51 538 20.32 468 21.19 398 22.15 328
17.98 682 18.75 608 19.52 537 20.33 467 21.21 397 22.17 327
17.99 681 18.76 607 19.53 536 20.34 466 21.23 396 22.18 326
18.00 680 18.77 606 19.54 535 20.35 465 21.24 395 22.19 325
18.01 679 18.78 605 19.56 534 20.38 464 21.25 394 22.21 324
18.03 677 18.79 604 19.57 533 20.39 463 21.26 393 22.22 323
18.04 676 18.80 603 19.58 532 20.40 462 21.27 392 22.23 322
18.05 675 18.81 602 19.59 531 20.41 461 21.29 391 22.25 321
18.06 674 18.82 600 19.60 530 20.42 460 21.30 390 22.27 320
18.07 673 18.83 599 19.61 529 20.43 459 21.32 389 22.28 319
18.08 672 18.85 598 19.62 528 20.44 458 21.33 388 22.30 318
18.09 671 18.86 597 19.63 527 20.45 457 21.34 387 22.31 317
18.10 670 18.87 596 19.64 526 20.46 456 21.36 386 22.32 316
18.11 669 18.88 595 19.65 525 20.48 455 21.37 385 22.33 315
18.12 668 18.89 594 19.66 524 20.50 454 21.38 384 22.35 314
18.14 667 18.90 593 19.68 523 20.51 453 21.39 383 22.36 313
18.15 666 18.91 592 19.69 522 20.52 452 21.40 382 22.38 312
18.16 665 18.92 591 19.70 521 20.53 451 21.42 381 22.40 311
18.17 663 18.93 590 19.71 520 20.54 450 21.44 380 22.41 310
18.18 662 18.94 589 19.72 519 20.55 449 21.45 379 22.43 309
18.19 661 18.95 588 19.73 518 20.56 448 21.46 378 22.44 308
18.20 660 18.97 587 19.74 517 20.58 447 21.48 377 22.45 307
18.21 659 18.98 586 19.76 516 20.59 446 21.49 376 22.47 306
18.22 658 18.99 585 19.77 515 20.60 445 21.50 375 22.48 305
18.23 657 19.00 584 19.79 514 20.62 444 21.51 374 22.50 304
18.24 656 19.01 583 19.80 513 20.63 443 21.52 373 22.52 303
18.26 655 19.02 582 19.81 512 20.64 442 21.54 372 22.53 302
18.27 654 19.03 581 19.82 511 20.65 441 21.56 371 22.54 301
18.28 653 19.04 580 19.83 510 20.66 440 21.57 370 22.56 300
18.29 652 19.05 579 19.84 509 20.68 439 21.58 369 22.57 299
18.30 651 19.06 578 19.85 508 20.69 438 21.60 368 22.58 298
18.31 650 19.07 577 19.86 507 20.70 437 21.61 367 22.60 297
18.32 648 19.09 576 19.87 506 20.71 436 21.62 366 22.62 296
18.33 647 19.10 575 19.88 505 20.72 435 21.63 365 22.64 295
18.34 646 19.11 574 19.89 504 20.74 434 21.65 364 22.65 294
18.35 645 19.12 573 19.91 503 20.75 433 21.66 363 22.66 293
18.36 644 19.13 572 19.92 502 20.77 432 21.68 362 22.68 292
18.38 643 19.14 571 19.93 501 20.78 431 21.69 361 22.69 291
18.39 642 19.15 570 19.94 500 20.79 430 21.71 360 22.70 290
18.40 641 19.16 569 19.96 499 20.80 429 21.72 359 22.72 289
18.41 640 19.17 568 19.97 498 20.81 428 21.73 358 22.74 288
18.42 639 19.18 567 19.98 497 20.82 427 21.74 357 22.76 287
18.43 638 19.20 566 19.99 496 20.83 426 21.76 356 22.77 286
18.44 637 19.21 565 20.00 495 20.86 425 21.77 355 22.78 285
18.45 636 19.22 564 20.01 494 20.87 424 21.78 354 22.80 284
22.81 283 23.58 235 24.43 187 25.39 139 26.53 91 28.01 43
22.83 282 23.60 234 24.45 186 25.41 138 26.55 90 28.06 42
22.84 281 23.61 233 24.46 185 25.43 137 26.58 89 28.09 41
22.86 280 23.63 232 24.48 184 25.46 136 26.60 88 28.13 40
22.88 279 23.65 231 24.51 183 25.48 135 26.64 87 28.17 39
22.89 278 23.66 230 24.53 182 25.50 134 26.66 86 28.21 38
22.91 277 23.69 229 24.54 181 25.52 133 26.69 85 28.25 37
22.92 276 23.70 228 24.56 180 25.54 132 26.71 84 28.29 36
22.93 275 23.72 227 24.58 179 25.57 131 26.75 83 28.33 35
22.95 274 23.73 226 24.60 178 25.59 130 26.77 82 28.37 34
22.97 273 23.75 225 24.62 177 25.61 129 26.80 81 28.42 33
22.99 272 23.76 224 24.64 176 25.63 128 26.82 80 28.46 32
23.00 271 23.78 223 24.66 175 25.65 127 26.86 79 28.51 31
23.02 270 23.81 222 24.68 174 25.68 126 26.88 78 28.55 30
23.03 269 23.82 221 24.69 173 25.70 125 26.91 77 28.59 29
23.04 268 23.84 220 24.71 172 25.72 124 26.94 76 28.64 28
23.06 267 23.85 219 24.74 171 25.74 123 26.96 75 28.69 27
23.07 266 23.87 218 24.76 170 25.76 122 27.00 74 28.74 26
23.10 265 23.89 217 24.77 169 25.78 121 27.03 73 28.78 25
23.11 264 23.90 216 24.79 168 25.82 120 27.05 72 28.83 24
23.13 263 23.93 215 24.81 167 25.84 119 27.08 71 28.89 23
23.14 262 23.94 214 24.83 166 25.86 118 27.12 70 28.93 22
23.16 261 23.96 213 24.86 165 25.88 117 27.14 69 28.99 21
23.17 260 23.98 212 24.87 164 25.90 116 27.17 68 29.04 20
23.19 259 23.99 211 24.89 163 25.93 115 27.21 67 29.10 19
23.21 258 24.01 210 24.91 162 25.95 114 27.24 66 29.15 18
23.22 257 24.03 209 24.93 161 25.98 113 27.27 65 29.22 17
23.24 256 24.05 208 24.95 160 26.00 112 27.29 64 29.27 16
23.25 255 24.07 207 24.98 159 26.02 111 27.33 63 29.34 15
23.27 254 24.08 206 25.00 158 26.05 110 27.36 62 29.39 14
23.28 253 24.10 205 25.01 157 26.07 109 27.39 61 29.46 13
23.30 252 24.12 204 25.03 156 26.10 108 27.42 60 29.53 12
23.31 251 24.13 203 25.05 155 26.12 107 27.46 59 29.60 11
23.34 250 24.16 202 25.07 154 26.15 106 27.49 58 29.67 10
23.35 249 24.17 201 25.10 153 26.17 105 27.52 57 29.75 9
23.37 248 24.19 200 25.12 152 26.20 104 27.55 56 29.84 8
23.38 247 24.21 199 25.14 151 26.22 103 27.59 55 29.93 7
23.40 246 24.22 198 25.16 150 26.24 102 27.62 54 30.01 6
23.41 245 24.24 197 25.17 149 26.27 101 27.65 53 30.11 5
23.44 244 24.27 196 25.19 148 26.30 100 27.69 52 30.23 4
23.45 243 24.28 195 25.22 147 26.32 99 27.73 51 30.35 3
23.47 242 24.30 194 25.24 146 26.34 98 27.76 50 30.51 2
23.48 241 24.32 193 25.26 145 26.37 97 27.80 49 30.69 1
23.50 240 24.33 192 25.28 144 26.40 96 27.83 48
23.51 239 24.35 191 25.30 143 26.42 95 27.87 47
23.53 238 24.37 190 25.33 142 26.45 94 27.90 46
23.54 237 24.40 189 25.35 141 26.47 93 27.94 45
23.57 236 24.41 188 25.37 140 26.49 92 27.98 44
