12.49 1249 13.22 1149 13.95 1053 14.68 962 15.41 874 16.13 790
12.50 1248 13.23 1148 13.96 1052 14.69 960 15.42 873 16.14 789
12.51 1246 13.24 1146 13.97 1051 14.70 959 15.43 871 16.15 788
12.52 1245 13.25 1145 13.98 1049 14.71 958 15.44 870 16.17 787
12.53 1243 13.26 1144 13.99 1048 14.72 957 15.45 869 16.18 785
12.54 1242 13.27 1142 14.00 1047 14.73 955 15.46 868 16.19 784
12.55 1240 13.28 1141 14.01 1045 14.74 954 15.47 867 16.20 783
12.56 1239 13.29 1139 14.02 1044 14.75 953 15.48 865 16.21 782
12.57 1237 13.30 1138 14.03 1043 14.76 951 15.49 864 16.22 781
12.58 1236 13.31 1137 14.04 1041 14.77 950 15.50 863 16.23 780
12.59 1235 13.32 1135 14.05 1040 14.78 949 15.51 862 16.24 778
12.60 1233 13.33 1134 14.06 1039 14.79 948 15.52 860 16.25 777
12.61 1232 13.34 1133 14.07 1037 14.80 946 15.53 859 16.26 776
12.63 1230 13.35 1131 14.08 1036 14.81 945 15.54 858 16.27 775
12.64 1229 13.36 1130 14.09 1035 14.82 944 15.55 857 16.28 774
12.65 1227 13.37 1128 14.10 1033 14.83 942 15.56 856 16.29 773
12.66 1226 13.39 1127 14.11 1032 14.84 941 15.57 854 16.30 772
12.67 1224 13.40 1126 14.12 1031 14.85 940 15.58 853 16.31 770
12.68 1223 13.41 1124 14.13 1029 14.86 939 15.59 852 16.32 769
12.69 1222 13.42 1123 14.15 1028 14.87 937 15.60 851 16.33 768
12.70 1220 13.43 1121 14.16 1027 14.88 936 15.61 850 16.34 767
12.71 1219 13.44 1120 14.17 1025 14.90 935 15.62 848 16.35 766
12.72 1217 13.45 1119 14.18 1024 14.91 934 15.63 847 16.36 765
12.73 1216 13.46 1117 14.19 1023 14.92 932 15.64 846 16.37 763
12.74 1214 13.47 1116 14.20 1022 14.93 931 15.66 845 16.38 762
12.75 1213 13.48 1115 14.21 1020 14.94 930 15.67 843 16.39 761
12.76 1212 13.49 1113 14.22 1019 14.95 929 15.68 842 16.40 760
12.77 1210 13.50 1112 14.23 1018 14.96 927 15.69 841 16.42 759
12.78 1209 13.51 1110 14.24 1016 14.97 926 15.70 840 16.43 758
12.79 1207 13.52 1109 14.25 1015 14.98 925 15.71 839 16.44 757
12.80 1206 13.53 1108 14.26 1014 14.99 924 15.72 837 16.45 755
12.81 1204 13.54 1106 14.27 1012 15.00 922 15.73 836 16.46 754
12.82 1203 13.55 1105 14.28 1011 15.01 921 15.74 835 16.47 753
12.83 1201 13.56 1104 14.29 1010 15.02 920 15.75 834 16.48 752
12.84 1200 13.57 1102 14.30 1008 15.03 918 15.76 833 16.49 751
12.85 1199 13.58 1101 14.31 1007 15.04 917 15.77 831 16.50 750
12.86 1197 13.59 1099 14.32 1006 15.05 916 15.78 830 16.51 749
12.88 1196 13.60 1098 14.33 1004 15.06 915 15.79 829 16.52 747
12.89 1194 13.61 1097 14.34 1003 15.07 913 15.80 828 16.53 746
12.90 1193 13.62 1095 14.35 1002 15.08 912 15.81 827 16.54 745
12.91 1192 13.64 1094 14.36 1000 15.09 911 15.82 825 16.55 744
12.92 1190 13.65 1093 14.37 999 15.10 910 15.83 824 16.56 743
12.93 1189 13.66 1091 14.38 998 15.11 908 15.84 823 16.57 742
12.94 1187 13.67 1090 14.40 997 15.12 907 15.85 822 16.58 741
12.95 1186 13.68 1089 14.41 995 15.13 906 15.86 821 16.59 740
12.96 1184 13.69 1087 14.42 994 15.14 905 15.87 820 16.60 738
12.97 1183 13.70 1086 14.43 993 15.16 903 15.88 818 16.61 737
12.98 1182 13.71 1084 14.44 991 15.17 902 15.89 817 16.62 736
12.99 1180 13.72 1083 14.45 990 15.18 901 15.91 816 16.63 735
13.00 1179 13.73 1082 14.46 989 15.19 900 15.92 815 16.64 734
13.01 1177 13.74 1080 14.47 987 15.20 899 15.93 814 16.65 733
13.02 1176 13.75 1079 14.48 986 15.21 897 15.94 812 16.67 732
13.03 1175 13.76 1078 14.49 985 15.22 896 15.95 811 16.68 730
13.04 1173 13.77 1076 14.50 984 15.23 895 15.96 810 16.69 729
13.05 1172 13.78 1075 14.51 982 15.24 894 15.97 809 16.70 728
13.06 1170 13.79 1074 14.52 981 15.25 892 15.98 808 16.71 727
13.07 1169 13.80 1072 14.53 980 15.26 891 15.99 807 16.72 726
13.08 1167 13.81 1071 14.54 978 15.27 890 16.00 805 16.73 725
13.09 1166 13.82 1070 14.55 977 15.28 889 16.01 804 16.74 724
13.10 1165 13.83 1068 14.56 976 15.29 887 16.02 803 16.75 723
13.11 1163 13.84 1067 14.57 975 15.30 886 16.03 802 16.76 722
13.12 1162 13.85 1066 14.58 973 15.31 885 16.04 801 16.77 720
13.14 1160 13.86 1064 14.59 972 15.32 884 16.05 799 16.78 719
13.15 1159 13.87 1063 14.60 971 15.33 882 16.06 798 16.79 718
13.16 1158 13.89 1061 14.61 969 15.34 881 16.07 797 16.80 717
13.17 1156 13.90 1060 14.62 968 15.35 880 16.08 796 16.81 716
13.18 1155 13.91 1059 14.63 967 15.36 879 16.09 795 16.82 715
13.19 1153 13.92 1057 14.65 965 15.37 878 16.10 794 16.83 714
13.20 1152 13.93 1056 14.66 964 15.38 876 16.11 792 16.84 713
13.21 1151 13.94 1055 14.67 963 15.39 875 16.12 791 16.85 711
16.86 710 17.59 635 18.32 563 19.08 493 19.89 423 20.77 353
16.87 709 17.60 634 18.33 562 19.09 492 19.90 422 20.79 352
16.88 708 17.61 633 18.34 561 19.10 491 19.91 421 20.80 351
16.89 707 17.62 632 18.35 560 19.11 490 19.92 420 20.81 350
16.90 706 17.63 631 18.36 559 19.12 489 19.95 419 20.82 349
16.92 705 17.64 629 18.37 558 19.13 488 19.96 418 20.84 348
16.93 704 17.65 628 18.38 557 19.14 487 19.97 417 20.85 347
16.94 703 17.66 627 18.39 556 19.16 486 19.98 416 20.86 346
16.95 702 17.68 626 18.40 555 19.17 485 19.99 415 20.87 345
16.96 700 17.69 625 18.41 554 19.18 484 20.00 414 20.89 344
16.97 699 17.70 624 18.42 553 19.20 483 20.02 413 20.90 343
16.98 698 17.71 623 18.44 552 19.21 482 20.03 412 20.91 342
16.99 697 17.72 622 18.45 551 19.22 481 20.04 411 20.93 341
17.00 696 17.73 621 18.46 550 19.23 480 20.05 410 20.94 340
17.01 695 17.74 620 18.47 549 19.24 479 20.06 409 20.96 339
17.02 694 17.75 619 18.48 548 19.25 478 20.07 408 20.97 338
17.03 693 17.76 618 18.49 547 19.26 477 20.09 407 20.99 337
17.04 692 17.77 617 18.50 546 19.27 476 20.10 406 21.00 336
17.05 691 17.78 616 18.51 545 19.28 475 20.11 405 21.01 335
17.06 689 17.79 615 18.52 544 19.30 474 20.12 404 21.03 334
17.07 688 17.80 614 18.54 543 19.31 473 20.13 403 21.04 333
17.08 687 17.81 613 18.55 542 19.32 472 20.14 402 21.05 332
17.09 686 17.82 612 18.56 541 19.33 471 20.16 401 21.06 331
17.10 685 17.83 611 18.57 540 19.34 470 20.17 400 21.08 330
17.11 684 17.84 610 18.58 539 19.35 469 20.18 399 21.09 329
17.12 683 17.85 609 18.59 538 19.36 468 20.19 398 21.10 328
17.13 682 17.86 608 18.60 537 19.37 467 20.21 397 21.12 327
17.14 681 17.87 607 18.61 536 19.38 466 20.23 396 21.13 326
17.15 680 17.88 606 18.62 535 19.39 465 20.24 395 21.14 325
17.16 679 17.89 605 18.63 534 19.41 464 20.25 394 21.16 324
17.18 677 17.90 604 18.64 533 19.42 463 20.26 393 21.17 323
17.19 676 17.91 603 18.65 532 19.43 462 20.27 392 21.18 322
17.20 675 17.93 602 18.66 531 19.45 461 20.29 391 21.20 321
17.21 674 17.94 600 18.67 530 19.46 460 20.30 390 21.22 320
17.22 673 17.95 599 18.69 529 19.47 459 20.31 389 21.23 319
17.23 672 17.96 598 18.70 528 19.48 458 20.32 388 21.25 318
17.24 671 17.97 597 18.71 527 19.49 457 20.33 387 21.26 317
17.25 670 17.98 596 18.72 526 19.50 456 20.35 386 21.27 316
17.26 669 17.99 595 18.73 525 19.52 455 20.36 385 21.28 315
17.27 668 18.00 594 18.74 524 19.53 454 20.37 384 21.30 314
17.28 667 18.01 593 18.75 523 19.54 453 20.38 383 21.31 313
17.29 666 18.02 592 18.76 522 19.55 452 20.39 382 21.32 312
17.30 665 18.03 591 18.77 521 19.56 451 20.41 381 21.34 311
17.31 663 18.04 590 18.78 520 19.57 450 20.42 380 21.35 310
17.32 662 18.05 589 18.79 519 19.58 449 20.43 379 21.37 309
17.33 661 18.06 588 18.80 518 19.59 448 20.44 378 21.38 308
17.34 660 18.07 587 18.81 517 19.61 447 20.47 377 21.39 307
17.35 659 18.08 586 18.83 516 19.62 446 20.48 376 21.41 306
17.36 658 18.09 585 18.84 515 19.63 445 20.49 375 21.42 305
17.37 657 18.10 584 18.85 514 19.64 444 20.50 374 21.43 304
17.38 656 18.11 583 18.86 513 19.65 443 20.51 373 21.45 303
17.39 655 18.12 582 18.87 512 19.66 442 20.53 372 21.47 302
17.40 654 18.13 581 18.88 511 19.67 441 20.54 371 21.48 301
17.41 653 18.14 580 18.89 510 19.68 440 20.55 370 21.50 300
17.43 652 18.15 579 18.90 509 19.71 439 20.56 369 21.51 299
17.44 651 18.16 578 18.91 508 19.72 438 20.58 368 21.52 298
17.45 650 18.17 577 18.92 507 19.73 437 20.59 367 21.54 297
17.46 648 18.19 576 18.94 506 19.74 436 20.60 366 21.55 296
17.47 647 18.20 575 18.95 505 19.75 435 20.61 365 21.57 295
17.48 646 18.21 574 18.96 504 19.76 434 20.63 364 21.58 294
17.49 645 18.22 573 18.97 503 19.77 433 20.64 363 21.59 293
17.50 644 18.23 572 18.98 502 19.79 432 20.65 362 21.61 292
17.51 643 18.24 571 18.99 501 19.80 431 20.66 361 21.62 291
17.52 642 18.25 570 19.00 500 19.81 430 20.68 360 21.63 290
17.53 641 18.26 569 19.02 499 19.82 429 20.69 359 21.65 289
17.54 640 18.27 568 19.03 498 19.83 428 20.71 358 21.66 288
17.55 639 18.28 567 19.04 497 19.84 427 20.72 357 21.68 287
17.56 638 18.29 566 19.05 496 19.85 426 20.74 356 21.69 286
17.57 637 18.30 565 19.06 495 19.87 425 20.75 355 21.70 285
17.58 636 18.31 564 19.07 494 19.88 424 20.76 354 21.73 284
21.74 283 22.46 235 23.28 187 24.19 139 25.28 91 26.69 43
21.76 282 22.49 234 23.30 186 24.21 138 25.30 90 26.73 42
21.77 281 22.50 233 23.31 185 24.23 137 25.33 89 26.77 41
21.78 280 22.52 232 23.33 184 24.26 136 25.35 88 26.81 40
21.80 279 22.54 231 23.35 183 24.28 135 25.38 87 26.84 39
21.81 278 22.55 230 23.37 182 24.30 134 25.40 86 26.88 38
21.83 277 22.57 229 23.38 181 24.32 133 25.43 85 26.92 37
21.84 276 22.58 228 23.40 180 24.34 132 25.45 84 26.95 36
21.85 275 22.60 227 23.42 179 24.36 131 25.48 83 26.99 35
21.87 274 22.61 226 23.44 178 24.38 130 25.51 82 27.04 34
21.88 273 22.63 225 23.45 177 24.40 129 25.54 81 27.08 33
21.90 272 22.64 224 23.47 176 24.42 128 25.56 80 27.12 32
21.91 271 22.66 223 23.50 175 24.44 127 25.59 79 27.16 31
21.93 270 22.68 222 23.52 174 24.46 126 25.61 78 27.20 30
21.94 269 22.69 221 23.53 173 24.48 125 25.64 77 27.24 29
21.95 268 22.71 220 23.55 172 24.51 124 25.67 76 27.29 28
21.98 267 22.73 219 23.57 171 24.53 123 25.69 75 27.34 27
21.99 266 22.75 218 23.59 170 24.55 122 25.72 74 27.38 26
22.01 265 22.77 217 23.60 169 24.57 121 25.76 73 27.42 25
22.02 264 22.78 216 23.62 168 24.60 120 25.78 72 27.47 24
22.04 263 22.80 215 23.64 167 24.62 119 25.81 71 27.53 23
22.05 262 22.81 214 23.66 166 24.64 118 25.84 70 27.57 22
22.07 261 22.83 213 23.68 165 24.66 117 25.86 69 27.62 21
22.08 260 22.85 212 23.69 164 24.68 116 25.89 68 27.67 20
22.10 259 22.86 211 23.71 163 24.70 115 25.92 67 27.72 19
22.11 258 22.88 210 23.74 162 24.72 114 25.95 66 27.78 18
22.12 257 22.89 209 23.76 161 24.76 113 25.98 65 27.84 17
22.14 256 22.91 208 23.78 160 24.78 112 26.00 64 27.89 16
22.15 255 22.93 207 23.80 159 24.80 111 26.04 63 27.95 15
22.17 254 22.94 206 23.82 158 24.82 110 26.07 62 28.00 14
22.18 253 22.96 205 23.83 157 24.84 109 26.10 61 28.07 13
22.20 252 22.99 204 23.85 156 24.87 108 26.13 60 28.14 12
22.21 251 23.00 203 23.87 155 24.89 107 26.16 59 28.20 11
22.24 250 23.02 202 23.89 154 24.91 106 26.19 58 28.27 10
22.25 249 23.03 201 23.91 153 24.93 105 26.22 57 28.35 9
22.27 248 23.05 200 23.93 152 24.96 104 26.25 56 28.43 8
22.28 247 23.07 199 23.95 151 24.98 103 26.29 55 28.51 7
22.30 246 23.08 198 23.97 150 25.01 102 26.32 54 28.60 6
22.31 245 23.10 197 23.99 149 25.03 101 26.35 53 28.69 5
22.33 244 23.12 196 24.01 148 25.06 100 26.38 52 28.81 4
22.34 243 23.13 195 24.03 147 25.08 99 26.42 51 28.92 3
22.36 242 23.15 194 24.05 146 25.10 98 26.45 50 29.07 2
22.37 241 23.17 193 24.07 145 25.13 97 26.48 49 29.24 1
22.39 240 23.18 192 24.09 144 25.15 96 26.52 48
22.40 239 23.20 191 24.11 143 25.17 95 26.56 47
22.42 238 23.22 190 24.13 142 25.20 94 26.59 46
22.43 237 23.25 189 24.15 141 25.22 93 26.62 45
22.45 236 23.26 188 24.17 140 25.24 92 26.66 44
