13.00 1249 13.76 1149 14.51 1053 15.27 962 16.03 874 16.79 790
13.01 1248 13.77 1148 14.53 1052 15.28 960 16.04 873 16.80 789
13.02 1246 13.78 1146 14.54 1051 15.29 959 16.05 871 16.81 788
13.03 1245 13.79 1145 14.55 1049 15.31 958 16.06 870 16.82 787
13.04 1243 13.80 1144 14.56 1048 15.32 957 16.07 869 16.83 785
13.05 1242 13.81 1142 14.57 1047 15.33 955 16.09 868 16.84 784
13.06 1240 13.82 1141 14.58 1045 15.34 954 16.10 867 16.85 783
13.07 1239 13.83 1139 14.59 1044 15.35 953 16.11 865 16.87 782
13.08 1237 13.84 1138 14.60 1043 15.36 951 16.12 864 16.88 781
13.10 1236 13.85 1137 14.61 1041 15.37 950 16.13 863 16.89 780
13.11 1235 13.86 1135 14.62 1040 15.38 949 16.14 862 16.90 778
13.12 1233 13.88 1134 14.63 1039 15.39 948 16.15 860 16.91 777
13.13 1232 13.89 1133 14.64 1037 15.40 946 16.16 859 16.92 776
13.14 1230 13.90 1131 14.66 1036 15.41 945 16.17 858 16.93 775
13.15 1229 13.91 1130 14.67 1035 15.42 944 16.18 857 16.94 774
13.16 1227 13.92 1128 14.68 1033 15.44 942 16.19 856 16.95 773
13.17 1226 13.93 1127 14.69 1032 15.45 941 16.20 854 16.96 772
13.18 1224 13.94 1126 14.70 1031 15.46 940 16.22 853 16.97 770
13.19 1223 13.95 1124 14.71 1029 15.47 939 16.23 852 16.98 769
13.20 1222 13.96 1123 14.72 1028 15.48 937 16.24 851 17.00 768
13.21 1220 13.97 1121 14.73 1027 15.49 936 16.25 850 17.01 767
13.23 1219 13.98 1120 14.74 1025 15.50 935 16.26 848 17.02 766
13.24 1217 13.99 1119 14.75 1024 15.51 934 16.27 847 17.03 765
13.25 1216 14.01 1117 14.76 1023 15.52 932 16.28 846 17.04 763
13.26 1214 14.02 1116 14.77 1022 15.53 931 16.29 845 17.05 762
13.27 1213 14.03 1115 14.79 1020 15.54 930 16.30 843 17.06 761
13.28 1212 14.04 1113 14.80 1019 15.55 929 16.31 842 17.07 760
13.29 1210 14.05 1112 14.81 1018 15.57 927 16.32 841 17.08 759
13.30 1209 14.06 1110 14.82 1016 15.58 926 16.33 840 17.09 758
13.31 1207 14.07 1109 14.83 1015 15.59 925 16.35 839 17.10 757
13.32 1206 14.08 1108 14.84 1014 15.60 924 16.36 837 17.11 755
13.33 1204 14.09 1106 14.85 1012 15.61 922 16.37 836 17.13 754
13.34 1203 14.10 1105 14.86 1011 15.62 921 16.38 835 17.14 753
13.36 1201 14.11 1104 14.87 1010 15.63 920 16.39 834 17.15 752
13.37 1200 14.12 1102 14.88 1008 15.64 918 16.40 833 17.16 751
13.38 1199 14.14 1101 14.89 1007 15.65 917 16.41 831 17.17 750
13.39 1197 14.15 1099 14.90 1006 15.66 916 16.42 830 17.18 749
13.40 1196 14.16 1098 14.92 1004 15.67 915 16.43 829 17.19 747
13.41 1194 14.17 1097 14.93 1003 15.68 913 16.44 828 17.20 746
13.42 1193 14.18 1095 14.94 1002 15.70 912 16.45 827 17.21 745
13.43 1192 14.19 1094 14.95 1000 15.71 911 16.46 825 17.22 744
13.44 1190 14.20 1093 14.96 999 15.72 910 16.48 824 17.23 743
13.45 1189 14.21 1091 14.97 998 15.73 908 16.49 823 17.24 742
13.46 1187 14.22 1090 14.98 997 15.74 907 16.50 822 17.26 741
13.47 1186 14.23 1089 14.99 995 15.75 906 16.51 821 17.27 740
13.49 1184 14.24 1087 15.00 994 15.76 905 16.52 820 17.28 738
13.50 1183 14.25 1086 15.01 993 15.77 903 16.53 818 17.29 737
13.51 1182 14.27 1084 15.02 991 15.78 902 16.54 817 17.30 736
13.52 1180 14.28 1083 15.03 990 15.79 901 16.55 816 17.31 735
13.53 1179 14.29 1082 15.05 989 15.80 900 16.56 815 17.32 734
13.54 1177 14.30 1080 15.06 987 15.81 899 16.57 814 17.33 733
13.55 1176 14.31 1079 15.07 986 15.83 897 16.58 812 17.34 732
13.56 1175 14.32 1078 15.08 985 15.84 896 16.59 811 17.35 730
13.57 1173 14.33 1076 15.09 984 15.85 895 16.61 810 17.36 729
13.58 1172 14.34 1075 15.10 982 15.86 894 16.62 809 17.37 728
13.59 1170 14.35 1074 15.11 981 15.87 892 16.63 808 17.39 727
13.60 1169 14.36 1072 15.12 980 15.88 891 16.64 807 17.40 726
13.62 1167 14.37 1071 15.13 978 15.89 890 16.65 805 17.41 725
13.63 1166 14.38 1070 15.14 977 15.90 889 16.66 804 17.42 724
13.64 1165 14.40 1068 15.15 976 15.91 887 16.67 803 17.43 723
13.65 1163 14.41 1067 15.16 975 15.92 886 16.68 802 17.44 722
13.66 1162 14.42 1066 15.18 973 15.93 885 16.69 801 17.45 720
13.67 1160 14.43 1064 15.19 972 15.94 884 16.70 799 17.46 719
13.68 1159 14.44 1063 15.20 971 15.96 882 16.71 798 17.47 718
13.69 1158 14.45 1061 15.21 969 15.97 881 16.72 797 17.48 717
13.70 1156 14.46 1060 15.22 968 15.98 880 16.74 796 17.49 716
13.71 1155 14.47 1059 15.23 967 15.99 879 16.75 795 17.51 715
13.72 1153 14.48 1057 15.24 965 16.00 878 16.76 794 17.52 714
13.73 1152 14.49 1056 15.25 964 16.01 876 16.77 792 17.53 713
13.75 1151 14.50 1055 15.26 963 16.02 875 16.78 791 17.54 711
17.55 710 18.31 635 19.07 563 19.86 493 20.70 423 21.61 353
17.56 709 18.32 634 19.08 562 19.87 492 20.71 422 21.63 352
17.57 708 18.33 633 19.09 561 19.88 491 20.72 421 21.64 351
17.58 707 18.34 632 19.10 560 19.89 490 20.73 420 21.65 350
17.59 706 18.35 631 19.11 559 19.90 489 20.76 419 21.67 349
17.60 705 18.36 629 19.12 558 19.91 488 20.77 418 21.69 348
17.61 704 18.37 628 19.13 557 19.92 487 20.78 417 21.70 347
17.62 703 18.38 627 19.14 556 19.94 486 20.79 416 21.71 346
17.64 702 18.39 626 19.15 555 19.95 485 20.80 415 21.72 345
17.65 700 18.40 625 19.16 554 19.96 484 20.81 414 21.74 344
17.66 699 18.42 624 19.17 553 19.98 483 20.83 413 21.75 343
17.67 698 18.43 623 19.18 552 19.99 482 20.84 412 21.76 342
17.68 697 18.44 622 19.20 551 20.00 481 20.85 411 21.79 341
17.69 696 18.45 621 19.21 550 20.01 480 20.86 410 21.80 340
17.70 695 18.46 620 19.22 549 20.02 479 20.87 409 21.81 339
17.71 694 18.47 619 19.23 548 20.03 478 20.89 408 21.82 338
17.72 693 18.48 618 19.24 547 20.04 477 20.91 407 21.84 337
17.73 692 18.49 617 19.25 546 20.05 476 20.92 406 21.85 336
17.74 691 18.50 616 19.26 545 20.06 475 20.93 405 21.86 335
17.75 689 18.51 615 19.27 544 20.08 474 20.94 404 21.88 334
17.77 688 18.52 614 19.29 543 20.09 473 20.95 403 21.89 333
17.78 687 18.53 613 19.30 542 20.11 472 20.96 402 21.90 332
17.79 686 18.55 612 19.31 541 20.12 471 20.98 401 21.92 331
17.80 685 18.56 611 19.33 540 20.13 470 20.99 400 21.94 330
17.81 684 18.57 610 19.34 539 20.14 469 21.00 399 21.95 329
17.82 683 18.58 609 19.35 538 20.15 468 21.02 398 21.96 328
17.83 682 18.59 608 19.36 537 20.16 467 21.03 397 21.98 327
17.84 681 18.60 607 19.37 536 20.17 466 21.05 396 21.99 326
17.85 680 18.61 606 19.38 535 20.18 465 21.06 395 22.00 325
17.86 679 18.62 605 19.39 534 20.20 464 21.07 394 22.02 324
17.87 677 18.63 604 19.40 533 20.21 463 21.08 393 22.03 323
17.88 676 18.64 603 19.41 532 20.22 462 21.09 392 22.05 322
17.90 675 18.65 602 19.42 531 20.24 461 21.11 391 22.07 321
17.91 674 18.66 600 19.43 530 20.25 460 21.12 390 22.08 320
17.92 673 18.68 599 19.44 529 20.26 459 21.13 389 22.09 319
17.93 672 18.69 598 19.46 528 20.27 458 21.15 388 22.11 318
17.94 671 18.70 597 19.47 527 20.28 457 21.16 387 22.12 317
17.95 670 18.71 596 19.48 526 20.29 456 21.18 386 22.13 316
17.96 669 18.72 595 19.49 525 20.31 455 21.19 385 22.14 315
17.97 668 18.73 594 19.50 524 20.32 454 21.20 384 22.16 314
17.98 667 18.74 593 19.51 523 20.33 453 21.21 383 22.18 313
17.99 666 18.75 592 19.52 522 20.34 452 21.22 382 22.19 312
18.00 665 18.76 591 19.53 521 20.35 451 21.24 381 22.21 311
18.01 663 18.77 590 19.54 520 20.37 450 21.25 380 22.22 310
18.03 662 18.78 589 19.55 519 20.38 449 21.26 379 22.24 309
18.04 661 18.79 588 19.56 518 20.39 448 21.28 378 22.25 308
18.05 660 18.81 587 19.57 517 20.41 447 21.30 377 22.26 307
18.06 659 18.82 586 19.60 516 20.42 446 21.31 376 22.28 306
18.07 658 18.83 585 19.61 515 20.43 445 21.32 375 22.29 305
18.08 657 18.84 584 19.62 514 20.44 444 21.33 374 22.31 304
18.09 656 18.85 583 19.63 513 20.45 443 21.34 373 22.33 303
18.10 655 18.86 582 19.64 512 20.46 442 21.36 372 22.34 302
18.11 654 18.87 581 19.65 511 20.47 441 21.37 371 22.35 301
18.12 653 18.88 580 19.66 510 20.48 440 21.38 370 22.37 300
18.13 652 18.89 579 19.67 509 20.51 439 21.39 369 22.38 299
18.14 651 18.90 578 19.68 508 20.52 438 21.42 368 22.39 298
18.16 650 18.91 577 19.69 507 20.53 437 21.43 367 22.41 297
18.17 648 18.92 576 19.70 506 20.54 436 21.44 366 22.42 296
18.18 647 18.94 575 19.72 505 20.55 435 21.45 365 22.45 295
18.19 646 18.95 574 19.73 504 20.56 434 21.47 364 22.46 294
18.20 645 18.96 573 19.74 503 20.57 433 21.48 363 22.47 293
18.21 644 18.97 572 19.75 502 20.59 432 21.49 362 22.49 292
18.22 643 18.98 571 19.76 501 20.60 431 21.50 361 22.50 291
18.23 642 18.99 570 19.77 500 20.61 430 21.52 360 22.51 290
18.24 641 19.00 569 19.79 499 20.63 429 21.54 359 22.53 289
18.25 640 19.01 568 19.80 498 20.64 428 21.55 358 22.54 288
18.26 639 19.02 567 19.81 497 20.65 427 21.56 357 22.57 287
18.27 638 19.03 566 19.82 496 20.66 426 21.58 356 22.58 286
18.29 637 19.04 565 19.83 495 20.68 425 21.59 355 22.59 285
18.30 636 19.05 564 19.85 494 20.69 424 21.60 354 22.61 284
22.62 283 23.38 235 24.22 187 25.18 139 26.30 91 27.78 43
22.64 282 23.40 234 24.24 186 25.20 138 26.33 90 27.82 42
22.65 281 23.41 233 24.26 185 25.22 137 26.36 89 27.85 41
22.66 280 23.43 232 24.28 184 25.24 136 26.38 88 27.90 40
22.68 279 23.45 231 24.30 183 25.26 135 26.41 87 27.93 39
22.70 278 23.46 230 24.32 182 25.28 134 26.43 86 27.97 38
22.72 277 23.49 229 24.33 181 25.31 133 26.47 85 28.02 37
22.73 276 23.50 228 24.35 180 25.33 132 26.49 84 28.05 36
22.74 275 23.52 227 24.37 179 25.35 131 26.52 83 28.09 35
22.76 274 23.53 226 24.40 178 25.37 130 26.54 82 28.13 34
22.77 273 23.55 225 24.41 177 25.39 129 26.57 81 28.18 33
22.79 272 23.56 224 24.43 176 25.41 128 26.60 80 28.22 32
22.80 271 23.58 223 24.45 175 25.44 127 26.63 79 28.26 31
22.83 270 23.61 222 24.47 174 25.46 126 26.65 78 28.31 30
22.84 269 23.62 221 24.48 173 25.48 125 26.68 77 28.35 29
22.85 268 23.64 220 24.50 172 25.50 124 26.72 76 28.39 28
22.87 267 23.65 219 24.53 171 25.52 123 26.74 75 28.45 27
22.88 266 23.67 218 24.55 170 25.54 122 26.77 74 28.49 26
22.90 265 23.69 217 24.56 169 25.57 121 26.80 73 28.54 25
22.91 264 23.70 216 24.58 168 25.60 120 26.82 72 28.59 24
22.93 263 23.72 215 24.60 167 25.62 119 26.86 71 28.64 23
22.94 262 23.74 214 24.62 166 25.64 118 26.89 70 28.69 22
22.97 261 23.76 213 24.65 165 25.66 117 26.91 69 28.74 21
22.98 260 23.78 212 24.66 164 25.69 116 26.94 68 28.80 20
23.00 259 23.79 211 24.68 163 25.71 115 26.98 67 28.85 19
23.01 258 23.81 210 24.70 162 25.73 114 27.01 66 28.90 18
23.02 257 23.82 209 24.72 161 25.76 113 27.04 65 28.97 17
23.04 256 23.84 208 24.74 160 25.78 112 27.06 64 29.02 16
23.05 255 23.87 207 24.76 159 25.80 111 27.09 63 29.09 15
23.07 254 23.88 206 24.79 158 25.83 110 27.13 62 29.14 14
23.09 253 23.90 205 24.80 157 25.85 109 27.16 61 29.21 13
23.11 252 23.92 204 24.82 156 25.88 108 27.19 60 29.28 12
23.12 251 23.93 203 24.84 155 25.90 107 27.22 59 29.35 11
23.14 250 23.95 202 24.86 154 25.92 106 27.26 58 29.42 10
23.15 249 23.96 201 24.88 153 25.95 105 27.29 57 29.50 9
23.17 248 23.98 200 24.91 152 25.98 104 27.32 56 29.59 8
23.18 247 24.01 199 24.93 151 26.00 103 27.35 55 29.67 7
23.20 246 24.02 198 24.95 150 26.02 102 27.39 54 29.76 6
23.22 245 24.04 197 24.96 149 26.04 101 27.42 53 29.86 5
23.24 244 24.06 196 24.98 148 26.08 100 27.45 52 29.98 4
23.25 243 24.07 195 25.00 147 26.10 99 27.50 51 30.10 3
23.27 242 24.09 194 25.02 146 26.12 98 27.53 50 30.25 2
23.28 241 24.11 193 25.05 145 26.15 97 27.56 49 30.43 1
23.30 240 24.13 192 25.07 144 26.17 96 27.59 48
23.31 239 24.15 191 25.09 143 26.20 95 27.64 47
23.33 238 24.17 190 25.11 142 26.23 94 27.67 46
23.35 237 24.19 189 25.13 141 26.25 93 27.70 45
23.37 236 24.20 188 25.15 140 26.27 92 27.74 44
