13.31 1249 14.09 1149 14.86 1053 15.64 962 16.42 874 17.19 790
13.32 1248 14.10 1148 14.88 1052 15.65 960 16.43 873 17.21 789
13.33 1246 14.11 1146 14.89 1051 15.66 959 16.44 871 17.22 788
13.34 1245 14.12 1145 14.90 1049 15.67 958 16.45 870 17.23 787
13.35 1243 14.13 1144 14.91 1048 15.69 957 16.46 869 17.24 785
13.37 1242 14.14 1142 14.92 1047 15.70 955 16.47 868 17.25 784
13.38 1240 14.15 1141 14.93 1045 15.71 954 16.48 867 17.26 783
13.39 1239 14.16 1139 14.94 1044 15.72 953 16.50 865 17.27 782
13.40 1237 14.18 1138 14.95 1043 15.73 951 16.51 864 17.28 781
13.41 1236 14.19 1137 14.96 1041 15.74 950 16.52 863 17.29 780
13.42 1235 14.20 1135 14.98 1040 15.75 949 16.53 862 17.31 778
13.43 1233 14.21 1134 14.99 1039 15.76 948 16.54 860 17.32 777
13.44 1232 14.22 1133 15.00 1037 15.77 946 16.55 859 17.33 776
13.45 1230 14.23 1131 15.01 1036 15.79 945 16.56 858 17.34 775
13.47 1229 14.24 1130 15.02 1035 15.80 944 16.57 857 17.35 774
13.48 1227 14.25 1128 15.03 1033 15.81 942 16.58 856 17.36 773
13.49 1226 14.26 1127 15.04 1032 15.82 941 16.60 854 17.37 772
13.50 1224 14.28 1126 15.05 1031 15.83 940 16.61 853 17.38 770
13.51 1223 14.29 1124 15.06 1029 15.84 939 16.62 852 17.39 769
13.52 1222 14.30 1123 15.07 1028 15.85 937 16.63 851 17.41 768
13.53 1220 14.31 1121 15.09 1027 15.86 936 16.64 850 17.42 767
13.54 1219 14.32 1120 15.10 1025 15.87 935 16.65 848 17.43 766
13.55 1217 14.33 1119 15.11 1024 15.88 934 16.66 847 17.44 765
13.57 1216 14.34 1117 15.12 1023 15.90 932 16.67 846 17.45 763
13.58 1214 14.35 1116 15.13 1022 15.91 931 16.68 845 17.46 762
13.59 1213 14.36 1115 15.14 1020 15.92 930 16.69 843 17.47 761
13.60 1212 14.38 1113 15.15 1019 15.93 929 16.71 842 17.48 760
13.61 1210 14.39 1112 15.16 1018 15.94 927 16.72 841 17.49 759
13.62 1209 14.40 1110 15.17 1016 15.95 926 16.73 840 17.50 758
13.63 1207 14.41 1109 15.19 1015 15.96 925 16.74 839 17.52 757
13.64 1206 14.42 1108 15.20 1014 15.97 924 16.75 837 17.53 755
13.65 1204 14.43 1106 15.21 1012 15.98 922 16.76 836 17.54 754
13.67 1203 14.44 1105 15.22 1011 16.00 921 16.77 835 17.55 753
13.68 1201 14.45 1104 15.23 1010 16.01 920 16.78 834 17.56 752
13.69 1200 14.46 1102 15.24 1008 16.02 918 16.79 833 17.57 751
13.70 1199 14.48 1101 15.25 1007 16.03 917 16.81 831 17.58 750
13.71 1197 14.49 1099 15.26 1006 16.04 916 16.82 830 17.59 749
13.72 1196 14.50 1098 15.27 1004 16.05 915 16.83 829 17.60 747
13.73 1194 14.51 1097 15.29 1003 16.06 913 16.84 828 17.62 746
13.74 1193 14.52 1095 15.30 1002 16.07 912 16.85 827 17.63 745
13.75 1192 14.53 1094 15.31 1000 16.08 911 16.86 825 17.64 744
13.77 1190 14.54 1093 15.32 999 16.10 910 16.87 824 17.65 743
13.78 1189 14.55 1091 15.33 998 16.11 908 16.88 823 17.66 742
13.79 1187 14.56 1090 15.34 997 16.12 907 16.89 822 17.67 741
13.80 1186 14.58 1089 15.35 995 16.13 906 16.91 821 17.68 740
13.81 1184 14.59 1087 15.36 994 16.14 905 16.92 820 17.69 738
13.82 1183 14.60 1086 15.37 993 16.15 903 16.93 818 17.70 737
13.83 1182 14.61 1084 15.39 991 16.16 902 16.94 817 17.72 736
13.84 1180 14.62 1083 15.40 990 16.17 901 16.95 816 17.73 735
13.85 1179 14.63 1082 15.41 989 16.18 900 16.96 815 17.74 734
13.87 1177 14.64 1080 15.42 987 16.20 899 16.97 814 17.75 733
13.88 1176 14.65 1079 15.43 986 16.21 897 16.98 812 17.76 732
13.89 1175 14.66 1078 15.44 985 16.22 896 16.99 811 17.77 730
13.90 1173 14.68 1076 15.45 984 16.23 895 17.01 810 17.78 729
13.91 1172 14.69 1075 15.46 982 16.24 894 17.02 809 17.79 728
13.92 1170 14.70 1074 15.47 981 16.25 892 17.03 808 17.80 727
13.93 1169 14.71 1072 15.49 980 16.26 891 17.04 807 17.82 726
13.94 1167 14.72 1071 15.50 978 16.27 890 17.05 805 17.83 725
13.95 1166 14.73 1070 15.51 977 16.28 889 17.06 804 17.84 724
13.97 1165 14.74 1068 15.52 976 16.30 887 17.07 803 17.85 723
13.98 1163 14.75 1067 15.53 975 16.31 886 17.08 802 17.86 722
13.99 1162 14.76 1066 15.54 973 16.32 885 17.09 801 17.87 720
14.00 1160 14.78 1064 15.55 972 16.33 884 17.11 799 17.88 719
14.01 1159 14.79 1063 15.56 971 16.34 882 17.12 798 17.89 718
14.02 1158 14.80 1061 15.57 969 16.35 881 17.13 797 17.90 717
14.03 1156 14.81 1060 15.59 968 16.36 880 17.14 796 17.92 716
14.04 1155 14.82 1059 15.60 967 16.37 879 17.15 795 17.93 715
14.05 1153 14.83 1057 15.61 965 16.38 878 17.16 794 17.94 714
14.07 1152 14.84 1056 15.62 964 16.40 876 17.17 792 17.95 713
14.08 1151 14.85 1055 15.63 963 16.41 875 17.18 791 17.96 711
17.97 710 18.75 635 19.52 563 20.33 493 21.20 423 22.13 353
17.98 709 18.76 634 19.54 562 20.35 492 21.21 422 22.15 352
17.99 708 18.77 633 19.55 561 20.36 491 21.22 421 22.17 351
18.00 707 18.78 632 19.56 560 20.37 490 21.23 420 22.18 350
18.02 706 18.79 631 19.57 559 20.38 489 21.26 419 22.19 349
18.03 705 18.80 629 19.58 558 20.39 488 21.27 418 22.21 348
18.04 704 18.81 628 19.59 557 20.40 487 21.28 417 22.22 347
18.05 703 18.83 627 19.60 556 20.42 486 21.29 416 22.23 346
18.06 702 18.84 626 19.61 555 20.43 485 21.30 415 22.24 345
18.07 700 18.85 625 19.62 554 20.45 484 21.31 414 22.27 344
18.08 699 18.86 624 19.64 553 20.46 483 21.33 413 22.28 343
18.09 698 18.87 623 19.65 552 20.47 482 21.34 412 22.29 342
18.10 697 18.88 622 19.66 551 20.48 481 21.36 411 22.31 341
18.12 696 18.89 621 19.67 550 20.49 480 21.37 410 22.32 340
18.13 695 18.90 620 19.68 549 20.50 479 21.38 409 22.33 339
18.14 694 18.91 619 19.69 548 20.51 478 21.39 408 22.34 338
18.15 693 18.93 618 19.70 547 20.52 477 21.41 407 22.37 337
18.16 692 18.94 617 19.71 546 20.53 476 21.42 406 22.38 336
18.17 691 18.95 616 19.72 545 20.55 475 21.43 405 22.39 335
18.18 689 18.96 615 19.74 544 20.57 474 21.44 404 22.41 334
18.19 688 18.97 614 19.76 543 20.58 473 21.46 403 22.42 333
18.20 687 18.98 613 19.77 542 20.59 472 21.47 402 22.43 332
18.22 686 18.99 612 19.78 541 20.60 471 21.49 401 22.44 331
18.23 685 19.00 611 19.79 540 20.61 470 21.50 400 22.47 330
18.24 684 19.01 610 19.80 539 20.62 469 21.51 399 22.48 329
18.25 683 19.03 609 19.81 538 20.63 468 21.52 398 22.49 328
18.26 682 19.04 608 19.82 537 20.65 467 21.53 397 22.51 327
18.27 681 19.05 607 19.84 536 20.66 466 21.56 396 22.52 326
18.28 680 19.06 606 19.85 535 20.67 465 21.57 395 22.53 325
18.29 679 19.07 605 19.86 534 20.69 464 21.58 394 22.55 324
18.30 677 19.08 604 19.87 533 20.70 463 21.59 393 22.56 323
18.32 676 19.09 603 19.88 532 20.71 462 21.60 392 22.58 322
18.33 675 19.10 602 19.89 531 20.72 461 21.62 391 22.60 321
18.34 674 19.11 600 19.90 530 20.73 460 21.63 390 22.61 320
18.35 673 19.13 599 19.91 529 20.75 459 21.64 389 22.62 319
18.36 672 19.14 598 19.92 528 20.76 458 21.66 388 22.64 318
18.37 671 19.15 597 19.94 527 20.77 457 21.67 387 22.65 317
18.38 670 19.16 596 19.95 526 20.78 456 21.69 386 22.66 316
18.39 669 19.17 595 19.96 525 20.80 455 21.70 385 22.68 315
18.40 668 19.18 594 19.97 524 20.81 454 21.71 384 22.70 314
18.41 667 19.19 593 19.98 523 20.82 453 21.72 383 22.71 313
18.43 666 19.20 592 19.99 522 20.83 452 21.73 382 22.72 312
18.44 665 19.21 591 20.00 521 20.84 451 21.75 381 22.74 311
18.45 663 19.22 590 20.01 520 20.86 450 21.77 380 22.75 310
18.46 662 19.24 589 20.02 519 20.87 449 21.78 379 22.78 309
18.47 661 19.25 588 20.03 518 20.88 448 21.79 378 22.79 308
18.48 660 19.26 587 20.05 517 20.90 447 21.81 377 22.80 307
18.49 659 19.27 586 20.07 516 20.91 446 21.82 376 22.82 306
18.50 658 19.28 585 20.08 515 20.92 445 21.83 375 22.83 305
18.51 657 19.29 584 20.09 514 20.93 444 21.84 374 22.84 304
18.53 656 19.30 583 20.10 513 20.94 443 21.85 373 22.86 303
18.54 655 19.31 582 20.11 512 20.96 442 21.88 372 22.88 302
18.55 654 19.32 581 20.12 511 20.97 441 21.89 371 22.89 301
18.56 653 19.34 580 20.13 510 20.98 440 21.90 370 22.91 300
18.57 652 19.35 579 20.15 509 21.00 439 21.91 369 22.92 299
18.58 651 19.36 578 20.16 508 21.01 438 21.93 368 22.93 298
18.59 650 19.37 577 20.17 507 21.02 437 21.94 367 22.95 297
18.60 648 19.38 576 20.18 506 21.03 436 21.95 366 22.96 296
18.61 647 19.39 575 20.19 505 21.04 435 21.97 365 22.99 295
18.63 646 19.40 574 20.20 504 21.06 434 21.99 364 23.00 294
18.64 645 19.41 573 20.21 503 21.07 433 22.00 363 23.01 293
18.65 644 19.42 572 20.22 502 21.09 432 22.01 362 23.03 292
18.66 643 19.44 571 20.23 501 21.10 431 22.02 361 23.04 291
18.67 642 19.45 570 20.25 500 21.11 430 22.04 360 23.05 290
18.68 641 19.46 569 20.27 499 21.12 429 22.05 359 23.08 289
18.69 640 19.47 568 20.28 498 21.13 428 22.07 358 23.09 288
18.70 639 19.48 567 20.29 497 21.14 427 22.08 357 23.11 287
18.71 638 19.49 566 20.30 496 21.16 426 22.10 356 23.12 286
18.73 637 19.50 565 20.31 495 21.18 425 22.11 355 23.13 285
18.74 636 19.51 564 20.32 494 21.19 424 22.12 354 23.15 284
23.16 283 23.94 235 24.81 187 25.78 139 26.94 91 28.45 43
23.19 282 23.96 234 24.83 186 25.81 138 26.96 90 28.49 42
23.20 281 23.97 233 24.84 185 25.83 137 26.99 89 28.52 41
23.21 280 24.00 232 24.86 184 25.85 136 27.01 88 28.57 40
23.23 279 24.02 231 24.88 183 25.87 135 27.05 87 28.60 39
23.24 278 24.03 230 24.91 182 25.89 134 27.07 86 28.65 38
23.26 277 24.05 229 24.92 181 25.92 133 27.10 85 28.69 37
23.28 276 24.06 228 24.94 180 25.94 132 27.13 84 28.72 36
23.29 275 24.09 227 24.96 179 25.96 131 27.16 83 28.77 35
23.31 274 24.10 226 24.98 178 25.98 130 27.18 82 28.81 34
23.32 273 24.12 225 25.00 177 26.00 129 27.21 81 28.86 33
23.34 272 24.13 224 25.02 176 26.03 128 27.24 80 28.90 32
23.35 271 24.15 223 25.04 175 26.05 127 27.27 79 28.95 31
23.37 270 24.17 222 25.06 174 26.07 126 27.29 78 28.99 30
23.39 269 24.18 221 25.07 173 26.09 125 27.33 77 29.03 29
23.40 268 24.21 220 25.09 172 26.12 124 27.36 76 29.08 28
23.42 267 24.22 219 25.12 171 26.14 123 27.38 75 29.13 27
23.43 266 24.24 218 25.14 170 26.16 122 27.41 74 29.18 26
23.45 265 24.26 217 25.15 169 26.18 121 27.45 73 29.22 25
23.46 264 24.27 216 25.17 168 26.22 120 27.47 72 29.28 24
23.49 263 24.30 215 25.19 167 26.24 119 27.50 71 29.33 23
23.50 262 24.31 214 25.22 166 26.26 118 27.54 70 29.38 22
23.52 261 24.33 213 25.24 165 26.28 117 27.56 69 29.43 21
23.53 260 24.35 212 25.25 164 26.30 116 27.59 68 29.49 20
23.55 259 24.36 211 25.27 163 26.33 115 27.62 67 29.54 19
23.56 258 24.38 210 25.29 162 26.35 114 27.66 66 29.60 18
23.57 257 24.40 209 25.32 161 26.38 113 27.69 65 29.67 17
23.60 256 24.42 208 25.34 160 26.40 112 27.71 64 29.72 16
23.61 255 24.44 207 25.36 159 26.43 111 27.75 63 29.79 15
23.63 254 24.45 206 25.38 158 26.45 110 27.78 62 29.84 14
23.64 253 24.47 205 25.39 157 26.47 109 27.81 61 29.91 13
23.66 252 24.50 204 25.42 156 26.50 108 27.85 60 29.99 12
23.67 251 24.51 203 25.44 155 26.53 107 27.88 59 30.05 11
23.70 250 24.53 202 25.46 154 26.55 106 27.91 58 30.13 10
23.71 249 24.54 201 25.48 153 26.57 105 27.95 57 30.21 9
23.73 248 24.56 200 25.51 152 26.60 104 27.98 56 30.30 8
23.74 247 24.58 199 25.53 151 26.63 103 28.01 55 30.39 7
23.76 246 24.60 198 25.55 150 26.65 102 28.05 54 30.48 6
23.77 245 24.62 197 25.56 149 26.67 101 28.08 53 30.58 5
23.80 244 24.64 196 25.58 148 26.70 100 28.11 52 30.70 4
23.81 243 24.65 195 25.61 147 26.73 99 28.16 51 30.82 3
23.83 242 24.67 194 25.63 146 26.75 98 28.19 50 30.98 2
23.84 241 24.70 193 25.65 145 26.78 97 28.22 49 31.16 1
23.86 240 24.71 192 25.67 144 26.80 96 28.26 48
23.87 239 24.73 191 25.69 143 26.83 95 28.30 47
23.90 238 24.75 190 25.72 142 26.86 94 28.33 46
23.91 237 24.77 189 25.74 141 26.88 93 28.37 45
23.93 236 24.78 188 25.76 140 26.90 92 28.41 44
