13.89 1249 14.70 1149 15.51 1053 16.32 962 17.13 874 17.94 790
13.90 1248 14.71 1148 15.52 1052 16.33 960 17.14 873 17.95 789
13.91 1246 14.72 1146 15.53 1051 16.34 959 17.15 871 17.96 788
13.92 1245 14.73 1145 15.54 1049 16.35 958 17.17 870 17.98 787
13.94 1243 14.75 1144 15.56 1048 16.37 957 17.18 869 17.99 785
13.95 1242 14.76 1142 15.57 1047 16.38 955 17.19 868 18.00 784
13.96 1240 14.77 1141 15.58 1045 16.39 954 17.20 867 18.01 783
13.97 1239 14.78 1139 15.59 1044 16.40 953 17.21 865 18.02 782
13.98 1237 14.79 1138 15.60 1043 16.41 951 17.22 864 18.03 781
13.99 1236 14.80 1137 15.61 1041 16.42 950 17.23 863 18.05 780
14.00 1235 14.81 1135 15.63 1040 16.44 949 17.25 862 18.06 778
14.02 1233 14.83 1134 15.64 1039 16.45 948 17.26 860 18.07 777
14.03 1232 14.84 1133 15.65 1037 16.46 946 17.27 859 18.08 776
14.04 1230 14.85 1131 15.66 1036 16.47 945 17.28 858 18.09 775
14.05 1229 14.86 1130 15.67 1035 16.48 944 17.29 857 18.10 774
14.06 1227 14.87 1128 15.68 1033 16.49 942 17.30 856 18.11 773
14.07 1226 14.88 1127 15.69 1032 16.51 941 17.32 854 18.13 772
14.09 1224 14.90 1126 15.71 1031 16.52 940 17.33 853 18.14 770
14.10 1223 14.91 1124 15.72 1029 16.53 939 17.34 852 18.15 769
14.11 1222 14.92 1123 15.73 1028 16.54 937 17.35 851 18.16 768
14.12 1220 14.93 1121 15.74 1027 16.55 936 17.36 850 18.17 767
14.13 1219 14.94 1120 15.75 1025 16.56 935 17.37 848 18.18 766
14.14 1217 14.95 1119 15.76 1024 16.57 934 17.39 847 18.20 765
14.16 1216 14.97 1117 15.78 1023 16.59 932 17.40 846 18.21 763
14.17 1214 14.98 1116 15.79 1022 16.60 931 17.41 845 18.22 762
14.18 1213 14.99 1115 15.80 1020 16.61 930 17.42 843 18.23 761
14.19 1212 15.00 1113 15.81 1019 16.62 929 17.43 842 18.24 760
14.20 1210 15.01 1112 15.82 1018 16.63 927 17.44 841 18.25 759
14.21 1209 15.02 1110 15.83 1016 16.64 926 17.45 840 18.27 758
14.22 1207 15.03 1109 15.85 1015 16.66 925 17.47 839 18.28 757
14.24 1206 15.05 1108 15.86 1014 16.67 924 17.48 837 18.29 755
14.25 1204 15.06 1106 15.87 1012 16.68 922 17.49 836 18.30 754
14.26 1203 15.07 1105 15.88 1011 16.69 921 17.50 835 18.31 753
14.27 1201 15.08 1104 15.89 1010 16.70 920 17.51 834 18.32 752
14.28 1200 15.09 1102 15.90 1008 16.71 918 17.52 833 18.33 751
14.29 1199 15.10 1101 15.91 1007 16.73 917 17.54 831 18.35 750
14.31 1197 15.12 1099 15.93 1006 16.74 916 17.55 830 18.36 749
14.32 1196 15.13 1098 15.94 1004 16.75 915 17.56 829 18.37 747
14.33 1194 15.14 1097 15.95 1003 16.76 913 17.57 828 18.38 746
14.34 1193 15.15 1095 15.96 1002 16.77 912 17.58 827 18.39 745
14.35 1192 15.16 1094 15.97 1000 16.78 911 17.59 825 18.40 744
14.36 1190 15.17 1093 15.98 999 16.79 910 17.61 824 18.42 743
14.37 1189 15.19 1091 16.00 998 16.81 908 17.62 823 18.43 742
14.39 1187 15.20 1090 16.01 997 16.82 907 17.63 822 18.44 741
14.40 1186 15.21 1089 16.02 995 16.83 906 17.64 821 18.45 740
14.41 1184 15.22 1087 16.03 994 16.84 905 17.65 820 18.46 738
14.42 1183 15.23 1086 16.04 993 16.85 903 17.66 818 18.47 737
14.43 1182 15.24 1084 16.05 991 16.86 902 17.67 817 18.49 736
14.44 1180 15.25 1083 16.07 990 16.88 901 17.69 816 18.50 735
14.46 1179 15.27 1082 16.08 989 16.89 900 17.70 815 18.51 734
14.47 1177 15.28 1080 16.09 987 16.90 899 17.71 814 18.52 733
14.48 1176 15.29 1079 16.10 986 16.91 897 17.72 812 18.53 732
14.49 1175 15.30 1078 16.11 985 16.92 896 17.73 811 18.54 730
14.50 1173 15.31 1076 16.12 984 16.93 895 17.74 810 18.55 729
14.51 1172 15.32 1075 16.13 982 16.95 894 17.76 809 18.57 728
14.53 1170 15.34 1074 16.15 981 16.96 892 17.77 808 18.58 727
14.54 1169 15.35 1072 16.16 980 16.97 891 17.78 807 18.59 726
14.55 1167 15.36 1071 16.17 978 16.98 890 17.79 805 18.60 725
14.56 1166 15.37 1070 16.18 977 16.99 889 17.80 804 18.61 724
14.57 1165 15.38 1068 16.19 976 17.00 887 17.81 803 18.62 723
14.58 1163 15.39 1067 16.20 975 17.01 886 17.83 802 18.64 722
14.59 1162 15.41 1066 16.22 973 17.03 885 17.84 801 18.65 720
14.61 1160 15.42 1064 16.23 972 17.04 884 17.85 799 18.66 719
14.62 1159 15.43 1063 16.24 971 17.05 882 17.86 798 18.67 718
14.63 1158 15.44 1061 16.25 969 17.06 881 17.87 797 18.68 717
14.64 1156 15.45 1060 16.26 968 17.07 880 17.88 796 18.69 716
14.65 1155 15.46 1059 16.27 967 17.08 879 17.89 795 18.71 715
14.66 1153 15.47 1057 16.29 965 17.10 878 17.91 794 18.72 714
14.68 1152 15.49 1056 16.30 964 17.11 876 17.92 792 18.73 713
14.69 1151 15.50 1055 16.31 963 17.12 875 17.93 791 18.74 711
18.75 710 19.56 635 20.37 563 21.22 493 22.12 423 23.09 353
18.76 709 19.57 634 20.38 562 21.23 492 22.13 422 23.12 352
18.77 708 19.59 633 20.40 561 21.24 491 22.14 421 23.13 351
18.79 707 19.60 632 20.41 560 21.25 490 22.16 420 23.14 350
18.80 706 19.61 631 20.42 559 21.26 489 22.18 419 23.15 349
18.81 705 19.62 629 20.43 558 21.28 488 22.19 418 23.17 348
18.82 704 19.63 628 20.44 557 21.29 487 22.20 417 23.19 347
18.83 703 19.64 627 20.45 556 21.31 486 22.21 416 23.20 346
18.84 702 19.65 626 20.47 555 21.32 485 22.22 415 23.21 345
18.86 700 19.67 625 20.48 554 21.33 484 22.24 414 23.23 344
18.87 699 19.68 624 20.49 553 21.35 483 22.26 413 23.24 343
18.88 698 19.69 623 20.50 552 21.36 482 22.27 412 23.26 342
18.89 697 19.70 622 20.51 551 21.37 481 22.28 411 23.28 341
18.90 696 19.71 621 20.52 550 21.38 480 22.29 410 23.29 340
18.91 695 19.72 620 20.53 549 21.39 479 22.31 409 23.30 339
18.93 694 19.74 619 20.55 548 21.40 478 22.32 408 23.31 338
18.94 693 19.75 618 20.56 547 21.41 477 22.34 407 23.34 337
18.95 692 19.76 617 20.57 546 21.43 476 22.35 406 23.35 336
18.96 691 19.77 616 20.58 545 21.44 475 22.36 405 23.36 335
18.97 689 19.78 615 20.59 544 21.46 474 22.38 404 23.38 334
18.98 688 19.79 614 20.62 543 21.47 473 22.39 403 23.39 333
18.99 687 19.81 613 20.63 542 21.48 472 22.40 402 23.41 332
19.01 686 19.82 612 20.64 541 21.50 471 22.42 401 23.42 331
19.02 685 19.83 611 20.65 540 21.51 470 22.43 400 23.44 330
19.03 684 19.84 610 20.66 539 21.52 469 22.44 399 23.45 329
19.04 683 19.85 609 20.67 538 21.53 468 22.46 398 23.46 328
19.05 682 19.86 608 20.69 537 21.54 467 22.47 397 23.49 327
19.06 681 19.87 607 20.70 536 21.55 466 22.49 396 23.50 326
19.08 680 19.89 606 20.71 535 21.56 465 22.50 395 23.51 325
19.09 679 19.90 605 20.72 534 21.59 464 22.51 394 23.53 324
19.10 677 19.91 604 20.73 533 21.60 463 22.53 393 23.54 323
19.11 676 19.92 603 20.74 532 21.61 462 22.54 392 23.56 322
19.12 675 19.93 602 20.75 531 21.62 461 22.56 391 23.58 321
19.13 674 19.94 600 20.77 530 21.63 460 22.57 390 23.59 320
19.15 673 19.96 599 20.78 529 21.65 459 22.58 389 23.60 319
19.16 672 19.97 598 20.79 528 21.66 458 22.60 388 23.63 318
19.17 671 19.98 597 20.80 527 21.67 457 22.61 387 23.64 317
19.18 670 19.99 596 20.81 526 21.68 456 22.63 386 23.65 316
19.19 669 20.00 595 20.82 525 21.70 455 22.64 385 23.66 315
19.20 668 20.01 594 20.84 524 21.72 454 22.65 384 23.68 314
19.21 667 20.03 593 20.85 523 21.73 453 22.66 383 23.70 313
19.23 666 20.04 592 20.86 522 21.74 452 22.68 382 23.71 312
19.24 665 20.05 591 20.87 521 21.75 451 22.70 381 23.73 311
19.25 663 20.06 590 20.88 520 21.76 450 22.71 380 23.74 310
19.26 662 20.07 589 20.89 519 21.77 449 22.72 379 23.76 309
19.27 661 20.08 588 20.91 518 21.78 448 22.73 378 23.78 308
19.28 660 20.09 587 20.92 517 21.81 447 22.76 377 23.79 307
19.30 659 20.11 586 20.94 516 21.82 446 22.77 376 23.81 306
19.31 658 20.12 585 20.95 515 21.83 445 22.78 375 23.82 305
19.32 657 20.13 584 20.96 514 21.84 444 22.79 374 23.83 304
19.33 656 20.14 583 20.97 513 21.85 443 22.80 373 23.86 303
19.34 655 20.15 582 20.99 512 21.87 442 22.83 372 23.87 302
19.35 654 20.16 581 21.00 511 21.88 441 22.84 371 23.88 301
19.37 653 20.18 580 21.01 510 21.89 440 22.85 370 23.90 300
19.38 652 20.19 579 21.02 509 21.91 439 22.86 369 23.92 299
19.39 651 20.20 578 21.03 508 21.92 438 22.88 368 23.93 298
19.40 650 20.21 577 21.04 507 21.94 437 22.90 367 23.95 297
19.41 648 20.22 576 21.06 506 21.95 436 22.91 366 23.96 296
19.42 647 20.23 575 21.07 505 21.96 435 22.92 365 23.98 295
19.43 646 20.25 574 21.08 504 21.97 434 22.94 364 24.00 294
19.45 645 20.26 573 21.09 503 21.98 433 22.95 363 24.01 293
19.46 644 20.27 572 21.10 502 22.00 432 22.97 362 24.03 292
19.47 643 20.28 571 21.11 501 22.02 431 22.98 361 24.04 291
19.48 642 20.29 570 21.13 500 22.03 430 23.00 360 24.05 290
19.49 641 20.30 569 21.15 499 22.04 429 23.01 359 24.08 289
19.50 640 20.31 568 21.16 498 22.05 428 23.02 358 24.09 288
19.52 639 20.33 567 21.17 497 22.06 427 23.04 357 24.11 287
19.53 638 20.34 566 21.18 496 22.07 426 23.06 356 24.12 286
19.54 637 20.35 565 21.19 495 22.10 425 23.07 355 24.14 285
19.55 636 20.36 564 21.21 494 22.11 424 23.08 354 24.16 284
24.17 283 24.98 235 25.88 187 26.90 139 28.11 91 29.68 43
24.19 282 25.00 234 25.91 186 26.93 138 28.13 90 29.73 42
24.20 281 25.02 233 25.92 185 26.95 137 28.16 89 29.76 41
24.22 280 25.04 232 25.94 184 26.97 136 28.19 88 29.81 40
24.24 279 25.06 231 25.96 183 27.00 135 28.22 87 29.84 39
24.25 278 25.07 230 25.99 182 27.02 134 28.25 86 29.89 38
24.27 277 25.10 229 26.00 181 27.04 133 28.28 85 29.94 37
24.29 276 25.11 228 26.02 180 27.06 132 28.30 84 29.97 36
24.30 275 25.13 227 26.05 179 27.09 131 28.34 83 30.02 35
24.32 274 25.14 226 26.07 178 27.11 130 28.36 82 30.06 34
24.33 273 25.17 225 26.08 177 27.13 129 28.40 81 30.11 33
24.36 272 25.18 224 26.10 176 27.16 128 28.42 80 30.16 32
24.37 271 25.20 223 26.13 175 27.18 127 28.45 79 30.20 31
24.39 270 25.22 222 26.15 174 27.20 126 28.48 78 30.25 30
24.40 269 25.24 221 26.16 173 27.23 125 28.51 77 30.29 29
24.41 268 25.26 220 26.18 172 27.25 124 28.55 76 30.34 28
24.44 267 25.27 219 26.21 171 27.27 123 28.57 75 30.40 27
24.45 266 25.29 218 26.23 170 27.30 122 28.60 74 30.45 26
24.47 265 25.32 217 26.24 169 27.32 121 28.64 73 30.49 25
24.48 264 25.33 216 26.27 168 27.35 120 28.66 72 30.55 24
24.51 263 25.35 215 26.29 167 27.38 119 28.70 71 30.61 23
24.52 262 25.36 214 26.31 166 27.40 118 28.73 70 30.65 22
24.54 261 25.39 213 26.34 165 27.42 117 28.75 69 30.71 21
24.55 260 25.41 212 26.35 164 27.45 116 28.79 68 30.77 20
24.58 259 25.42 211 26.37 163 27.47 115 28.82 67 30.83 19
24.59 258 25.44 210 26.39 162 27.49 114 28.86 66 30.89 18
24.60 257 25.46 209 26.42 161 27.53 113 28.89 65 30.95 17
24.62 256 25.48 208 26.44 160 27.55 112 28.92 64 31.01 16
24.63 255 25.50 207 26.46 159 27.57 111 28.95 63 31.08 15
24.66 254 25.51 206 26.49 158 27.60 110 28.99 62 31.14 14
24.67 253 25.54 205 26.50 157 27.62 109 29.02 61 31.21 13
24.69 252 25.56 204 26.52 156 27.66 108 29.06 60 31.29 12
24.70 251 25.57 203 26.54 155 27.68 107 29.09 59 31.36 11
24.73 250 25.59 202 26.57 154 27.70 106 29.13 58 31.44 10
24.74 249 25.61 201 26.59 153 27.72 105 29.16 57 31.52 9
24.76 248 25.63 200 26.61 152 27.76 104 29.19 56 31.61 8
24.77 247 25.65 199 26.64 151 27.78 103 29.23 55 31.71 7
24.80 246 25.66 198 26.66 150 27.81 102 29.26 54 31.80 6
24.81 245 25.69 197 26.67 149 27.83 101 29.30 53 31.90 5
24.83 244 25.71 196 26.69 148 27.86 100 29.33 52 32.03 4
24.84 243 25.72 195 26.72 147 27.89 99 29.38 51 32.16 3
24.86 242 25.74 194 26.74 146 27.91 98 29.41 50 32.32 2
24.88 241 25.77 193 26.76 145 27.94 97 29.45 49 32.52 1
24.90 240 25.78 192 26.79 144 27.97 96 29.48 48
24.91 239 25.80 191 26.81 143 27.99 95 29.53 47
24.93 238 25.83 190 26.83 142 28.03 94 29.57 46
24.95 237 25.85 189 26.86 141 28.05 93 29.60 45
24.97 236 25.86 188 26.88 140 28.07 92 29.65 44
