12.00 1210 12.70 1110 13.40 1014 14.10 921 14.80 834 15.50 750
12.01 1209 12.71 1109 13.41 1012 14.11 920 14.81 833 15.51 749
12.02 1207 12.72 1108 13.42 1011 14.12 918 14.82 831 15.52 747
12.03 1206 12.73 1105 13.43 1010 14.13 917 14.83 830 15.53 746
12.04 1204 12.74 1104 13.44 1008 14.14 916 14.84 829 15.54 745
12.05 1203 12.75 1102 13.45 1007 14.15 915 14.85 828 15.55 744
12.06 1201 12.76 1101 13.46 1006 14.16 913 14.86 827 15.56 743
12.07 1200 12.77 1099 13.47 1004 14.17 912 14.87 825 15.57 742
12.08 1199 12.78 1098 13.48 1003 14.18 911 14.88 824 15.58 741
12.09 1197 12.79 1097 13.49 1002 14.19 910 14.89 823 15.59 740
12.10 1196 12.80 1095 13.50 1000 14.20 908 14.90 822 15.60 738
12.11 1194 12.81 1094 13.51 999 14.21 907 14.91 821 15.61 737
12.12 1193 12.82 1093 13.52 998 14.22 906 14.92 820 15.62 736
12.13 1192 12.83 1091 13.53 997 14.23 905 14.93 818 15.63 735
12.14 1190 12.84 1090 13.54 995 14.24 903 14.94 817 15.64 734
12.15 1189 12.85 1089 13.55 994 14.25 902 14.95 816 15.65 733
12.16 1187 12.86 1087 13.56 993 14.26 901 14.96 815 15.66 732
12.17 1186 12.87 1086 13.57 991 14.27 900 14.97 814 15.67 730
12.18 1184 12.88 1084 13.58 990 14.28 899 14.98 812 15.68 729
12.19 1183 12.89 1083 13.59 989 14.29 897 14.99 811 15.69 728
12.20 1182 12.90 1082 13.60 987 14.30 896 15.00 810 15.70 727
12.21 1180 12.91 1080 13.61 986 14.31 895 15.01 808 15.71 726
12.22 1179 12.92 1079 13.62 985 14.32 894 15.02 807 15.72 725
12.23 1177 12.93 1078 13.63 984 14.33 892 15.03 805 15.73 724
12.24 1176 12.94 1076 13.64 981 14.34 891 15.04 804 15.74 723
12.25 1175 12.95 1075 13.65 980 14.35 890 15.05 803 15.75 722
12.26 1173 12.96 1074 13.66 978 14.36 889 15.06 802 15.76 720
12.27 1172 12.97 1072 13.67 977 14.37 887 15.07 801 15.77 719
12.28 1169 12.98 1071 13.68 976 14.38 886 15.08 799 15.78 718
12.29 1167 12.99 1070 13.69 975 14.39 885 15.09 798 15.79 717
12.30 1166 13.00 1068 13.70 973 14.40 884 15.10 797 15.80 716
12.31 1165 13.01 1067 13.71 972 14.41 882 15.11 796 15.81 715
12.32 1163 13.02 1066 13.72 971 14.42 881 15.12 795 15.82 714
12.33 1162 13.03 1064 13.73 969 14.43 880 15.13 794 15.83 713
12.34 1160 13.04 1063 13.74 968 14.44 879 15.14 792 15.84 711
12.35 1159 13.05 1061 13.75 967 14.45 878 15.15 791 15.85 710
12.36 1158 13.06 1060 13.76 965 14.46 876 15.16 790 15.86 709
12.37 1156 13.07 1059 13.77 964 14.47 875 15.17 789 15.87 708
12.38 1155 13.08 1057 13.78 963 14.48 874 15.18 788 15.88 707
12.39 1153 13.09 1056 13.79 962 14.49 873 15.19 787 15.89 706
12.40 1152 13.10 1055 13.80 960 14.50 871 15.20 785 15.90 705
12.41 1151 13.11 1053 13.81 959 14.51 870 15.21 784 15.91 703
12.42 1149 13.12 1052 13.82 958 14.52 869 15.22 783 15.92 702
12.43 1148 13.13 1051 13.83 957 14.53 868 15.23 782 15.93 700
12.44 1146 13.14 1049 13.84 955 14.54 867 15.24 781 15.94 699
12.45 1145 13.15 1048 13.85 954 14.55 864 15.25 780 15.95 698
12.46 1144 13.16 1047 13.86 953 14.56 863 15.26 778 15.96 697
12.47 1142 13.17 1045 13.87 951 14.57 862 15.27 777 15.97 696
12.48 1141 13.18 1044 13.88 950 14.58 860 15.28 776 15.98 695
12.49 1139 13.19 1041 13.89 949 14.59 859 15.29 775 15.99 694
12.50 1138 13.20 1040 13.90 948 14.60 858 15.30 774 16.00 693
12.51 1137 13.21 1039 13.91 946 14.61 857 15.31 773 16.01 692
12.52 1135 13.22 1037 13.92 945 14.62 856 15.32 772 16.02 691
12.53 1134 13.23 1036 13.93 944 14.63 854 15.33 770 16.03 689
12.54 1133 13.24 1035 13.94 942 14.64 853 15.34 769 16.04 688
12.55 1131 13.25 1033 13.95 941 14.65 852 15.35 768 16.05 687
12.56 1130 13.26 1032 13.96 940 14.66 851 15.36 767 16.06 686
12.57 1128 13.27 1031 13.97 939 14.67 850 15.37 766 16.07 685
12.58 1127 13.28 1029 13.98 937 14.68 848 15.38 765 16.08 684
12.59 1126 13.29 1028 13.99 936 14.69 847 15.39 763 16.09 683
12.60 1124 13.30 1027 14.00 935 14.70 846 15.40 762 16.10 682
12.61 1123 13.31 1025 14.01 934 14.71 845 15.41 761 16.11 681
12.62 1121 13.32 1024 14.02 932 14.72 843 15.42 760 16.12 680
12.63 1120 13.33 1023 14.03 931 14.73 842 15.43 759 16.13 679
12.64 1119 13.34 1022 14.04 930 14.74 841 15.44 758 16.14 677
12.65 1117 13.35 1020 14.05 929 14.75 840 15.45 757 16.15 676
12.66 1116 13.36 1019 14.06 927 14.76 839 15.46 754 16.16 675
12.67 1115 13.37 1018 14.07 926 14.77 837 15.47 753 16.17 674
12.68 1113 13.38 1016 14.08 925 14.78 836 15.48 752 16.18 673
12.69 1112 13.39 1015 14.09 924 14.79 835 15.49 751 16.19 672
16.20 671 16.90 595 17.61 524 18.37 452 19.19 380 20.09 308
16.21 670 16.91 594 17.62 523 18.38 451 19.20 379 20.10 307
16.22 669 16.92 593 17.63 522 18.39 450 19.21 378 20.12 306
16.23 668 16.93 592 17.64 521 18.40 449 19.23 377 20.13 305
16.24 667 16.94 591 17.65 520 18.41 448 19.24 376 20.14 304
16.25 666 16.95 590 17.66 519 18.43 447 19.25 375 20.16 303
16.26 665 16.96 589 17.67 518 18.44 446 19.26 374 20.17 302
16.27 663 16.97 588 17.68 517 18.45 445 19.27 373 20.18 301
16.28 662 16.98 587 17.70 516 18.46 444 19.29 372 20.20 300
16.29 661 16.99 586 17.71 515 18.47 443 19.30 371 20.21 299
16.30 660 17.00 585 17.72 514 18.48 442 19.31 370 20.22 298
16.31 659 17.01 584 17.73 512 18.49 441 19.32 369 20.24 297
16.32 658 17.02 583 17.74 511 18.50 440 19.34 368 20.25 296
16.33 657 17.03 582 17.75 510 18.52 439 19.35 367 20.27 295
16.34 656 17.04 581 17.76 509 18.53 438 19.36 366 20.28 294
16.35 655 17.05 580 17.77 508 18.54 437 19.37 365 20.29 293
16.36 654 17.06 579 17.78 507 18.55 436 19.39 364 20.31 292
16.37 652 17.07 578 17.79 506 18.56 435 19.40 363 20.32 291
16.38 651 17.08 577 17.80 505 18.57 434 19.41 362 20.33 290
16.39 650 17.09 576 17.81 504 18.58 433 19.42 361 20.35 289
16.40 648 17.10 575 17.82 503 18.60 432 19.44 360 20.36 288
16.41 647 17.11 574 17.83 502 18.61 431 19.45 359 20.38 287
16.42 646 17.12 573 17.84 501 18.62 430 19.46 358 20.39 286
16.43 645 17.13 572 17.85 500 18.63 429 19.47 357 20.40 285
16.44 644 17.14 571 17.87 499 18.64 427 19.49 356 20.42 284
16.45 643 17.15 570 17.88 498 18.65 426 19.50 355 20.43 283
16.46 642 17.16 569 17.89 497 18.67 425 19.51 354 20.45 282
16.47 641 17.17 568 17.90 496 18.68 424 19.52 353 20.46 280
16.48 640 17.18 567 17.91 495 18.69 423 19.54 352 20.48 279
16.49 639 17.19 566 17.92 494 18.70 422 19.55 350 20.49 278
16.50 638 17.20 565 17.93 493 18.71 421 19.56 349 20.51 277
16.51 637 17.21 564 17.94 492 18.72 420 19.58 348 20.52 276
16.52 636 17.22 563 17.95 491 18.74 419 19.59 347 20.53 275
16.53 635 17.23 562 17.96 490 18.75 418 19.60 346 20.55 274
16.54 634 17.24 561 17.97 489 18.76 417 19.61 345 20.56 273
16.55 633 17.25 560 17.98 488 18.77 416 19.63 344 20.58 272
16.56 632 17.26 559 17.99 487 18.78 415 19.64 343 20.59 271
16.57 631 17.27 558 18.01 486 18.79 414 19.65 342 20.61 270
16.58 629 17.28 556 18.02 485 18.81 413 19.67 341 20.62 269
16.59 628 17.29 555 18.03 484 18.82 412 19.68 340 20.63 268
16.60 627 17.30 554 18.04 483 18.83 411 19.69 339 20.65 267
16.61 626 17.31 553 18.05 482 18.84 410 19.70 338 20.66 266
16.62 625 17.32 552 18.06 481 18.85 409 19.72 337 20.68 265
16.63 624 17.33 551 18.07 480 18.86 408 19.73 336 20.69 264
16.64 623 17.34 550 18.08 479 18.88 407 19.74 335 20.71 263
16.65 622 17.35 549 18.09 478 18.89 406 19.76 334 20.72 262
16.66 621 17.36 548 18.10 477 18.90 405 19.77 333 20.74 261
16.67 620 17.37 547 18.11 476 18.91 404 19.78 332 20.75 260
16.68 619 17.38 546 18.12 475 18.92 403 19.79 331 20.77 259
16.69 618 17.39 545 18.14 474 18.93 402 19.81 330 20.78 258
16.70 617 17.40 544 18.15 473 18.95 401 19.82 329 20.79 257
16.71 616 17.42 543 18.16 472 18.96 400 19.83 328 20.81 256
16.72 615 17.43 542 18.17 471 18.97 399 19.85 327 20.82 255
16.73 614 17.44 541 18.18 470 18.98 398 19.86 326 20.84 254
16.74 613 17.45 540 18.19 468 18.99 397 19.87 325 20.85 253
16.75 612 17.46 539 18.20 467 19.01 396 19.89 324 20.87 252
16.76 611 17.47 538 18.21 466 19.02 395 19.90 323 20.88 251
16.77 610 17.48 537 18.22 465 19.03 394 19.91 322 20.90 250
16.78 609 17.49 536 18.24 464 19.04 393 19.93 321 20.92 248
16.79 608 17.50 535 18.25 463 19.05 392 19.94 320 20.93 247
16.80 607 17.51 534 18.26 462 19.07 391 19.95 319 20.95 246
16.81 606 17.52 533 18.27 461 19.08 390 19.97 318 20.96 245
16.82 604 17.53 532 18.28 460 19.09 389 19.98 317 20.98 244
16.83 603 17.54 531 18.29 459 19.10 387 19.99 316 20.99 243
16.84 602 17.55 530 18.30 458 19.12 386 20.01 314 21.01 242
16.85 600 17.56 529 18.31 457 19.13 385 20.02 313 21.02 241
16.86 599 17.57 528 18.32 456 19.14 384 20.03 312 21.04 240
16.87 598 17.58 527 18.34 455 19.15 383 20.05 311 21.05 239
16.88 597 17.59 526 18.35 454 19.16 382 20.06 310 21.07 238
16.89 596 17.60 525 18.36 453 19.18 381 20.08 309 21.08 237
21.10 236 21.73 196 22.41 156 23.19 116 24.12 76 25.33 36
21.11 235 21.74 195 22.43 155 23.21 115 24.14 75 25.37 35
21.13 234 21.76 194 22.45 154 23.23 114 24.17 74 25.41 34
21.14 233 21.78 193 22.47 153 23.26 113 24.20 73 25.45 33
21.16 232 21.79 192 22.49 152 23.28 112 24.22 72 25.48 32
21.18 231 21.81 191 22.51 151 23.30 111 24.25 71 25.52 31
21.19 230 21.82 190 22.53 150 23.32 110 24.28 70 25.56 30
21.21 229 21.84 189 22.54 149 23.34 109 24.30 69 25.60 29
21.22 228 21.85 188 22.56 148 23.37 108 24.33 68 25.64 28
21.24 227 21.87 187 22.58 147 23.39 107 24.36 67 25.69 27
21.25 226 21.89 186 22.60 146 23.41 106 24.39 66 25.73 26
21.27 225 21.90 185 22.62 145 23.43 105 24.42 65 25.77 25
21.28 224 21.92 184 22.64 144 23.46 104 24.44 64 25.82 24
21.30 223 21.94 183 22.66 143 23.48 103 24.47 63 25.87 23
21.32 222 21.96 182 22.68 142 23.50 102 24.50 62 25.90 22
21.33 221 21.97 181 22.70 141 23.52 101 24.53 61 25.95 21
21.35 220 21.99 180 22.72 140 23.55 100 24.55 60 26.00 20
21.36 219 22.01 179 22.73 139 23.57 99 24.58 59 26.05 19
21.37 218 22.03 178 22.75 138 23.59 98 24.61 58 26.10 18
21.39 217 22.04 177 22.77 137 23.62 97 24.64 57 26.16 17
21.40 216 22.06 176 22.79 136 23.63 96 24.67 56 26.21 16
21.42 215 22.08 175 22.81 135 23.65 95 24.70 55 26.27 15
21.43 214 22.10 174 22.83 134 23.68 94 24.73 54 26.32 14
21.45 213 22.11 173 22.85 133 23.70 93 24.76 53 26.37 13
21.47 212 22.13 172 22.87 132 23.72 92 24.79 52 26.44 12
21.48 211 22.15 171 22.89 131 23.75 91 24.83 51 26.50 11
21.50 210 22.17 170 22.91 130 23.77 90 24.86 50 26.57 10
21.51 209 22.18 169 22.93 129 23.80 89 24.89 49 26.64 9
21.53 208 22.20 168 22.95 128 23.82 88 24.92 48 26.72 8
21.55 207 22.22 167 22.97 127 23.85 87 24.96 47 26.80 7
21.56 206 22.24 166 22.99 126 23.87 86 24.99 46 26.87 6
21.58 205 22.26 165 23.01 125 23.90 85 25.01 45 26.96 5
21.60 204 22.27 164 23.03 124 23.92 84 25.05 44 27.07 4
21.61 203 22.28 163 23.05 123 23.95 83 25.08 43 27.18 3
21.63 202 22.30 162 23.07 122 23.97 82 25.12 42 27.31 2
21.64 201 22.32 161 23.09 121 24.00 81 25.15 41 27.48 1
21.66 200 22.34 160 23.12 120 24.02 80 25.19 40
21.68 199 22.36 159 23.14 119 24.05 79 25.22 39
21.69 198 22.38 158 23.16 118 24.07 78 25.26 38
21.71 197 22.39 157 23.18 117 24.09 77 25.30 37
