12.18 1249 12.89 1149 13.61 1053 14.32 962 15.03 874 15.74 790
12.19 1248 12.91 1148 13.62 1052 14.33 960 15.04 873 15.75 789
12.20 1246 12.92 1146 13.63 1051 14.34 959 15.05 871 15.76 788
12.21 1245 12.93 1145 13.64 1049 14.35 958 15.06 870 15.77 787
12.22 1243 12.94 1144 13.65 1048 14.36 957 15.07 869 15.78 785
12.23 1242 12.95 1142 13.66 1047 14.37 955 15.08 868 15.79 784
12.24 1240 12.96 1141 13.67 1045 14.38 954 15.09 867 15.80 783
12.26 1239 12.97 1139 13.68 1044 14.39 953 15.10 865 15.81 782
12.27 1237 12.98 1138 13.69 1043 14.40 951 15.11 864 15.82 781
12.28 1236 12.99 1137 13.70 1041 14.41 950 15.12 863 15.83 780
12.29 1235 13.00 1135 13.71 1040 14.42 949 15.13 862 15.84 778
12.30 1233 13.01 1134 13.72 1039 14.43 948 15.14 860 15.85 777
12.31 1232 13.02 1133 13.73 1037 14.44 946 15.15 859 15.86 776
12.32 1230 13.03 1131 13.74 1036 14.45 945 15.16 858 15.87 775
12.33 1229 13.04 1130 13.75 1035 14.46 944 15.17 857 15.88 774
12.34 1227 13.05 1128 13.76 1033 14.47 942 15.18 856 15.89 773
12.35 1226 13.06 1127 13.77 1032 14.48 941 15.19 854 15.90 772
12.36 1224 13.07 1126 13.78 1031 14.49 940 15.20 853 15.91 770
12.37 1223 13.08 1124 13.79 1029 14.50 939 15.21 852 15.92 769
12.38 1222 13.09 1123 13.80 1028 14.51 937 15.22 851 15.93 768
12.39 1220 13.10 1121 13.81 1027 14.52 936 15.23 850 15.94 767
12.40 1219 13.11 1120 13.82 1025 14.53 935 15.24 848 15.95 766
12.41 1217 13.12 1119 13.83 1024 14.54 934 15.25 847 15.96 765
12.42 1216 13.13 1117 13.84 1023 14.55 932 15.26 846 15.97 763
12.43 1214 13.14 1116 13.85 1022 14.56 931 15.27 845 15.98 762
12.44 1213 13.15 1115 13.86 1020 14.57 930 15.28 843 15.99 761
12.45 1212 13.16 1113 13.87 1019 14.58 929 15.29 842 16.00 760
12.46 1210 13.17 1112 13.88 1018 14.59 927 15.30 841 16.01 759
12.47 1209 13.18 1110 13.89 1016 14.60 926 15.31 840 16.02 758
12.48 1207 13.19 1109 13.90 1015 14.61 925 15.32 839 16.03 757
12.49 1206 13.20 1108 13.91 1014 14.62 924 15.33 837 16.04 755
12.50 1204 13.21 1106 13.92 1012 14.63 922 15.34 836 16.05 754
12.51 1203 13.22 1105 13.93 1011 14.64 921 15.35 835 16.06 753
12.52 1201 13.23 1104 13.94 1010 14.65 920 15.36 834 16.07 752
12.53 1200 13.24 1102 13.95 1008 14.66 918 15.37 833 16.08 751
12.54 1199 13.25 1101 13.96 1007 14.67 917 15.38 831 16.09 750
12.55 1197 13.26 1099 13.97 1006 14.68 916 15.39 830 16.10 749
12.56 1196 13.27 1098 13.98 1004 14.69 915 15.40 829 16.11 747
12.57 1194 13.28 1097 13.99 1003 14.70 913 15.41 828 16.13 746
12.58 1193 13.29 1095 14.00 1002 14.71 912 15.42 827 16.14 745
12.59 1192 13.30 1094 14.01 1000 14.72 911 15.43 825 16.15 744
12.60 1190 13.31 1093 14.02 999 14.73 910 15.44 824 16.16 743
12.61 1189 13.32 1091 14.03 998 14.74 908 15.45 823 16.17 742
12.62 1187 13.33 1090 14.04 997 14.75 907 15.46 822 16.18 741
12.63 1186 13.34 1089 14.05 995 14.76 906 15.47 821 16.19 740
12.64 1184 13.35 1087 14.06 994 14.77 905 15.49 820 16.20 738
12.65 1183 13.36 1086 14.07 993 14.78 903 15.50 818 16.21 737
12.66 1182 13.37 1084 14.08 991 14.79 902 15.51 817 16.22 736
12.67 1180 13.38 1083 14.09 990 14.80 901 15.52 816 16.23 735
12.68 1179 13.39 1082 14.10 989 14.81 900 15.53 815 16.24 734
12.69 1177 13.40 1080 14.11 987 14.82 899 15.54 814 16.25 733
12.70 1176 13.41 1079 14.12 986 14.84 897 15.55 812 16.26 732
12.71 1175 13.42 1078 14.13 985 14.85 896 15.56 811 16.27 730
12.72 1173 13.43 1076 14.14 984 14.86 895 15.57 810 16.28 729
12.73 1172 13.44 1075 14.15 982 14.87 894 15.58 809 16.29 728
12.74 1170 13.45 1074 14.16 981 14.88 892 15.59 808 16.30 727
12.75 1169 13.46 1072 14.17 980 14.89 891 15.60 807 16.31 726
12.76 1167 13.47 1071 14.18 978 14.90 890 15.61 805 16.32 725
12.77 1166 13.48 1070 14.20 977 14.91 889 15.62 804 16.33 724
12.78 1165 13.49 1068 14.21 976 14.92 887 15.63 803 16.34 723
12.79 1163 13.50 1067 14.22 975 14.93 886 15.64 802 16.35 722
12.80 1162 13.51 1066 14.23 973 14.94 885 15.65 801 16.36 720
12.81 1160 13.52 1064 14.24 972 14.95 884 15.66 799 16.37 719
12.82 1159 13.53 1063 14.25 971 14.96 882 15.67 798 16.38 718
12.83 1158 13.55 1061 14.26 969 14.97 881 15.68 797 16.39 717
12.84 1156 13.56 1060 14.27 968 14.98 880 15.69 796 16.40 716
12.85 1155 13.57 1059 14.28 967 14.99 879 15.70 795 16.41 715
12.86 1153 13.58 1057 14.29 965 15.00 878 15.71 794 16.42 714
12.87 1152 13.59 1056 14.30 964 15.01 876 15.72 792 16.43 713
12.88 1151 13.60 1055 14.31 963 15.02 875 15.73 791 16.44 711
16.45 710 17.16 635 17.87 563 18.61 493 19.41 423 20.26 353
16.46 709 17.17 634 17.88 562 18.62 492 19.42 422 20.28 352
16.47 708 17.18 633 17.89 561 18.63 491 19.43 421 20.29 351
16.48 707 17.19 632 17.90 560 18.64 490 19.44 420 20.30 350
16.49 706 17.20 631 17.91 559 18.65 489 19.46 419 20.31 349
16.50 705 17.21 629 17.92 558 18.66 488 19.47 418 20.33 348
16.51 704 17.22 628 17.93 557 18.67 487 19.48 417 20.34 347
16.52 703 17.23 627 17.94 556 18.69 486 19.49 416 20.35 346
16.53 702 17.24 626 17.95 555 18.71 485 19.50 415 20.36 345
16.54 700 17.25 625 17.96 554 18.72 484 19.51 414 20.38 344
16.55 699 17.26 624 17.97 553 18.73 483 19.53 413 20.39 343
16.56 698 17.27 623 17.98 552 18.74 482 19.54 412 20.40 342
16.57 697 17.28 622 17.99 551 18.75 481 19.55 411 20.42 341
16.58 696 17.29 621 18.00 550 18.76 480 19.56 410 20.43 340
16.59 695 17.30 620 18.01 549 18.77 479 19.57 409 20.44 339
16.60 694 17.31 619 18.02 548 18.78 478 19.58 408 20.45 338
16.61 693 17.32 618 18.03 547 18.79 477 19.60 407 20.47 337
16.62 692 17.33 617 18.04 546 18.80 476 19.61 406 20.48 336
16.63 691 17.34 616 18.05 545 18.81 475 19.62 405 20.49 335
16.64 689 17.35 615 18.07 544 18.83 474 19.63 404 20.51 334
16.65 688 17.36 614 18.09 543 18.84 473 19.64 403 20.52 333
16.66 687 17.37 613 18.10 542 18.85 472 19.65 402 20.53 332
16.67 686 17.38 612 18.11 541 18.86 471 19.67 401 20.54 331
16.68 685 17.39 611 18.12 540 18.87 470 19.68 400 20.56 330
16.69 684 17.40 610 18.13 539 18.88 469 19.69 399 20.57 329
16.70 683 17.42 609 18.14 538 18.89 468 19.70 398 20.58 328
16.71 682 17.43 608 18.15 537 18.90 467 19.71 397 20.60 327
16.72 681 17.44 607 18.16 536 18.91 466 19.73 396 20.61 326
16.73 680 17.45 606 18.17 535 18.92 465 19.74 395 20.62 325
16.74 679 17.46 605 18.18 534 18.94 464 19.75 394 20.65 324
16.75 677 17.47 604 18.19 533 18.95 463 19.76 393 20.66 323
16.76 676 17.48 603 18.20 532 18.96 462 19.77 392 20.67 322
16.78 675 17.49 602 18.21 531 18.97 461 19.79 391 20.69 321
16.79 674 17.50 600 18.22 530 18.98 460 19.80 390 20.70 320
16.80 673 17.51 599 18.23 529 18.99 459 19.81 389 20.71 319
16.81 672 17.52 598 18.24 528 19.00 458 19.82 388 20.73 318
16.82 671 17.53 597 18.25 527 19.01 457 19.83 387 20.74 317
16.83 670 17.54 596 18.26 526 19.02 456 19.85 386 20.75 316
16.84 669 17.55 595 18.27 525 19.04 455 19.86 385 20.76 315
16.85 668 17.56 594 18.28 524 19.05 454 19.87 384 20.78 314
16.86 667 17.57 593 18.29 523 19.06 453 19.88 383 20.79 313
16.87 666 17.58 592 18.30 522 19.07 452 19.89 382 20.80 312
16.88 665 17.59 591 18.31 521 19.08 451 19.91 381 20.82 311
16.89 663 17.60 590 18.32 520 19.09 450 19.92 380 20.83 310
16.90 662 17.61 589 18.33 519 19.10 449 19.93 379 20.85 309
16.91 661 17.62 588 18.34 518 19.11 448 19.94 378 20.86 308
16.92 660 17.63 587 18.35 517 19.13 447 19.96 377 20.87 307
16.93 659 17.64 586 18.37 516 19.14 446 19.97 376 20.89 306
16.94 658 17.65 585 18.38 515 19.15 445 19.98 375 20.90 305
16.95 657 17.66 584 18.39 514 19.16 444 19.99 374 20.91 304
16.96 656 17.67 583 18.40 513 19.17 443 20.01 373 20.93 303
16.97 655 17.68 582 18.41 512 19.18 442 20.03 372 20.94 302
16.98 654 17.69 581 18.42 511 19.19 441 20.04 371 20.95 301
16.99 653 17.70 580 18.43 510 19.20 440 20.05 370 20.97 300
17.00 652 17.71 579 18.44 509 19.22 439 20.06 369 20.98 299
17.01 651 17.72 578 18.45 508 19.23 438 20.08 368 20.99 298
17.02 650 17.73 577 18.46 507 19.24 437 20.09 367 21.01 297
17.03 648 17.74 576 18.47 506 19.25 436 20.10 366 21.02 296
17.04 647 17.75 575 18.48 505 19.26 435 20.11 365 21.04 295
17.05 646 17.76 574 18.49 504 19.27 434 20.13 364 21.05 294
17.06 645 17.77 573 18.50 503 19.28 433 20.14 363 21.06 293
17.07 644 17.78 572 18.51 502 19.30 432 20.15 362 21.08 292
17.08 643 17.79 571 18.52 501 19.31 431 20.16 361 21.09 291
17.09 642 17.80 570 18.53 500 19.32 430 20.18 360 21.10 290
17.10 641 17.81 569 18.55 499 19.33 429 20.19 359 21.12 289
17.11 640 17.82 568 18.56 498 19.34 428 20.20 358 21.13 288
17.12 639 17.83 567 18.57 497 19.36 427 20.21 357 21.15 287
17.13 638 17.84 566 18.58 496 19.37 426 20.23 356 21.16 286
17.14 637 17.85 565 18.59 495 19.39 425 20.24 355 21.17 285
17.15 636 17.86 564 18.60 494 19.40 424 20.25 354 21.19 284
21.20 283 21.91 235 22.71 187 23.60 139 24.66 91 26.04 43
21.22 282 21.94 234 22.73 186 23.62 138 24.68 90 26.08 42
21.23 281 21.95 233 22.74 185 23.64 137 24.71 89 26.11 41
21.24 280 21.97 232 22.76 184 23.66 136 24.73 88 26.15 40
21.26 279 21.99 231 22.78 183 23.68 135 24.76 87 26.18 39
21.27 278 22.00 230 22.80 182 23.70 134 24.78 86 26.22 38
21.30 277 22.02 229 22.81 181 23.72 133 24.81 85 26.26 37
21.31 276 22.03 228 22.83 180 23.74 132 24.83 84 26.29 36
21.32 275 22.05 227 22.85 179 23.76 131 24.86 83 26.33 35
21.34 274 22.06 226 22.87 178 23.78 130 24.88 82 26.37 34
21.35 273 22.08 225 22.88 177 23.80 129 24.91 81 26.41 33
21.37 272 22.09 224 22.90 176 23.82 128 24.93 80 26.46 32
21.38 271 22.11 223 22.92 175 23.84 127 24.96 79 26.50 31
21.40 270 22.13 222 22.94 174 23.86 126 24.98 78 26.54 30
21.41 269 22.14 221 22.95 173 23.89 125 25.01 77 26.58 29
21.42 268 22.16 220 22.97 172 23.91 124 25.04 76 26.62 28
21.44 267 22.17 219 22.99 171 23.93 123 25.06 75 26.67 27
21.45 266 22.19 218 23.01 170 23.95 122 25.09 74 26.71 26
21.47 265 22.21 217 23.02 169 23.97 121 25.12 73 26.75 25
21.48 264 22.22 216 23.04 168 24.00 120 25.14 72 26.80 24
21.50 263 22.24 215 23.06 167 24.02 119 25.18 71 26.85 23
21.51 262 22.25 214 23.08 166 24.04 118 25.21 70 26.89 22
21.53 261 22.27 213 23.10 165 24.06 117 25.23 69 26.94 21
21.54 260 22.29 212 23.11 164 24.08 116 25.26 68 26.99 20
21.56 259 22.30 211 23.13 163 24.10 115 25.29 67 27.04 19
21.57 258 22.32 210 23.15 162 24.12 114 25.32 66 27.10 18
21.58 257 22.33 209 23.17 161 24.15 113 25.35 65 27.16 17
21.60 256 22.35 208 23.19 160 24.17 112 25.37 64 27.21 16
21.61 255 22.37 207 23.21 159 24.19 111 25.40 63 27.27 15
21.63 254 22.38 206 23.24 158 24.21 110 25.43 62 27.32 14
21.64 253 22.40 205 23.25 157 24.23 109 25.46 61 27.38 13
21.66 252 22.42 204 23.27 156 24.26 108 25.49 60 27.45 12
21.67 251 22.43 203 23.29 155 24.28 107 25.52 59 27.51 11
21.69 250 22.45 202 23.31 154 24.30 106 25.55 58 27.58 10
21.70 249 22.46 201 23.33 153 24.32 105 25.58 57 27.65 9
21.72 248 22.48 200 23.35 152 24.35 104 25.61 56 27.73 8
21.73 247 22.50 199 23.37 151 24.37 103 25.64 55 27.82 7
21.75 246 22.51 198 23.39 150 24.39 102 25.67 54 27.90 6
21.76 245 22.53 197 23.40 149 24.41 101 25.70 53 27.99 5
21.78 244 22.55 196 23.42 148 24.44 100 25.73 52 28.10 4
21.79 243 22.56 195 23.44 147 24.46 99 25.77 51 28.21 3
21.81 242 22.59 194 23.46 146 24.48 98 25.81 50 28.35 2
21.82 241 22.61 193 23.48 145 24.52 97 25.84 49 28.53 1
21.84 240 22.62 192 23.50 144 24.54 96 25.87 48
21.85 239 22.64 191 23.52 143 24.56 95 25.91 47
21.87 238 22.66 190 23.54 142 24.59 94 25.94 46
21.88 237 22.68 189 23.56 141 24.61 93 25.97 45
21.90 236 22.69 188 23.58 140 24.63 92 26.01 44
