13.46 1249 14.25 1149 15.03 1053 15.82 962 16.60 874 17.39 790
13.47 1248 14.26 1148 15.04 1052 15.83 960 16.61 873 17.40 789
13.48 1246 14.27 1146 15.05 1051 15.84 959 16.62 871 17.41 788
13.49 1245 14.28 1145 15.06 1049 15.85 958 16.64 870 17.42 787
13.50 1243 14.29 1144 15.08 1048 15.86 957 16.65 869 17.43 785
13.52 1242 14.30 1142 15.09 1047 15.87 955 16.66 868 17.44 784
13.53 1240 14.31 1141 15.10 1045 15.88 954 16.67 867 17.45 783
13.54 1239 14.32 1139 15.11 1044 15.89 953 16.68 865 17.47 782
13.55 1237 14.34 1138 15.12 1043 15.91 951 16.69 864 17.48 781
13.56 1236 14.35 1137 15.13 1041 15.92 950 16.70 863 17.49 780
13.57 1235 14.36 1135 15.14 1040 15.93 949 16.71 862 17.50 778
13.58 1233 14.37 1134 15.15 1039 15.94 948 16.73 860 17.51 777
13.59 1232 14.38 1133 15.17 1037 15.95 946 16.74 859 17.52 776
13.61 1230 14.39 1131 15.18 1036 15.96 945 16.75 858 17.53 775
13.62 1229 14.40 1130 15.19 1035 15.97 944 16.76 857 17.54 774
13.63 1227 14.41 1128 15.20 1033 15.98 942 16.77 856 17.56 773
13.64 1226 14.42 1127 15.21 1032 16.00 941 16.78 854 17.57 772
13.65 1224 14.44 1126 15.22 1031 16.01 940 16.79 853 17.58 770
13.66 1223 14.45 1124 15.23 1029 16.02 939 16.80 852 17.59 769
13.67 1222 14.46 1123 15.24 1028 16.03 937 16.82 851 17.60 768
13.68 1220 14.47 1121 15.26 1027 16.04 936 16.83 850 17.61 767
13.70 1219 14.48 1120 15.27 1025 16.05 935 16.84 848 17.62 766
13.71 1217 14.49 1119 15.28 1024 16.06 934 16.85 847 17.63 765
13.72 1216 14.50 1117 15.29 1023 16.07 932 16.86 846 17.65 763
13.73 1214 14.51 1116 15.30 1022 16.09 931 16.87 845 17.66 762
13.74 1213 14.53 1115 15.31 1020 16.10 930 16.88 843 17.67 761
13.75 1212 14.54 1113 15.32 1019 16.11 929 16.89 842 17.68 760
13.76 1210 14.55 1112 15.33 1018 16.12 927 16.90 841 17.69 759
13.77 1209 14.56 1110 15.35 1016 16.13 926 16.92 840 17.70 758
13.79 1207 14.57 1109 15.36 1015 16.14 925 16.93 839 17.71 757
13.80 1206 14.58 1108 15.37 1014 16.15 924 16.94 837 17.72 755
13.81 1204 14.59 1106 15.38 1012 16.16 922 16.95 836 17.74 754
13.82 1203 14.60 1105 15.39 1011 16.18 921 16.96 835 17.75 753
13.83 1201 14.62 1104 15.40 1010 16.19 920 16.97 834 17.76 752
13.84 1200 14.63 1102 15.41 1008 16.20 918 16.98 833 17.77 751
13.85 1199 14.64 1101 15.42 1007 16.21 917 16.99 831 17.78 750
13.86 1197 14.65 1099 15.43 1006 16.22 916 17.01 830 17.79 749
13.88 1196 14.66 1098 15.45 1004 16.23 915 17.02 829 17.80 747
13.89 1194 14.67 1097 15.46 1003 16.24 913 17.03 828 17.81 746
13.90 1193 14.68 1095 15.47 1002 16.25 912 17.04 827 17.82 745
13.91 1192 14.69 1094 15.48 1000 16.27 911 17.05 825 17.84 744
13.92 1190 14.71 1093 15.49 999 16.28 910 17.06 824 17.85 743
13.93 1189 14.72 1091 15.50 998 16.29 908 17.07 823 17.86 742
13.94 1187 14.73 1090 15.51 997 16.30 907 17.08 822 17.87 741
13.95 1186 14.74 1089 15.52 995 16.31 906 17.10 821 17.88 740
13.96 1184 14.75 1087 15.54 994 16.32 905 17.11 820 17.89 738
13.98 1183 14.76 1086 15.55 993 16.33 903 17.12 818 17.90 737
13.99 1182 14.77 1084 15.56 991 16.34 902 17.13 817 17.91 736
14.00 1180 14.78 1083 15.57 990 16.35 901 17.14 816 17.93 735
14.01 1179 14.80 1082 15.58 989 16.37 900 17.15 815 17.94 734
14.02 1177 14.81 1080 15.59 987 16.38 899 17.16 814 17.95 733
14.03 1176 14.82 1079 15.60 986 16.39 897 17.17 812 17.96 732
14.04 1175 14.83 1078 15.61 985 16.40 896 17.19 811 17.97 730
14.05 1173 14.84 1076 15.63 984 16.41 895 17.20 810 17.98 729
14.07 1172 14.85 1075 15.64 982 16.42 894 17.21 809 17.99 728
14.08 1170 14.86 1074 15.65 981 16.43 892 17.22 808 18.00 727
14.09 1169 14.87 1072 15.66 980 16.44 891 17.23 807 18.02 726
14.10 1167 14.89 1071 15.67 978 16.46 890 17.24 805 18.03 725
14.11 1166 14.90 1070 15.68 977 16.47 889 17.25 804 18.04 724
14.12 1165 14.91 1068 15.69 976 16.48 887 17.26 803 18.05 723
14.13 1163 14.92 1067 15.70 975 16.49 886 17.28 802 18.06 722
14.14 1162 14.93 1066 15.72 973 16.50 885 17.29 801 18.07 720
14.16 1160 14.94 1064 15.73 972 16.51 884 17.30 799 18.08 719
14.17 1159 14.95 1063 15.74 971 16.52 882 17.31 798 18.09 718
14.18 1158 14.96 1061 15.75 969 16.53 881 17.32 797 18.11 717
14.19 1156 14.97 1060 15.76 968 16.55 880 17.33 796 18.12 716
14.20 1155 14.99 1059 15.77 967 16.56 879 17.34 795 18.13 715
14.21 1153 15.00 1057 15.78 965 16.57 878 17.35 794 18.14 714
14.22 1152 15.01 1056 15.79 964 16.58 876 17.36 792 18.15 713
14.23 1151 15.02 1055 15.81 963 16.59 875 17.38 791 18.16 711
18.17 710 18.96 635 19.74 563 20.56 493 21.44 423 22.38 353
18.18 709 18.97 634 19.75 562 20.57 492 21.45 422 22.40 352
18.20 708 18.98 633 19.77 561 20.59 491 21.46 421 22.41 351
18.21 707 18.99 632 19.78 560 20.60 490 21.47 420 22.43 350
18.22 706 19.00 631 19.79 559 20.61 489 21.49 419 22.44 349
18.23 705 19.01 629 19.80 558 20.62 488 21.51 418 22.46 348
18.24 704 19.03 628 19.81 557 20.63 487 21.52 417 22.47 347
18.25 703 19.04 627 19.82 556 20.65 486 21.53 416 22.48 346
18.26 702 19.05 626 19.83 555 20.66 485 21.54 415 22.49 345
18.27 700 19.06 625 19.84 554 20.67 484 21.55 414 22.52 344
18.28 699 19.07 624 19.86 553 20.69 483 21.57 413 22.53 343
18.30 698 19.08 623 19.87 552 20.70 482 21.58 412 22.54 342
18.31 697 19.09 622 19.88 551 20.71 481 21.60 411 22.56 341
18.32 696 19.10 621 19.89 550 20.72 480 21.61 410 22.57 340
18.33 695 19.12 620 19.90 549 20.73 479 21.62 409 22.58 339
18.34 694 19.13 619 19.91 548 20.74 478 21.63 408 22.59 338
18.35 693 19.14 618 19.92 547 20.75 477 21.65 407 22.62 337
18.36 692 19.15 617 19.93 546 20.76 476 21.66 406 22.63 336
18.37 691 19.16 616 19.95 545 20.78 475 21.67 405 22.64 335
18.39 689 19.17 615 19.96 544 20.80 474 21.68 404 22.66 334
18.40 688 19.18 614 19.98 543 20.81 473 21.70 403 22.67 333
18.41 687 19.19 613 19.99 542 20.82 472 21.71 402 22.68 332
18.42 686 19.21 612 20.00 541 20.83 471 21.73 401 22.69 331
18.43 685 19.22 611 20.01 540 20.84 470 21.74 400 22.72 330
18.44 684 19.23 610 20.02 539 20.85 469 21.75 399 22.73 329
18.45 683 19.24 609 20.04 538 20.87 468 21.76 398 22.74 328
18.46 682 19.25 608 20.05 537 20.88 467 21.77 397 22.76 327
18.48 681 19.26 607 20.06 536 20.89 466 21.80 396 22.77 326
18.49 680 19.27 606 20.07 535 20.90 465 21.81 395 22.78 325
18.50 679 19.28 605 20.08 534 20.92 464 21.82 394 22.81 324
18.51 677 19.29 604 20.09 533 20.93 463 21.83 393 22.82 323
18.52 676 19.31 603 20.10 532 20.94 462 21.84 392 22.83 322
18.53 675 19.32 602 20.11 531 20.96 461 21.86 391 22.85 321
18.54 674 19.33 600 20.13 530 20.97 460 21.88 390 22.86 320
18.55 673 19.34 599 20.14 529 20.98 459 21.89 389 22.87 319
18.57 672 19.35 598 20.15 528 20.99 458 21.90 388 22.90 318
18.58 671 19.36 597 20.16 527 21.00 457 21.91 387 22.91 317
18.59 670 19.37 596 20.17 526 21.01 456 21.93 386 22.92 316
18.60 669 19.38 595 20.18 525 21.03 455 21.94 385 22.93 315
18.61 668 19.40 594 20.19 524 21.05 454 21.95 384 22.95 314
18.62 667 19.41 593 20.20 523 21.06 453 21.97 383 22.96 313
18.63 666 19.42 592 20.21 522 21.07 452 21.98 382 22.98 312
18.64 665 19.43 591 20.23 521 21.08 451 22.00 381 23.00 311
18.66 663 19.44 590 20.24 520 21.09 450 22.01 380 23.01 310
18.67 662 19.45 589 20.25 519 21.10 449 22.02 379 23.03 309
18.68 661 19.46 588 20.26 518 21.11 448 22.03 378 23.04 308
18.69 660 19.47 587 20.27 517 21.14 447 22.06 377 23.05 307
18.70 659 19.49 586 20.29 516 21.15 446 22.07 376 23.08 306
18.71 658 19.50 585 20.30 515 21.16 445 22.08 375 23.09 305
18.72 657 19.51 584 20.32 514 21.17 444 22.09 374 23.10 304
18.73 656 19.52 583 20.33 513 21.18 443 22.10 373 23.12 303
18.75 655 19.53 582 20.34 512 21.19 442 22.12 372 23.13 302
18.76 654 19.54 581 20.35 511 21.20 441 22.13 371 23.14 301
18.77 653 19.55 580 20.36 510 21.21 440 22.14 370 23.17 300
18.78 652 19.56 579 20.37 509 21.24 439 22.16 369 23.18 299
18.79 651 19.58 578 20.38 508 21.25 438 22.18 368 23.19 298
18.80 650 19.59 577 20.39 507 21.26 437 22.19 367 23.21 297
18.81 648 19.60 576 20.41 506 21.27 436 22.20 366 23.22 296
18.82 647 19.61 575 20.42 505 21.28 435 22.21 365 23.24 295
18.83 646 19.62 574 20.43 504 21.29 434 22.23 364 23.26 294
18.85 645 19.63 573 20.44 503 21.30 433 22.25 363 23.27 293
18.86 644 19.64 572 20.45 502 21.33 432 22.26 362 23.29 292
18.87 643 19.65 571 20.46 501 21.34 431 22.27 361 23.30 291
18.88 642 19.67 570 20.47 500 21.35 430 22.29 360 23.31 290
18.89 641 19.68 569 20.50 499 21.36 429 22.30 359 23.33 289
18.90 640 19.69 568 20.51 498 21.37 428 22.31 358 23.35 288
18.91 639 19.70 567 20.52 497 21.38 427 22.32 357 23.37 287
18.92 638 19.71 566 20.53 496 21.39 426 22.35 356 23.38 286
18.94 637 19.72 565 20.54 495 21.42 425 22.36 355 23.39 285
18.95 636 19.73 564 20.55 494 21.43 424 22.37 354 23.41 284
23.42 283 24.21 235 25.08 187 26.07 139 27.24 91 28.77 43
23.45 282 24.23 234 25.11 186 26.09 138 27.26 90 28.81 42
23.46 281 24.24 233 25.12 185 26.12 137 27.30 89 28.84 41
23.47 280 24.27 232 25.14 184 26.14 136 27.32 88 28.89 40
23.49 279 24.29 231 25.16 183 26.16 135 27.35 87 28.92 39
23.50 278 24.30 230 25.19 182 26.18 134 27.37 86 28.97 38
23.53 277 24.32 229 25.20 181 26.21 133 27.41 85 29.01 37
23.54 276 24.33 228 25.22 180 26.23 132 27.43 84 29.05 36
23.55 275 24.36 227 25.24 179 26.25 131 27.46 83 29.09 35
23.57 274 24.37 226 25.26 178 26.27 130 27.49 82 29.14 34
23.58 273 24.39 225 25.28 177 26.30 129 27.52 81 29.18 33
23.60 272 24.40 224 25.30 176 26.32 128 27.54 80 29.23 32
23.61 271 24.42 223 25.32 175 26.34 127 27.58 79 29.27 31
23.64 270 24.45 222 25.34 174 26.36 126 27.60 78 29.32 30
23.65 269 24.46 221 25.35 173 26.39 125 27.63 77 29.36 29
23.66 268 24.48 220 25.38 172 26.41 124 27.67 76 29.40 28
23.68 267 24.49 219 25.40 171 26.43 123 27.69 75 29.46 27
23.69 266 24.51 218 25.42 170 26.45 122 27.72 74 29.51 26
23.72 265 24.53 217 25.43 169 26.48 121 27.76 73 29.55 25
23.73 264 24.55 216 25.46 168 26.51 120 27.78 72 29.61 24
23.75 263 24.57 215 25.48 167 26.53 119 27.81 71 29.66 23
23.76 262 24.58 214 25.50 166 26.55 118 27.85 70 29.71 22
23.78 261 24.60 213 25.52 165 26.58 117 27.87 69 29.76 21
23.79 260 24.62 212 25.53 164 26.60 116 27.90 68 29.82 20
23.82 259 24.64 211 25.56 163 26.62 115 27.93 67 29.88 19
23.83 258 24.66 210 25.58 162 26.64 114 27.97 66 29.93 18
23.84 257 24.67 209 25.60 161 26.68 113 28.00 65 30.00 17
23.86 256 24.69 208 25.62 160 26.70 112 28.02 64 30.06 16
23.87 255 24.71 207 25.65 159 26.72 111 28.06 63 30.12 15
23.90 254 24.73 206 25.67 158 26.75 110 28.09 62 30.18 14
23.91 253 24.75 205 25.68 157 26.77 109 28.13 61 30.25 13
23.93 252 24.77 204 25.70 156 26.80 108 28.16 60 30.32 12
23.94 251 24.78 203 25.72 155 26.82 107 28.19 59 30.39 11
23.96 250 24.80 202 25.75 154 26.85 106 28.23 58 30.47 10
23.97 249 24.82 201 25.77 153 26.87 105 28.26 57 30.55 9
24.00 248 24.84 200 25.79 152 26.90 104 28.29 56 30.64 8
24.01 247 24.86 199 25.81 151 26.92 103 28.33 55 30.73 7
24.03 246 24.87 198 25.84 150 26.95 102 28.36 54 30.82 6
24.04 245 24.89 197 25.85 149 26.97 101 28.39 53 30.92 5
24.06 244 24.92 196 25.87 148 27.00 100 28.43 52 31.04 4
24.07 243 24.93 195 25.89 147 27.03 99 28.47 51 31.17 3
24.10 242 24.95 194 25.92 146 27.05 98 28.51 50 31.32 2
24.11 241 24.97 193 25.94 145 27.08 97 28.54 49 31.51 1
24.13 240 24.98 192 25.96 144 27.10 96 28.57 48
24.14 239 25.01 191 25.98 143 27.13 95 28.62 47
24.16 238 25.03 190 26.00 142 27.16 94 28.65 46
24.18 237 25.05 189 26.03 141 27.18 93 28.69 45
24.20 236 25.06 188 26.05 140 27.21 92 28.73 44
