14.38 1249 15.22 1149 16.05 1053 16.89 962 17.73 874 18.57 790
14.39 1248 15.23 1148 16.07 1052 16.91 960 17.74 873 18.58 789
14.40 1246 15.24 1146 16.08 1051 16.92 959 17.76 871 18.60 788
14.41 1245 15.25 1145 16.09 1049 16.93 958 17.77 870 18.61 787
14.42 1243 15.26 1144 16.10 1048 16.94 957 17.78 869 18.62 785
14.44 1242 15.28 1142 16.11 1047 16.95 955 17.79 868 18.63 784
14.45 1240 15.29 1141 16.13 1045 16.97 954 17.80 867 18.64 783
14.46 1239 15.30 1139 16.14 1044 16.98 953 17.82 865 18.66 782
14.47 1237 15.31 1138 16.15 1043 16.99 951 17.83 864 18.67 781
14.48 1236 15.32 1137 16.16 1041 17.00 950 17.84 863 18.68 780
14.50 1235 15.34 1135 16.17 1040 17.01 949 17.85 862 18.69 778
14.51 1233 15.35 1134 16.19 1039 17.03 948 17.86 860 18.70 777
14.52 1232 15.36 1133 16.20 1037 17.04 946 17.88 859 18.72 776
14.53 1230 15.37 1131 16.21 1036 17.05 945 17.89 858 18.73 775
14.54 1229 15.38 1130 16.22 1035 17.06 944 17.90 857 18.74 774
14.56 1227 15.40 1128 16.23 1033 17.07 942 17.91 856 18.75 773
14.57 1226 15.41 1127 16.25 1032 17.09 941 17.92 854 18.76 772
14.58 1224 15.42 1126 16.26 1031 17.10 940 17.94 853 18.77 770
14.59 1223 15.43 1124 16.27 1029 17.11 939 17.95 852 18.79 769
14.60 1222 15.44 1123 16.28 1028 17.12 937 17.96 851 18.80 768
14.62 1220 15.46 1121 16.29 1027 17.13 936 17.97 850 18.81 767
14.63 1219 15.47 1120 16.31 1025 17.15 935 17.98 848 18.82 766
14.64 1217 15.48 1119 16.32 1024 17.16 934 18.00 847 18.83 765
14.65 1216 15.49 1117 16.33 1023 17.17 932 18.01 846 18.85 763
14.66 1214 15.50 1116 16.34 1022 17.18 931 18.02 845 18.86 762
14.68 1213 15.52 1115 16.35 1020 17.19 930 18.03 843 18.87 761
14.69 1212 15.53 1113 16.37 1019 17.20 929 18.04 842 18.88 760
14.70 1210 15.54 1112 16.38 1018 17.22 927 18.06 841 18.89 759
14.71 1209 15.55 1110 16.39 1016 17.23 926 18.07 840 18.91 758
14.72 1207 15.56 1109 16.40 1015 17.24 925 18.08 839 18.92 757
14.74 1206 15.58 1108 16.41 1014 17.25 924 18.09 837 18.93 755
14.75 1204 15.59 1106 16.43 1012 17.26 922 18.10 836 18.94 754
14.76 1203 15.60 1105 16.44 1011 17.28 921 18.12 835 18.95 753
14.77 1201 15.61 1104 16.45 1010 17.29 920 18.13 834 18.97 752
14.78 1200 15.62 1102 16.46 1008 17.30 918 18.14 833 18.98 751
14.80 1199 15.63 1101 16.47 1007 17.31 917 18.15 831 18.99 750
14.81 1197 15.65 1099 16.49 1006 17.32 916 18.16 830 19.00 749
14.82 1196 15.66 1098 16.50 1004 17.34 915 18.18 829 19.01 747
14.83 1194 15.67 1097 16.51 1003 17.35 913 18.19 828 19.03 746
14.84 1193 15.68 1095 16.52 1002 17.36 912 18.20 827 19.04 745
14.86 1192 15.69 1094 16.53 1000 17.37 911 18.21 825 19.05 744
14.87 1190 15.71 1093 16.55 999 17.38 910 18.22 824 19.06 743
14.88 1189 15.72 1091 16.56 998 17.40 908 18.24 823 19.07 742
14.89 1187 15.73 1090 16.57 997 17.41 907 18.25 822 19.09 741
14.90 1186 15.74 1089 16.58 995 17.42 906 18.26 821 19.10 740
14.92 1184 15.75 1087 16.59 994 17.43 905 18.27 820 19.11 738
14.93 1183 15.77 1086 16.61 993 17.44 903 18.28 818 19.12 737
14.94 1182 15.78 1084 16.62 991 17.46 902 18.30 817 19.13 736
14.95 1180 15.79 1083 16.63 990 17.47 901 18.31 816 19.15 735
14.96 1179 15.80 1082 16.64 989 17.48 900 18.32 815 19.16 734
14.98 1177 15.81 1080 16.65 987 17.49 899 18.33 814 19.17 733
14.99 1176 15.83 1079 16.67 986 17.50 897 18.34 812 19.18 732
15.00 1175 15.84 1078 16.68 985 17.52 896 18.36 811 19.19 730
15.01 1173 15.85 1076 16.69 984 17.53 895 18.37 810 19.21 729
15.02 1172 15.86 1075 16.70 982 17.54 894 18.38 809 19.22 728
15.04 1170 15.87 1074 16.71 981 17.55 892 18.39 808 19.23 727
15.05 1169 15.89 1072 16.73 980 17.56 891 18.40 807 19.24 726
15.06 1167 15.90 1071 16.74 978 17.58 890 18.42 805 19.25 725
15.07 1166 15.91 1070 16.75 977 17.59 889 18.43 804 19.27 724
15.08 1165 15.92 1068 16.76 976 17.60 887 18.44 803 19.28 723
15.10 1163 15.93 1067 16.77 975 17.61 886 18.45 802 19.29 722
15.11 1162 15.95 1066 16.79 973 17.62 885 18.46 801 19.30 720
15.12 1160 15.96 1064 16.80 972 17.64 884 18.48 799 19.31 719
15.13 1159 15.97 1063 16.81 971 17.65 882 18.49 798 19.33 718
15.14 1158 15.98 1061 16.82 969 17.66 881 18.50 797 19.34 717
15.16 1156 15.99 1060 16.83 968 17.67 880 18.51 796 19.35 716
15.17 1155 16.01 1059 16.85 967 17.68 879 18.52 795 19.36 715
15.18 1153 16.02 1057 16.86 965 17.70 878 18.54 794 19.37 714
15.19 1152 16.03 1056 16.87 964 17.71 876 18.55 792 19.39 713
15.20 1151 16.04 1055 16.88 963 17.72 875 18.56 791 19.40 711
19.41 710 20.25 635 21.09 563 21.96 493 22.90 423 23.90 353
19.42 709 20.26 634 21.10 562 21.97 492 22.91 422 23.93 352
19.43 708 20.27 633 21.11 561 21.99 491 22.92 421 23.94 351
19.45 707 20.29 632 21.12 560 22.00 490 22.93 420 23.95 350
19.46 706 20.30 631 21.14 559 22.01 489 22.96 419 23.96 349
19.47 705 20.31 629 21.15 558 22.02 488 22.97 418 23.99 348
19.48 704 20.32 628 21.16 557 22.03 487 22.98 417 24.00 347
19.49 703 20.33 627 21.17 556 22.06 486 22.99 416 24.01 346
19.51 702 20.34 626 21.18 555 22.07 485 23.01 415 24.02 345
19.52 700 20.36 625 21.20 554 22.08 484 23.02 414 24.05 344
19.53 699 20.37 624 21.21 553 22.09 483 23.04 413 24.06 343
19.54 698 20.38 623 21.22 552 22.11 482 23.05 412 24.07 342
19.55 697 20.39 622 21.23 551 22.12 481 23.07 411 24.10 341
19.57 696 20.40 621 21.24 550 22.13 480 23.08 410 24.11 340
19.58 695 20.42 620 21.26 549 22.14 479 23.09 409 24.12 339
19.59 694 20.43 619 21.27 548 22.15 478 23.10 408 24.13 338
19.60 693 20.44 618 21.28 547 22.17 477 23.13 407 24.16 337
19.61 692 20.45 617 21.29 546 22.18 476 23.14 406 24.17 336
19.63 691 20.46 616 21.30 545 22.19 475 23.15 405 24.18 335
19.64 689 20.48 615 21.32 544 22.21 474 23.16 404 24.20 334
19.65 688 20.49 614 21.34 543 22.23 473 23.17 403 24.22 333
19.66 687 20.50 613 21.35 542 22.24 472 23.19 402 24.23 332
19.67 686 20.51 612 21.36 541 22.25 471 23.21 401 24.24 331
19.69 685 20.52 611 21.38 540 22.26 470 23.22 400 24.26 330
19.70 684 20.54 610 21.39 539 22.27 469 23.23 399 24.28 329
19.71 683 20.55 609 21.40 538 22.29 468 23.25 398 24.29 328
19.72 682 20.56 608 21.41 537 22.30 467 23.26 397 24.31 327
19.73 681 20.57 607 21.42 536 22.31 466 23.28 396 24.32 326
19.75 680 20.58 606 21.44 535 22.32 465 23.29 395 24.34 325
19.76 679 20.60 605 21.45 534 22.35 464 23.31 394 24.36 324
19.77 677 20.61 604 21.46 533 22.36 463 23.32 393 24.37 323
19.78 676 20.62 603 21.47 532 22.37 462 23.33 392 24.38 322
19.79 675 20.63 602 21.48 531 22.38 461 23.35 391 24.41 321
19.81 674 20.64 600 21.50 530 22.39 460 23.37 390 24.42 320
19.82 673 20.66 599 21.51 529 22.41 459 23.38 389 24.43 319
19.83 672 20.67 598 21.52 528 22.42 458 23.39 388 24.46 318
19.84 671 20.68 597 21.53 527 22.43 457 23.40 387 24.47 317
19.85 670 20.69 596 21.54 526 22.44 456 23.43 386 24.48 316
19.87 669 20.70 595 21.56 525 22.47 455 23.44 385 24.49 315
19.88 668 20.72 594 21.57 524 22.48 454 23.45 384 24.52 314
19.89 667 20.73 593 21.58 523 22.49 453 23.46 383 24.53 313
19.90 666 20.74 592 21.59 522 22.50 452 23.47 382 24.54 312
19.91 665 20.75 591 21.60 521 22.51 451 23.50 381 24.56 311
19.93 663 20.76 590 21.62 520 22.53 450 23.51 380 24.58 310
19.94 662 20.78 589 21.63 519 22.54 449 23.52 379 24.60 309
19.95 661 20.79 588 21.64 518 22.55 448 23.53 378 24.61 308
19.96 660 20.80 587 21.65 517 22.57 447 23.56 377 24.62 307
19.97 659 20.81 586 21.68 516 22.59 446 23.57 376 24.65 306
19.99 658 20.82 585 21.69 515 22.60 445 23.58 375 24.66 305
20.00 657 20.84 584 21.70 514 22.61 444 23.59 374 24.67 304
20.01 656 20.85 583 21.71 513 22.62 443 23.60 373 24.70 303
20.02 655 20.86 582 21.72 512 22.63 442 23.63 372 24.71 302
20.03 654 20.87 581 21.74 511 22.65 441 23.64 371 24.72 301
20.05 653 20.88 580 21.75 510 22.66 440 23.65 370 24.74 300
20.06 652 20.90 579 21.76 509 22.68 439 23.66 369 24.76 299
20.07 651 20.91 578 21.77 508 22.69 438 23.69 368 24.77 298
20.08 650 20.92 577 21.78 507 22.71 437 23.70 367 24.79 297
20.09 648 20.93 576 21.80 506 22.72 436 23.71 366 24.80 296
20.11 647 20.94 575 21.81 505 22.73 435 23.72 365 24.83 295
20.12 646 20.96 574 21.82 504 22.74 434 23.75 364 24.84 294
20.13 645 20.97 573 21.83 503 22.75 433 23.76 363 24.85 293
20.14 644 20.98 572 21.84 502 22.78 432 23.77 362 24.88 292
20.15 643 20.99 571 21.86 501 22.79 431 23.78 361 24.89 291
20.17 642 21.00 570 21.87 500 22.80 430 23.81 360 24.90 290
20.18 641 21.02 569 21.89 499 22.81 429 23.82 359 24.92 289
20.19 640 21.03 568 21.90 498 22.83 428 23.83 358 24.94 288
20.20 639 21.04 567 21.91 497 22.84 427 23.84 357 24.96 287
20.21 638 21.05 566 21.93 496 22.85 426 23.87 356 24.97 286
20.23 637 21.06 565 21.94 495 22.87 425 23.88 355 24.98 285
20.24 636 21.08 564 21.95 494 22.89 424 23.89 354 25.01 284
25.02 283 25.86 235 26.79 187 27.85 139 29.09 91 30.72 43
25.04 282 25.88 234 26.82 186 27.87 138 29.12 90 30.77 42
25.05 281 25.89 233 26.83 185 27.90 137 29.15 89 30.81 41
25.07 280 25.92 232 26.85 184 27.92 136 29.18 88 30.86 40
25.09 279 25.94 231 26.88 183 27.94 135 29.21 87 30.89 39
25.10 278 25.95 230 26.90 182 27.97 134 29.24 86 30.94 38
25.13 277 25.98 229 26.91 181 27.99 133 29.27 85 30.99 37
25.14 276 25.99 228 26.94 180 28.02 132 29.30 84 31.02 36
25.15 275 26.01 227 26.96 179 28.04 131 29.33 83 31.07 35
25.17 274 26.03 226 26.98 178 28.06 130 29.36 82 31.12 34
25.19 273 26.05 225 27.00 177 28.09 129 29.39 81 31.17 33
25.21 272 26.06 224 27.02 176 28.11 128 29.42 80 31.22 32
25.22 271 26.09 223 27.04 175 28.13 127 29.45 79 31.26 31
25.25 270 26.11 222 27.07 174 28.16 126 29.48 78 31.31 30
25.26 269 26.12 221 27.08 173 28.18 125 29.51 77 31.36 29
25.27 268 26.15 220 27.10 172 28.21 124 29.55 76 31.41 28
25.29 267 26.16 219 27.13 171 28.23 123 29.57 75 31.47 27
25.31 266 26.18 218 27.15 170 28.25 122 29.61 74 31.51 26
25.33 265 26.21 217 27.16 169 28.28 121 29.65 73 31.56 25
25.34 264 26.22 216 27.19 168 28.31 120 29.67 72 31.62 24
25.37 263 26.24 215 27.21 167 28.34 119 29.70 71 31.68 23
25.38 262 26.25 214 27.24 166 28.36 118 29.74 70 31.73 22
25.40 261 26.28 213 27.26 165 28.39 117 29.76 69 31.79 21
25.41 260 26.30 212 27.27 164 28.41 116 29.80 68 31.85 20
25.44 259 26.31 211 27.30 163 28.43 115 29.84 67 31.91 19
25.45 258 26.34 210 27.32 162 28.46 114 29.87 66 31.97 18
25.46 257 26.35 209 27.34 161 28.49 113 29.91 65 32.04 17
25.49 256 26.37 208 27.37 160 28.52 112 29.93 64 32.10 16
25.50 255 26.40 207 27.39 159 28.54 111 29.97 63 32.17 15
25.52 254 26.41 206 27.42 158 28.57 110 30.00 62 32.23 14
25.53 253 26.43 205 27.43 157 28.59 109 30.04 61 32.31 13
25.56 252 26.46 204 27.45 156 28.63 108 30.08 60 32.39 12
25.57 251 26.47 203 27.48 155 28.65 107 30.11 59 32.46 11
25.59 250 26.49 202 27.50 154 28.67 106 30.15 58 32.55 10
25.61 249 26.51 201 27.52 153 28.70 105 30.18 57 32.63 9
25.63 248 26.53 200 27.55 152 28.73 104 30.22 56 32.73 8
25.64 247 26.55 199 27.57 151 28.76 103 30.26 55 32.82 7
25.67 246 26.56 198 27.60 150 28.78 102 30.29 54 32.92 6
25.68 245 26.59 197 27.61 149 28.81 101 30.33 53 33.02 5
25.70 244 26.61 196 27.63 148 28.84 100 30.36 52 33.16 4
25.71 243 26.62 195 27.66 147 28.87 99 30.41 51 33.29 3
25.74 242 26.65 194 27.68 146 28.89 98 30.45 50 33.46 2
25.75 241 26.67 193 27.70 145 28.93 97 30.48 49 33.66 1
25.77 240 26.68 192 27.73 144 28.95 96 30.52 48
25.79 239 26.71 191 27.75 143 28.97 95 30.57 47
25.81 238 26.73 190 27.78 142 29.01 94 30.60 46
25.82 237 26.76 189 27.80 141 29.03 93 30.64 45
25.85 236 26.77 188 27.82 140 29.06 92 30.69 44
