16.00 1249 16.94 1149 17.87 1053 18.81 962 19.74 874 20.67 790
16.02 1248 16.95 1148 17.88 1052 18.82 960 19.75 873 20.69 789
16.03 1246 16.96 1146 17.90 1051 18.83 959 19.77 871 20.70 788
16.04 1245 16.98 1145 17.91 1049 18.85 958 19.78 870 20.71 787
16.06 1243 16.99 1144 17.92 1048 18.86 957 19.79 869 20.73 785
16.07 1242 17.00 1142 17.94 1047 18.87 955 19.81 868 20.74 784
16.08 1240 17.02 1141 17.95 1045 18.89 954 19.82 867 20.75 783
16.10 1239 17.03 1139 17.96 1044 18.90 953 19.83 865 20.77 782
16.11 1237 17.04 1138 17.98 1043 18.91 951 19.85 864 20.78 781
16.12 1236 17.06 1137 17.99 1041 18.93 950 19.86 863 20.79 780
16.14 1235 17.07 1135 18.00 1040 18.94 949 19.87 862 20.81 778
16.15 1233 17.08 1134 18.02 1039 18.95 948 19.89 860 20.82 777
16.16 1232 17.10 1133 18.03 1037 18.97 946 19.90 859 20.83 776
16.18 1230 17.11 1131 18.04 1036 18.98 945 19.91 858 20.85 775
16.19 1229 17.12 1130 18.06 1035 18.99 944 19.93 857 20.86 774
16.20 1227 17.14 1128 18.07 1033 19.01 942 19.94 856 20.87 773
16.22 1226 17.15 1127 18.08 1032 19.02 941 19.95 854 20.89 772
16.23 1224 17.16 1126 18.10 1031 19.03 940 19.97 853 20.90 770
16.24 1223 17.18 1124 18.11 1029 19.05 939 19.98 852 20.91 769
16.26 1222 17.19 1123 18.12 1028 19.06 937 19.99 851 20.93 768
16.27 1220 17.20 1121 18.14 1027 19.07 936 20.01 850 20.94 767
16.28 1219 17.22 1120 18.15 1025 19.09 935 20.02 848 20.95 766
16.30 1217 17.23 1119 18.16 1024 19.10 934 20.03 847 20.97 765
16.31 1216 17.24 1117 18.18 1023 19.11 932 20.05 846 20.98 763
16.32 1214 17.26 1116 18.19 1022 19.13 931 20.06 845 20.99 762
16.34 1213 17.27 1115 18.20 1020 19.14 930 20.07 843 21.01 761
16.35 1212 17.28 1113 18.22 1019 19.15 929 20.09 842 21.02 760
16.36 1210 17.30 1112 18.23 1018 19.17 927 20.10 841 21.03 759
16.38 1209 17.31 1110 18.24 1016 19.18 926 20.11 840 21.05 758
16.39 1207 17.32 1109 18.26 1015 19.19 925 20.13 839 21.06 757
16.40 1206 17.34 1108 18.27 1014 19.21 924 20.14 837 21.07 755
16.42 1204 17.35 1106 18.28 1012 19.22 922 20.15 836 21.09 754
16.43 1203 17.36 1105 18.30 1011 19.23 921 20.17 835 21.10 753
16.44 1201 17.38 1104 18.31 1010 19.25 920 20.18 834 21.11 752
16.46 1200 17.39 1102 18.32 1008 19.26 918 20.19 833 21.13 751
16.47 1199 17.40 1101 18.34 1007 19.27 917 20.21 831 21.14 750
16.48 1197 17.42 1099 18.35 1006 19.29 916 20.22 830 21.15 749
16.50 1196 17.43 1098 18.36 1004 19.30 915 20.23 829 21.17 747
16.51 1194 17.44 1097 18.38 1003 19.31 913 20.25 828 21.18 746
16.52 1193 17.46 1095 18.39 1002 19.33 912 20.26 827 21.19 745
16.54 1192 17.47 1094 18.40 1000 19.34 911 20.27 825 21.21 744
16.55 1190 17.48 1093 18.42 999 19.35 910 20.29 824 21.22 743
16.56 1189 17.50 1091 18.43 998 19.37 908 20.30 823 21.23 742
16.58 1187 17.51 1090 18.44 997 19.38 907 20.31 822 21.25 741
16.59 1186 17.52 1089 18.46 995 19.39 906 20.33 821 21.26 740
16.60 1184 17.54 1087 18.47 994 19.41 905 20.34 820 21.27 738
16.62 1183 17.55 1086 18.48 993 19.42 903 20.35 818 21.29 737
16.63 1182 17.56 1084 18.50 991 19.43 902 20.37 817 21.30 736
16.64 1180 17.58 1083 18.51 990 19.45 901 20.38 816 21.31 735
16.66 1179 17.59 1082 18.52 989 19.46 900 20.39 815 21.33 734
16.67 1177 17.60 1080 18.54 987 19.47 899 20.41 814 21.34 733
16.68 1176 17.62 1079 18.55 986 19.49 897 20.42 812 21.35 732
16.70 1175 17.63 1078 18.56 985 19.50 896 20.43 811 21.37 730
16.71 1173 17.64 1076 18.58 984 19.51 895 20.45 810 21.38 729
16.72 1172 17.66 1075 18.59 982 19.53 894 20.46 809 21.39 728
16.74 1170 17.67 1074 18.60 981 19.54 892 20.47 808 21.41 727
16.75 1169 17.68 1072 18.62 980 19.55 891 20.49 807 21.42 726
16.76 1167 17.70 1071 18.63 978 19.57 890 20.50 805 21.43 725
16.78 1166 17.71 1070 18.64 977 19.58 889 20.51 804 21.45 724
16.79 1165 17.72 1068 18.66 976 19.59 887 20.53 803 21.46 723
16.80 1163 17.74 1067 18.67 975 19.61 886 20.54 802 21.47 722
16.82 1162 17.75 1066 18.68 973 19.62 885 20.55 801 21.49 720
16.83 1160 17.76 1064 18.70 972 19.63 884 20.57 799 21.50 719
16.84 1159 17.78 1063 18.71 971 19.65 882 20.58 798 21.51 718
16.86 1158 17.79 1061 18.72 969 19.66 881 20.59 797 21.53 717
16.87 1156 17.80 1060 18.74 968 19.67 880 20.61 796 21.54 716
16.88 1155 17.82 1059 18.75 967 19.69 879 20.62 795 21.55 715
16.90 1153 17.83 1057 18.77 965 19.70 878 20.63 794 21.57 714
16.91 1152 17.84 1056 18.78 964 19.71 876 20.65 792 21.58 713
16.92 1151 17.86 1055 18.79 963 19.73 875 20.66 791 21.59 711
21.61 710 22.54 635 23.47 563 24.45 493 25.49 423 26.61 353
21.62 709 22.55 634 23.49 562 24.46 492 25.50 422 26.64 352
21.63 708 22.57 633 23.50 561 24.47 491 25.52 421 26.65 351
21.65 707 22.58 632 23.51 560 24.49 490 25.53 420 26.66 350
21.66 706 22.59 631 23.53 559 24.50 489 25.56 419 26.68 349
21.67 705 22.61 629 23.54 558 24.51 488 25.57 418 26.70 348
21.69 704 22.62 628 23.55 557 24.53 487 25.58 417 26.72 347
21.70 703 22.63 627 23.57 556 24.55 486 25.60 416 26.73 346
21.71 702 22.65 626 23.58 555 24.57 485 25.61 415 26.74 345
21.73 700 22.66 625 23.59 554 24.58 484 25.62 414 26.77 344
21.74 699 22.67 624 23.61 553 24.59 483 25.65 413 26.78 343
21.75 698 22.69 623 23.62 552 24.61 482 25.66 412 26.80 342
21.77 697 22.70 622 23.63 551 24.62 481 25.68 411 26.82 341
21.78 696 22.71 621 23.65 550 24.63 480 25.69 410 26.84 340
21.79 695 22.73 620 23.66 549 24.65 479 25.70 409 26.85 339
21.81 694 22.74 619 23.67 548 24.66 478 25.72 408 26.86 338
21.82 693 22.75 618 23.69 547 24.67 477 25.74 407 26.89 337
21.83 692 22.77 617 23.70 546 24.69 476 25.76 406 26.90 336
21.85 691 22.78 616 23.71 545 24.70 475 25.77 405 26.92 335
21.86 689 22.79 615 23.73 544 24.73 474 25.78 404 26.94 334
21.87 688 22.81 614 23.75 543 24.74 473 25.80 403 26.96 333
21.89 687 22.82 613 23.77 542 24.75 472 25.81 402 26.97 332
21.90 686 22.83 612 23.78 541 24.77 471 25.84 401 26.98 331
21.91 685 22.85 611 23.79 540 24.78 470 25.85 400 27.01 330
21.93 684 22.86 610 23.81 539 24.79 469 25.86 399 27.02 329
21.94 683 22.87 609 23.82 538 24.81 468 25.88 398 27.04 328
21.95 682 22.89 608 23.83 537 24.82 467 25.89 397 27.06 327
21.97 681 22.90 607 23.85 536 24.83 466 25.92 396 27.08 326
21.98 680 22.91 606 23.86 535 24.85 465 25.93 395 27.09 325
21.99 679 22.93 605 23.87 534 24.87 464 25.94 394 27.12 324
22.01 677 22.94 604 23.89 533 24.89 463 25.96 393 27.13 323
22.02 676 22.95 603 23.90 532 24.90 462 25.97 392 27.14 322
22.03 675 22.97 602 23.91 531 24.91 461 26.00 391 27.17 321
22.05 674 22.98 600 23.93 530 24.93 460 26.01 390 27.18 320
22.06 673 22.99 599 23.94 529 24.94 459 26.02 389 27.20 319
22.07 672 23.01 598 23.95 528 24.95 458 26.04 388 27.22 318
22.09 671 23.02 597 23.97 527 24.97 457 26.05 387 27.24 317
22.10 670 23.03 596 23.98 526 24.98 456 26.08 386 27.25 316
22.11 669 23.05 595 23.99 525 25.01 455 26.09 385 27.26 315
22.13 668 23.06 594 24.01 524 25.02 454 26.10 384 27.29 314
22.14 667 23.07 593 24.02 523 25.04 453 26.12 383 27.30 313
22.15 666 23.09 592 24.03 522 25.05 452 26.13 382 27.32 312
22.17 665 23.10 591 24.05 521 25.06 451 26.16 381 27.34 311
22.18 663 23.11 590 24.06 520 25.08 450 26.17 380 27.36 310
22.19 662 23.13 589 24.07 519 25.09 449 26.18 379 27.38 309
22.21 661 23.14 588 24.09 518 25.10 448 26.20 378 27.40 308
22.22 660 23.15 587 24.10 517 25.13 447 26.22 377 27.41 307
22.23 659 23.17 586 24.13 516 25.14 446 26.24 376 27.44 306
22.25 658 23.18 585 24.14 515 25.16 445 26.25 375 27.45 305
22.26 657 23.19 584 24.15 514 25.17 444 26.26 374 27.46 304
22.27 656 23.21 583 24.17 513 25.18 443 26.28 373 27.49 303
22.29 655 23.22 582 24.18 512 25.20 442 26.30 372 27.50 302
22.30 654 23.23 581 24.19 511 25.21 441 26.32 371 27.52 301
22.31 653 23.25 580 24.21 510 25.22 440 26.33 370 27.54 300
22.33 652 23.26 579 24.22 509 25.25 439 26.34 369 27.56 299
22.34 651 23.27 578 24.23 508 25.26 438 26.37 368 27.57 298
22.35 650 23.29 577 24.25 507 25.28 437 26.38 367 27.60 297
22.37 648 23.30 576 24.26 506 25.29 436 26.40 366 27.61 296
22.38 647 23.31 575 24.27 505 25.30 435 26.41 365 27.64 295
22.39 646 23.33 574 24.29 504 25.32 434 26.44 364 27.65 294
22.41 645 23.34 573 24.30 503 25.33 433 26.45 363 27.66 293
22.42 644 23.35 572 24.31 502 25.36 432 26.46 362 27.69 292
22.43 643 23.37 571 24.33 501 25.37 431 26.48 361 27.70 291
22.45 642 23.38 570 24.34 500 25.38 430 26.50 360 27.72 290
22.46 641 23.39 569 24.37 499 25.40 429 26.52 359 27.74 289
22.47 640 23.41 568 24.38 498 25.41 428 26.53 358 27.76 288
22.49 639 23.42 567 24.39 497 25.42 427 26.54 357 27.78 287
22.50 638 23.43 566 24.41 496 25.44 426 26.57 356 27.80 286
22.51 637 23.45 565 24.42 495 25.46 425 26.58 355 27.81 285
22.53 636 23.46 564 24.43 494 25.48 424 26.60 354 27.84 284
27.85 283 28.78 235 29.82 187 31.00 139 32.39 91 34.20 43
27.88 282 28.81 234 29.85 186 31.02 138 32.41 90 34.25 42
27.89 281 28.82 233 29.86 185 31.05 137 32.45 89 34.29 41
27.90 280 28.85 232 29.89 184 31.08 136 32.48 88 34.35 40
27.93 279 28.88 231 29.92 183 31.10 135 32.52 87 34.39 39
27.94 278 28.89 230 29.94 182 31.13 134 32.55 86 34.44 38
27.97 277 28.92 229 29.96 181 31.16 133 32.59 85 34.49 37
27.98 276 28.93 228 29.98 180 31.18 132 32.61 84 34.53 36
28.00 275 28.96 227 30.01 179 31.21 131 32.65 83 34.59 35
28.02 274 28.97 226 30.04 178 31.24 130 32.68 82 34.64 34
28.04 273 29.00 225 30.05 177 31.27 129 32.72 81 34.69 33
28.06 272 29.01 224 30.08 176 31.29 128 32.75 80 34.75 32
28.08 271 29.04 223 30.10 175 31.32 127 32.79 79 34.80 31
28.10 270 29.06 222 30.13 174 31.35 126 32.81 78 34.85 30
28.12 269 29.08 221 30.14 173 31.37 125 32.85 77 34.91 29
28.13 268 29.10 220 30.17 172 31.40 124 32.89 76 34.96 28
28.16 267 29.12 219 30.20 171 31.43 123 32.92 75 35.03 27
28.17 266 29.14 218 30.22 170 31.45 122 32.96 74 35.08 26
28.20 265 29.17 217 30.24 169 31.48 121 33.00 73 35.13 25
28.21 264 29.18 216 30.26 168 31.52 120 33.03 72 35.20 24
28.24 263 29.21 215 30.29 167 31.55 119 33.07 71 35.27 23
28.25 262 29.22 214 30.32 166 31.57 118 33.11 70 35.32 22
28.28 261 29.25 213 30.34 165 31.60 117 33.13 69 35.39 21
28.29 260 29.28 212 30.36 164 31.63 116 33.17 68 35.45 20
28.32 259 29.29 211 30.38 163 31.65 115 33.21 67 35.52 19
28.33 258 29.32 210 30.41 162 31.68 114 33.25 66 35.59 18
28.34 257 29.33 209 30.44 161 31.72 113 33.29 65 35.67 17
28.37 256 29.36 208 30.46 160 31.75 112 33.32 64 35.73 16
28.38 255 29.38 207 30.49 159 31.77 111 33.36 63 35.81 15
28.41 254 29.40 206 30.52 158 31.80 110 33.40 62 35.88 14
28.42 253 29.42 205 30.53 157 31.83 109 33.44 61 35.96 13
28.45 252 29.45 204 30.56 156 31.87 108 33.48 60 36.05 12
28.46 251 29.46 203 30.58 155 31.89 107 33.52 59 36.13 11
28.49 250 29.49 202 30.61 154 31.92 106 33.56 58 36.23 10
28.50 249 29.50 201 30.64 153 31.95 105 33.60 57 36.32 9
28.53 248 29.53 200 30.66 152 31.99 104 33.64 56 36.43 8
28.54 247 29.56 199 30.69 151 32.01 103 33.68 55 36.53 7
28.57 246 29.57 198 30.72 150 32.04 102 33.72 54 36.64 6
28.58 245 29.60 197 30.73 149 32.07 101 33.76 53 36.76 5
28.61 244 29.62 196 30.76 148 32.11 100 33.80 52 36.91 4
28.62 243 29.64 195 30.78 147 32.13 99 33.85 51 37.05 3
28.65 242 29.66 194 30.81 146 32.16 98 33.89 50 37.24 2
28.66 241 29.69 193 30.84 145 32.20 97 33.93 49 37.47 1
28.69 240 29.70 192 30.86 144 32.23 96 33.97 48
28.70 239 29.73 191 30.89 143 32.25 95 34.03 47
28.73 238 29.76 190 30.92 142 32.29 94 34.07 46
28.74 237 29.78 189 30.94 141 32.32 93 34.11 45
28.77 236 29.80 188 30.97 140 32.35 92 34.16 44
