12.00 1249
12.01 1248
12.02 1246
12.03 1245
12.04 1243
12.05 1242
12.06 1240
12.07 1239
12.08 1237
12.09 1236
12.10 1235
12.11 1233
12.12 1232
12.13 1230
12.14 1229
12.15 1227
12.16 1226
12.17 1224
12.18 1223
12.19 1222
12.20 1220
12.21 1219
12.22 1217
12.23 1216
12.24 1214
12.25 1213
12.26 1212
12.27 1210
12.28 1209
12.29 1207
12.30 1206
12.31 1204
12.32 1203
12.33 1201
12.34 1200
12.35 1199
12.36 1197
12.37 1196
12.38 1194
12.39 1193
12.40 1192
12.41 1190
12.42 1189
12.43 1187
12.44 1186
12.45 1184
12.46 1183
12.47 1182
12.48 1180
12.49 1179

12.50 1177
12.51 1176
12.52 1175
12.53 1173
12.54 1172
12.55 1170
12.56 1169
12.57 1167
12.58 1166
12.59 1165
12.60 1163
12.61 1162
12.62 1160
12.63 1159
12.64 1158
12.65 1156
12.66 1155
12.67 1153
12.68 1152
12.69 1151
12.70 1149
12.71 1148
12.72 1146
12.73 1145
12.74 1144
12.75 1142
12.76 1141
12.77 1139
12.78 1138
12.79 1137
12.80 1135
12.81 1134
12.82 1133
12.83 1131
12.84 1130
12.85 1128
12.86 1127
12.87 1126
12.88 1124
12.89 1123
12.90 1121
12.91 1120
12.92 1119
12.93 1117
12.94 1116
12.95 1115
12.96 1113
12.97 1112
12.98 1110
12.99 1109

13.00 1108
13.01 1106
13.02 1105
13.03 1104
13.04 1102
13.05 1101
13.06 1099
13.07 1098
13.08 1097
13.09 1095
13.10 1094
13.11 1093
13.12 1091
13.13 1090
13.14 1089
13.15 1087
13.16 1086
13.17 1084
13.18 1083
13.19 1082
13.20 1080
13.21 1079
13.22 1078
13.23 1076
13.24 1075
13.25 1074
13.26 1072
13.27 1071
13.28 1070
13.29 1068
13.30 1067
13.31 1066
13.32 1064
13.33 1063
13.34 1061
13.35 1060
13.36 1059
13.37 1057
13.38 1056
13.39 1055
13.40 1053
13.41 1052
13.42 1051
13.43 1049
13.44 1048
13.45 1047
13.46 1045
13.47 1044
13.48 1043
13.49 1041

13.50 1040
13.51 1039
13.52 1037
13.53 1036
13.54 1035
13.55 1033
13.56 1032
13.57 1031
13.58 1029
13.59 1028
13.60 1027
13.61 1025
13.62 1024
13.63 1023
13.64 1022
13.65 1020
13.66 1019
13.67 1018
13.68 1016
13.69 1015
13.70 1014
13.71 1012
13.72 1011
13.73 1010
13.74 1008
13.75 1007
13.76 1006
13.77 1004
13.78 1003
13.79 1002
13.80 1000
13.81 999
13.82 998
13.83 997
13.84 995
13.85 994
13.86 993
13.87 991
13.88 990
13.89 989
13.90 987
13.91 986
13.92 985
13.93 984
13.94 982
13.95 981
13.96 980
13.97 978
13.98 977
13.99 976

14.00 975
14.01 973
14.02 972
14.03 971
14.04 969
14.05 968
14.06 967
14.07 965
14.08 964
14.09 963
14.10 962
14.11 960
14.12 959
14.13 958
14.14 957
14.15 955
14.16 954
14.17 953
14.18 951
14.19 950
14.20 949
14.21 948
14.22 946
14.23 945
14.24 944
14.25 942
14.26 941
14.27 940
14.28 939
14.29 937
14.30 936
14.31 935
14.32 934
14.33 932
14.34 931
14.35 930
14.36 929
14.37 927
14.38 926
14.39 925
14.40 924
14.41 922
14.42 921
14.43 920
14.44 918
14.45 917
14.46 916
14.47 915
14.48 913
14.49 912
14.50 911
14.51 910
14.52 908
14.53 907
14.54 906
14.55 905
14.56 903
14.57 902
14.58 901
14.59 900
14.60 899
14.61 897
14.62 896
14.63 895
14.64 894
14.65 892
14.66 891
14.67 890
14.68 889
14.69 887
14.70 886
14.71 885
14.72 884
14.73 882
14.74 881
14.75 880
14.76 879
14.77 878
14.78 876
14.79 875
14.80 874
14.81 873
14.82 871
14.83 870
14.84 869
14.85 868
14.86 867
14.87 865
14.88 864
14.89 863
14.90 862
14.91 860
14.92 859
14.93 858
14.94 857
14.95 856
14.96 854
14.97 853
14.98 852
14.99 851

15.00 850
15.01 848
15.02 847
15.03 846
15.04 845
15.05 843
15.06 842
15.07 841
15.08 840
15.09 839
15.10 837
15.11 836
15.12 835
15.13 834
15.14 833
15.15 831
15.16 830
15.17 829
15.18 828
15.19 827
15.20 825
15.21 824
15.22 823
15.23 822
15.24 821
15.25 820
15.26 818
15.27 817
15.28 816
15.29 815
15.30 814
15.31 812
15.32 811
15.33 810
15.34 809
15.35 808
15.36 807
15.37 805
15.38 804
15.39 803
15.40 802
15.41 801
15.42 799
15.43 798
15.44 797
15.45 796
15.46 795
15.47 794
15.48 792
15.49 791

15.50 790
15.51 789
15.52 788
15.53 787
15.54 785
15.55 784
15.56 783
15.57 782
15.58 781
15.59 780
15.60 778
15.61 777
15.62 776
15.63 775
15.64 774
15.65 773
15.66 772
15.67 770
15.68 769
15.69 768
15.70 767
15.71 766
15.72 765
15.73 763
15.74 762
15.75 761
15.76 760
15.77 759
15.78 758
15.79 757
15.80 755
15.81 754
15.82 753
15.83 752
15.84 751
15.85 750
15.86 749
15.87 747
15.88 746
15.89 745
15.90 744
15.91 743
15.92 742
15.93 741
15.94 740
15.95 738
15.96 737
15.97 736
15.98 735
15.99 734

16.00 733
16.01 732
16.02 730
16.03 729
16.04 728
16.05 727
16.06 726
16.07 725
16.08 724
16.09 723
16.10 722
16.11 720
16.12 719
16.13 718
16.14 717
16.15 716
16.16 715
16.17 714
16.18 713
16.19 711
16.20 710
16.21 709
16.22 708
16.23 707
16.24 706
16.25 705
16.26 704
16.27 703
16.28 702
16.29 700
16.30 699
16.31 698
16.32 697
16.33 696
16.34 695
16.35 694
16.36 693
16.37 692
16.38 691
16.39 689
16.40 688
16.41 687
16.42 686
16.43 685
16.44 684
16.45 683
16.46 682
16.47 681
16.48 680
16.49 679

16.50 677
16.51 676
16.52 675
16.53 674
16.54 673
16.55 672
16.56 671
16.57 670
16.58 669
16.59 668
16.60 667
16.61 666
16.62 665
16.63 663
16.64 662
16.65 661
16.66 660
16.67 659
16.68 658
16.69 657
16.70 656
16.71 655
16.72 654
16.73 653
16.74 652
16.75 651
16.76 650
16.77 648
16.78 647
16.79 646
16.80 645
16.81 644
16.82 643
16.83 642
16.84 641
16.85 640
16.86 639
16.87 638
16.88 637
16.89 636
16.90 635
16.91 634
16.92 633
16.93 632
16.94 631
16.95 629
16.96 628
16.97 627
16.98 626
16.99 625
17.00 624
17.01 623
17.02 622
17.03 621
17.04 620
17.05 619
17.06 618
17.07 617
17.08 616
17.09 615
17.10 614
17.11 613
17.12 612
17.13 611
17.14 610
17.15 609
17.16 608
17.17 607
17.18 606
17.19 605
17.20 604
17.21 603
17.22 602
17.23 600
17.24 599
17.25 598
17.26 597
17.27 596
17.28 595
17.29 594
17.30 593
17.31 592
17.32 591
17.33 590
17.34 589
17.35 588
17.36 587
17.37 586
17.38 585
17.39 584
17.40 583
17.41 582
17.42 581
17.43 580
17.44 579
17.45 578
17.46 577
17.47 576
17.48 575
17.49 574

17.50 573
17.51 572
17.52 571
17.53 570
17.54 569
17.55 568
17.56 567
17.57 566
17.58 565
17.59 564
17.60 563
17.61 562
17.62 561
17.63 560
17.64 559
17.65 558
17.66 557
17.67 556
17.68 555
17.69 554
17.70 553
17.71 552
17.72 551
17.73 550
17.74 549
17.75 548
17.76 547
17.77 546
17.78 545
17.79 544
17.81 543
17.82 542
17.83 541
17.84 540
17.85 539
17.86 538
17.87 537
17.88 536
17.89 535
17.90 534
17.91 533
17.92 532
17.93 531
17.94 530
17.95 529
17.96 528
17.97 527
17.98 526
17.99 525
18.00 524

18.01 523
18.02 522
18.03 521
18.04 520
18.05 519
18.06 518
18.07 517
18.09 516
18.10 515
18.11 514
18.12 513
18.13 512
18.14 511
18.15 510
18.16 509
18.17 508
18.18 507
18.19 506
18.20 505
18.21 504
18.22 503
18.23 502
18.24 501
18.25 500
18.27 499
18.28 498
18.29 497
18.30 496
18.31 495
18.32 494
18.33 493
18.34 492
18.35 491
18.36 490
18.37 489
18.38 488
18.39 487
18.41 486
18.42 485
18.43 484
18.44 483
18.45 482
18.46 481
18.47 480
18.48 479
18.49 478
18.50 477
18.51 476
18.52 475
18.54 474

18.55 473
18.56 472
18.57 471
18.58 470
18.59 469
18.60 468
18.61 467
18.62 466
18.63 465
18.65 464
18.66 463
18.67 462
18.68 461
18.69 460
18.70 459
18.71 458
18.72 457
18.73 456
18.75 455
18.76 454
18.77 453
18.78 452
18.79 451
18.80 450
18.81 449
18.82 448
18.84 447
18.85 446
18.86 445
18.87 444
18.88 443
18.89 442
18.90 441
18.91 440
18.93 439
18.94 438
18.95 437
18.96 436
18.97 435
18.98 434
18.99 433
19.01 432
19.02 431
19.03 430
19.04 429
19.05 428
19.06 427
19.07 426
19.09 425
19.10 424

19.11 423
19.12 422
19.13 421
19.14 420
19.16 419
19.17 418
19.18 417
19.19 416
19.20 415
19.21 414
19.23 413
19.24 412
19.25 411
19.26 410
19.27 409
19.28 408
19.30 407
19.31 406
19.32 405
19.33 404
19.34 403
19.35 402
19.37 401
19.38 400
19.39 399
19.40 398
19.41 397
19.43 396
19.44 395
19.45 394
19.46 393
19.47 392
19.49 391
19.50 390
19.51 389
19.52 388
19.53 387
19.55 386
19.56 385
19.57 384
19.58 383
19.59 382
19.61 381
19.62 380
19.63 379
19.64 378
19.66 377
19.67 376
19.68 375
19.69 374
19.70 373
19.72 372
19.73 371
19.74 370
19.75 369
19.77 368
19.78 367
19.79 366
19.80 365
19.82 364
19.83 363
19.84 362
19.85 361
19.87 360
19.88 359
19.89 358
19.90 357
19.92 356
19.93 355
19.94 354
19.95 353
19.97 352
19.98 351
19.99 350
20.00 349
20.02 348
20.03 347
20.04 346
20.05 345
20.07 344
20.08 343
20.09 342
20.11 341
20.12 340
20.13 339
20.14 338
20.16 337
20.17 336
20.18 335
20.20 334
20.21 333
20.22 332
20.23 331
20.25 330
20.26 329
20.27 328
20.29 327
20.30 326
20.31 325
20.33 324

20.34 323
20.35 322
20.37 321
20.38 320
20.39 319
20.41 318
20.42 317
20.43 316
20.44 315
20.46 314
20.47 313
20.48 312
20.50 311
20.51 310
20.53 309
20.54 308
20.55 307
20.57 306
20.58 305
20.59 304
20.61 303
20.62 302
20.63 301
20.65 300
20.66 299
20.67 298
20.69 297
20.70 296
20.72 295
20.73 294
20.74 293
20.76 292
20.77 291
20.78 290
20.80 289
20.81 288
20.83 287
20.84 286
20.85 285
20.87 284
20.88 283
20.90 282
20.91 281
20.92 280
20.94 279
20.95 278
20.97 277
20.98 276
20.99 275
21.01 274

21.02 273
21.04 272
21.05 271
21.07 270
21.08 269
21.09 268
21.11 267
21.12 266
21.14 265
21.15 264
21.17 263
21.18 262
21.20 261
21.21 260
21.23 259
21.24 258
21.25 257
21.27 256
21.28 255
21.30 254
21.31 253
21.33 252
21.34 251
21.36 250
21.37 249
21.39 248
21.40 247
21.42 246
21.43 245
21.45 244
21.46 243
21.48 242
21.49 241
21.51 240
21.52 239
21.54 238
21.55 237
21.57 236
21.58 235
21.60 234
21.61 233
21.63 232
21.65 231
21.66 230
21.68 229
21.69 228
21.71 227
21.72 226
21.74 225
21.75 224

21.77 223
21.79 222
21.80 221
21.82 220
21.83 219
21.85 218
21.87 217
21.88 216
21.90 215
21.91 214
21.93 213
21.95 212
21.96 211
21.98 210
21.99 209
22.01 208
22.03 207
22.04 206
22.06 205
22.08 204
22.09 203
22.11 202
22.12 201
22.14 200
22.16 199
22.17 198
22.19 197
22.21 196
22.22 195
22.24 194
22.26 193
22.27 192
22.29 191
22.31 190
22.33 189
22.34 188
22.36 187
22.38 186
22.39 185
22.41 184
22.43 183
22.45 182
22.46 181
22.48 180
22.50 179
22.52 178
22.53 177
22.55 176
22.57 175
22.59 174

22.60 173
22.62 172
22.64 171
22.66 170
22.67 169
22.69 168
22.71 167
22.73 166
22.75 165
22.76 164
22.78 163
22.80 162
22.82 161
22.84 160
22.86 159
22.88 158
22.89 157
22.91 156
22.93 155
22.95 154
22.97 153
22.99 152
23.01 151
23.03 150
23.04 149
23.06 148
23.08 147
23.10 146
23.12 145
23.14 144
23.16 143
23.18 142
23.20 141
23.22 140
23.24 139
23.26 138
23.28 137
23.30 136
23.32 135
23.34 134
23.36 133
23.38 132
23.40 131
23.42 130
23.44 129
23.46 128
23.48 127
23.50 126
23.52 125
23.54 124
23.56 123
23.58 122
23.60 121
23.63 120
23.65 119
23.67 118
23.69 117
23.71 116
23.73 115
23.75 114
23.78 113
23.80 112
23.82 111
23.84 110
23.86 109
23.89 108
23.91 107
23.93 106
23.95 105
23.98 104
24.00 103
24.02 102
24.04 101
24.07 100
24.09 99
24.11 98
24.14 97
24.16 96
24.18 95
24.21 94

24.23 93
24.25 92
24.28 91
24.30 90
24.33 89
24.35 88
24.38 87
24.40 86
24.43 85
24.45 84
24.48 83
24.50 82
24.53 81
24.55 80
24.58 79
24.60 78
24.63 77
24.66 76
24.68 75
24.71 74
24.74 73
24.76 72
24.79 71
24.82 70
24.84 69
24.87 68
24.90 67
24.93 66
24.96 65
24.98 64

25.01 63
25.04 62
25.07 61
25.10 60
25.13 59
25.16 58
25.19 57
25.22 56
25.25 55
25.28 54
25.31 53
25.34 52
25.38 51
25.41 50
25.44 49
25.47 48
25.51 47
25.54 46
25.57 45
25.61 44
25.64 43
25.68 42
25.71 41
25.75 40
25.78 39
25.82 38
25.86 37
25.89 36
25.93 35
25.97 34

26.01 33
26.05 32
26.09 31
26.13 30
26.17 29
26.21 28
26.26 27
26.30 26
26.34 25
26.39 24
26.44 23
26.48 22
26.53 21
26.58 20
26.63 19
26.68 18
26.74 17
26.79 16
26.85 15
26.90 14
26.96 13
27.03 12
27.09 11
27.16 10
27.23 9
27.31 8
27.39 7
27.47 6
27.56 5
27.67 4

27.78 3
27.92 2
28.09 1
