21.96 1369 20.90 1295 19.86 1223 18.78 1148 17.73 1075 16.67 1002
21.94 1368 20.88 1294 19.85 1222 18.77 1147 17.71 1074 16.65 1001
21.93 1367 20.87 1293 19.84 1221 18.76 1146 17.69 1073 16.64 1000
21.91 1366 20.85 1292 19.82 1220 18.74 1145 17.68 1072 16.62 999
21.90 1365 20.84 1291 19.81 1219 18.73 1144 17.67 1071 16.61 998
21.89 1364 20.83 1290 19.79 1218 18.71 1143 17.66 1070 16.60 997
21.87 1363 20.81 1289 19.77 1217 18.69 1142 17.64 1069 16.58 996
21.86 1362 20.80 1288 19.76 1216 18.68 1141 17.62 1068 16.57 995
21.84 1361 20.78 1287 19.74 1215 18.66 1140 17.61 1067 16.55 994
21.83 1360 20.77 1286 19.72 1213 18.64 1138 17.59 1066 16.54 993
21.81 1359 20.75 1285 19.71 1212 18.62 1137 17.58 1065 16.52 992
21.79 1357 20.74 1284 19.69 1211 18.61 1136 17.57 1064 16.50 991
21.77 1356 20.72 1283 19.67 1210 18.59 1135 17.56 1063 16.49 990
21.76 1355 20.70 1281 19.66 1209 18.58 1134 17.54 1062 16.48 989
21.74 1354 20.68 1280 19.64 1208 18.56 1133 17.52 1061 16.47 988
21.73 1353 20.67 1279 19.62 1206 18.55 1132 17.51 1060 16.45 987
21.71 1352 20.65 1278 19.61 1205 18.54 1131 17.49 1059 16.44 986
21.70 1351 20.64 1277 19.59 1204 18.52 1130 17.48 1058 16.42 985
21.69 1350 20.62 1276 19.57 1203 18.51 1129 17.47 1057 16.40 984
21.67 1349 20.61 1275 19.56 1202 18.49 1128 17.45 1056 16.39 983
21.66 1348 20.60 1274 19.54 1201 18.48 1127 17.44 1055 16.38 982
21.64 1347 20.58 1273 19.53 1200 18.46 1126 17.42 1054 16.37 981
21.63 1346 20.57 1272 19.52 1199 18.45 1125 17.41 1053 16.35 980
21.61 1345 20.55 1271 19.51 1198 18.44 1124 17.39 1052 16.33 979
21.60 1344 20.54 1270 19.49 1197 18.42 1123 17.38 1051 16.32 978
21.59 1343 20.52 1269 19.47 1196 18.41 1122 17.36 1050 16.30 977
21.57 1342 20.51 1268 19.46 1195 18.39 1121 17.35 1049 16.29 976
21.56 1341 20.50 1267 19.44 1194 18.38 1120 17.34 1048 16.27 975
21.54 1340 20.48 1266 19.43 1193 18.36 1119 17.32 1047 16.26 974
21.53 1339 20.47 1265 19.42 1192 18.34 1118 17.31 1046 16.25 973
21.51 1338 20.45 1264 19.41 1191 18.33 1117 17.29 1045 16.23 972
21.50 1337 20.44 1263 19.39 1190 18.32 1116 17.27 1044 16.22 971
21.48 1336 20.42 1262 19.37 1189 18.31 1115 17.26 1043 16.20 970
21.46 1334 20.41 1261 19.36 1188 18.29 1114 17.25 1042 16.19 969
21.44 1333 20.40 1260 19.34 1187 18.28 1113 17.24 1041 16.17 968
21.43 1332 20.38 1259 19.33 1186 18.26 1112 17.22 1040 16.16 967
21.41 1331 20.37 1258 19.31 1185 18.24 1111 17.21 1039 16.15 966
21.40 1330 20.35 1257 19.29 1183 18.23 1110 17.19 1038 16.13 965
21.38 1329 20.34 1256 19.27 1182 18.22 1109 17.17 1037 16.12 964
21.37 1328 20.32 1255 19.26 1181 18.21 1108 17.16 1036 16.10 963
21.36 1327 20.31 1254 19.24 1180 18.19 1107 17.14 1035 16.08 962
21.34 1326 20.29 1253 19.23 1179 18.18 1106 17.12 1033 16.07 961
21.33 1325 20.28 1252 19.21 1178 18.16 1105 17.10 1032 16.06 960
21.31 1324 20.27 1251 19.20 1177 18.14 1104 17.09 1031 16.05 959
21.30 1323 20.25 1250 19.19 1176 18.13 1103 17.07 1030 16.03 958
21.28 1322 20.24 1249 19.17 1175 18.12 1102 17.06 1029 16.01 957
21.27 1321 20.22 1248 19.16 1174 18.11 1101 17.04 1028 16.00 956
21.26 1320 20.21 1247 19.14 1173 18.09 1100 17.03 1027 15.98 955
21.24 1319 20.19 1246 19.13 1172 18.07 1099 17.02 1026 15.97 954
21.23 1318 20.18 1245 19.11 1171 18.06 1098 17.00 1025 15.95 953
21.21 1317 20.17 1244 19.09 1170 18.04 1097 16.99 1024 15.94 952
21.20 1316 20.15 1243 19.07 1168 18.03 1096 16.97 1023 15.93 951
21.18 1315 20.14 1242 19.06 1167 18.01 1095 16.96 1022 15.91 950
21.17 1314 20.12 1241 19.04 1166 17.99 1093 16.94 1021 15.90 949
21.15 1313 20.11 1240 19.03 1165 17.97 1092 16.92 1020 15.88 948
21.13 1311 20.09 1239 19.01 1164 17.96 1091 16.90 1018 15.87 947
21.11 1310 20.07 1238 18.99 1163 17.94 1090 16.89 1017 15.85 946
21.10 1309 20.05 1236 18.97 1161 17.93 1089 16.87 1016 15.84 945
21.08 1308 20.04 1235 18.96 1160 17.91 1088 16.86 1015 15.83 944
21.07 1307 20.02 1234 18.94 1159 17.90 1087 16.84 1014 15.81 943
21.05 1306 20.01 1233 18.93 1158 17.89 1086 16.82 1013 15.80 942
21.03 1304 19.99 1232 18.91 1157 17.87 1085 16.80 1011 15.78 941
21.01 1303 19.97 1231 18.89 1156 17.86 1084 16.79 1010 15.76 940
21.00 1302 19.96 1230 18.88 1155 17.84 1083 16.77 1009 15.75 939
20.98 1301 19.95 1229 18.87 1154 17.83 1082 16.75 1008 15.73 938
20.97 1300 19.94 1228 18.86 1153 17.81 1081 16.74 1007 15.71 936
20.95 1299 19.92 1227 18.84 1152 17.79 1080 16.72 1006 15.69 935
20.94 1298 19.91 1226 18.83 1151 17.77 1078 16.71 1005 15.68 934
20.93 1297 19.89 1225 18.81 1150 17.76 1077 16.70 1004 15.66 933
20.91 1296 19.87 1224 18.79 1149 17.74 1076 16.69 1003 15.65 932
15.63 931 14.54 856 13.48 784 12.41 711 11.33 638 10.26 566
15.62 930 14.53 855 13.46 783 12.39 710 11.31 637 10.24 565
15.61 929 14.51 854 13.45 782 12.37 709 11.29 636 10.22 564
15.59 928 14.50 853 13.44 781 12.35 707 11.28 635 10.21 563
15.58 927 14.48 852 13.43 780 12.34 706 11.27 634 10.20 562
15.56 926 14.46 851 13.41 779 12.32 705 11.25 633 10.18 561
15.55 925 14.45 850 13.39 778 12.30 704 11.24 632 10.17 560
15.53 924 14.43 849 13.38 777 12.29 703 11.22 631 10.15 559
15.51 923 14.41 847 13.36 776 12.27 702 11.21 630 10.13 558
15.49 921 14.39 846 13.35 775 12.26 701 11.19 629 10.12 557
15.48 920 14.38 845 13.34 774 12.25 700 11.18 628 10.10 556
15.46 919 14.36 844 13.32 773 12.23 699 11.17 627 10.09 555
15.44 918 14.35 843 13.31 772 12.22 698 11.15 626 10.08 554
15.43 917 14.33 842 13.29 771 12.20 697 11.13 625 10.06 553
15.41 916 14.32 841 13.28 770 12.18 696 11.12 624 10.05 552
15.39 914 14.31 840 13.26 769 12.17 695 11.10 623 10.03 551
15.37 913 14.29 839 13.24 768 12.15 694 11.09 622 10.01 550
15.36 912 14.28 838 13.22 766 12.13 692 11.07 621 10.00 549
15.34 911 14.26 837 13.21 765 12.11 691 11.06 620 9.98 548
15.33 910 14.24 836 13.19 764 12.10 690 11.05 619 9.96 546
15.31 909 14.23 835 13.17 763 12.08 689 11.03 618 9.94 545
15.30 908 14.21 834 13.16 762 12.06 688 11.01 617 9.93 544
15.29 907 14.19 832 13.14 761 12.05 687 11.00 616 9.91 543
15.27 906 14.17 831 13.13 760 12.04 686 10.98 615 9.89 542
15.26 905 14.16 830 13.12 759 12.03 685 10.97 614 9.88 541
15.24 904 14.14 829 13.10 758 12.01 684 10.96 613 9.87 540
15.22 903 14.13 828 13.09 757 11.99 683 10.94 612 9.85 539
15.21 902 14.11 827 13.07 756 11.98 682 10.93 611 9.84 538
15.19 901 14.10 826 13.05 755 11.96 681 10.91 610 9.82 537
15.17 899 14.09 825 13.04 754 11.95 680 10.89 609 9.81 536
15.15 898 14.07 824 13.02 753 11.94 679 10.88 608 9.79 535
15.14 897 14.06 823 13.00 751 11.92 678 10.86 607 9.77 534
15.12 896 14.04 822 12.98 750 11.91 677 10.85 606 9.75 532
15.11 895 14.02 821 12.97 749 11.89 676 10.84 605 9.73 531
15.09 894 14.01 820 12.95 748 11.87 675 10.82 604 9.72 530
15.08 893 14.00 819 12.94 747 11.86 674 10.81 603 9.70 529
15.07 892 13.99 818 12.92 746 11.84 673 10.79 602 9.68 528
15.05 891 13.97 817 12.91 745 11.83 672 10.77 601 9.67 527
15.04 890 13.95 816 12.90 744 11.82 671 10.76 600 9.66 526
15.02 889 13.94 815 12.88 743 11.80 670 10.74 599 9.65 525
15.01 888 13.92 814 12.87 742 11.79 669 10.72 597 9.63 524
14.99 887 13.91 813 12.85 741 11.77 668 10.70 596 9.61 523
14.97 886 13.89 812 12.83 740 11.76 667 10.69 595 9.60 522
14.95 884 13.88 811 12.82 739 11.74 666 10.67 594 9.58 521
14.94 883 13.87 810 12.80 738 11.72 665 10.65 593 9.56 520
14.92 882 13.85 809 12.78 736 11.70 663 10.64 592 9.55 519
14.90 881 13.84 808 12.76 735 11.68 662 10.63 591 9.54 518
14.89 880 13.82 807 12.75 734 11.67 661 10.62 590 9.52 517
14.87 879 13.80 806 12.73 733 11.65 660 10.60 589 9.51 516
14.86 878 13.79 805 12.71 732 11.64 659 10.58 588 9.49 515
14.85 877 13.78 804 12.70 731 11.62 658 10.57 587 9.48 514
14.83 876 13.77 803 12.69 730 11.61 657 10.55 586 9.46 513
14.82 875 13.75 802 12.68 729 11.60 656 10.53 585 9.44 512
14.80 874 13.73 801 12.66 728 11.58 655 10.51 583 9.42 510
14.79 873 13.72 800 12.64 727 11.56 654 10.50 582 9.40 509
14.77 872 13.70 799 12.63 726 11.55 653 10.48 581 9.39 508
14.76 871 13.69 798 12.61 725 11.53 652 10.46 580 9.37 507
14.75 870 13.67 797 12.60 724 11.52 651 10.45 579 9.35 506
14.73 869 13.66 796 12.59 723 11.50 650 10.43 578 9.34 505
14.72 868 13.65 795 12.57 722 11.49 649 10.42 577 9.33 504
14.70 867 13.63 794 12.56 721 11.48 648 10.41 576 9.32 503
14.68 866 13.62 793 12.54 720 11.46 647 10.39 575 9.30 502
14.67 865 13.60 792 12.53 719 11.45 646 10.38 574 9.28 501
14.65 864 13.58 791 12.51 718 11.43 645 10.36 573 9.27 500
14.63 862 13.57 790 12.49 717 11.41 644 10.34 572 9.25 499
14.61 861 13.56 789 12.48 716 11.40 643 10.33 571 9.23 498
14.60 860 13.54 788 12.47 715 11.39 642 10.31 570 9.22 497
14.58 859 13.53 787 12.45 714 11.37 641 10.30 569 9.21 496
14.57 858 13.51 786 12.44 713 11.36 640 10.29 568 9.19 495
14.55 857 13.50 785 12.42 712 11.34 639 10.27 567 9.18 494
9.16 493 8.06 420 6.96 348 5.85 275 4.72 203 3.55 129
9.14 492 8.04 419 6.95 347 5.83 274 4.71 202 3.54 128
9.13 491 8.03 418 6.94 346 5.81 273 4.69 201 3.52 127
9.12 490 8.02 417 6.92 345 5.80 272 4.67 200 3.50 126
9.11 489 8.00 416 6.91 344 5.78 271 4.65 198 3.48 125
9.09 488 7.99 415 6.89 343 5.76 270 4.63 197 3.46 123
9.07 487 7.97 414 6.87 342 5.75 269 4.61 196 3.44 122
9.06 486 7.95 413 6.86 341 5.74 268 4.60 195 3.42 121
9.04 485 7.94 412 6.84 340 5.72 267 4.58 194 3.41 120
9.02 484 7.92 411 6.83 339 5.71 266 4.56 193 3.39 119
9.01 483 7.91 410 6.82 338 5.69 265 4.54 191 3.37 118
9.00 482 7.90 409 6.80 337 5.67 264 4.52 190 3.36 117
8.98 481 7.88 408 6.78 336 5.65 263 4.50 189 3.35 116
8.97 480 7.86 407 6.77 335 5.64 262 4.49 188 3.33 115
8.95 479 7.85 406 6.75 334 5.63 261 4.47 187 3.31 114
8.93 478 7.83 405 6.73 333 5.61 260 4.45 186 3.29 113
8.92 477 7.81 404 6.71 331 5.60 259 4.43 184 3.28 112
8.90 476 7.79 402 6.69 330 5.58 258 4.41 183 3.26 111
8.88 474 7.77 401 6.67 329 5.56 257 4.39 182 3.25 110
8.86 473 7.76 400 6.66 328 5.55 256 4.38 181 3.23 109
8.85 472 7.74 399 6.64 327 5.54 255 4.36 180 3.22 108
8.83 471 7.72 398 6.62 326 5.52 254 4.34 179 3.20 107
8.81 470 7.71 397 6.60 324 5.51 253 4.33 178 3.18 106
8.80 469 7.70 396 6.58 323 5.49 252 4.32 177 3.16 105
8.79 468 7.68 395 6.57 322 5.47 251 4.30 176 3.15 104
8.77 467 7.67 394 6.55 321 5.45 250 4.28 175 3.14 103
8.76 466 7.65 393 6.53 320 5.44 249 4.27 174 3.12 102
8.74 465 7.63 392 6.52 319 5.43 248 4.25 173 3.10 101
8.72 464 7.62 391 6.51 318 5.41 247 4.23 172 3.08 100
8.71 463 7.60 390 6.49 317 5.40 246 4.22 171 3.07 99
8.69 462 7.59 389 6.48 316 5.38 245 4.21 170 3.05 98
8.68 461 7.58 388 6.46 315 5.36 244 4.19 169 3.04 97
8.67 460 7.56 387 6.44 314 5.35 243 4.17 168 3.02 96
8.65 459 7.54 386 6.43 313 5.33 242 4.16 167 3.01 95
8.64 458 7.53 385 6.41 312 5.32 241 4.14 166 2.99 94
8.62 457 7.51 384 6.40 311 5.31 240 4.13 165 2.97 93
8.60 456 7.50 383 6.39 310 5.29 239 4.11 164 2.95 92
8.59 455 7.49 382 6.37 309 5.27 238 4.10 163 2.93 91
8.57 454 7.47 381 6.35 308 5.25 237 4.08 162 2.91 89
8.56 453 7.46 380 6.34 307 5.24 236 4.06 161 2.89 88
8.55 452 7.44 379 6.32 306 5.22 235 4.04 160 2.87 87
8.53 451 7.42 378 6.30 305 5.21 234 4.03 159 2.86 86
8.51 450 7.41 377 6.28 303 5.20 233 4.02 158 2.84 85
8.50 449 7.39 376 6.26 302 5.18 232 4.00 157 2.82 84
8.48 448 7.38 375 6.25 301 5.16 231 3.98 156 2.81 83
8.46 447 7.37 374 6.23 300 5.15 230 3.97 155 2.79 82
8.44 445 7.35 373 6.21 299 5.13 229 3.95 154 2.78 81
8.42 444 7.33 372 6.20 298 5.11 228 3.93 153 2.76 80
8.41 443 7.32 371 6.19 297 5.10 227 3.92 152 2.74 79
8.39 442 7.30 370 6.17 296 5.09 226 3.91 151 2.72 78
8.38 441 7.28 369 6.15 295 5.07 225 3.89 150 2.71 77
8.36 440 7.27 368 6.14 294 5.05 224 3.87 149 2.70 76
8.35 439 7.26 367 6.12 293 5.04 223 3.86 148 2.68 75
8.34 438 7.24 366 6.10 292 5.02 222 3.84 147 2.66 74
8.32 437 7.23 365 6.09 291 5.00 221 3.82 146 2.64 73
8.30 436 7.21 364 6.08 290 4.99 220 3.80 145 2.62 72
8.29 435 7.19 363 6.06 289 4.98 219 3.78 143 2.61 71
8.27 434 7.18 362 6.05 288 4.96 218 3.76 142 2.60 70
8.25 433 7.16 361 6.03 287 4.94 217 3.74 141 2.58 69
8.23 431 7.15 360 6.01 286 4.93 216 3.73 140 2.56 68
8.21 430 7.14 359 6.00 285 4.91 215 3.71 139 2.54 67
8.20 429 7.12 358 5.98 284 4.89 214 3.69 138 2.53 66
8.18 428 7.10 357 5.97 283 4.87 212 3.68 137 2.51 65
8.16 427 7.09 356 5.96 282 4.85 211 3.67 136 2.50 64
8.15 426 7.07 355 5.94 281 4.83 210 3.65 135 2.48 63
8.14 425 7.05 354 5.92 280 4.82 209 3.63 134 2.46 62
8.12 424 7.03 352 5.91 279 4.80 208 3.61 133 2.45 61
8.11 423 7.01 351 5.89 278 4.78 207 3.60 132 2.43 60
8.09 422 7.00 350 5.87 277 4.76 205 3.58 131 2.41 59
8.07 421 6.98 349 5.86 276 4.74 204 3.57 130 2.39 58
2.38 57 2.21 47 2.03 36 1.85 26 1.68 16 1.50 6
2.37 56 2.19 46 2.01 35 1.84 25 1.66 15 1.48 5
2.35 55 2.17 45 1.99 34 1.82 24 1.64 14 1.46 4
2.33 54 2.15 43 1.97 33 1.80 23 1.63 13 1.44 3
2.31 53 2.13 42 1.96 32 1.78 22 1.61 12 1.42 2
2.29 52 2.11 41 1.94 31 1.77 21 1.59 11 1.41 1
2.28 51 2.09 40 1.93 30 1.75 20 1.57 10
2.27 50 2.07 39 1.91 29 1.74 19 1.55 9
2.25 49 2.06 38 1.89 28 1.72 18 1.53 8
2.23 48 2.05 37 1.87 27 1.70 17 1.52 7
