20.24 1369 19.26 1295 18.24 1218 17.26 1144 16.26 1069 15.28 996
20.22 1368 19.24 1294 18.22 1217 17.24 1143 16.24 1068 15.27 995
20.21 1367 19.23 1293 18.21 1216 17.23 1142 16.23 1067 15.25 994
20.20 1366 19.22 1292 18.20 1215 17.22 1141 16.21 1066 15.24 993
20.18 1365 19.21 1291 18.19 1214 17.20 1140 16.20 1065 15.23 992
20.17 1364 19.19 1290 18.17 1213 17.19 1139 16.19 1064 15.21 991
20.15 1363 19.17 1289 18.16 1212 17.18 1138 16.18 1063 15.20 990
20.13 1361 19.15 1287 18.15 1211 17.16 1137 16.16 1062 15.18 989
20.12 1360 19.14 1286 18.13 1210 17.15 1136 16.15 1061 15.16 987
20.10 1359 19.12 1285 18.12 1209 17.13 1135 16.14 1060 15.15 986
20.09 1358 19.10 1283 18.10 1208 17.12 1134 16.12 1059 15.13 985
20.08 1357 19.09 1282 18.09 1207 17.11 1133 16.11 1058 15.12 984
20.06 1356 19.07 1281 18.08 1206 17.10 1132 16.10 1057 15.11 983
20.05 1355 19.06 1280 18.07 1205 17.08 1131 16.08 1056 15.09 982
20.04 1354 19.05 1279 18.05 1204 17.07 1130 16.07 1055 15.08 981
20.03 1353 19.03 1278 18.04 1203 17.06 1129 16.05 1054 15.07 980
20.01 1352 19.02 1277 18.03 1202 17.04 1128 16.04 1053 15.05 979
20.00 1351 19.01 1276 18.01 1201 17.03 1127 16.03 1052 15.04 978
19.98 1350 19.00 1275 18.00 1200 17.01 1126 16.02 1051 15.02 977
19.97 1349 18.98 1274 17.99 1199 16.99 1124 16.00 1050 15.00 975
19.96 1348 18.96 1273 17.98 1198 16.97 1123 15.99 1049 14.98 974
19.94 1347 18.94 1271 17.96 1197 16.96 1122 15.98 1048 14.97 973
19.93 1346 18.93 1270 17.94 1196 16.95 1121 15.96 1047 14.96 972
19.92 1345 18.91 1269 17.93 1195 16.94 1120 15.95 1046 14.95 971
19.91 1344 18.90 1268 17.92 1194 16.92 1119 15.93 1045 14.93 970
19.89 1343 18.89 1267 17.91 1193 16.91 1118 15.92 1044 14.92 969
19.88 1342 18.87 1266 17.89 1192 16.90 1117 15.91 1043 14.91 968
19.87 1341 18.86 1265 17.88 1191 16.88 1116 15.89 1042 14.89 967
19.85 1340 18.85 1264 17.87 1190 16.87 1115 15.88 1041 14.88 966
19.84 1339 18.84 1263 17.85 1189 16.85 1114 15.87 1040 14.86 965
19.82 1338 18.82 1262 17.84 1188 16.83 1112 15.86 1039 14.85 964
19.80 1336 18.81 1261 17.82 1187 16.81 1111 15.84 1038 14.84 963
19.79 1335 18.80 1260 17.80 1185 16.80 1110 15.83 1037 14.82 962
19.77 1334 18.78 1259 17.79 1184 16.79 1109 15.82 1036 14.81 961
19.76 1333 18.77 1258 17.77 1183 16.78 1108 15.80 1035 14.80 960
19.75 1332 18.75 1257 17.76 1182 16.76 1107 15.79 1034 14.79 959
19.73 1331 18.74 1256 17.75 1181 16.75 1106 15.77 1033 14.77 958
19.72 1330 18.73 1255 17.73 1180 16.74 1105 15.76 1032 14.75 957
19.71 1329 18.72 1254 17.72 1179 16.72 1104 15.75 1031 14.73 955
19.70 1328 18.70 1253 17.71 1178 16.71 1103 15.73 1030 14.72 954
19.68 1327 18.69 1252 17.70 1177 16.69 1102 15.72 1029 14.70 953
19.66 1326 18.68 1251 17.68 1176 16.67 1100 15.71 1028 14.69 952
19.64 1324 18.66 1250 17.66 1175 16.65 1099 15.70 1027 14.68 951
19.63 1323 18.65 1249 17.64 1173 16.64 1098 15.68 1026 14.66 950
19.61 1322 18.63 1248 17.63 1172 16.63 1097 15.66 1025 14.65 949
19.59 1320 18.61 1246 17.61 1171 16.62 1096 15.64 1023 14.64 948
19.57 1319 18.59 1245 17.60 1170 16.60 1095 15.63 1022 14.63 947
19.56 1318 18.58 1244 17.59 1169 16.59 1094 15.61 1021 14.61 946
19.55 1317 18.57 1243 17.57 1168 16.58 1093 15.60 1020 14.59 945
19.54 1316 18.56 1242 17.56 1167 16.56 1092 15.59 1019 14.58 944
19.52 1315 18.54 1241 17.55 1166 16.55 1091 15.57 1018 14.57 943
19.51 1314 18.53 1240 17.54 1165 16.53 1090 15.56 1017 14.56 942
19.50 1313 18.52 1239 17.52 1164 16.51 1088 15.55 1016 14.54 941
19.49 1312 18.50 1238 17.50 1163 16.50 1087 15.54 1015 14.53 940
19.47 1311 18.49 1237 17.48 1161 16.48 1086 15.52 1014 14.52 939
19.45 1310 18.47 1236 17.47 1160 16.47 1085 15.50 1013 14.50 938
19.44 1309 18.45 1234 17.45 1159 16.46 1084 15.48 1011 14.49 937
19.43 1308 18.44 1233 17.43 1157 16.44 1083 15.47 1010 14.48 936
19.42 1307 18.42 1232 17.41 1156 16.43 1082 15.45 1009 14.46 935
19.40 1306 18.41 1231 17.40 1155 16.42 1081 15.44 1008 14.45 934
19.39 1305 18.40 1230 17.39 1154 16.40 1080 15.43 1007 14.43 933
19.38 1304 18.38 1229 17.38 1153 16.39 1079 15.41 1006 14.42 932
19.36 1303 18.37 1228 17.36 1152 16.37 1078 15.40 1005 14.41 931
19.35 1302 18.36 1227 17.35 1151 16.35 1076 15.39 1004 14.39 930
19.34 1301 18.35 1226 17.34 1150 16.34 1075 15.38 1003 14.38 929
19.33 1300 18.33 1225 17.32 1149 16.32 1074 15.36 1002 14.37 928
19.31 1299 18.31 1224 17.31 1148 16.31 1073 15.34 1001 14.36 927
19.30 1298 18.29 1222 17.29 1147 16.30 1072 15.32 999 14.34 926
19.28 1297 18.28 1221 17.28 1146 16.28 1071 15.31 998 14.33 925
19.27 1296 18.26 1220 17.27 1145 16.27 1070 15.29 997 14.31 924
14.30 923 13.33 851 12.34 778 11.37 706 10.36 632 9.40 562
14.29 922 13.32 850 12.33 777 11.35 705 10.34 631 9.38 561
14.27 921 13.30 849 12.32 776 11.34 704 10.33 630 9.37 560
14.26 920 13.29 848 12.31 775 11.33 703 10.32 629 9.35 559
14.25 919 13.28 847 12.29 774 11.31 702 10.30 628 9.34 558
14.23 918 13.26 846 12.27 773 11.29 701 10.29 627 9.33 557
14.22 917 13.25 845 12.26 772 11.27 699 10.27 626 9.31 556
14.21 916 13.23 844 12.25 771 11.26 698 10.26 625 9.30 555
14.20 915 13.21 842 12.24 770 11.24 697 10.25 624 9.29 554
14.18 914 13.19 841 12.22 769 11.23 696 10.23 623 9.27 553
14.16 913 13.18 840 12.21 768 11.22 695 10.22 622 9.26 552
14.15 912 13.17 839 12.20 767 11.20 694 10.21 621 9.24 551
14.14 911 13.16 838 12.18 766 11.19 693 10.19 620 9.23 550
14.13 910 13.14 837 12.17 765 11.18 692 10.18 619 9.22 549
14.11 909 13.13 836 12.15 764 11.16 691 10.16 618 9.20 548
14.10 908 13.12 835 12.14 763 11.15 690 10.15 617 9.19 547
14.09 907 13.10 834 12.13 762 11.13 689 10.14 616 9.18 546
14.07 906 13.09 833 12.11 761 11.12 688 10.12 615 9.16 545
14.06 905 13.07 832 12.10 760 11.11 687 10.11 614 9.15 544
14.04 904 13.06 831 12.09 759 11.09 686 10.10 613 9.13 543
14.03 903 13.05 830 12.07 758 11.08 685 10.08 612 9.12 542
14.02 902 13.03 829 12.06 757 11.07 684 10.07 611 9.11 541
14.00 901 13.02 828 12.05 756 11.05 683 10.05 610 9.09 540
13.99 900 13.01 827 12.03 755 11.04 682 10.04 609 9.08 539
13.98 899 12.99 826 12.02 754 11.02 681 10.03 608 9.07 538
13.96 898 12.98 825 12.00 753 11.00 679 10.01 607 9.05 537
13.95 897 12.96 824 11.99 752 10.98 678 10.00 606 9.04 536
13.94 896 12.94 822 11.98 751 10.97 677 9.99 605 9.02 535
13.93 895 12.92 821 11.96 750 10.96 676 9.97 604 9.01 534
13.91 894 12.91 820 11.95 749 10.94 675 9.96 603 9.00 533
13.89 893 12.90 819 11.94 748 10.93 674 9.94 602 8.98 532
13.88 892 12.89 818 11.93 747 10.91 673 9.93 601 8.97 531
13.87 891 12.87 817 11.91 746 10.89 671 9.92 600 8.96 530
13.86 890 12.86 816 11.89 745 10.87 670 9.90 599 8.94 529
13.84 889 12.85 815 11.88 744 10.86 669 9.89 598 8.92 528
13.83 888 12.83 814 11.87 743 10.85 668 9.88 597 8.91 527
13.82 887 12.82 813 11.86 742 10.84 667 9.86 596 8.90 526
13.80 886 12.80 812 11.84 741 10.82 666 9.85 595 8.89 525
13.79 885 12.79 811 11.83 740 10.80 665 9.83 594 8.87 524
13.77 884 12.78 810 11.82 739 10.78 663 9.82 593 8.86 523
13.75 882 12.76 809 11.80 738 10.76 662 9.81 592 8.85 522
13.73 881 12.75 808 11.79 737 10.75 661 9.79 591 8.83 521
13.72 880 12.74 807 11.78 736 10.74 660 9.78 590 8.81 520
13.71 879 12.72 806 11.76 735 10.73 659 9.77 589 8.79 518
13.70 878 12.71 805 11.75 734 10.71 658 9.75 588 8.77 517
13.68 877 12.69 804 11.73 733 10.70 657 9.74 587 8.76 516
13.67 876 12.67 802 11.72 732 10.69 656 9.72 586 8.75 515
13.66 875 12.65 801 11.71 731 10.67 655 9.71 585 8.74 514
13.64 874 12.64 800 11.69 730 10.65 654 9.70 584 8.72 513
13.63 873 12.63 799 11.68 729 10.64 653 9.68 583 8.70 512
13.61 872 12.62 798 11.67 728 10.63 652 9.67 582 8.68 510
13.60 871 12.60 797 11.65 727 10.62 651 9.66 581 8.66 509
13.59 870 12.59 796 11.64 726 10.60 650 9.64 580 8.65 508
13.57 869 12.58 795 11.62 725 10.59 649 9.63 579 8.64 507
13.56 868 12.56 794 11.61 724 10.58 648 9.62 578 8.62 506
13.55 867 12.55 793 11.60 723 10.56 647 9.60 577 8.61 505
13.53 866 12.53 792 11.58 722 10.55 646 9.59 576 8.59 504
13.52 865 12.52 791 11.57 721 10.53 645 9.57 575 8.57 502
13.50 864 12.51 790 11.56 720 10.52 644 9.56 574 8.55 501
13.48 862 12.49 789 11.55 719 10.51 643 9.55 573 8.54 500
13.46 861 12.48 788 11.53 718 10.49 642 9.53 572 8.53 499
13.45 860 12.47 787 11.51 717 10.48 641 9.52 571 8.51 498
13.44 859 12.45 786 11.49 715 10.47 640 9.51 570 8.50 497
13.43 858 12.44 785 11.47 714 10.45 639 9.49 569 8.48 496
13.41 857 12.42 784 11.46 713 10.44 638 9.48 568 8.47 495
13.40 856 12.41 783 11.45 712 10.43 637 9.46 567 8.46 494
13.39 855 12.40 782 11.44 711 10.41 636 9.45 566 8.44 493
13.37 854 12.38 781 11.42 710 10.40 635 9.44 565 8.43 492
13.36 853 12.37 780 11.40 709 10.38 634 9.42 564 8.42 491
13.34 852 12.36 779 11.38 707 10.37 633 9.41 563 8.40 490
8.39 489 7.36 415 6.32 341 5.29 268 4.24 195 3.17 122
8.37 488 7.35 414 6.31 340 5.27 267 4.22 194 3.15 121
8.36 487 7.33 413 6.29 339 5.26 266 4.21 193 3.14 120
8.35 486 7.32 412 6.28 338 5.24 265 4.20 192 3.13 119
8.33 485 7.30 411 6.27 337 5.23 264 4.18 191 3.11 118
8.32 484 7.29 410 6.25 336 5.21 263 4.16 190 3.09 117
8.31 483 7.28 409 6.24 335 5.20 262 4.15 189 3.08 116
8.29 482 7.26 408 6.22 334 5.19 261 4.14 188 3.07 115
8.27 481 7.24 407 6.21 333 5.17 260 4.12 187 3.05 114
8.25 479 7.22 405 6.20 332 5.16 259 4.11 186 3.03 113
8.23 478 7.20 404 6.18 331 5.14 258 4.10 185 3.01 111
8.22 477 7.19 403 6.16 330 5.13 257 4.08 184 2.99 110
8.21 476 7.18 402 6.15 329 5.12 256 4.06 183 2.97 109
8.20 475 7.16 401 6.14 328 5.10 255 4.05 182 2.95 107
8.18 474 7.15 400 6.12 327 5.08 254 4.04 181 2.93 106
8.16 473 7.13 399 6.11 326 5.06 252 4.02 180 2.92 105
8.14 471 7.12 398 6.10 325 5.04 251 4.00 179 2.91 104
8.12 470 7.11 397 6.08 324 5.03 250 3.99 178 2.89 103
8.11 469 7.09 396 6.06 323 5.02 249 3.98 177 2.87 102
8.10 468 7.08 395 6.05 322 5.00 248 3.96 176 2.86 101
8.08 467 7.07 394 6.04 321 4.98 247 3.95 175 2.84 100
8.07 466 7.05 393 6.02 320 4.97 246 3.94 174 2.83 99
8.05 465 7.03 392 6.01 319 4.96 245 3.92 173 2.81 98
8.04 464 7.02 391 6.00 318 4.94 244 3.90 172 2.80 97
8.03 463 7.01 390 5.98 317 4.93 243 3.89 171 2.78 96
8.01 462 6.99 389 5.97 316 4.92 242 3.88 170 2.77 95
8.00 461 6.98 388 5.95 315 4.90 241 3.86 169 2.76 94
7.99 460 6.97 387 5.94 314 4.89 240 3.84 168 2.74 93
7.97 459 6.95 386 5.93 313 4.87 239 3.82 166 2.72 92
7.96 458 6.94 385 5.91 312 4.86 238 3.80 165 2.70 91
7.94 457 6.92 384 5.89 311 4.84 237 3.78 164 2.68 89
7.93 456 6.90 382 5.87 309 4.83 236 3.76 162 2.66 88
7.92 455 6.88 381 5.85 308 4.81 235 3.74 161 2.65 87
7.90 454 6.87 380 5.84 307 4.80 234 3.73 160 2.64 86
7.89 453 6.86 379 5.83 306 4.79 233 3.72 159 2.62 85
7.88 452 6.84 378 5.81 305 4.77 232 3.70 158 2.60 84
7.86 451 6.83 377 5.80 304 4.76 231 3.68 157 2.59 83
7.84 450 6.81 376 5.78 303 4.75 230 3.67 156 2.57 82
7.83 449 6.80 375 5.77 302 4.73 229 3.66 155 2.56 81
7.82 448 6.79 374 5.76 301 4.71 228 3.64 154 2.54 80
7.80 447 6.77 373 5.74 300 4.70 227 3.62 153 2.53 79
7.79 446 6.75 372 5.73 299 4.69 226 3.60 151 2.51 78
7.78 445 6.73 370 5.72 298 4.67 225 3.58 150 2.49 77
7.76 444 6.71 369 5.70 297 4.65 224 3.57 149 2.47 75
7.75 443 6.70 368 5.68 296 4.63 222 3.56 148 2.45 74
7.73 442 6.69 367 5.67 295 4.61 221 3.54 147 2.43 73
7.71 440 6.67 366 5.66 294 4.59 220 3.52 146 2.42 72
7.69 439 6.66 365 5.64 293 4.57 218 3.51 145 2.41 71
7.68 438 6.65 364 5.62 292 4.55 217 3.50 144 2.39 70
7.67 437 6.63 363 5.60 290 4.54 216 3.48 143 2.38 69
7.65 436 6.62 362 5.58 289 4.53 215 3.46 142 2.36 68
7.64 435 6.60 361 5.57 288 4.51 214 3.45 141 2.34 67
7.62 434 6.59 360 5.56 287 4.50 213 3.44 140 2.33 66
7.61 433 6.58 359 5.54 286 4.49 212 3.42 139 2.32 65
7.60 432 6.56 358 5.53 285 4.47 211 3.41 138 2.30 64
7.58 431 6.54 357 5.51 284 4.45 210 3.39 137 2.28 63
7.56 430 6.52 355 5.50 283 4.44 209 3.38 136 2.27 62
7.54 428 6.50 354 5.49 282 4.43 208 3.36 135 2.26 61
7.52 427 6.49 353 5.47 281 4.41 207 3.35 134 2.24 60
7.51 426 6.48 352 5.46 280 4.40 206 3.33 133 2.22 59
7.50 425 6.46 351 5.45 279 4.38 205 3.32 132 2.21 58
7.48 424 6.45 350 5.43 278 4.37 204 3.30 131 2.19 57
7.47 423 6.43 349 5.41 277 4.35 203 3.29 130 2.18 56
7.46 422 6.42 348 5.40 276 4.34 202 3.27 129 2.16 55
7.44 421 6.41 347 5.39 275 4.32 201 3.26 128 2.15 54
7.43 420 6.39 346 5.37 274 4.31 200 3.24 127 2.13 53
7.41 419 6.38 345 5.35 273 4.30 199 3.23 126 2.11 52
7.40 418 6.37 344 5.33 271 4.28 198 3.21 125 2.10 51
7.39 417 6.35 343 5.31 270 4.27 197 3.20 124 2.09 50
7.37 416 6.33 342 5.30 269 4.25 196 3.19 123 2.07 49
2.06 48 1.91 39 1.78 30 1.64 22 1.52 14 1.38 6
2.04 47 1.89 38 1.76 29 1.63 21 1.50 13 1.36 5
2.02 46 1.87 36 1.74 28 1.62 20 1.48 12 1.35 4
2.00 45 1.85 35 1.73 27 1.60 19 1.46 11 1.33 3
1.98 43 1.84 34 1.71 26 1.58 18 1.45 10 1.31 2
1.96 42 1.82 33 1.69 25 1.57 17 1.43 9 1.30 1
1.95 41 1.80 32 1.68 24 1.55 16 1.41 8
1.93 40 1.79 31 1.66 23 1.53 15 1.40 7
