18.50 1368 17.57 1291 16.62 1213 15.69 1136 14.70 1055 13.72 975
18.49 1367 17.56 1290 16.60 1211 15.67 1135 14.69 1054 13.71 974
18.48 1366 17.54 1289 16.59 1210 15.65 1133 14.68 1053 13.70 973
18.46 1365 17.53 1288 16.58 1209 15.64 1132 14.66 1052 13.68 972
18.45 1364 17.52 1287 16.56 1208 15.63 1131 14.64 1050 13.66 970
18.44 1363 17.51 1286 16.55 1207 15.61 1130 14.62 1049 13.65 969
18.43 1362 17.50 1285 16.54 1206 15.59 1128 14.60 1047 13.64 968
18.41 1361 17.49 1284 16.53 1205 15.58 1127 14.59 1046 13.62 967
18.39 1359 17.47 1283 16.52 1204 15.57 1126 14.58 1045 13.61 966
18.38 1358 17.45 1281 16.50 1203 15.56 1125 14.56 1044 13.60 965
18.37 1357 17.43 1280 16.49 1202 15.54 1124 14.54 1042 13.59 964
18.35 1356 17.41 1278 16.48 1201 15.53 1123 14.53 1041 13.58 963
18.33 1354 17.40 1277 16.47 1200 15.52 1122 14.52 1040 13.56 962
18.32 1353 17.39 1276 16.45 1199 15.50 1121 14.51 1039 13.55 961
18.31 1352 17.38 1275 16.43 1197 15.48 1119 14.49 1038 13.54 960
18.30 1351 17.37 1274 16.42 1196 15.47 1118 14.48 1037 13.53 959
18.28 1350 17.35 1273 16.41 1195 15.46 1117 14.47 1036 13.51 958
18.27 1349 17.34 1272 16.39 1194 15.44 1116 14.46 1035 13.50 957
18.26 1348 17.33 1271 16.38 1193 15.42 1114 14.45 1034 13.49 956
18.25 1347 17.32 1270 16.37 1192 15.41 1113 14.43 1033 13.47 955
18.24 1346 17.30 1269 16.36 1191 15.40 1112 14.42 1032 13.45 953
18.22 1345 17.28 1267 16.35 1190 15.38 1111 14.41 1031 13.44 952
18.21 1344 17.26 1266 16.33 1189 15.37 1110 14.39 1030 13.43 951
18.20 1343 17.24 1264 16.32 1188 15.36 1109 14.37 1028 13.41 950
18.18 1342 17.23 1263 16.31 1187 15.35 1108 14.36 1027 13.39 948
18.16 1340 17.22 1262 16.30 1186 15.33 1107 14.35 1026 13.38 947
18.15 1339 17.21 1261 16.28 1185 15.31 1105 14.33 1025 13.37 946
18.14 1338 17.20 1260 16.26 1183 15.30 1104 14.32 1024 13.35 945
18.13 1337 17.18 1259 16.25 1182 15.29 1103 14.31 1023 13.34 944
18.11 1336 17.17 1258 16.24 1181 15.27 1102 14.30 1022 13.33 943
18.09 1334 17.16 1257 16.22 1180 15.25 1100 14.29 1021 13.32 942
18.08 1333 17.15 1256 16.21 1179 15.23 1099 14.27 1020 13.30 941
18.07 1332 17.13 1255 16.20 1178 15.21 1097 14.26 1019 13.29 940
18.05 1331 17.11 1253 16.19 1177 15.20 1096 14.25 1018 13.28 939
18.04 1330 17.09 1252 16.18 1176 15.19 1095 14.24 1017 13.27 938
18.03 1329 17.07 1250 16.16 1175 15.18 1094 14.22 1016 13.26 937
18.02 1328 17.06 1249 16.15 1174 15.17 1093 14.20 1014 13.24 936
18.01 1327 17.05 1248 16.14 1173 15.15 1092 14.18 1013 13.23 935
17.99 1326 17.04 1247 16.13 1172 15.14 1091 14.16 1011 13.22 934
17.98 1325 17.03 1246 16.11 1171 15.13 1090 14.15 1010 13.20 933
17.97 1324 17.01 1245 16.10 1170 15.12 1089 14.14 1009 13.18 931
17.96 1323 17.00 1244 16.09 1169 15.10 1088 14.12 1008 13.17 930
17.94 1322 16.99 1243 16.08 1168 15.08 1086 14.10 1006 13.16 929
17.92 1320 16.98 1242 16.07 1167 15.06 1085 14.09 1005 13.14 928
17.91 1319 16.96 1241 16.05 1166 15.04 1083 14.08 1004 13.12 926
17.90 1318 16.94 1239 16.03 1164 15.03 1082 14.07 1003 13.11 925
17.88 1317 16.93 1238 16.01 1163 15.02 1081 14.05 1002 13.10 924
17.87 1316 16.92 1237 15.99 1161 15.00 1080 14.04 1001 13.08 923
17.86 1315 16.90 1236 15.98 1160 14.98 1078 14.03 1000 13.07 922
17.85 1314 16.89 1235 15.97 1159 14.97 1077 14.02 999 13.06 921
17.84 1313 16.88 1234 15.96 1158 14.96 1076 14.01 998 13.05 920
17.83 1312 16.87 1233 15.94 1157 14.95 1075 13.99 997 13.03 919
17.81 1311 16.86 1232 15.93 1156 14.93 1074 13.98 996 13.02 918
17.80 1310 16.84 1231 15.92 1155 14.92 1073 13.97 995 13.01 917
17.79 1309 16.83 1230 15.91 1154 14.91 1072 13.95 994 13.00 916
17.77 1308 16.82 1229 15.90 1153 14.90 1071 13.93 992 12.99 915
17.75 1306 16.81 1228 15.88 1152 14.89 1070 13.91 991 12.97 914
17.74 1305 16.79 1227 15.86 1150 14.87 1069 13.89 989 12.96 913
17.73 1304 16.77 1225 15.84 1149 14.86 1068 13.88 988 12.95 912
17.71 1303 16.76 1224 15.82 1147 14.85 1067 13.87 987 12.93 911
17.70 1302 16.75 1223 15.81 1146 14.83 1066 13.86 986 12.91 909
17.69 1301 16.73 1222 15.80 1145 14.81 1064 13.85 985 12.90 908
17.68 1300 16.72 1221 15.79 1144 14.80 1063 13.83 984 12.89 907
17.67 1299 16.71 1220 15.77 1143 14.79 1062 13.82 983 12.87 906
17.66 1298 16.70 1219 15.76 1142 14.77 1061 13.81 982 12.86 905
17.64 1297 16.69 1218 15.75 1141 14.76 1060 13.80 981 12.85 904
17.63 1296 16.67 1217 15.74 1140 14.75 1059 13.78 980 12.83 903
17.62 1295 16.66 1216 15.73 1139 14.74 1058 13.77 979 12.81 901
17.60 1294 16.65 1215 15.71 1138 14.73 1057 13.76 978 12.80 900
17.58 1292 16.64 1214 15.70 1137 14.71 1056 13.74 977 12.79 899
12.77 898 11.82 821 10.85 742 9.92 668 8.92 588 8.00 515
12.76 897 11.80 819 10.83 741 9.90 666 8.91 587 7.99 514
12.75 896 11.79 818 10.82 740 9.89 665 8.90 586 7.98 513
12.74 895 11.78 817 10.81 739 9.88 664 8.88 585 7.96 512
12.73 894 11.76 816 10.80 738 9.86 663 8.87 584 7.94 510
12.71 893 11.75 815 10.79 737 9.85 662 8.86 583 7.92 509
12.70 892 11.74 814 10.77 736 9.84 661 8.85 582 7.90 507
12.69 891 11.73 813 10.76 735 9.82 660 8.84 581 7.89 506
12.68 890 11.71 812 10.75 734 9.80 658 8.82 580 7.88 505
12.66 889 11.70 811 10.73 733 9.79 657 8.81 579 7.86 504
12.64 887 11.69 810 10.72 732 9.78 656 8.80 578 7.84 502
12.63 886 11.68 809 10.71 731 9.76 655 8.78 577 7.82 501
12.62 885 11.67 808 10.70 730 9.75 654 8.77 576 7.80 499
12.60 884 11.65 807 10.69 729 9.74 653 8.76 575 7.79 498
12.59 883 11.64 806 10.67 728 9.72 652 8.75 574 7.78 497
12.58 882 11.63 805 10.66 727 9.70 650 8.74 573 7.76 496
12.56 881 11.61 804 10.65 726 9.68 649 8.72 572 7.75 495
12.54 879 11.59 802 10.63 725 9.66 647 8.71 571 7.74 494
12.53 878 11.58 801 10.61 723 9.65 646 8.70 570 7.72 493
12.52 877 11.57 800 10.60 722 9.64 645 8.68 569 7.71 492
12.50 876 11.55 799 10.59 721 9.62 644 8.67 568 7.70 491
12.49 875 11.54 798 10.57 720 9.60 642 8.66 567 7.69 490
12.48 874 11.53 797 10.56 719 9.58 641 8.65 566 7.68 489
12.47 873 11.51 796 10.55 718 9.56 639 8.63 565 7.66 488
12.46 872 11.49 794 10.53 717 9.55 638 8.62 564 7.65 487
12.44 871 11.48 793 10.51 715 9.54 637 8.61 563 7.64 486
12.43 870 11.47 792 10.50 714 9.52 636 8.60 562 7.62 485
12.42 869 11.45 791 10.49 713 9.51 635 8.58 561 7.61 484
12.41 868 11.44 790 10.47 712 9.50 634 8.57 560 7.60 483
12.39 867 11.43 789 10.46 711 9.48 633 8.56 559 7.59 482
12.38 866 11.41 788 10.45 710 9.46 631 8.54 558 7.57 481
12.37 865 11.39 786 10.43 709 9.45 630 8.53 557 7.56 480
12.36 864 11.38 785 10.41 707 9.44 629 8.52 556 7.55 479
12.35 863 11.37 784 10.40 706 9.42 628 8.51 555 7.53 478
12.33 862 11.35 783 10.39 705 9.41 627 8.50 554 7.52 477
12.32 861 11.34 782 10.37 704 9.40 626 8.48 553 7.51 476
12.31 860 11.33 781 10.36 703 9.38 625 8.47 552 7.50 475
12.29 859 11.32 780 10.35 702 9.36 623 8.46 551 7.48 474
12.27 857 11.31 779 10.33 701 9.35 622 8.44 550 7.47 473
12.26 856 11.29 778 10.31 699 9.34 621 8.43 549 7.46 472
12.25 855 11.28 777 10.30 698 9.32 620 8.42 548 7.45 471
12.23 854 11.27 776 10.29 697 9.31 619 8.41 547 7.43 470
12.22 853 11.26 775 10.27 696 9.30 618 8.40 546 7.42 469
12.21 852 11.24 774 10.26 695 9.28 617 8.38 545 7.41 468
12.19 851 11.23 773 10.25 694 9.26 615 8.37 544 7.39 467
12.17 849 11.22 772 10.24 693 9.25 614 8.36 543 7.38 466
12.16 848 11.21 771 10.22 692 9.24 613 8.34 542 7.37 465
12.15 847 11.20 770 10.21 691 9.22 612 8.33 541 7.35 464
12.13 846 11.18 769 10.20 690 9.21 611 8.32 540 7.33 462
12.12 845 11.17 768 10.19 689 9.20 610 8.30 539 7.31 461
12.11 844 11.16 767 10.17 688 9.18 609 8.28 537 7.29 459
12.10 843 11.14 766 10.16 687 9.16 607 8.27 536 7.28 458
12.09 842 11.12 764 10.15 686 9.15 606 8.26 535 7.27 457
12.07 841 11.10 763 10.14 685 9.14 605 8.24 534 7.25 456
12.06 840 11.08 761 10.12 684 9.12 604 8.23 533 7.23 454
12.05 839 11.07 760 10.11 683 9.11 603 8.22 532 7.21 453
12.04 838 11.06 759 10.10 682 9.10 602 8.20 531 7.19 451
12.02 837 11.04 758 10.09 681 9.08 601 8.19 530 7.18 450
12.01 836 11.02 756 10.08 680 9.07 600 8.18 529 7.17 449
12.00 835 11.00 755 10.06 679 9.06 599 8.16 528 7.15 448
11.98 834 10.98 753 10.05 678 9.05 598 8.14 526 7.14 447
11.96 832 10.97 752 10.04 677 9.04 597 8.13 525 7.13 446
11.95 831 10.96 751 10.02 676 9.02 596 8.12 524 7.11 445
11.94 830 10.94 750 10.01 675 9.01 595 8.10 523 7.10 444
11.92 829 10.92 748 10.00 674 9.00 594 8.09 522 7.09 443
11.90 827 10.91 747 9.99 673 8.98 593 8.08 521 7.08 442
11.88 826 10.90 746 9.98 672 8.97 592 8.06 520 7.07 441
11.86 824 10.88 745 9.96 671 8.96 591 8.04 518 7.05 440
11.85 823 10.87 744 9.95 670 8.95 590 8.03 517 7.04 439
11.84 822 10.86 743 9.94 669 8.94 589 8.02 516 7.03 438
7.01 437 6.04 361 5.07 286 4.16 216 3.20 144 2.21 72
7.00 436 6.03 360 5.06 285 4.14 215 3.19 143 2.20 71
6.99 435 6.02 359 5.05 284 4.13 214 3.17 142 2.19 70
6.98 434 6.00 358 5.03 283 4.12 213 3.15 141 2.17 69
6.96 433 5.99 357 5.02 282 4.10 212 3.13 139 2.16 68
6.95 432 5.98 356 5.01 281 4.09 211 3.12 138 2.14 67
6.94 431 5.96 355 4.99 280 4.07 210 3.10 137 2.12 65
6.92 430 5.95 354 4.98 279 4.05 208 3.09 136 2.10 64
6.91 429 5.94 353 4.97 278 4.03 207 3.08 135 2.09 63
6.90 428 5.93 352 4.95 277 4.01 205 3.06 134 2.07 62
6.88 427 5.91 351 4.94 276 4.00 204 3.05 133 2.05 60
6.87 426 5.90 350 4.93 275 3.98 203 3.04 132 2.04 59
6.86 425 5.89 349 4.91 274 3.97 202 3.02 131 2.02 58
6.84 424 5.87 348 4.90 273 3.96 201 3.01 130 2.00 57
6.82 422 5.86 347 4.89 272 3.94 200 2.99 129 1.98 55
6.81 421 5.85 346 4.88 271 3.93 199 2.98 128 1.97 54
6.80 420 5.83 345 4.86 270 3.92 198 2.97 127 1.95 53
6.78 419 5.81 343 4.85 269 3.90 197 2.95 126 1.93 52
6.77 418 5.79 342 4.84 268 3.89 196 2.94 125 1.92 51
6.76 417 5.77 340 4.82 267 3.88 195 2.93 124 1.91 50
6.74 416 5.76 339 4.81 266 3.86 194 2.92 123 1.90 49
6.72 414 5.75 338 4.80 265 3.85 193 2.90 122 1.88 48
6.71 413 5.73 337 4.78 264 3.84 192 2.88 121 1.87 47
6.70 412 5.72 336 4.77 263 3.83 191 2.86 119 1.85 46
6.68 411 5.71 335 4.76 262 3.81 190 2.85 118 1.83 45
6.67 410 5.69 334 4.74 261 3.80 189 2.83 117 1.81 43
6.66 409 5.68 333 4.73 260 3.79 188 2.82 116 1.80 42
6.64 408 5.67 332 4.72 259 3.77 187 2.81 115 1.78 41
6.63 407 5.66 331 4.71 258 3.76 186 2.79 114 1.76 40
6.62 406 5.64 330 4.69 257 3.75 185 2.78 113 1.75 39
6.60 405 5.62 329 4.68 256 3.73 184 2.77 112 1.73 38
6.59 404 5.60 327 4.67 255 3.72 183 2.75 111 1.71 36
6.58 403 5.59 326 4.65 254 3.70 182 2.74 110 1.70 35
6.57 402 5.58 325 4.64 253 3.69 181 2.72 109 1.68 34
6.55 401 5.56 324 4.63 252 3.68 180 2.71 108 1.66 33
6.54 400 5.55 323 4.61 251 3.66 179 2.70 107 1.65 32
6.53 399 5.54 322 4.60 250 3.65 178 2.68 106 1.63 31
6.51 398 5.52 321 4.59 249 3.64 177 2.67 105 1.61 29
6.50 397 5.51 320 4.57 248 3.63 176 2.66 104 1.60 28
6.49 396 5.50 319 4.56 247 3.61 175 2.64 103 1.58 27
6.47 395 5.49 318 4.55 246 3.60 174 2.63 102 1.56 26
6.45 393 5.47 317 4.54 245 3.59 173 2.61 101 1.55 25
6.43 392 5.46 316 4.52 244 3.57 172 2.60 100 1.53 24
6.41 390 5.45 315 4.51 243 3.56 171 2.59 99 1.52 23
6.40 389 5.43 314 4.50 242 3.55 170 2.58 98 1.50 22
6.39 388 5.42 313 4.48 241 3.53 169 2.56 97 1.49 21
6.37 387 5.41 312 4.47 240 3.52 168 2.54 96 1.48 20
6.36 386 5.39 311 4.46 239 3.51 167 2.52 94 1.46 19
6.35 385 5.37 309 4.44 238 3.49 166 2.51 93 1.45 18
6.33 384 5.35 308 4.43 237 3.48 165 2.49 92 1.43 17
6.31 382 5.33 306 4.42 236 3.46 164 2.48 91 1.42 16
6.30 381 5.32 305 4.40 235 3.44 162 2.47 90 1.40 15
6.29 380 5.31 304 4.39 234 3.42 161 2.45 89 1.39 14
6.27 379 5.29 303 4.38 233 3.41 160 2.44 88 1.37 13
6.26 378 5.28 302 4.37 232 3.40 159 2.42 87 1.36 12
6.25 377 5.27 301 4.35 231 3.39 158 2.41 86 1.34 11
6.23 376 5.25 300 4.34 230 3.37 157 2.40 85 1.32 10
6.22 375 5.24 299 4.33 229 3.36 156 2.38 84 1.31 9
6.21 374 5.23 298 4.31 228 3.35 155 2.37 83 1.29 8
6.20 373 5.22 297 4.30 227 3.33 154 2.35 82 1.28 7
6.18 372 5.20 296 4.29 226 3.32 153 2.34 81 1.26 6
6.17 371 5.18 295 4.27 225 3.31 152 2.33 80 1.25 5
6.16 370 5.16 293 4.26 224 3.29 151 2.31 79 1.23 4
6.14 369 5.15 292 4.25 223 3.28 150 2.30 78 1.22 3
6.13 368 5.14 291 4.24 222 3.26 149 2.28 77 1.20 2
6.12 367 5.12 290 4.22 221 3.25 148 2.27 76 1.19 1
6.10 366 5.11 289 4.20 220 3.24 147 2.26 75
6.08 364 5.10 288 4.18 218 3.22 146 2.24 74
6.06 363 5.08 287 4.17 217 3.21 145 2.23 73
