20.29 1369 19.28 1293 18.28 1218 17.29 1143 16.28 1068 15.29 994
20.27 1368 19.27 1292 18.27 1217 17.27 1142 16.27 1067 15.28 993
20.26 1367 19.26 1291 18.26 1216 17.26 1141 16.25 1066 15.26 992
20.25 1366 19.24 1290 18.24 1215 17.24 1140 16.23 1064 15.25 991
20.23 1365 19.22 1289 18.23 1214 17.22 1138 16.22 1063 15.24 990
20.22 1364 19.21 1288 18.22 1213 17.20 1137 16.20 1062 15.22 989
20.20 1363 19.20 1287 18.21 1212 17.19 1136 16.19 1061 15.21 988
20.18 1361 19.19 1286 18.19 1211 17.18 1135 16.18 1060 15.20 987
20.17 1360 19.17 1285 18.17 1210 17.17 1134 16.16 1059 15.19 986
20.15 1359 19.16 1284 18.15 1208 17.15 1133 16.15 1058 15.17 985
20.13 1357 19.15 1283 18.14 1207 17.14 1132 16.14 1057 15.15 984
20.11 1356 19.14 1282 18.12 1206 17.13 1131 16.12 1056 15.13 982
20.10 1355 19.12 1281 18.10 1204 17.11 1130 16.11 1055 15.12 981
20.09 1354 19.10 1280 18.08 1203 17.10 1129 16.09 1054 15.10 980
20.08 1353 19.08 1278 18.07 1202 17.08 1128 16.07 1052 15.09 979
20.06 1352 19.07 1277 18.06 1201 17.07 1127 16.06 1051 15.08 978
20.05 1351 19.05 1276 18.05 1200 17.06 1126 16.04 1050 15.06 977
20.04 1350 19.03 1274 18.03 1199 17.05 1125 16.03 1049 15.05 976
20.02 1349 19.01 1273 18.02 1198 17.03 1124 16.02 1048 15.04 975
20.01 1348 19.00 1272 18.01 1197 17.02 1123 16.00 1047 15.02 974
19.99 1347 18.99 1271 17.99 1196 17.01 1122 15.99 1046 15.01 973
19.98 1346 18.98 1270 17.98 1195 16.99 1121 15.98 1045 14.99 972
19.97 1345 18.96 1269 17.96 1194 16.98 1120 15.96 1044 14.97 970
19.96 1344 18.95 1268 17.95 1193 16.96 1119 15.95 1043 14.96 969
19.94 1343 18.94 1267 17.94 1192 16.95 1118 15.93 1042 14.94 968
19.93 1342 18.92 1266 17.93 1191 16.94 1117 15.92 1041 14.93 967
19.92 1341 18.91 1265 17.91 1190 16.92 1116 15.91 1040 14.92 966
19.90 1340 18.89 1264 17.90 1189 16.91 1115 15.90 1039 14.90 965
19.89 1339 18.87 1262 17.89 1188 16.90 1114 15.88 1038 14.89 964
19.87 1338 18.86 1261 17.87 1187 16.89 1113 15.87 1037 14.88 963
19.85 1336 18.84 1260 17.86 1186 16.87 1112 15.86 1036 14.86 962
19.84 1335 18.83 1259 17.84 1185 16.85 1111 15.84 1035 14.85 961
19.82 1334 18.82 1258 17.82 1183 16.83 1109 15.83 1034 14.83 960
19.81 1333 18.80 1257 17.80 1182 16.82 1108 15.81 1033 14.82 959
19.80 1332 18.79 1256 17.79 1181 16.80 1107 15.80 1032 14.81 958
19.78 1331 18.78 1255 17.78 1180 16.78 1105 15.79 1031 14.79 957
19.77 1330 18.77 1254 17.77 1179 16.76 1104 15.77 1030 14.78 956
19.76 1329 18.75 1253 17.75 1178 16.75 1103 15.76 1029 14.77 955
19.75 1328 18.73 1252 17.74 1177 16.74 1102 15.75 1028 14.76 954
19.73 1327 18.72 1251 17.73 1176 16.73 1101 15.74 1027 14.74 953
19.71 1326 18.71 1250 17.71 1175 16.71 1100 15.72 1026 14.72 952
19.69 1324 18.70 1249 17.70 1174 16.69 1099 15.70 1025 14.71 951
19.68 1323 18.68 1248 17.68 1173 16.67 1097 15.68 1023 14.70 950
19.66 1322 18.67 1247 17.66 1171 16.66 1096 15.67 1022 14.69 949
19.65 1321 18.66 1246 17.64 1170 16.64 1095 15.65 1021 14.67 948
19.64 1320 18.64 1245 17.63 1169 16.62 1093 15.64 1020 14.66 947
19.62 1319 18.63 1244 17.62 1168 16.60 1092 15.63 1019 14.65 946
19.61 1318 18.61 1243 17.61 1167 16.59 1091 15.61 1018 14.63 945
19.60 1317 18.59 1241 17.59 1166 16.58 1090 15.60 1017 14.62 944
19.59 1316 18.58 1240 17.58 1165 16.57 1089 15.59 1016 14.60 943
19.57 1315 18.56 1239 17.57 1164 16.55 1088 15.58 1015 14.58 941
19.56 1314 18.55 1238 17.55 1163 16.54 1087 15.56 1014 14.56 940
19.54 1313 18.54 1237 17.54 1162 16.53 1086 15.54 1013 14.55 939
19.52 1311 18.52 1236 17.52 1161 16.51 1085 15.52 1011 14.54 938
19.50 1310 18.51 1235 17.51 1160 16.50 1084 15.51 1010 14.53 937
19.49 1309 18.50 1234 17.50 1159 16.48 1083 15.49 1009 14.51 936
19.48 1308 18.49 1233 17.49 1158 16.47 1082 15.48 1008 14.49 935
19.47 1307 18.47 1232 17.47 1157 16.46 1081 15.47 1007 14.47 933
19.45 1306 18.45 1231 17.46 1156 16.44 1080 15.45 1006 14.46 932
19.44 1305 18.43 1229 17.45 1155 16.43 1079 15.44 1005 14.44 931
19.43 1304 18.42 1228 17.43 1154 16.42 1078 15.43 1004 14.43 930
19.41 1303 18.40 1227 17.42 1153 16.41 1077 15.42 1003 14.42 929
19.40 1302 18.39 1226 17.40 1152 16.39 1076 15.40 1002 14.40 928
19.38 1301 18.38 1225 17.38 1150 16.38 1075 15.38 1001 14.39 927
19.36 1299 18.36 1224 17.36 1149 16.36 1074 15.37 1000 14.38 926
19.35 1298 18.35 1223 17.35 1148 16.35 1073 15.36 999 14.37 925
19.33 1297 18.34 1222 17.34 1147 16.34 1072 15.35 998 14.35 924
19.32 1296 18.33 1221 17.33 1146 16.32 1071 15.33 997 14.33 923
19.31 1295 18.31 1220 17.31 1145 16.31 1070 15.32 996 14.31 921
19.29 1294 18.30 1219 17.30 1144 16.30 1069 15.31 995 14.30 920
14.28 919 13.26 843 12.25 769 11.30 699 10.26 623 9.20 546
14.27 918 13.24 842 12.24 768 11.29 698 10.25 622 9.18 545
14.26 917 13.23 841 12.23 767 11.27 697 10.23 621 9.17 544
14.24 916 13.22 840 12.21 766 11.26 696 10.21 620 9.16 543
14.23 915 13.20 839 12.20 765 11.25 695 10.19 618 9.14 542
14.22 914 13.19 838 12.19 764 11.23 694 10.17 617 9.13 541
14.20 913 13.18 837 12.17 763 11.22 693 10.16 616 9.12 540
14.19 912 13.16 836 12.16 762 11.20 692 10.15 615 9.10 539
14.17 911 13.15 835 12.14 761 11.19 691 10.14 614 9.09 538
14.15 909 13.13 834 12.13 760 11.18 690 10.12 613 9.07 537
14.13 908 13.12 833 12.12 759 11.16 689 10.10 612 9.06 536
14.12 907 13.11 832 12.10 758 11.15 688 10.08 610 9.05 535
14.11 906 13.09 831 12.09 757 11.14 687 10.06 609 9.03 534
14.10 905 13.08 830 12.08 756 11.12 686 10.05 608 9.02 533
14.08 904 13.07 829 12.06 755 11.11 685 10.04 607 9.01 532
14.06 903 13.06 828 12.05 754 11.09 684 10.03 606 8.99 531
14.04 901 13.04 827 12.03 753 11.08 683 10.01 605 8.98 530
14.03 900 13.02 826 12.02 752 11.07 682 9.99 604 8.96 529
14.01 899 13.01 825 12.01 751 11.05 681 9.97 602 8.95 528
14.00 898 13.00 824 11.99 750 11.04 680 9.95 601 8.94 527
13.99 897 12.99 823 11.98 749 11.03 679 9.94 600 8.92 526
13.97 896 12.97 822 11.97 748 11.01 678 9.93 599 8.91 525
13.96 895 12.96 821 11.96 747 11.00 677 9.92 598 8.90 524
13.95 894 12.95 820 11.94 746 10.98 676 9.90 597 8.88 523
13.93 893 12.93 819 11.92 745 10.97 675 9.88 596 8.87 522
13.92 892 12.92 818 11.91 744 10.96 674 9.86 594 8.85 521
13.90 891 12.90 817 11.90 743 10.94 673 9.84 593 8.84 520
13.89 890 12.89 816 11.89 742 10.93 672 9.83 592 8.83 519
13.88 889 12.88 815 11.87 741 10.92 671 9.82 591 8.81 518
13.87 888 12.86 814 11.86 740 10.90 670 9.81 590 8.79 517
13.85 887 12.85 813 11.85 739 10.89 669 9.79 589 8.77 515
13.84 886 12.84 812 11.83 738 10.87 668 9.77 588 8.76 514
13.83 885 12.82 811 11.82 737 10.85 666 9.75 586 8.74 513
13.81 884 12.81 810 11.81 736 10.83 665 9.73 585 8.73 512
13.80 883 12.79 809 11.79 735 10.82 664 9.72 584 8.72 511
13.78 882 12.77 807 11.78 734 10.81 663 9.71 583 8.70 510
13.77 881 12.75 806 11.76 733 10.79 662 9.70 582 8.68 509
13.76 880 12.74 805 11.75 732 10.78 661 9.68 581 8.66 507
13.74 879 12.73 804 11.74 731 10.76 660 9.66 580 8.64 506
13.73 878 12.72 803 11.72 730 10.74 658 9.64 578 8.63 505
13.72 877 12.70 802 11.71 729 10.72 657 9.62 577 8.62 504
13.70 876 12.68 801 11.70 728 10.71 656 9.61 576 8.61 503
13.69 875 12.66 799 11.68 727 10.70 655 9.60 575 8.59 502
13.67 874 12.65 798 11.67 726 10.68 654 9.59 574 8.57 501
13.65 872 12.63 797 11.65 725 10.67 653 9.57 573 8.55 499
13.63 871 12.62 796 11.64 724 10.65 652 9.55 572 8.53 498
13.62 870 12.61 795 11.63 723 10.63 650 9.53 570 8.52 497
13.61 869 12.59 794 11.61 722 10.61 649 9.51 569 8.51 496
13.60 868 12.58 793 11.60 721 10.60 648 9.50 568 8.49 495
13.58 867 12.57 792 11.59 720 10.59 647 9.49 567 8.48 494
13.56 866 12.55 791 11.58 719 10.58 646 9.48 566 8.46 493
13.54 864 12.54 790 11.56 718 10.56 645 9.46 565 8.45 492
13.53 863 12.52 789 11.54 717 10.54 644 9.45 564 8.44 491
13.51 862 12.51 788 11.53 716 10.52 642 9.44 563 8.42 490
13.50 861 12.50 787 11.52 715 10.50 641 9.42 562 8.41 489
13.49 860 12.48 786 11.50 714 10.49 640 9.40 561 8.40 488
13.47 859 12.47 785 11.49 713 10.48 639 9.39 560 8.38 487
13.46 858 12.46 784 11.48 712 10.47 638 9.38 559 8.37 486
13.45 857 12.44 783 11.47 711 10.45 637 9.36 558 8.35 485
13.43 856 12.43 782 11.45 710 10.43 636 9.35 557 8.34 484
13.42 855 12.41 781 11.43 709 10.41 634 9.34 556 8.33 483
13.40 854 12.39 779 11.42 708 10.39 633 9.33 555 8.31 482
13.38 852 12.37 778 11.41 707 10.38 632 9.31 554 8.29 481
13.36 851 12.36 777 11.40 706 10.37 631 9.29 553 8.27 479
13.35 850 12.35 776 11.38 705 10.36 630 9.28 552 8.25 478
13.34 849 12.34 775 11.37 704 10.34 629 9.27 551 8.24 477
13.33 848 12.32 774 11.36 703 10.32 628 9.25 550 8.23 476
13.31 847 12.30 773 11.34 702 10.30 626 9.24 549 8.22 475
13.29 846 12.28 771 11.32 701 10.28 625 9.23 548 8.20 474
13.27 844 12.27 770 11.31 700 10.27 624 9.22 547 8.18 473
8.16 471 7.15 399 6.11 325 5.05 251 4.03 180 2.94 106
8.14 470 7.14 398 6.10 324 5.04 250 4.01 179 2.92 105
8.13 469 7.13 397 6.08 323 5.03 249 4.00 178 2.91 104
8.12 468 7.11 396 6.07 322 5.01 248 3.99 177 2.90 103
8.10 467 7.09 395 6.05 321 5.00 247 3.97 176 2.88 102
8.09 466 7.07 393 6.04 320 4.99 246 3.96 175 2.86 101
8.07 465 7.05 392 6.03 319 4.97 245 3.95 174 2.85 100
8.06 464 7.04 391 6.01 318 4.95 244 3.93 173 2.84 99
8.05 463 7.03 390 5.99 317 4.94 243 3.91 172 2.82 98
8.03 462 7.01 389 5.97 315 4.93 242 3.90 171 2.80 97
8.02 461 7.00 388 5.95 314 4.91 241 3.89 170 2.79 96
8.01 460 6.98 387 5.94 313 4.90 240 3.87 169 2.78 95
7.99 459 6.97 386 5.93 312 4.89 239 3.85 168 2.76 94
7.98 458 6.96 385 5.91 311 4.87 238 3.83 166 2.75 93
7.96 457 6.94 384 5.90 310 4.85 237 3.81 165 2.73 92
7.95 456 6.93 383 5.88 309 4.84 236 3.79 164 2.71 91
7.94 455 6.92 382 5.87 308 4.83 235 3.77 162 2.70 90
7.92 454 6.90 381 5.86 307 4.81 234 3.75 161 2.69 89
7.91 453 6.89 380 5.84 306 4.80 233 3.74 160 2.67 88
7.90 452 6.87 379 5.82 305 4.78 232 3.73 159 2.65 87
7.88 451 6.86 378 5.80 303 4.77 231 3.71 158 2.64 86
7.86 450 6.85 377 5.78 302 4.76 230 3.69 157 2.63 85
7.85 449 6.83 376 5.77 301 4.74 229 3.68 156 2.61 84
7.84 448 6.81 375 5.76 300 4.73 228 3.67 155 2.59 83
7.82 447 6.79 373 5.74 299 4.71 227 3.65 154 2.58 82
7.81 446 6.77 372 5.73 298 4.70 226 3.63 153 2.57 81
7.80 445 6.76 371 5.71 297 4.68 225 3.61 151 2.55 80
7.78 444 6.75 370 5.70 296 4.67 224 3.59 150 2.53 79
7.77 443 6.73 369 5.68 295 4.66 223 3.57 149 2.52 78
7.75 442 6.72 368 5.67 294 4.64 222 3.55 147 2.50 77
7.74 441 6.70 367 5.66 293 4.62 221 3.53 146 2.49 76
7.73 440 6.69 366 5.64 292 4.61 220 3.52 145 2.47 75
7.71 439 6.68 365 5.63 291 4.60 219 3.51 144 2.46 74
7.70 438 6.66 364 5.61 290 4.58 218 3.49 143 2.44 73
7.69 437 6.65 363 5.60 289 4.56 217 3.47 142 2.42 72
7.67 436 6.64 362 5.59 288 4.54 215 3.46 141 2.40 70
7.66 435 6.62 361 5.57 287 4.52 214 3.45 140 2.38 69
7.64 434 6.60 360 5.55 286 4.51 213 3.43 139 2.37 68
7.63 433 6.59 359 5.53 284 4.50 212 3.41 138 2.35 67
7.62 432 6.58 358 5.51 283 4.48 211 3.40 137 2.34 66
7.60 431 6.56 357 5.50 282 4.46 210 3.39 136 2.32 65
7.58 430 6.55 356 5.49 281 4.45 209 3.37 135 2.31 64
7.56 428 6.54 355 5.47 280 4.44 208 3.35 134 2.29 63
7.54 427 6.52 354 5.46 279 4.42 207 3.34 133 2.27 62
7.53 426 6.51 353 5.44 278 4.41 206 3.33 132 2.26 61
7.52 425 6.49 352 5.43 277 4.40 205 3.31 131 2.25 60
7.50 424 6.48 351 5.41 276 4.38 204 3.30 130 2.23 59
7.49 423 6.47 350 5.40 275 4.36 203 3.28 129 2.21 58
7.47 422 6.45 349 5.38 274 4.35 202 3.27 128 2.20 57
7.46 421 6.43 348 5.37 273 4.34 201 3.25 127 2.19 56
7.45 420 6.41 346 5.36 272 4.32 200 3.24 126 2.17 55
7.43 419 6.39 345 5.34 271 4.31 199 3.22 125 2.15 54
7.42 418 6.38 344 5.33 270 4.29 198 3.21 124 2.14 53
7.41 417 6.37 343 5.32 269 4.28 197 3.19 123 2.12 52
7.39 416 6.35 342 5.30 268 4.26 196 3.18 122 2.10 51
7.38 415 6.34 341 5.28 267 4.25 195 3.16 121 2.09 50
7.36 414 6.32 340 5.27 266 4.23 194 3.15 120 2.08 49
7.35 413 6.31 339 5.26 265 4.22 193 3.13 119 2.06 48
7.34 412 6.30 338 5.24 264 4.21 192 3.12 118 2.04 47
7.32 411 6.28 337 5.22 263 4.19 191 3.10 117 2.03 46
7.30 410 6.26 336 5.20 261 4.18 190 3.09 116 2.01 45
7.28 408 6.24 334 5.18 260 4.16 189 3.08 115 2.00 44
7.26 407 6.22 333 5.17 259 4.15 188 3.06 114 1.98 43
7.25 406 6.21 332 5.16 258 4.13 187 3.04 113 1.97 42
7.24 405 6.20 331 5.14 257 4.12 186 3.03 112 1.95 41
7.22 404 6.18 330 5.13 256 4.11 185 3.02 111 1.93 40
7.21 403 6.16 329 5.11 255 4.09 184 3.00 110 1.92 39
7.19 402 6.15 328 5.10 254 4.07 183 2.98 109 1.90 38
7.18 401 6.14 327 5.09 253 4.06 182 2.97 108 1.89 37
7.17 400 6.12 326 5.07 252 4.05 181 2.96 107 1.87 36
1.86 35 1.76 29 1.66 23 1.57 17 1.47 11 1.37 5
1.84 34 1.75 28 1.65 22 1.55 16 1.45 10 1.35 4
1.82 33 1.73 27 1.64 21 1.54 15 1.43 9 1.33 3
1.81 32 1.71 26 1.62 20 1.52 14 1.42 8 1.32 2
1.79 31 1.70 25 1.60 19 1.50 13 1.40 7 1.30 1
1.78 30 1.68 24 1.59 18 1.49 12 1.38 6
