18.57 1369 17.62 1291 16.66 1212 15.71 1134 14.78 1058 13.84 981
18.55 1368 17.61 1290 16.65 1211 15.70 1133 14.77 1057 13.82 980
18.53 1366 17.59 1289 16.63 1210 15.69 1132 14.75 1056 13.81 979
18.51 1365 17.57 1287 16.61 1208 15.67 1131 14.74 1055 13.80 978
18.49 1363 17.56 1286 16.60 1207 15.66 1130 14.73 1054 13.78 977
18.48 1362 17.55 1285 16.59 1206 15.65 1129 14.72 1053 13.76 975
18.47 1361 17.54 1284 16.58 1205 15.63 1128 14.71 1052 13.75 974
18.46 1360 17.52 1283 16.56 1204 15.61 1126 14.70 1051 13.74 973
18.44 1359 17.50 1281 16.55 1203 15.60 1125 14.68 1050 13.72 972
18.42 1357 17.48 1280 16.54 1202 15.59 1124 14.67 1049 13.71 971
18.41 1356 17.46 1278 16.52 1201 15.57 1123 14.66 1048 13.70 970
18.40 1355 17.45 1277 16.50 1199 15.56 1122 14.64 1047 13.69 969
18.38 1354 17.44 1276 16.49 1198 15.55 1121 14.62 1045 13.68 968
18.37 1353 17.43 1275 16.48 1197 15.54 1120 14.60 1044 13.66 967
18.36 1352 17.41 1274 16.46 1196 15.53 1119 14.58 1042 13.65 966
18.35 1351 17.40 1273 16.45 1195 15.51 1118 14.57 1041 13.64 965
18.34 1350 17.39 1272 16.44 1194 15.50 1117 14.56 1040 13.63 964
18.32 1349 17.38 1271 16.43 1193 15.49 1116 14.55 1039 13.61 963
18.31 1348 17.37 1270 16.42 1192 15.48 1115 14.54 1038 13.60 962
18.30 1347 17.35 1269 16.41 1191 15.46 1114 14.52 1037 13.59 961
18.29 1346 17.33 1267 16.39 1190 15.44 1112 14.51 1036 13.58 960
18.27 1345 17.31 1266 16.38 1189 15.43 1111 14.50 1035 13.57 959
18.25 1343 17.29 1264 16.37 1188 15.42 1110 14.49 1034 13.55 958
18.24 1342 17.28 1263 16.35 1187 15.40 1109 14.47 1033 13.54 957
18.23 1341 17.27 1262 16.33 1185 15.39 1108 14.46 1032 13.53 956
18.21 1340 17.26 1261 16.32 1184 15.38 1107 14.45 1031 13.51 955
18.20 1339 17.24 1260 16.31 1183 15.37 1106 14.43 1030 13.49 953
18.19 1338 17.23 1259 16.29 1182 15.36 1105 14.41 1028 13.47 952
18.18 1337 17.22 1258 16.28 1181 15.34 1104 14.40 1027 13.45 950
18.17 1336 17.21 1257 16.27 1180 15.33 1103 14.39 1026 13.44 949
18.16 1335 17.20 1256 16.26 1179 15.32 1102 14.37 1025 13.43 948
18.14 1334 17.18 1255 16.25 1178 15.31 1101 14.36 1024 13.42 947
18.13 1333 17.17 1254 16.24 1177 15.29 1100 14.35 1023 13.40 946
18.12 1332 17.16 1253 16.22 1176 15.28 1099 14.34 1022 13.39 945
18.10 1331 17.14 1252 16.21 1175 15.27 1098 14.33 1021 13.38 944
18.08 1329 17.12 1250 16.20 1174 15.26 1097 14.31 1020 13.37 943
18.07 1328 17.11 1249 16.18 1173 15.25 1096 14.30 1019 13.36 942
18.06 1327 17.10 1248 16.16 1171 15.23 1095 14.29 1018 13.34 941
18.04 1326 17.09 1247 16.15 1170 15.22 1094 14.28 1017 13.33 940
18.03 1325 17.07 1246 16.14 1169 15.21 1093 14.26 1016 13.32 939
18.02 1324 17.06 1245 16.12 1168 15.19 1092 14.24 1014 13.30 938
18.01 1323 17.05 1244 16.11 1167 15.17 1090 14.23 1013 13.28 936
18.00 1322 17.04 1243 16.10 1166 15.16 1089 14.22 1012 13.27 935
17.99 1321 17.03 1242 16.09 1165 15.15 1088 14.20 1011 13.26 934
17.97 1320 17.01 1241 16.08 1164 15.14 1087 14.19 1010 13.24 933
17.96 1319 17.00 1240 16.06 1163 15.12 1086 14.18 1009 13.23 932
17.95 1318 16.99 1239 16.05 1162 15.11 1085 14.16 1008 13.22 931
17.93 1317 16.97 1238 16.04 1161 15.10 1084 14.14 1006 13.20 930
17.91 1315 16.95 1236 16.03 1160 15.08 1083 14.13 1005 13.18 928
17.90 1314 16.94 1235 16.01 1159 15.06 1081 14.12 1004 13.17 927
17.89 1313 16.93 1234 15.99 1157 15.05 1080 14.11 1003 13.16 926
17.88 1312 16.92 1233 15.97 1156 15.04 1079 14.09 1002 13.15 925
17.86 1311 16.90 1232 15.95 1154 15.02 1078 14.08 1001 13.13 924
17.85 1310 16.89 1231 15.94 1153 15.00 1076 14.07 1000 13.12 923
17.84 1309 16.88 1230 15.93 1152 14.99 1075 14.06 999 13.11 922
17.83 1308 16.87 1229 15.92 1151 14.98 1074 14.05 998 13.10 921
17.82 1307 16.86 1228 15.91 1150 14.96 1073 14.03 997 13.09 920
17.80 1306 16.84 1227 15.89 1149 14.95 1072 14.02 996 13.07 919
17.79 1305 16.83 1226 15.88 1148 14.94 1071 14.01 995 13.06 918
17.78 1304 16.82 1225 15.87 1147 14.93 1070 13.99 994 13.05 917
17.76 1303 16.80 1224 15.86 1146 14.91 1069 13.97 992 13.03 916
17.74 1301 16.78 1222 15.84 1145 14.90 1068 13.95 991 13.01 914
17.73 1300 16.77 1221 15.82 1143 14.89 1067 13.93 989 12.99 913
17.72 1299 16.76 1220 15.80 1142 14.88 1066 13.92 988 12.97 911
17.71 1298 16.75 1219 15.78 1140 14.87 1065 13.91 987 12.96 910
17.69 1297 16.73 1218 15.77 1139 14.85 1064 13.90 986 12.95 909
17.68 1296 16.72 1217 15.76 1138 14.84 1063 13.88 985 12.93 908
17.67 1295 16.71 1216 15.74 1137 14.83 1062 13.87 984 12.92 907
17.65 1294 16.69 1215 15.73 1136 14.81 1061 13.86 983 12.91 906
17.63 1292 16.67 1213 15.72 1135 14.79 1059 13.85 982 12.90 905
12.89 904 11.95 828 10.95 748 10.03 674 9.09 599 8.04 516
12.87 903 11.93 827 10.94 747 10.01 673 9.08 598 8.02 515
12.86 902 11.92 826 10.93 746 9.99 671 9.06 597 8.00 513
12.85 901 11.91 825 10.91 745 9.98 670 9.05 596 7.99 512
12.84 900 11.90 824 10.90 744 9.97 669 9.04 595 7.98 511
12.82 899 11.89 823 10.89 743 9.95 668 9.02 594 7.96 510
12.81 898 11.87 822 10.88 742 9.94 667 9.01 593 7.95 509
12.80 897 11.86 821 10.87 741 9.93 666 9.00 592 7.94 508
12.79 896 11.85 820 10.85 740 9.91 665 8.98 591 7.92 507
12.78 895 11.83 819 10.84 739 9.89 663 8.96 589 7.91 506
12.76 894 11.81 817 10.83 738 9.87 662 8.95 588 7.90 505
12.75 893 11.79 816 10.82 737 9.85 660 8.94 587 7.89 504
12.74 892 11.77 814 10.80 736 9.84 659 8.92 586 7.88 503
12.72 891 11.76 813 10.79 735 9.83 658 8.91 585 7.86 502
12.70 889 11.75 812 10.78 734 9.81 657 8.90 584 7.85 501
12.69 888 11.73 811 10.77 733 9.79 655 8.88 583 7.84 500
12.68 887 11.71 809 10.75 732 9.77 654 8.86 581 7.82 499
12.66 886 11.70 808 10.74 731 9.75 652 8.85 580 7.81 498
12.65 885 11.69 807 10.73 730 9.74 651 8.84 579 7.80 497
12.64 884 11.67 806 10.72 729 9.73 650 8.82 578 7.78 496
12.63 883 11.66 805 10.70 728 9.71 649 8.81 577 7.77 495
12.62 882 11.65 804 10.69 727 9.70 648 8.80 576 7.76 494
12.60 881 11.64 803 10.68 726 9.69 647 8.78 575 7.75 493
12.59 880 11.62 802 10.66 725 9.68 646 8.76 573 7.73 492
12.58 879 11.61 801 10.64 723 9.67 645 8.74 572 7.72 491
12.57 878 11.60 800 10.63 722 9.65 644 8.72 570 7.71 490
12.55 877 11.59 799 10.62 721 9.64 643 8.71 569 7.70 489
12.54 876 11.58 798 10.60 720 9.63 642 8.70 568 7.68 488
12.53 875 11.56 797 10.59 719 9.61 641 8.68 567 7.67 487
12.51 874 11.55 796 10.58 718 9.60 640 8.66 565 7.66 486
12.49 872 11.54 795 10.56 717 9.59 639 8.64 564 7.65 485
12.48 871 11.52 794 10.54 715 9.58 638 8.62 562 7.63 484
12.47 870 11.50 792 10.53 714 9.57 637 8.61 561 7.62 483
12.45 869 11.49 791 10.52 713 9.55 636 8.60 560 7.61 482
12.43 867 11.48 790 10.50 712 9.54 635 8.58 559 7.59 481
12.41 866 11.46 789 10.49 711 9.53 634 8.57 558 7.58 480
12.39 864 11.45 788 10.48 710 9.51 633 8.56 557 7.57 479
12.38 863 11.44 787 10.46 709 9.50 632 8.54 556 7.55 478
12.37 862 11.42 786 10.44 707 9.49 631 8.52 554 7.54 477
12.35 861 11.40 784 10.43 706 9.48 630 8.50 553 7.53 476
12.34 860 11.38 783 10.42 705 9.46 629 8.48 551 7.52 475
12.33 859 11.36 781 10.40 704 9.45 628 8.47 550 7.51 474
12.32 858 11.35 780 10.39 703 9.44 627 8.46 549 7.49 473
12.31 857 11.34 779 10.38 702 9.43 626 8.44 548 7.48 472
12.29 856 11.32 778 10.36 701 9.41 625 8.42 546 7.47 471
12.28 855 11.31 777 10.35 700 9.40 624 8.40 545 7.45 470
12.27 854 11.30 776 10.34 699 9.39 623 8.38 543 7.44 469
12.26 853 11.29 775 10.33 698 9.38 622 8.37 542 7.43 468
12.24 852 11.28 774 10.32 697 9.36 621 8.36 541 7.41 467
12.23 851 11.26 773 10.30 696 9.35 620 8.34 540 7.39 465
12.22 850 11.25 772 10.29 695 9.34 619 8.33 539 7.37 464
12.21 849 11.24 771 10.28 694 9.33 618 8.32 538 7.35 462
12.20 848 11.23 770 10.27 693 9.31 617 8.30 537 7.34 461
12.18 847 11.21 769 10.25 692 9.30 616 8.28 535 7.33 460
12.17 846 11.20 768 10.24 691 9.29 615 8.26 534 7.31 459
12.16 845 11.19 767 10.23 690 9.28 614 8.24 532 7.30 458
12.14 844 11.18 766 10.22 689 9.26 613 8.23 531 7.29 457
12.12 842 11.17 765 10.20 688 9.25 612 8.22 530 7.27 456
12.10 841 11.15 764 10.19 687 9.24 611 8.20 529 7.25 454
12.08 839 11.14 763 10.18 686 9.22 610 8.19 528 7.24 453
12.07 838 11.13 762 10.17 685 9.21 609 8.18 527 7.23 452
12.06 837 11.11 761 10.15 684 9.20 608 8.16 526 7.21 451
12.04 836 11.09 759 10.14 683 9.19 607 8.14 524 7.20 450
12.03 835 11.07 758 10.13 682 9.18 606 8.13 523 7.19 449
12.02 834 11.05 756 10.11 681 9.16 605 8.12 522 7.17 448
12.01 833 11.04 755 10.09 679 9.15 604 8.10 521 7.16 447
12.00 832 11.03 754 10.08 678 9.14 603 8.09 520 7.15 446
11.98 831 11.01 753 10.07 677 9.12 602 8.08 519 7.13 445
11.97 830 10.99 751 10.05 676 9.11 601 8.06 518 7.12 444
11.96 829 10.97 750 10.04 675 9.10 600 8.05 517 7.11 443
7.10 442 6.12 366 5.14 290 4.13 213 3.12 138 2.16 68
7.09 441 6.11 365 5.12 289 4.12 212 3.11 137 2.15 67
7.07 440 6.10 364 5.11 288 4.10 211 3.10 136 2.14 66
7.06 439 6.08 363 5.10 287 4.08 210 3.09 135 2.13 65
7.05 438 6.07 362 5.08 286 4.06 208 3.07 134 2.11 64
7.03 437 6.06 361 5.06 284 4.05 207 3.06 133 2.10 63
7.02 436 6.04 360 5.04 283 4.04 206 3.05 132 2.08 62
7.01 435 6.02 358 5.02 281 4.02 205 3.03 131 2.07 61
7.00 434 6.00 357 5.01 280 4.01 204 3.02 130 2.06 60
6.98 433 5.98 355 5.00 279 3.99 203 3.00 129 2.04 59
6.97 432 5.97 354 4.98 278 3.98 202 2.99 128 2.03 58
6.96 431 5.96 353 4.97 277 3.97 201 2.98 127 2.01 57
6.94 430 5.94 352 4.95 276 3.95 200 2.96 126 2.00 56
6.93 429 5.93 351 4.94 275 3.93 198 2.95 125 1.99 55
6.92 428 5.92 350 4.93 274 3.91 197 2.94 124 1.97 54
6.90 427 5.90 349 4.91 273 3.90 196 2.92 123 1.96 53
6.89 426 5.89 348 4.89 271 3.89 195 2.91 122 1.94 52
6.88 425 5.88 347 4.87 270 3.88 194 2.89 121 1.92 51
6.86 424 5.87 346 4.85 268 3.86 193 2.88 120 1.90 49
6.84 422 5.85 345 4.84 267 3.85 192 2.87 119 1.89 48
6.82 421 5.84 344 4.83 266 3.84 191 2.85 118 1.87 47
6.80 419 5.83 343 4.81 265 3.82 190 2.84 117 1.86 46
6.79 418 5.81 342 4.80 264 3.81 189 2.83 116 1.84 45
6.78 417 5.80 341 4.78 263 3.80 188 2.82 115 1.83 44
6.76 416 5.79 340 4.77 262 3.78 187 2.80 114 1.82 43
6.74 414 5.77 339 4.76 261 3.77 186 2.78 113 1.80 42
6.72 413 5.76 338 4.74 260 3.76 185 2.76 111 1.79 41
6.70 411 5.75 337 4.73 259 3.74 184 2.75 110 1.77 40
6.69 410 5.73 336 4.72 258 3.73 183 2.73 109 1.75 39
6.68 409 5.71 334 4.70 257 3.71 182 2.72 108 1.74 38
6.66 408 5.69 333 4.68 255 3.69 180 2.71 107 1.73 37
6.65 407 5.67 331 4.67 254 3.67 179 2.69 106 1.72 36
6.64 406 5.66 330 4.66 253 3.66 178 2.68 105 1.70 35
6.62 405 5.64 329 4.64 252 3.65 177 2.67 104 1.68 34
6.61 404 5.63 328 4.63 251 3.64 176 2.65 103 1.67 33
6.60 403 5.62 327 4.61 250 3.62 175 2.64 102 1.65 32
6.58 402 5.60 326 4.60 249 3.61 174 2.62 101 1.64 31
6.57 401 5.59 325 4.59 248 3.60 173 2.61 100 1.63 30
6.56 400 5.58 324 4.57 247 3.58 172 2.60 99 1.62 29
6.55 399 5.56 323 4.56 246 3.57 171 2.58 98 1.60 28
6.53 398 5.54 321 4.55 245 3.56 170 2.57 97 1.58 27
6.52 397 5.52 320 4.53 244 3.54 169 2.55 96 1.57 26
6.51 396 5.50 318 4.51 242 3.53 168 2.54 95 1.55 25
6.49 395 5.49 317 4.49 241 3.52 167 2.53 94 1.54 24
6.48 394 5.48 316 4.47 239 3.50 166 2.51 93 1.52 23
6.47 393 5.46 315 4.46 238 3.49 165 2.50 92 1.51 22
6.45 392 5.45 314 4.44 237 3.47 164 2.48 91 1.50 21
6.43 390 5.44 313 4.43 236 3.45 162 2.47 90 1.48 20
6.41 389 5.42 312 4.42 235 3.43 161 2.46 89 1.47 19
6.39 387 5.41 311 4.40 234 3.42 160 2.44 88 1.45 18
6.38 386 5.40 310 4.39 233 3.41 159 2.43 87 1.44 17
6.37 385 5.39 309 4.38 232 3.40 158 2.42 86 1.42 16
6.35 384 5.37 308 4.36 231 3.38 157 2.40 85 1.41 15
6.34 383 5.36 307 4.34 229 3.36 156 2.39 84 1.39 14
6.33 382 5.35 306 4.32 228 3.34 154 2.37 83 1.38 13
6.31 381 5.33 305 4.31 227 3.33 153 2.36 82 1.36 12
6.29 379 5.32 304 4.30 226 3.32 152 2.35 81 1.34 11
6.28 378 5.31 303 4.29 225 3.30 151 2.34 80 1.33 10
6.27 377 5.29 302 4.27 224 3.29 150 2.32 79 1.31 9
6.25 376 5.28 301 4.26 223 3.27 149 2.30 78 1.30 8
6.24 375 5.27 300 4.25 222 3.26 148 2.29 77 1.28 7
6.23 374 5.25 299 4.23 221 3.25 147 2.28 76 1.27 6
6.21 373 5.23 297 4.22 220 3.23 146 2.27 75 1.25 5
6.20 372 5.21 296 4.21 219 3.22 145 2.25 74 1.24 4
6.19 371 5.20 295 4.19 218 3.21 144 2.23 73 1.22 3
6.17 370 5.19 294 4.18 217 3.19 143 2.22 72 1.20 2
6.16 369 5.18 293 4.17 216 3.18 142 2.21 71 1.19 1
6.15 368 5.16 292 4.15 215 3.16 141 2.20 70
6.14 367 5.15 291 4.14 214 3.14 139 2.18 69
