19.81 1369 18.84 1294 17.85 1218 16.84 1140 15.87 1066 14.89 991
19.79 1368 18.83 1293 17.84 1217 16.83 1139 15.86 1065 14.88 990
19.77 1366 18.81 1292 17.83 1216 16.81 1138 15.85 1064 14.86 989
19.75 1365 18.80 1291 17.81 1215 16.80 1137 15.84 1063 14.85 988
19.74 1364 18.79 1290 17.80 1214 16.79 1136 15.82 1062 14.84 987
19.73 1363 18.77 1289 17.79 1213 16.77 1135 15.80 1061 14.83 986
19.72 1362 18.76 1288 17.78 1212 16.76 1134 15.78 1059 14.81 985
19.70 1361 18.74 1287 17.76 1211 16.75 1133 15.77 1058 14.80 984
19.69 1360 18.72 1285 17.75 1210 16.74 1132 15.75 1057 14.79 983
19.68 1359 18.71 1284 17.74 1209 16.72 1131 15.74 1056 14.77 982
19.67 1358 18.70 1283 17.72 1208 16.70 1130 15.73 1055 14.76 981
19.65 1357 18.69 1282 17.71 1207 16.68 1128 15.71 1054 14.75 980
19.64 1356 18.67 1281 17.70 1206 16.67 1127 15.69 1052 14.73 979
19.63 1355 18.65 1280 17.69 1205 16.66 1126 15.68 1051 14.72 978
19.61 1354 18.63 1278 17.67 1204 16.65 1125 15.66 1050 14.71 977
19.60 1353 18.62 1277 17.65 1203 16.63 1124 15.65 1049 14.70 976
19.59 1352 18.60 1276 17.63 1201 16.61 1123 15.64 1048 14.68 975
19.58 1351 18.58 1274 17.62 1200 16.59 1121 15.62 1047 14.66 974
19.56 1350 18.56 1273 17.60 1199 16.58 1120 15.61 1046 14.64 972
19.55 1349 18.55 1272 17.58 1197 16.56 1119 15.60 1045 14.63 971
19.54 1348 18.54 1271 17.56 1196 16.55 1118 15.58 1044 14.62 970
19.52 1347 18.53 1270 17.54 1194 16.54 1117 15.57 1043 14.61 969
19.51 1346 18.51 1269 17.53 1193 16.52 1116 15.56 1042 14.59 968
19.50 1345 18.49 1267 17.51 1192 16.51 1115 15.55 1041 14.57 967
19.49 1344 18.47 1266 17.49 1190 16.50 1114 15.53 1040 14.55 965
19.47 1343 18.46 1265 17.47 1189 16.49 1113 15.52 1039 14.54 964
19.45 1342 18.45 1264 17.46 1188 16.47 1112 15.51 1038 14.52 963
19.43 1340 18.44 1263 17.45 1187 16.46 1111 15.49 1037 14.51 962
19.42 1339 18.42 1262 17.44 1186 16.45 1110 15.48 1036 14.50 961
19.41 1338 18.41 1261 17.42 1185 16.43 1109 15.47 1035 14.48 960
19.40 1337 18.40 1260 17.41 1184 16.42 1108 15.46 1034 14.47 959
19.38 1336 18.38 1259 17.40 1183 16.41 1107 15.44 1033 14.46 958
19.37 1335 18.37 1258 17.38 1182 16.40 1106 15.42 1032 14.44 957
19.36 1334 18.36 1257 17.37 1181 16.38 1105 15.40 1030 14.43 956
19.34 1333 18.35 1256 17.36 1180 16.37 1104 15.39 1029 14.42 955
19.33 1332 18.33 1255 17.35 1179 16.36 1103 15.38 1028 14.41 954
19.31 1331 18.32 1254 17.33 1178 16.34 1102 15.37 1027 14.39 953
19.29 1329 18.31 1253 17.32 1177 16.33 1101 15.35 1026 14.38 952
19.28 1328 18.29 1252 17.31 1176 16.32 1100 15.33 1025 14.37 951
19.26 1327 18.28 1251 17.29 1175 16.30 1099 15.31 1023 14.35 950
19.25 1326 18.27 1250 17.28 1174 16.29 1098 15.30 1022 14.34 949
19.24 1325 18.26 1249 17.27 1173 16.28 1097 15.28 1021 14.33 948
19.22 1324 18.24 1248 17.26 1172 16.27 1096 15.27 1020 14.32 947
19.20 1322 18.23 1247 17.24 1171 16.25 1095 15.26 1019 14.30 946
19.19 1321 18.22 1246 17.23 1170 16.24 1094 15.24 1018 14.28 945
19.17 1320 18.20 1245 17.22 1169 16.23 1093 15.23 1017 14.26 943
19.16 1319 18.19 1244 17.20 1168 16.21 1092 15.22 1016 14.25 942
19.15 1318 18.17 1243 17.19 1167 16.20 1091 15.21 1015 14.24 941
19.13 1317 18.15 1241 17.18 1166 16.18 1090 15.19 1014 14.22 940
19.12 1316 18.14 1240 17.17 1165 16.16 1088 15.18 1013 14.21 939
19.11 1315 18.13 1239 17.15 1164 16.15 1087 15.17 1012 14.19 938
19.10 1314 18.11 1238 17.13 1163 16.13 1086 15.15 1011 14.17 936
19.08 1313 18.10 1237 17.11 1161 16.12 1085 15.14 1010 14.15 935
19.06 1311 18.08 1236 17.10 1160 16.11 1084 15.13 1009 14.14 934
19.04 1310 18.06 1234 17.08 1159 16.09 1083 15.11 1008 14.13 933
19.03 1309 18.05 1233 17.06 1157 16.07 1081 15.10 1007 14.12 932
19.02 1308 18.03 1232 17.04 1156 16.05 1080 15.09 1006 14.10 931
19.01 1307 18.02 1231 17.02 1154 16.04 1079 15.08 1005 14.09 930
18.99 1306 18.01 1230 17.01 1153 16.03 1078 15.06 1004 14.08 929
18.98 1305 17.99 1229 16.99 1152 16.02 1077 15.05 1003 14.06 928
18.97 1304 17.98 1228 16.97 1150 16.00 1076 15.04 1002 14.05 927
18.95 1303 17.97 1227 16.95 1149 15.99 1075 15.02 1001 14.04 926
18.94 1302 17.96 1226 16.94 1148 15.98 1074 15.01 1000 14.03 925
18.93 1301 17.94 1225 16.93 1147 15.96 1073 15.00 999 14.01 924
18.92 1300 17.93 1224 16.92 1146 15.95 1072 14.99 998 14.00 923
18.90 1299 17.92 1223 16.90 1145 15.94 1071 14.97 997 13.99 922
18.89 1298 17.90 1222 16.89 1144 15.93 1070 14.95 996 13.97 921
18.88 1297 17.89 1221 16.88 1143 15.91 1069 14.93 994 13.96 920
18.86 1296 17.88 1220 16.86 1142 15.90 1068 14.92 993 13.95 919
18.85 1295 17.87 1219 16.85 1141 15.89 1067 14.90 992 13.93 918
13.92 917 12.91 841 11.91 765 10.92 691 9.92 616 8.90 540
13.90 916 12.89 839 11.90 764 10.90 689 9.91 615 8.88 539
13.88 914 12.88 838 11.88 763 10.88 688 9.90 614 8.86 537
13.86 913 12.86 837 11.87 762 10.87 687 9.88 613 8.85 536
13.84 911 12.85 836 11.86 761 10.86 686 9.87 612 8.83 535
13.83 910 12.84 835 11.85 760 10.85 685 9.86 611 8.82 534
13.81 909 12.82 834 11.83 759 10.83 684 9.84 610 8.81 533
13.80 908 12.81 833 11.82 758 10.82 683 9.82 609 8.79 532
13.79 907 12.80 832 11.81 757 10.81 682 9.80 607 8.78 531
13.77 906 12.78 831 11.79 756 10.79 681 9.79 606 8.77 530
13.76 905 12.77 830 11.77 755 10.78 680 9.78 605 8.75 529
13.75 904 12.76 829 11.75 753 10.77 679 9.76 604 8.73 528
13.73 903 12.75 828 11.74 752 10.75 678 9.75 603 8.71 526
13.72 902 12.73 827 11.72 751 10.74 677 9.73 602 8.70 525
13.71 901 12.72 826 11.71 750 10.73 676 9.72 601 8.69 524
13.70 900 12.71 825 11.70 749 10.71 675 9.71 600 8.67 523
13.68 899 12.69 824 11.68 748 10.70 674 9.69 599 8.66 522
13.67 898 12.68 823 11.67 747 10.68 673 9.68 598 8.64 521
13.66 897 12.67 822 11.66 746 10.66 671 9.67 597 8.63 520
13.64 896 12.65 821 11.64 745 10.64 670 9.65 596 8.62 519
13.63 895 12.64 820 11.63 744 10.63 669 9.64 595 8.60 518
13.62 894 12.62 819 11.62 743 10.62 668 9.63 594 8.59 517
13.60 893 12.60 817 11.61 742 10.61 667 9.61 593 8.58 516
13.59 892 12.58 816 11.59 741 10.59 666 9.60 592 8.56 515
13.57 891 12.56 814 11.58 740 10.58 665 9.59 591 8.55 514
13.55 889 12.55 813 11.57 739 10.57 664 9.58 590 8.54 513
13.54 888 12.53 812 11.55 738 10.55 663 9.56 589 8.52 512
13.52 887 12.52 811 11.54 737 10.54 662 9.54 588 8.51 511
13.51 886 12.51 810 11.53 736 10.53 661 9.52 586 8.50 510
13.50 885 12.49 809 11.51 735 10.51 660 9.50 585 8.48 509
13.48 884 12.48 808 11.50 734 10.50 659 9.49 584 8.47 508
13.46 882 12.47 807 11.49 733 10.49 658 9.48 583 8.45 507
13.44 881 12.45 806 11.47 732 10.47 657 9.47 582 8.44 506
13.43 880 12.44 805 11.46 731 10.46 656 9.45 581 8.43 505
13.42 879 12.43 804 11.44 730 10.44 655 9.44 580 8.41 504
13.41 878 12.42 803 11.42 728 10.43 654 9.43 579 8.40 503
13.39 877 12.40 802 11.40 727 10.42 653 9.41 578 8.39 502
13.38 876 12.39 801 11.39 726 10.40 652 9.40 577 8.37 501
13.37 875 12.38 800 11.38 725 10.39 651 9.39 576 8.36 500
13.35 874 12.36 799 11.37 724 10.38 650 9.37 575 8.35 499
13.34 873 12.35 798 11.35 723 10.36 649 9.36 574 8.33 498
13.33 872 12.34 797 11.34 722 10.35 648 9.35 573 8.32 497
13.31 871 12.32 796 11.33 721 10.34 647 9.33 572 8.31 496
13.30 870 12.31 795 11.31 720 10.33 646 9.32 571 8.29 495
13.29 869 12.29 794 11.30 719 10.31 645 9.30 570 8.28 494
13.28 868 12.27 792 11.29 718 10.30 644 9.29 569 8.26 493
13.26 867 12.25 791 11.27 717 10.29 643 9.28 568 8.25 492
13.24 866 12.24 790 11.26 716 10.27 642 9.26 567 8.24 491
13.22 864 12.23 789 11.25 715 10.25 641 9.24 565 8.22 490
13.21 863 12.21 788 11.23 714 10.23 639 9.22 564 8.21 489
13.19 862 12.20 787 11.22 713 10.22 638 9.21 563 8.20 488
13.18 861 12.19 786 11.20 712 10.20 637 9.20 562 8.18 487
13.17 860 12.18 785 11.18 710 10.19 636 9.18 561 8.17 486
13.15 859 12.16 784 11.16 709 10.18 635 9.17 560 8.16 485
13.13 857 12.15 783 11.15 708 10.16 634 9.16 559 8.14 484
13.11 856 12.14 782 11.14 707 10.15 633 9.14 558 8.13 483
13.10 855 12.12 781 11.13 706 10.14 632 9.13 557 8.12 482
13.09 854 12.11 780 11.11 705 10.12 631 9.11 556 8.10 481
13.08 853 12.10 779 11.10 704 10.11 630 9.09 554 8.09 480
13.06 852 12.08 778 11.09 703 10.10 629 9.07 553 8.07 479
13.05 851 12.07 777 11.07 702 10.08 628 9.05 551 8.06 478
13.04 850 12.05 776 11.06 701 10.07 627 9.03 550 8.05 477
13.02 849 12.03 774 11.05 700 10.06 626 9.02 549 8.03 476
13.01 848 12.01 773 11.03 699 10.04 625 9.01 548 8.02 475
13.00 847 11.99 771 11.02 698 10.03 624 9.00 547 8.01 474
12.98 846 11.98 770 11.01 697 10.01 623 8.98 546 7.99 473
12.97 845 11.96 769 10.99 696 9.99 621 8.97 545 7.98 472
12.96 844 11.95 768 10.98 695 9.97 620 8.96 544 7.97 471
12.95 843 11.94 767 10.96 694 9.95 618 8.94 543 7.95 470
12.93 842 11.92 766 10.94 692 9.93 617 8.92 542 7.94 469
7.93 468 6.94 396 5.89 320 4.88 247 3.88 176 2.81 102
7.91 467 6.93 395 5.87 318 4.87 246 3.86 175 2.80 101
7.90 466 6.92 394 5.85 317 4.85 245 3.85 174 2.78 100
7.88 465 6.90 393 5.84 316 4.84 244 3.84 173 2.77 99
7.87 464 6.88 392 5.83 315 4.83 243 3.82 172 2.76 98
7.86 463 6.86 390 5.81 314 4.81 242 3.80 171 2.74 97
7.84 462 6.84 389 5.80 313 4.80 241 3.78 169 2.72 96
7.83 461 6.82 387 5.79 312 4.79 240 3.76 168 2.71 95
7.82 460 6.80 386 5.77 311 4.77 239 3.75 167 2.70 94
7.80 459 6.79 385 5.76 310 4.75 238 3.74 166 2.68 93
7.79 458 6.78 384 5.75 309 4.74 237 3.72 165 2.66 92
7.78 457 6.77 383 5.73 308 4.73 236 3.71 164 2.65 91
7.76 456 6.75 382 5.72 307 4.71 235 3.70 163 2.64 90
7.75 455 6.74 381 5.70 306 4.70 234 3.68 162 2.62 89
7.74 454 6.73 380 5.69 305 4.69 233 3.66 161 2.61 88
7.72 453 6.71 379 5.68 304 4.67 232 3.65 160 2.59 87
7.71 452 6.69 378 5.66 303 4.65 231 3.64 159 2.58 86
7.69 451 6.67 376 5.65 302 4.63 229 3.62 158 2.57 85
7.68 450 6.65 375 5.64 301 4.61 228 3.61 157 2.55 84
7.67 449 6.63 373 5.62 300 4.60 227 3.59 156 2.53 83
7.65 448 6.61 372 5.60 299 4.59 226 3.58 155 2.52 82
7.64 447 6.60 371 5.58 297 4.57 225 3.56 154 2.51 81
7.63 446 6.59 370 5.56 296 4.56 224 3.55 153 2.49 80
7.61 445 6.57 369 5.55 295 4.55 223 3.54 152 2.47 79
7.60 444 6.56 368 5.54 294 4.53 222 3.52 151 2.46 78
7.59 443 6.55 367 5.52 293 4.51 221 3.51 150 2.44 77
7.57 442 6.53 366 5.51 292 4.50 220 3.49 149 2.43 76
7.56 441 6.52 365 5.50 291 4.49 219 3.48 148 2.42 75
7.55 440 6.50 364 5.48 290 4.47 218 3.47 147 2.40 74
7.53 439 6.49 363 5.46 289 4.46 217 3.45 146 2.38 73
7.52 438 6.48 362 5.44 287 4.45 216 3.43 145 2.37 72
7.50 437 6.46 361 5.42 286 4.43 215 3.42 144 2.36 71
7.49 436 6.45 360 5.41 285 4.42 214 3.41 143 2.34 70
7.48 435 6.44 359 5.40 284 4.41 213 3.39 142 2.33 69
7.46 434 6.42 358 5.38 283 4.39 212 3.37 141 2.31 68
7.45 433 6.41 357 5.37 282 4.37 211 3.35 139 2.29 67
7.44 432 6.40 356 5.36 281 4.36 210 3.33 138 2.28 66
7.42 431 6.38 355 5.34 280 4.35 209 3.32 137 2.27 65
7.41 430 6.36 354 5.33 279 4.33 208 3.31 136 2.25 64
7.40 429 6.34 352 5.32 278 4.32 207 3.29 135 2.23 63
7.38 428 6.32 351 5.30 277 4.31 206 3.28 134 2.22 62
7.36 427 6.31 350 5.28 276 4.29 205 3.26 133 2.21 61
7.34 425 6.30 349 5.27 275 4.27 204 3.25 132 2.19 60
7.32 424 6.28 348 5.26 274 4.26 203 3.23 131 2.18 59
7.31 423 6.27 347 5.24 273 4.25 202 3.22 130 2.16 58
7.30 422 6.26 346 5.23 272 4.23 201 3.20 129 2.14 57
7.28 421 6.24 345 5.22 271 4.22 200 3.19 128 2.12 55
7.27 420 6.23 344 5.20 270 4.21 199 3.18 127 2.10 54
7.26 419 6.22 343 5.19 269 4.19 198 3.16 126 2.09 53
7.25 418 6.20 342 5.18 268 4.18 197 3.14 125 2.07 52
7.23 417 6.19 341 5.16 267 4.16 196 3.12 123 2.05 51
7.22 416 6.17 340 5.15 266 4.15 195 3.10 122 2.04 50
7.21 415 6.16 339 5.13 265 4.13 194 3.09 121 2.03 49
7.19 414 6.15 338 5.12 264 4.12 193 3.08 120 2.01 48
7.17 413 6.13 337 5.10 263 4.11 192 3.06 119 2.00 47
7.15 411 6.12 336 5.09 262 4.09 191 3.04 118 1.98 46
7.13 410 6.11 335 5.08 261 4.08 190 3.03 117 1.96 45
7.12 409 6.09 334 5.06 260 4.06 189 3.02 116 1.95 44
7.11 408 6.08 333 5.05 259 4.05 188 3.00 115 1.94 43
7.09 407 6.07 332 5.03 258 4.04 187 2.99 114 1.92 42
7.08 406 6.05 331 5.02 257 4.02 186 2.97 113 1.90 41
7.07 405 6.03 330 5.01 256 4.01 185 2.96 112 1.89 40
7.05 404 6.02 329 4.99 255 3.99 184 2.95 111 1.87 39
7.04 403 6.01 328 4.98 254 3.98 183 2.93 110 1.86 38
7.03 402 5.99 327 4.97 253 3.96 182 2.91 109 1.85 37
7.01 401 5.98 326 4.95 252 3.95 181 2.90 108 1.83 36
7.00 400 5.97 325 4.94 251 3.94 180 2.89 107 1.81 35
6.98 399 5.95 324 4.92 250 3.92 179 2.87 106 1.80 34
6.97 398 5.93 323 4.91 249 3.90 178 2.85 105 1.78 33
6.96 397 5.91 321 4.89 248 3.89 177 2.83 103 1.76 32
1.75 31 1.66 25 1.57 19 1.47 13 1.37 7 1.27 1
1.74 30 1.64 24 1.55 18 1.45 12 1.35 6
1.72 29 1.62 23 1.53 17 1.43 11 1.33 5
1.71 28 1.61 22 1.52 16 1.42 10 1.32 4
1.69 27 1.60 21 1.50 15 1.40 9 1.30 3
1.67 26 1.58 20 1.48 14 1.38 8 1.29 2
