18.09 1369 17.17 1291 16.24 1213 15.31 1135 14.40 1058 13.49 982
18.07 1368 17.15 1290 16.23 1212 15.29 1133 14.39 1057 13.48 981
18.05 1366 17.14 1289 16.22 1211 15.28 1132 14.37 1056 13.47 980
18.04 1365 17.13 1288 16.20 1210 15.27 1131 14.36 1055 13.45 979
18.03 1364 17.12 1287 16.18 1208 15.25 1130 14.35 1054 13.44 978
18.01 1363 17.11 1286 16.17 1207 15.23 1128 14.34 1053 13.43 977
17.99 1361 17.09 1285 16.16 1206 15.22 1127 14.33 1052 13.42 976
17.98 1360 17.07 1283 16.15 1205 15.21 1126 14.32 1051 13.41 975
17.97 1359 17.06 1282 16.14 1204 15.20 1125 14.30 1050 13.39 974
17.96 1358 17.05 1281 16.12 1203 15.19 1124 14.29 1049 13.38 973
17.95 1357 17.03 1280 16.11 1202 15.17 1123 14.28 1048 13.37 972
17.93 1356 17.01 1278 16.10 1201 15.16 1122 14.27 1047 13.36 971
17.92 1355 17.00 1277 16.09 1200 15.15 1121 14.26 1046 13.35 970
17.91 1354 16.99 1276 16.08 1199 15.14 1120 14.24 1045 13.34 969
17.90 1353 16.98 1275 16.07 1198 15.13 1119 14.23 1044 13.32 968
17.89 1352 16.97 1274 16.05 1197 15.11 1118 14.22 1043 13.31 967
17.88 1351 16.95 1273 16.04 1196 15.10 1117 14.21 1042 13.30 966
17.86 1350 16.94 1272 16.03 1195 15.09 1116 14.20 1041 13.29 965
17.85 1349 16.93 1271 16.02 1194 15.08 1115 14.18 1040 13.28 964
17.84 1348 16.92 1270 16.01 1193 15.07 1114 14.16 1038 13.26 963
17.83 1347 16.91 1269 15.99 1192 15.06 1113 14.15 1037 13.25 962
17.82 1346 16.90 1268 15.97 1190 15.04 1112 14.14 1036 13.24 961
17.80 1345 16.88 1267 15.96 1189 15.03 1111 14.12 1035 13.23 960
17.78 1343 16.87 1266 15.95 1188 15.02 1110 14.10 1033 13.22 959
17.77 1342 16.86 1265 15.93 1187 15.00 1109 14.08 1032 13.20 958
17.76 1341 16.85 1264 15.91 1185 14.98 1107 14.06 1030 13.19 957
17.74 1340 16.84 1263 15.90 1184 14.97 1106 14.05 1029 13.18 956
17.72 1338 16.82 1262 15.89 1183 14.96 1105 14.04 1028 13.16 955
17.71 1337 16.81 1261 15.87 1182 14.94 1104 14.03 1027 13.14 953
17.70 1336 16.80 1260 15.86 1181 14.92 1102 14.02 1026 13.13 952
17.69 1335 16.78 1259 15.85 1180 14.91 1101 14.00 1025 13.12 951
17.67 1334 16.76 1257 15.84 1179 14.90 1100 13.99 1024 13.10 950
17.66 1333 16.75 1256 15.83 1178 14.88 1099 13.98 1023 13.08 948
17.65 1332 16.74 1255 15.82 1177 14.86 1097 13.97 1022 13.07 947
17.64 1331 16.73 1254 15.80 1176 14.85 1096 13.96 1021 13.06 946
17.63 1330 16.72 1253 15.79 1175 14.84 1095 13.94 1020 13.04 945
17.61 1329 16.70 1252 15.78 1174 14.83 1094 13.93 1019 13.02 943
17.59 1327 16.69 1251 15.77 1173 14.82 1093 13.92 1018 13.01 942
17.58 1326 16.68 1250 15.76 1172 14.80 1092 13.91 1017 13.00 941
17.57 1325 16.67 1249 15.74 1171 14.79 1091 13.90 1016 12.98 940
17.55 1324 16.66 1248 15.73 1170 14.78 1090 13.89 1015 12.96 938
17.53 1322 16.65 1247 15.72 1169 14.77 1089 13.87 1014 12.95 937
17.52 1321 16.63 1246 15.71 1168 14.76 1088 13.86 1013 12.94 936
17.51 1320 16.62 1245 15.70 1167 14.75 1087 13.85 1012 12.92 935
17.49 1319 16.61 1244 15.68 1166 14.73 1086 13.84 1011 12.90 933
17.47 1317 16.60 1243 15.66 1164 14.72 1085 13.83 1010 12.89 932
17.46 1316 16.59 1242 15.65 1163 14.71 1084 13.81 1009 12.88 931
17.45 1315 16.57 1241 15.64 1162 14.70 1083 13.80 1008 12.86 930
17.44 1314 16.55 1239 15.62 1161 14.69 1082 13.79 1007 12.84 928
17.43 1313 16.54 1238 15.60 1159 14.67 1081 13.78 1006 12.83 927
17.42 1312 16.53 1237 15.59 1158 14.66 1080 13.77 1005 12.82 926
17.40 1311 16.51 1236 15.58 1157 14.65 1079 13.75 1004 12.81 925
17.39 1310 16.49 1234 15.56 1156 14.64 1078 13.73 1002 12.80 924
17.38 1309 16.48 1233 15.54 1154 14.63 1077 13.72 1001 12.78 923
17.37 1308 16.47 1232 15.53 1153 14.61 1076 13.71 1000 12.77 922
17.36 1307 16.45 1231 15.52 1152 14.59 1074 13.69 999 12.76 921
17.34 1306 16.43 1229 15.51 1151 14.58 1073 13.67 997 12.75 920
17.32 1304 16.42 1228 15.50 1150 14.57 1072 13.66 996 12.74 919
17.31 1303 16.41 1227 15.48 1149 14.55 1071 13.65 995 12.72 918
17.30 1302 16.40 1226 15.47 1148 14.54 1070 13.63 994 12.71 917
17.28 1301 16.39 1225 15.46 1147 14.53 1069 13.62 993 12.70 916
17.27 1300 16.37 1224 15.45 1146 14.51 1068 13.61 992 12.69 915
17.26 1299 16.36 1223 15.43 1145 14.49 1066 13.59 991 12.67 914
17.25 1298 16.35 1222 15.41 1143 14.48 1065 13.57 989 12.66 913
17.24 1297 16.34 1221 15.40 1142 14.47 1064 13.56 988 12.65 912
17.22 1296 16.32 1220 15.39 1141 14.46 1063 13.55 987 12.64 911
17.21 1295 16.30 1218 15.37 1140 14.45 1062 13.54 986 12.63 910
17.20 1294 16.29 1217 15.35 1138 14.43 1061 13.53 985 12.61 909
17.19 1293 16.28 1216 15.34 1137 14.42 1060 13.51 984 12.60 908
17.18 1292 16.26 1215 15.33 1136 14.41 1059 13.50 983 12.59 907
12.58 906 11.61 826 10.77 756 9.82 678 8.93 605 7.99 529
12.57 905 11.60 825 10.75 755 9.81 677 8.91 604 7.98 528
12.55 904 11.59 824 10.74 754 9.79 676 8.90 603 7.97 527
12.54 903 11.58 823 10.73 753 9.78 675 8.89 602 7.95 526
12.53 902 11.57 822 10.72 752 9.77 674 8.87 601 7.93 524
12.52 901 11.55 821 10.71 751 9.76 673 8.85 599 7.92 523
12.51 900 11.54 820 10.69 750 9.75 672 8.84 598 7.91 522
12.49 899 11.53 819 10.68 749 9.73 671 8.83 597 7.89 521
12.48 898 11.52 818 10.67 748 9.72 670 8.81 596 7.88 520
12.47 897 11.51 817 10.66 747 9.71 669 8.79 594 7.87 519
12.46 896 11.49 816 10.65 746 9.70 668 8.78 593 7.86 518
12.45 895 11.48 815 10.63 745 9.69 667 8.77 592 7.84 517
12.43 894 11.47 814 10.62 744 9.67 666 8.75 591 7.83 516
12.42 893 11.46 813 10.61 743 9.66 665 8.73 589 7.82 515
12.41 892 11.45 812 10.60 742 9.65 664 8.72 588 7.81 514
12.40 891 11.43 811 10.59 741 9.64 663 8.71 587 7.80 513
12.39 890 11.42 810 10.57 740 9.62 662 8.69 586 7.78 512
12.37 889 11.41 809 10.56 739 9.61 661 8.68 585 7.77 511
12.35 887 11.40 808 10.55 738 9.60 660 8.67 584 7.76 510
12.34 886 11.39 807 10.54 737 9.59 659 8.66 583 7.74 509
12.33 885 11.37 806 10.53 736 9.58 658 8.65 582 7.72 507
12.31 884 11.36 805 10.51 735 9.56 657 8.63 581 7.70 506
12.29 882 11.35 804 10.50 734 9.55 656 8.62 580 7.68 504
12.27 881 11.34 803 10.49 733 9.54 655 8.61 579 7.67 503
12.25 879 11.32 802 10.47 732 9.52 654 8.59 578 7.66 502
12.24 878 11.31 801 10.45 730 9.51 653 8.58 577 7.64 501
12.23 877 11.30 800 10.44 729 9.50 652 8.57 576 7.62 499
12.21 876 11.29 799 10.43 728 9.49 651 8.56 575 7.61 498
12.19 874 11.28 798 10.41 727 9.48 650 8.55 574 7.60 497
12.18 873 11.26 797 10.40 726 9.46 649 8.53 573 7.58 496
12.17 872 11.25 796 10.39 725 9.45 648 8.52 572 7.57 495
12.15 871 11.24 795 10.38 724 9.44 647 8.51 571 7.56 494
12.13 869 11.23 794 10.37 723 9.43 646 8.50 570 7.55 493
12.12 868 11.22 793 10.35 722 9.42 645 8.48 569 7.53 492
12.11 867 11.20 792 10.34 721 9.40 644 8.47 568 7.52 491
12.09 866 11.19 791 10.33 720 9.39 643 8.46 567 7.51 490
12.07 864 11.18 790 10.32 719 9.38 642 8.45 566 7.50 489
12.06 863 11.17 789 10.31 718 9.36 641 8.44 565 7.49 488
12.05 862 11.15 788 10.29 717 9.34 639 8.42 564 7.47 487
12.03 861 11.14 787 10.28 716 9.33 638 8.41 563 7.46 486
12.01 859 11.13 786 10.27 715 9.32 637 8.40 562 7.45 485
12.00 858 11.12 785 10.25 714 9.30 636 8.38 561 7.43 484
11.99 857 11.11 784 10.23 712 9.28 634 8.36 559 7.41 482
11.97 856 11.09 783 10.22 711 9.27 633 8.35 558 7.40 481
11.95 854 11.08 782 10.21 710 9.26 632 8.34 557 7.39 480
11.94 853 11.07 781 10.19 709 9.24 631 8.32 556 7.37 479
11.93 852 11.06 780 10.17 707 9.22 629 8.30 554 7.36 478
11.91 851 11.05 779 10.16 706 9.21 628 8.29 553 7.35 477
11.89 849 11.03 778 10.15 705 9.20 627 8.28 552 7.34 476
11.88 848 11.02 777 10.13 704 9.18 626 8.26 551 7.33 475
11.87 847 11.01 776 10.11 702 9.17 625 8.25 550 7.31 474
11.85 846 11.00 775 10.10 701 9.16 624 8.24 549 7.30 473
11.83 844 10.99 774 10.09 700 9.15 623 8.23 548 7.29 472
11.82 843 10.97 773 10.07 699 9.14 622 8.22 547 7.27 471
11.81 842 10.96 772 10.05 697 9.12 621 8.20 546 7.26 470
11.79 841 10.95 771 10.04 696 9.11 620 8.19 545 7.25 469
11.78 840 10.94 770 10.03 695 9.10 619 8.18 544 7.24 468
11.77 839 10.93 769 10.01 694 9.08 618 8.16 543 7.22 467
11.76 838 10.91 768 10.00 693 9.07 617 8.15 542 7.21 466
11.75 837 10.90 767 9.99 692 9.06 616 8.14 541 7.20 465
11.73 836 10.89 766 9.97 691 9.05 615 8.13 540 7.18 464
11.72 835 10.88 765 9.95 689 9.04 614 8.11 539 7.16 462
11.71 834 10.86 764 9.94 688 9.02 613 8.10 538 7.15 461
11.70 833 10.85 763 9.93 687 9.01 612 8.09 537 7.14 460
11.69 832 10.84 762 9.91 686 9.00 611 8.08 536 7.12 459
11.67 831 10.83 761 9.89 684 8.99 610 8.07 535 7.10 457
11.66 830 10.82 760 9.88 683 8.97 609 8.05 534 7.09 456
11.65 829 10.80 759 9.87 682 8.96 608 8.04 533 7.08 455
11.64 828 10.79 758 9.85 681 8.95 607 8.03 532 7.06 454
11.63 827 10.78 757 9.83 679 8.94 606 8.01 531 7.05 453
7.04 452 6.09 376 5.15 301 4.19 226 3.24 153 2.29 81
7.03 451 6.08 375 5.13 300 4.18 225 3.23 152 2.27 80
7.01 450 6.07 374 5.12 299 4.16 224 3.22 151 2.26 79
7.00 449 6.05 373 5.11 298 4.15 223 3.20 150 2.24 78
6.99 448 6.04 372 5.10 297 4.14 222 3.19 149 2.23 77
6.97 447 6.03 371 5.08 296 4.12 221 3.18 148 2.22 76
6.95 445 6.02 370 5.07 295 4.11 220 3.16 147 2.21 75
6.94 444 6.00 369 5.06 294 4.10 219 3.15 146 2.19 74
6.93 443 5.99 368 5.04 293 4.08 218 3.13 145 2.18 73
6.91 442 5.98 367 5.03 292 4.07 217 3.11 143 2.16 72
6.89 440 5.96 366 5.02 291 4.06 216 3.10 142 2.15 71
6.88 439 5.94 364 5.00 290 4.05 215 3.08 141 2.14 70
6.87 438 5.93 363 4.99 289 4.03 214 3.07 140 2.12 69
6.85 437 5.92 362 4.98 288 4.02 213 3.06 139 2.11 68
6.84 436 5.90 361 4.97 287 4.01 212 3.04 138 2.09 67
6.83 435 5.89 360 4.95 286 3.99 211 3.03 137 2.07 65
6.81 434 5.88 359 4.94 285 3.98 210 3.02 136 2.06 64
6.80 433 5.86 358 4.93 284 3.97 209 3.01 135 2.04 63
6.79 432 5.85 357 4.91 283 3.96 208 2.99 134 2.03 62
6.78 431 5.84 356 4.89 281 3.94 207 2.98 133 2.02 61
6.76 430 5.83 355 4.88 280 3.93 206 2.97 132 2.00 60
6.75 429 5.81 354 4.87 279 3.92 205 2.95 131 1.99 59
6.74 428 5.80 353 4.85 278 3.90 204 2.94 130 1.97 58
6.72 427 5.79 352 4.84 277 3.89 203 2.92 129 1.96 57
6.70 425 5.77 351 4.82 276 3.88 202 2.90 127 1.95 56
6.69 424 5.75 349 4.80 274 3.87 201 2.89 126 1.94 55
6.68 423 5.74 348 4.79 273 3.85 200 2.87 125 1.92 54
6.66 422 5.73 347 4.78 272 3.84 199 2.86 124 1.91 53
6.65 421 5.71 346 4.76 271 3.83 198 2.85 123 1.89 52
6.64 420 5.70 345 4.75 270 3.81 197 2.83 122 1.88 51
6.63 419 5.69 344 4.74 269 3.80 196 2.82 121 1.87 50
6.62 418 5.68 343 4.73 268 3.79 195 2.81 120 1.85 49
6.60 417 5.66 342 4.71 267 3.78 194 2.80 119 1.84 48
6.59 416 5.65 341 4.70 266 3.76 193 2.78 118 1.82 47
6.58 415 5.64 340 4.69 265 3.75 192 2.77 117 1.81 46
6.57 414 5.62 339 4.67 264 3.74 191 2.76 116 1.79 45
6.55 413 5.60 337 4.66 263 3.72 190 2.74 115 1.78 44
6.54 412 5.59 336 4.65 262 3.71 189 2.73 114 1.77 43
6.53 411 5.58 335 4.64 261 3.70 188 2.71 113 1.75 42
6.51 410 5.56 334 4.62 260 3.69 187 2.70 112 1.74 41
6.49 408 5.55 333 4.61 259 3.67 186 2.69 111 1.72 40
6.48 407 5.54 332 4.60 258 3.66 185 2.67 110 1.71 39
6.47 406 5.53 331 4.58 257 3.65 184 2.66 109 1.69 38
6.45 405 5.51 330 4.56 255 3.63 183 2.65 108 1.67 36
6.44 404 5.50 329 4.54 254 3.62 182 2.64 107 1.66 35
6.43 403 5.49 328 4.52 252 3.61 181 2.62 106 1.64 34
6.42 402 5.47 327 4.51 251 3.59 180 2.61 105 1.63 33
6.40 401 5.46 326 4.49 250 3.58 179 2.60 104 1.61 32
6.39 400 5.45 325 4.48 249 3.56 178 2.58 103 1.60 31
6.38 399 5.43 324 4.47 248 3.54 176 2.57 102 1.59 30
6.36 398 5.42 323 4.45 247 3.53 175 2.55 101 1.57 29
6.35 397 5.41 322 4.43 245 3.52 174 2.54 100 1.56 28
6.34 396 5.40 321 4.42 244 3.50 173 2.53 99 1.54 27
6.32 395 5.38 320 4.41 243 3.49 172 2.52 98 1.53 26
6.30 393 5.37 319 4.39 242 3.47 171 2.50 97 1.51 25
6.29 392 5.36 318 4.38 241 3.45 169 2.49 96 1.50 24
6.28 391 5.34 317 4.37 240 3.44 168 2.48 95 1.48 23
6.26 390 5.32 315 4.36 239 3.43 167 2.46 94 1.47 22
6.25 389 5.31 314 4.34 238 3.41 166 2.45 93 1.46 21
6.24 388 5.30 313 4.33 237 3.40 165 2.43 92 1.45 20
6.23 387 5.28 312 4.32 236 3.38 164 2.42 91 1.43 19
6.21 386 5.27 311 4.30 235 3.36 162 2.41 90 1.42 18
6.20 385 5.26 310 4.29 234 3.35 161 2.40 89 1.40 17
6.19 384 5.25 309 4.28 233 3.33 160 2.38 88 1.39 16
6.18 383 5.23 308 4.27 232 3.32 159 2.37 87 1.37 15
6.17 382 5.22 307 4.25 231 3.31 158 2.36 86 1.35 14
6.15 381 5.21 306 4.24 230 3.29 157 2.34 85 1.34 13
6.14 380 5.19 305 4.23 229 3.28 156 2.33 84 1.32 12
6.13 379 5.17 303 4.21 228 3.27 155 2.31 83 1.31 11
6.11 378 5.16 302 4.20 227 3.26 154 2.30 82 1.29 10
1.28 9 1.25 7 1.22 5 1.19 3 1.16 1
1.26 8 1.23 6 1.20 4 1.17 2
