16.35 1369 15.58 1297 14.73 1217 13.88 1138 13.06 1062 12.15 978
16.34 1368 15.57 1296 14.72 1216 13.87 1137 13.05 1061 12.14 977
16.33 1367 15.56 1295 14.70 1215 13.86 1136 13.04 1060 12.13 976
16.32 1366 15.55 1294 14.68 1213 13.85 1135 13.03 1059 12.12 975
16.31 1365 15.54 1293 14.66 1211 13.84 1134 13.02 1058 12.11 974
16.30 1364 15.53 1292 14.65 1210 13.83 1133 13.01 1057 12.10 973
16.29 1363 15.52 1291 14.64 1209 13.82 1132 12.99 1056 12.09 972
16.28 1362 15.51 1290 14.63 1208 13.80 1131 12.97 1054 12.08 971
16.27 1361 15.50 1289 14.62 1207 13.79 1130 12.95 1052 12.07 970
16.26 1360 15.49 1288 14.61 1206 13.78 1129 12.93 1050 12.06 969
16.25 1359 15.48 1287 14.60 1205 13.77 1128 12.92 1049 12.05 968
16.24 1358 15.47 1286 14.59 1204 13.76 1127 12.91 1048 12.03 967
16.23 1357 15.45 1285 14.58 1203 13.75 1126 12.90 1047 12.01 965
16.21 1356 15.43 1283 14.57 1202 13.74 1125 12.89 1046 12.00 964
16.20 1355 15.41 1281 14.55 1201 13.73 1124 12.88 1045 11.99 963
16.19 1354 15.40 1280 14.53 1199 13.72 1123 12.86 1044 11.98 962
16.18 1353 15.39 1279 14.51 1197 13.71 1122 12.84 1042 11.97 961
16.17 1352 15.38 1278 14.50 1196 13.70 1121 12.82 1040 11.96 960
16.16 1351 15.37 1277 14.49 1195 13.69 1120 12.80 1038 11.95 959
16.15 1350 15.36 1276 14.48 1194 13.68 1119 12.79 1037 11.94 958
16.14 1349 15.35 1275 14.47 1193 13.66 1118 12.78 1036 11.92 957
16.13 1348 15.34 1274 14.46 1192 13.65 1117 12.77 1035 11.90 955
16.12 1347 15.33 1273 14.45 1191 13.64 1116 12.76 1034 11.88 953
16.11 1346 15.32 1272 14.44 1190 13.63 1115 12.75 1033 11.87 952
16.10 1345 15.30 1271 14.43 1189 13.62 1114 12.73 1032 11.86 951
16.09 1344 15.28 1269 14.42 1188 13.61 1113 12.71 1030 11.85 950
16.08 1343 15.26 1267 14.40 1187 13.60 1112 12.69 1028 11.84 949
16.06 1342 15.25 1266 14.38 1185 13.59 1111 12.67 1026 11.83 948
16.05 1341 15.24 1265 14.36 1183 13.58 1110 12.66 1025 11.82 947
16.04 1340 15.23 1264 14.35 1182 13.57 1109 12.65 1024 11.81 946
16.03 1339 15.22 1263 14.34 1181 13.56 1108 12.64 1023 11.79 945
16.02 1338 15.21 1262 14.33 1180 13.55 1107 12.63 1022 11.77 943
16.01 1337 15.20 1261 14.32 1179 13.54 1106 12.62 1021 11.75 941
16.00 1336 15.19 1260 14.31 1178 13.53 1105 12.60 1020 11.74 940
15.99 1335 15.18 1259 14.30 1177 13.51 1104 12.58 1018 11.73 939
15.98 1334 15.17 1258 14.29 1176 13.50 1103 12.56 1016 11.72 938
15.97 1333 15.15 1257 14.28 1175 13.49 1102 12.54 1014 11.71 937
15.96 1332 15.13 1255 14.27 1174 13.48 1101 12.53 1013 11.70 936
15.95 1331 15.11 1253 14.25 1173 13.47 1100 12.52 1012 11.68 935
15.94 1330 15.10 1252 14.23 1171 13.46 1099 12.51 1011 11.66 933
15.93 1329 15.09 1251 14.22 1170 13.45 1098 12.50 1010 11.64 931
15.92 1328 15.08 1250 14.21 1169 13.44 1097 12.49 1009 11.63 930
15.90 1327 15.07 1249 14.20 1168 13.43 1096 12.48 1008 11.62 929
15.89 1326 15.06 1248 14.19 1167 13.42 1095 12.47 1007 11.61 928
15.88 1325 15.05 1247 14.18 1166 13.41 1094 12.45 1006 11.60 927
15.87 1324 15.04 1246 14.17 1165 13.40 1093 12.43 1004 11.59 926
15.86 1323 15.03 1245 14.16 1164 13.38 1092 12.41 1002 11.58 925
15.85 1322 15.02 1244 14.15 1163 13.36 1090 12.40 1001 11.57 924
15.84 1321 15.00 1243 14.14 1162 13.35 1089 12.39 1000 11.55 923
15.83 1320 14.98 1241 14.13 1161 13.34 1088 12.38 999 11.53 921
15.82 1319 14.96 1239 14.12 1160 13.33 1087 12.37 998 11.51 919
15.81 1318 14.95 1238 14.10 1159 13.32 1086 12.36 997 11.50 918
15.80 1317 14.94 1237 14.08 1157 13.31 1085 12.35 996 11.49 917
15.79 1316 14.93 1236 14.07 1156 13.30 1084 12.34 995 11.48 916
15.78 1315 14.92 1235 14.06 1155 13.29 1083 12.33 994 11.47 915
15.77 1314 14.91 1234 14.05 1154 13.28 1082 12.32 993 11.46 914
15.75 1313 14.90 1233 14.04 1153 13.27 1081 12.30 992 11.45 913
15.73 1311 14.89 1232 14.03 1152 13.25 1080 12.29 991 11.44 912
15.72 1310 14.88 1231 14.02 1151 13.23 1078 12.28 990 11.43 911
15.71 1309 14.87 1230 14.01 1150 13.21 1076 12.27 989 11.42 910
15.70 1308 14.85 1229 14.00 1149 13.20 1075 12.26 988 11.40 909
15.69 1307 14.83 1227 13.99 1148 13.19 1074 12.25 987 11.39 908
15.68 1306 14.81 1225 13.98 1147 13.18 1073 12.24 986 11.38 907
15.67 1305 14.80 1224 13.97 1146 13.17 1072 12.23 985 11.37 906
15.66 1304 14.79 1223 13.95 1145 13.16 1071 12.22 984 11.36 905
15.65 1303 14.78 1222 13.93 1143 13.15 1070 12.21 983 11.35 904
15.64 1302 14.77 1221 13.92 1142 13.14 1069 12.20 982 11.34 903
15.63 1301 14.76 1220 13.91 1141 13.12 1068 12.19 981 11.33 902
15.62 1300 14.75 1219 13.90 1140 13.10 1066 12.18 980 11.32 901
15.60 1299 14.74 1218 13.89 1139 13.08 1064 12.16 979 11.31 900
11.30 899 10.40 817 9.54 738 8.67 659 7.79 580 6.94 503
11.28 898 10.39 816 9.53 737 8.66 658 7.78 579 6.93 502
11.26 896 10.38 815 9.52 736 8.64 657 7.77 578 6.91 501
11.25 895 10.37 814 9.50 735 8.62 655 7.76 577 6.90 500
11.24 894 10.36 813 9.48 733 8.61 654 7.75 576 6.89 499
11.23 893 10.35 812 9.47 732 8.60 653 7.74 575 6.88 498
11.22 892 10.33 811 9.46 731 8.59 652 7.73 574 6.87 497
11.21 891 10.31 809 9.45 730 8.58 651 7.72 573 6.86 496
11.20 890 10.29 807 9.44 729 8.57 650 7.70 572 6.84 495
11.19 889 10.28 806 9.43 728 8.55 649 7.68 570 6.82 493
11.18 888 10.27 805 9.41 727 8.53 647 7.67 569 6.81 492
11.17 887 10.26 804 9.39 725 8.51 645 7.66 568 6.80 491
11.15 886 10.25 803 9.37 723 8.50 644 7.65 567 6.79 490
11.13 884 10.24 802 9.36 722 8.49 643 7.64 566 6.78 489
11.11 882 10.23 801 9.35 721 8.48 642 7.63 565 6.77 488
11.10 881 10.22 800 9.34 720 8.47 641 7.61 564 6.75 487
11.09 880 10.20 799 9.33 719 8.46 640 7.59 562 6.73 485
11.08 879 10.18 797 9.32 718 8.45 639 7.58 561 6.72 484
11.07 878 10.17 796 9.30 717 8.44 638 7.57 560 6.71 483
11.06 877 10.16 795 9.28 715 8.43 637 7.56 559 6.70 482
11.04 876 10.15 794 9.27 714 8.41 636 7.55 558 6.69 481
11.02 874 10.14 793 9.26 713 8.40 635 7.54 557 6.68 480
11.00 872 10.13 792 9.25 712 8.39 634 7.53 556 6.67 479
10.99 871 10.12 791 9.24 711 8.38 633 7.52 555 6.65 478
10.98 870 10.11 790 9.23 710 8.37 632 7.50 554 6.63 476
10.97 869 10.10 789 9.22 709 8.36 631 7.49 553 6.61 474
10.96 868 10.08 788 9.21 708 8.35 630 7.48 552 6.60 473
10.95 867 10.06 786 9.20 707 8.34 629 7.47 551 6.59 472
10.93 866 10.05 785 9.19 706 8.32 628 7.46 550 6.58 471
10.91 864 10.04 784 9.18 705 8.30 626 7.45 549 6.56 470
10.89 862 10.03 783 9.16 704 8.29 625 7.44 548 6.54 468
10.88 861 10.02 782 9.15 703 8.28 624 7.43 547 6.53 467
10.87 860 10.01 781 9.14 702 8.27 623 7.42 546 6.52 466
10.86 859 10.00 780 9.13 701 8.26 622 7.40 545 6.51 465
10.85 858 9.99 779 9.12 700 8.25 621 7.38 543 6.50 464
10.84 857 9.97 778 9.11 699 8.23 620 7.37 542 6.49 463
10.83 856 9.95 776 9.10 698 8.21 618 7.36 541 6.48 462
10.82 855 9.93 774 9.09 697 8.20 617 7.35 540 6.46 461
10.80 854 9.92 773 9.07 696 8.19 616 7.33 539 6.45 460
10.78 852 9.91 772 9.05 694 8.18 615 7.31 537 6.44 459
10.77 851 9.90 771 9.03 692 8.17 614 7.29 535 6.43 458
10.76 850 9.89 770 9.02 691 8.16 613 7.28 534 6.42 457
10.75 849 9.88 769 9.01 690 8.15 612 7.27 533 6.41 456
10.74 848 9.86 768 9.00 689 8.14 611 7.26 532 6.40 455
10.73 847 9.84 766 8.98 688 8.13 610 7.25 531 6.39 454
10.72 846 9.82 764 8.96 686 8.11 609 7.24 530 6.37 453
10.71 845 9.81 763 8.94 684 8.10 608 7.23 529 6.35 451
10.70 844 9.80 762 8.93 683 8.09 607 7.21 528 6.34 450
10.69 843 9.79 761 8.92 682 8.08 606 7.20 527 6.33 449
10.68 842 9.78 760 8.91 681 8.07 605 7.19 526 6.32 448
10.66 841 9.77 759 8.90 680 8.06 604 7.18 525 6.30 447
10.65 840 9.75 758 8.89 679 8.05 603 7.17 524 6.28 445
10.64 839 9.73 756 8.88 678 8.04 602 7.16 523 6.27 444
10.63 838 9.72 755 8.87 677 8.02 601 7.15 522 6.26 443
10.62 837 9.71 754 8.85 676 8.00 599 7.14 521 6.25 442
10.61 836 9.70 753 8.84 675 7.98 597 7.12 520 6.24 441
10.60 835 9.69 752 8.83 674 7.97 596 7.10 518 6.23 440
10.59 834 9.68 751 8.82 673 7.96 595 7.09 517 6.22 439
10.58 833 9.67 750 8.81 672 7.95 594 7.08 516 6.21 438
10.57 832 9.66 749 8.80 671 7.93 593 7.07 515 6.20 437
10.55 831 9.65 748 8.79 670 7.91 591 7.06 514 6.18 436
10.53 829 9.64 747 8.78 669 7.89 589 7.05 513 6.16 434
10.51 827 9.63 746 8.77 668 7.88 588 7.03 512 6.15 433
10.50 826 9.61 745 8.76 667 7.87 587 7.01 510 6.14 432
10.49 825 9.60 744 8.75 666 7.86 586 7.00 509 6.13 431
10.48 824 9.59 743 8.73 665 7.85 585 6.99 508 6.11 430
10.47 823 9.58 742 8.71 663 7.84 584 6.98 507 6.09 428
10.46 822 9.57 741 8.70 662 7.83 583 6.97 506 6.08 427
10.44 821 9.56 740 8.69 661 7.82 582 6.96 505 6.07 426
10.42 819 9.55 739 8.68 660 7.80 581 6.95 504 6.06 425
6.05 424 5.23 352 4.42 281 3.61 211 2.75 138 1.92 69
6.04 423 5.22 351 4.41 280 3.60 210 2.74 137 1.91 68
6.03 422 5.21 350 4.40 279 3.59 209 2.73 136 1.89 67
6.01 421 5.20 349 4.39 278 3.58 208 2.72 135 1.87 65
6.00 420 5.19 348 4.38 277 3.56 207 2.70 134 1.86 64
5.99 419 5.18 347 4.36 276 3.54 205 2.69 133 1.85 63
5.98 418 5.17 346 4.35 275 3.53 204 2.68 132 1.83 62
5.97 417 5.15 345 4.34 274 3.52 203 2.67 131 1.81 60
5.96 416 5.13 343 4.33 273 3.51 202 2.66 130 1.80 59
5.95 415 5.12 342 4.32 272 3.50 201 2.64 129 1.78 58
5.94 414 5.11 341 4.31 271 3.48 200 2.62 127 1.77 57
5.92 413 5.10 340 4.29 270 3.46 198 2.61 126 1.76 56
5.90 411 5.08 339 4.27 268 3.45 197 2.60 125 1.75 55
5.89 410 5.06 337 4.26 267 3.43 196 2.59 124 1.74 54
5.88 409 5.05 336 4.25 266 3.41 194 2.58 123 1.72 53
5.87 408 5.04 335 4.24 265 3.40 193 2.56 122 1.71 52
5.85 407 5.03 334 4.23 264 3.39 192 2.55 121 1.70 51
5.83 405 5.02 333 4.21 263 3.38 191 2.54 120 1.69 50
5.82 404 5.01 332 4.20 262 3.37 190 2.53 119 1.68 49
5.81 403 5.00 331 4.19 261 3.35 189 2.51 118 1.66 48
5.80 402 4.98 330 4.18 260 3.33 187 2.50 117 1.65 47
5.79 401 4.97 329 4.17 259 3.32 186 2.49 116 1.63 46
5.78 400 4.96 328 4.16 258 3.31 185 2.48 115 1.62 45
5.77 399 4.95 327 4.14 257 3.30 184 2.47 114 1.61 44
5.75 398 4.93 326 4.12 255 3.28 183 2.45 113 1.60 43
5.73 396 4.91 324 4.11 254 3.27 182 2.43 111 1.59 42
5.72 395 4.90 323 4.10 253 3.26 181 2.42 110 1.57 41
5.71 394 4.89 322 4.09 252 3.25 180 2.40 109 1.56 40
5.70 393 4.88 321 4.08 251 3.24 179 2.38 107 1.55 39
5.68 392 4.87 320 4.06 250 3.22 178 2.37 106 1.53 38
5.66 390 4.86 319 4.05 249 3.20 176 2.36 105 1.51 36
5.65 389 4.85 318 4.04 248 3.19 175 2.35 104 1.50 35
5.64 388 4.83 317 4.03 247 3.18 174 2.34 103 1.48 34
5.63 387 4.81 315 4.02 246 3.17 173 2.32 102 1.47 33
5.62 386 4.80 314 4.01 245 3.15 172 2.31 101 1.46 32
5.61 385 4.79 313 3.99 244 3.14 171 2.30 100 1.44 31
5.60 384 4.78 312 3.97 242 3.13 170 2.29 99 1.42 29
5.59 383 4.76 311 3.96 241 3.12 169 2.28 98 1.41 28
5.58 382 4.74 309 3.95 240 3.11 168 2.26 97 1.40 27
5.56 381 4.73 308 3.94 239 3.10 167 2.25 96 1.38 26
5.55 380 4.72 307 3.93 238 3.09 166 2.24 95 1.37 25
5.54 379 4.71 306 3.91 237 3.07 165 2.23 94 1.35 24
5.53 378 4.70 305 3.90 236 3.06 164 2.21 93 1.34 23
5.52 377 4.69 304 3.89 235 3.05 163 2.20 92 1.33 22
5.51 376 4.68 303 3.88 234 3.04 162 2.19 91 1.32 21
5.49 375 4.66 302 3.87 233 3.03 161 2.18 90 1.31 20
5.47 373 4.65 301 3.86 232 3.01 160 2.17 89 1.29 19
5.46 372 4.64 300 3.84 231 3.00 159 2.15 88 1.28 18
5.45 371 4.63 299 3.82 229 2.99 158 2.14 87 1.27 17
5.44 370 4.62 298 3.81 228 2.98 157 2.13 86 1.25 16
5.43 369 4.61 297 3.80 227 2.96 156 2.12 85 1.24 15
5.42 368 4.59 296 3.79 226 2.94 154 2.10 84 1.23 14
5.40 367 4.58 295 3.78 225 2.93 153 2.09 83 1.21 13
5.39 366 4.57 294 3.76 224 2.92 152 2.08 82 1.20 12
5.38 365 4.56 293 3.75 223 2.91 151 2.07 81 1.18 11
5.37 364 4.55 292 3.74 222 2.90 150 2.06 80 1.17 10
5.36 363 4.54 291 3.73 221 2.88 149 2.04 79 1.16 9
5.35 362 4.53 290 3.71 220 2.86 147 2.03 78 1.14 8
5.34 361 4.51 289 3.69 218 2.85 146 2.02 77 1.13 7
5.32 360 4.50 288 3.68 217 2.83 145 2.01 76 1.12 6
5.30 358 4.49 287 3.67 216 2.81 143 2.00 75 1.10 5
5.29 357 4.48 286 3.66 215 2.80 142 1.98 74 1.09 4
5.28 356 4.47 285 3.65 214 2.79 141 1.97 73 1.08 3
5.27 355 4.46 284 3.64 213 2.78 140 1.95 72 1.06 2
5.25 354 4.44 283 3.63 212 2.77 139 1.93 70 1.05 1
