15.82 1368 14.99 1287 14.16 1207 13.32 1126 12.46 1044 11.57 959
15.80 1366 14.98 1286 14.15 1206 13.31 1125 12.45 1043 11.56 958
15.79 1365 14.97 1285 14.14 1205 13.30 1124 12.44 1042 11.55 957
15.78 1364 14.96 1284 14.13 1204 13.28 1123 12.43 1041 11.54 956
15.77 1363 14.95 1283 14.11 1203 13.26 1121 12.42 1040 11.53 955
15.76 1362 14.94 1282 14.09 1201 13.24 1119 12.41 1039 11.52 954
15.75 1361 14.93 1281 14.07 1199 13.23 1118 12.40 1038 11.51 953
15.73 1359 14.91 1280 14.05 1197 13.22 1117 12.38 1037 11.49 952
15.71 1357 14.89 1278 14.04 1196 13.21 1116 12.36 1035 11.47 950
15.70 1356 14.87 1276 14.02 1194 13.20 1115 12.34 1033 11.45 948
15.69 1355 14.85 1274 14.00 1192 13.19 1114 12.33 1032 11.43 946
15.68 1354 14.84 1273 13.98 1190 13.18 1113 12.31 1030 11.42 945
15.67 1353 14.83 1272 13.97 1189 13.17 1112 12.29 1028 11.41 944
15.66 1352 14.82 1271 13.96 1188 13.16 1111 12.27 1026 11.40 943
15.65 1351 14.81 1270 13.95 1187 13.15 1110 12.26 1025 11.39 942
15.64 1350 14.80 1269 13.94 1186 13.14 1109 12.25 1024 11.38 941
15.63 1349 14.79 1268 13.93 1185 13.13 1108 12.24 1023 11.37 940
15.62 1348 14.78 1267 13.92 1184 13.12 1107 12.23 1022 11.36 939
15.61 1347 14.77 1266 13.91 1183 13.11 1106 12.22 1021 11.35 938
15.60 1346 14.76 1265 13.90 1182 13.10 1105 12.21 1020 11.34 937
15.59 1345 14.75 1264 13.89 1181 13.08 1104 12.20 1019 11.33 936
15.58 1344 14.74 1263 13.88 1180 13.06 1102 12.19 1018 11.31 935
15.57 1343 14.73 1262 13.87 1179 13.04 1100 12.18 1017 11.30 933
15.55 1342 14.72 1261 13.86 1178 13.03 1099 12.17 1016 11.29 932
15.53 1340 14.71 1260 13.85 1177 13.02 1098 12.16 1015 11.28 931
15.51 1338 14.70 1259 13.84 1176 13.01 1097 12.15 1014 11.26 930
15.49 1336 14.69 1258 13.82 1175 12.99 1095 12.13 1013 11.24 928
15.47 1334 14.68 1257 13.80 1173 12.97 1093 12.11 1011 11.22 926
15.46 1333 14.67 1256 13.78 1171 12.96 1092 12.09 1009 11.20 924
15.45 1332 14.66 1255 13.77 1170 12.95 1091 12.08 1008 11.19 923
15.44 1331 14.65 1254 13.76 1169 12.94 1090 12.07 1007 11.18 922
15.43 1330 14.64 1253 13.75 1168 12.93 1089 12.06 1006 11.17 921
15.42 1329 14.62 1252 13.74 1167 12.92 1088 12.05 1005 11.16 920
15.40 1327 14.60 1250 13.73 1166 12.91 1087 12.04 1004 11.15 919
15.39 1326 14.58 1248 13.72 1165 12.90 1086 12.03 1003 11.14 918
15.38 1325 14.56 1246 13.71 1164 12.89 1085 12.02 1002 11.13 917
15.37 1324 14.55 1245 13.70 1163 12.88 1084 12.01 1001 11.12 916
15.36 1323 14.54 1244 13.69 1162 12.87 1083 12.00 1000 11.11 915
15.35 1322 14.53 1243 13.68 1161 12.86 1082 11.99 999 11.10 914
15.34 1321 14.52 1242 13.67 1160 12.85 1081 11.98 998 11.08 913
15.33 1320 14.51 1241 13.66 1159 12.83 1080 11.97 997 11.06 911
15.32 1319 14.50 1240 13.65 1158 12.81 1078 11.96 996 11.04 909
15.31 1318 14.49 1239 13.64 1157 12.79 1076 11.95 995 11.03 908
15.30 1317 14.48 1238 13.63 1156 12.77 1074 11.94 994 11.02 907
15.29 1316 14.47 1237 13.62 1155 12.76 1073 11.93 993 11.01 906
15.28 1315 14.46 1236 13.61 1154 12.75 1072 11.92 992 11.00 905
15.27 1314 14.45 1235 13.60 1153 12.74 1071 11.90 991 10.99 904
15.26 1313 14.44 1234 13.59 1152 12.73 1070 11.88 989 10.98 903
15.25 1312 14.43 1233 13.58 1151 12.72 1069 11.86 987 10.97 902
15.24 1311 14.42 1232 13.57 1150 12.71 1068 11.84 985 10.96 901
15.22 1310 14.40 1231 13.55 1149 12.70 1067 11.83 984 10.95 900
15.20 1308 14.39 1229 13.53 1147 12.69 1066 11.82 983 10.94 899
15.18 1306 14.38 1228 13.51 1145 12.68 1065 11.81 982 10.93 898
15.16 1304 14.37 1227 13.49 1143 12.67 1064 11.80 981 10.92 897
15.15 1303 14.36 1226 13.48 1142 12.66 1063 11.79 980 10.91 896
15.14 1302 14.35 1225 13.47 1141 12.65 1062 11.78 979 10.90 895
15.13 1301 14.33 1224 13.46 1140 12.64 1061 11.77 978 10.89 894
15.12 1300 14.31 1222 13.45 1139 12.63 1060 11.76 977 10.87 893
15.11 1299 14.29 1220 13.44 1138 12.62 1059 11.75 976 10.85 891
15.10 1298 14.27 1218 13.43 1137 12.61 1058 11.74 975 10.83 889
15.09 1297 14.26 1217 13.42 1136 12.60 1057 11.72 974 10.81 887
15.08 1296 14.25 1216 13.41 1135 12.58 1056 11.70 972 10.80 886
15.07 1295 14.24 1215 13.40 1134 12.56 1054 11.68 970 10.79 885
15.06 1294 14.23 1214 13.39 1133 12.54 1052 11.66 968 10.78 884
15.05 1293 14.22 1213 13.38 1132 12.52 1050 11.65 967 10.77 883
15.04 1292 14.21 1212 13.37 1131 12.51 1049 11.63 965 10.76 882
15.03 1291 14.20 1211 13.36 1130 12.50 1048 11.61 963 10.75 881
15.02 1290 14.19 1210 13.35 1129 12.49 1047 11.60 962 10.74 880
15.01 1289 14.18 1209 13.34 1128 12.48 1046 11.59 961 10.73 879
15.00 1288 14.17 1208 13.33 1127 12.47 1045 11.58 960 10.72 878
10.71 877 9.82 793 8.96 712 8.09 631 7.23 551 6.35 469
10.69 876 9.81 792 8.95 711 8.07 629 7.22 550 6.34 468
10.67 874 9.80 791 8.94 710 8.06 628 7.21 549 6.32 467
10.65 872 9.79 790 8.92 709 8.05 627 7.20 548 6.30 465
10.64 871 9.78 789 8.91 707 8.04 626 7.18 546 6.29 464
10.63 870 9.76 788 8.90 706 8.03 625 7.17 545 6.28 463
10.62 869 9.74 786 8.89 705 8.02 624 7.16 544 6.27 462
10.60 867 9.72 784 8.87 704 8.01 623 7.15 543 6.26 461
10.59 866 9.71 783 8.85 702 8.00 622 7.14 542 6.25 460
10.58 865 9.70 782 8.84 701 7.99 621 7.13 541 6.24 459
10.57 864 9.69 781 8.83 700 7.97 620 7.12 540 6.23 458
10.56 863 9.68 780 8.82 699 7.95 618 7.10 539 6.22 457
10.55 862 9.67 779 8.81 698 7.94 617 7.08 537 6.20 456
10.54 861 9.66 778 8.80 697 7.93 616 7.06 535 6.18 454
10.53 860 9.65 777 8.79 696 7.92 615 7.05 534 6.17 453
10.52 859 9.64 776 8.78 695 7.91 614 7.04 533 6.15 451
10.51 858 9.63 775 8.77 694 7.90 613 7.03 532 6.14 450
10.50 857 9.62 774 8.76 693 7.89 612 7.02 531 6.13 449
10.48 856 9.60 773 8.75 692 7.88 611 7.01 530 6.12 448
10.46 854 9.59 771 8.73 691 7.87 610 7.00 529 6.11 447
10.44 852 9.58 770 8.71 689 7.86 609 6.98 528 6.10 446
10.43 851 9.57 769 8.70 688 7.85 608 6.96 526 6.09 445
10.42 850 9.55 768 8.69 687 7.84 607 6.94 524 6.07 444
10.41 849 9.53 766 8.68 686 7.83 606 6.93 523 6.05 442
10.40 848 9.51 764 8.67 685 7.82 605 6.92 522 6.03 440
10.39 847 9.50 763 8.66 684 7.80 604 6.91 521 6.02 439
10.38 846 9.49 762 8.65 683 7.78 602 6.90 520 6.01 438
10.37 845 9.48 761 8.64 682 7.77 601 6.89 519 6.00 437
10.36 844 9.47 760 8.63 681 7.76 600 6.88 518 5.99 436
10.35 843 9.46 759 8.62 680 7.75 599 6.86 517 5.98 435
10.34 842 9.45 758 8.61 679 7.74 598 6.85 515 5.97 434
10.32 841 9.44 757 8.59 678 7.73 597 6.84 514 5.95 433
10.30 839 9.43 756 8.57 676 7.72 596 6.83 513 5.93 431
10.28 837 9.41 755 8.56 675 7.71 595 6.81 512 5.92 430
10.27 836 9.39 753 8.54 673 7.70 594 6.79 510 5.91 429
10.25 834 9.37 751 8.52 671 7.68 593 6.78 509 5.90 428
10.23 832 9.36 750 8.51 670 7.66 591 6.77 508 5.89 427
10.22 831 9.35 749 8.50 669 7.64 589 6.76 507 5.88 426
10.21 830 9.34 748 8.49 668 7.63 588 6.75 506 5.87 425
10.20 829 9.33 747 8.48 667 7.62 587 6.74 505 5.85 424
10.19 828 9.32 746 8.47 666 7.61 586 6.73 504 5.83 422
10.18 827 9.31 745 8.46 665 7.60 585 6.72 503 5.82 421
10.17 826 9.30 744 8.45 664 7.59 584 6.71 502 5.80 419
10.16 825 9.29 743 8.44 663 7.58 583 6.69 501 5.78 417
10.15 824 9.28 742 8.42 662 7.57 582 6.67 499 5.77 416
10.14 823 9.27 741 8.40 660 7.56 581 6.66 498 5.76 415
10.13 822 9.25 740 8.38 658 7.54 580 6.65 497 5.75 414
10.11 821 9.24 738 8.37 657 7.53 578 6.64 496 5.74 413
10.09 819 9.23 737 8.36 656 7.51 577 6.63 495 5.73 412
10.07 817 9.22 736 8.35 655 7.49 575 6.62 494 5.72 411
10.06 816 9.20 735 8.34 654 7.47 573 6.61 493 5.70 410
10.05 815 9.18 733 8.33 653 7.46 572 6.59 492 5.68 408
10.04 814 9.17 732 8.32 652 7.45 571 6.57 490 5.67 407
10.03 813 9.16 731 8.31 651 7.44 570 6.55 488 5.66 406
10.02 812 9.15 730 8.30 650 7.43 569 6.54 487 5.65 405
10.01 811 9.14 729 8.28 649 7.42 568 6.53 486 5.64 404
10.00 810 9.13 728 8.26 647 7.41 567 6.52 485 5.63 403
9.99 809 9.12 727 8.24 645 7.40 566 6.51 484 5.62 402
9.98 808 9.11 726 8.23 644 7.39 565 6.50 483 5.60 401
9.97 807 9.10 725 8.22 643 7.37 564 6.49 482 5.58 399
9.95 806 9.09 724 8.21 642 7.35 562 6.48 481 5.57 398
9.94 804 9.08 723 8.20 641 7.34 561 6.47 480 5.56 397
9.93 803 9.06 722 8.19 640 7.33 560 6.46 479 5.55 396
9.92 802 9.04 720 8.18 639 7.32 559 6.44 478 5.54 395
9.90 801 9.02 718 8.17 638 7.31 558 6.42 476 5.53 394
9.88 799 9.01 717 8.16 637 7.30 557 6.40 474 5.52 393
9.86 797 9.00 716 8.15 636 7.29 556 6.39 473 5.50 392
9.85 796 8.99 715 8.14 635 7.28 555 6.38 472 5.48 390
9.84 795 8.98 714 8.13 634 7.27 554 6.37 471 5.47 389
9.83 794 8.97 713 8.11 633 7.25 553 6.36 470 5.45 387
5.44 386 4.73 321 3.98 254 3.23 187 2.48 122 1.71 56
5.43 385 4.71 320 3.97 253 3.21 186 2.47 121 1.70 55
5.42 384 4.69 318 3.96 252 3.19 184 2.46 120 1.68 54
5.41 383 4.68 317 3.95 251 3.18 183 2.45 119 1.67 53
5.40 382 4.67 316 3.93 250 3.17 182 2.43 118 1.66 52
5.39 381 4.66 315 3.91 248 3.16 181 2.42 117 1.64 51
5.38 380 4.65 314 3.90 247 3.15 180 2.41 116 1.62 49
5.37 379 4.64 313 3.89 246 3.13 179 2.40 115 1.61 48
5.35 378 4.63 312 3.88 245 3.12 178 2.39 114 1.60 47
5.33 376 4.61 311 3.87 244 3.11 177 2.38 113 1.58 46
5.32 375 4.59 309 3.86 243 3.10 176 2.37 112 1.57 45
5.31 374 4.58 308 3.85 242 3.09 175 2.36 111 1.56 44
5.30 373 4.57 307 3.83 241 3.08 174 2.34 110 1.55 43
5.29 372 4.56 306 3.81 239 3.07 173 2.33 109 1.54 42
5.28 371 4.55 305 3.80 238 3.06 172 2.32 108 1.52 41
5.27 370 4.54 304 3.79 237 3.04 171 2.31 107 1.51 40
5.25 369 4.53 303 3.78 236 3.02 169 2.30 106 1.50 39
5.23 367 4.51 302 3.77 235 3.01 168 2.28 105 1.48 38
5.22 366 4.49 300 3.76 234 3.00 167 2.26 103 1.46 36
5.21 365 4.48 299 3.75 233 2.99 166 2.25 102 1.45 35
5.20 364 4.47 298 3.74 232 2.98 165 2.24 101 1.44 34
5.19 363 4.46 297 3.72 231 2.96 164 2.22 100 1.42 33
5.18 362 4.45 296 3.70 229 2.94 162 2.20 98 1.41 32
5.17 361 4.44 295 3.69 228 2.93 161 2.19 97 1.40 31
5.15 360 4.43 294 3.68 227 2.92 160 2.18 96 1.39 30
5.14 358 4.42 293 3.67 226 2.91 159 2.17 95 1.38 29
5.12 357 4.40 292 3.66 225 2.90 158 2.16 94 1.37 28
5.10 355 4.38 290 3.64 224 2.88 157 2.14 93 1.35 27
5.09 354 4.37 289 3.62 222 2.87 156 2.13 92 1.34 26
5.08 353 4.36 288 3.61 221 2.86 155 2.12 91 1.33 25
5.07 352 4.35 287 3.60 220 2.85 154 2.11 90 1.31 24
5.06 351 4.34 286 3.59 219 2.84 153 2.10 89 1.30 23
5.05 350 4.33 285 3.58 218 2.83 152 2.08 88 1.29 22
5.04 349 4.32 284 3.56 217 2.82 151 2.07 87 1.28 21
5.02 348 4.30 283 3.54 215 2.80 150 2.06 86 1.27 20
5.00 346 4.28 281 3.53 214 2.79 149 2.05 85 1.25 19
4.99 345 4.27 280 3.52 213 2.78 148 2.04 84 1.24 18
4.98 344 4.26 279 3.51 212 2.77 147 2.03 83 1.23 17
4.97 343 4.25 278 3.50 211 2.76 146 2.01 82 1.21 16
4.96 342 4.24 277 3.48 210 2.74 145 1.99 80 1.20 15
4.95 341 4.22 276 3.46 208 2.73 143 1.98 79 1.19 14
4.94 340 4.20 274 3.45 207 2.71 142 1.97 78 1.17 13
4.92 339 4.19 273 3.44 206 2.70 141 1.95 77 1.16 12
4.90 337 4.18 272 3.43 205 2.69 140 1.93 75 1.15 11
4.89 336 4.17 271 3.42 204 2.68 139 1.92 74 1.13 10
4.88 335 4.16 270 3.41 203 2.67 138 1.91 73 1.12 9
4.87 334 4.15 269 3.40 202 2.65 137 1.89 72 1.11 8
4.86 333 4.14 268 3.39 201 2.63 135 1.87 70 1.09 7
4.85 332 4.12 267 3.37 200 2.62 134 1.86 69 1.08 6
4.84 331 4.11 265 3.35 198 2.61 133 1.85 68 1.07 5
4.82 330 4.09 264 3.34 197 2.60 132 1.83 67 1.05 4
4.81 329 4.08 263 3.33 196 2.59 131 1.81 65 1.04 3
4.80 328 4.07 262 3.32 195 2.57 130 1.80 64 1.03 2
4.79 327 4.06 261 3.31 194 2.56 129 1.79 63 1.02 1
4.78 326 4.05 260 3.29 193 2.55 128 1.77 62
4.77 325 4.04 259 3.27 191 2.54 127 1.75 60
4.76 324 4.03 258 3.26 190 2.53 126 1.74 59
4.75 323 4.01 257 3.25 189 2.51 125 1.73 58
4.74 322 3.99 255 3.24 188 2.49 123 1.72 57
