14.09 1368 13.29 1281 12.52 1197 11.74 1113 10.96 1029 10.18 946
14.08 1366 13.28 1280 12.51 1196 11.73 1112 10.95 1028 10.17 945
14.06 1365 13.27 1278 12.50 1195 11.72 1111 10.94 1027 10.15 943
14.05 1363 13.26 1277 12.49 1194 11.71 1110 10.93 1026 10.14 941
14.04 1362 13.25 1276 12.48 1193 11.70 1109 10.92 1025 10.12 940
14.03 1361 13.24 1275 12.47 1192 11.69 1108 10.91 1024 10.11 938
14.02 1360 13.23 1274 12.45 1190 11.68 1107 10.90 1023 10.10 937
14.01 1359 13.22 1273 12.44 1189 11.67 1105 10.88 1021 10.09 936
13.99 1357 13.21 1272 12.42 1187 11.65 1104 10.87 1020 10.08 935
13.98 1356 13.20 1271 12.41 1185 11.64 1102 10.85 1018 10.07 934
13.96 1354 13.19 1270 12.40 1184 11.63 1101 10.84 1016 10.06 933
13.95 1352 13.18 1269 12.39 1183 11.62 1100 10.83 1015 10.05 932
13.94 1351 13.17 1267 12.38 1182 11.61 1099 10.82 1014 10.04 931
13.93 1350 13.15 1266 12.37 1181 11.60 1098 10.81 1013 10.03 930
13.92 1349 13.14 1264 12.36 1180 11.59 1097 10.80 1012 10.02 929
13.91 1348 13.13 1263 12.35 1179 11.58 1096 10.79 1011 10.01 928
13.90 1347 13.12 1262 12.34 1178 11.57 1095 10.78 1010 10.00 926
13.89 1346 13.11 1261 12.32 1176 11.55 1093 10.77 1009 9.99 925
13.88 1345 13.10 1260 12.31 1175 11.54 1092 10.76 1008 9.98 924
13.86 1343 13.09 1259 12.29 1173 11.52 1090 10.75 1007 9.97 923
13.85 1342 13.08 1258 12.28 1171 11.51 1088 10.74 1006 9.96 922
13.84 1340 13.07 1257 12.27 1170 11.50 1087 10.72 1004 9.95 921
13.83 1339 13.05 1255 12.26 1169 11.49 1086 10.71 1002 9.94 920
13.82 1338 13.04 1253 12.25 1168 11.48 1085 10.70 1001 9.93 919
13.81 1337 13.02 1252 12.24 1167 11.47 1084 10.69 1000 9.92 918
13.80 1336 13.01 1250 12.23 1166 11.46 1083 10.68 999 9.91 917
13.79 1335 13.00 1249 12.22 1165 11.45 1082 10.67 998 9.90 916
13.78 1334 12.99 1248 12.21 1164 11.44 1081 10.66 997 9.88 914
13.77 1333 12.98 1247 12.20 1163 11.43 1080 10.65 996 9.87 913
13.76 1332 12.97 1246 12.19 1162 11.42 1079 10.64 995 9.85 911
13.75 1331 12.96 1245 12.18 1161 11.41 1078 10.63 994 9.84 909
13.74 1329 12.95 1244 12.17 1159 11.40 1076 10.62 993 9.83 908
13.73 1328 12.94 1243 12.16 1158 11.39 1075 10.61 992 9.82 907
13.72 1327 12.92 1241 12.15 1157 11.38 1074 10.60 991 9.81 906
13.71 1326 12.91 1239 12.14 1156 11.37 1073 10.58 989 9.80 905
13.70 1325 12.89 1238 12.13 1155 11.36 1072 10.57 987 9.79 904
13.69 1324 12.88 1236 12.12 1154 11.35 1071 10.56 986 9.78 903
13.68 1323 12.87 1235 12.11 1153 11.34 1070 10.55 985 9.77 902
13.67 1322 12.86 1234 12.10 1152 11.33 1069 10.54 984 9.76 901
13.66 1321 12.85 1233 12.09 1151 11.32 1068 10.53 983 9.75 900
13.65 1320 12.84 1232 12.08 1150 11.31 1067 10.52 982 9.74 899
13.64 1319 12.83 1231 12.07 1149 11.30 1066 10.51 981 9.73 898
13.62 1317 12.82 1230 12.05 1147 11.28 1064 10.50 980 9.71 896
13.61 1315 12.81 1229 12.04 1145 11.27 1062 10.49 979 9.70 894
13.60 1314 12.79 1227 12.03 1144 11.25 1061 10.48 978 9.68 893
13.59 1313 12.78 1225 12.02 1143 11.24 1059 10.47 977 9.67 891
13.58 1312 12.77 1224 12.01 1142 11.23 1058 10.45 975 9.66 890
13.57 1311 12.76 1223 12.00 1141 11.22 1057 10.44 974 9.65 889
13.56 1310 12.75 1222 11.99 1140 11.21 1056 10.42 972 9.64 888
13.55 1309 12.74 1221 11.98 1139 11.20 1055 10.41 970 9.63 887
13.54 1308 12.73 1220 11.97 1138 11.19 1054 10.40 969 9.62 886
13.52 1306 12.72 1219 11.96 1137 11.18 1053 10.39 968 9.61 885
13.51 1304 12.71 1218 11.95 1136 11.17 1052 10.38 967 9.60 884
13.49 1303 12.70 1217 11.94 1135 11.15 1050 10.37 966 9.58 882
13.48 1301 12.69 1216 11.92 1133 11.14 1049 10.36 965 9.57 881
13.47 1300 12.68 1215 11.91 1131 11.12 1047 10.35 964 9.55 879
13.46 1299 12.67 1213 11.89 1130 11.11 1045 10.34 963 9.54 877
13.45 1298 12.66 1212 11.88 1128 11.10 1044 10.33 962 9.53 876
13.44 1297 12.65 1211 11.87 1127 11.09 1043 10.32 961 9.52 875
13.43 1296 12.64 1210 11.86 1126 11.08 1042 10.31 960 9.51 874
13.42 1295 12.63 1209 11.85 1125 11.07 1041 10.30 958 9.50 873
13.41 1294 12.62 1208 11.84 1124 11.06 1040 10.28 957 9.49 872
13.39 1292 12.61 1207 11.83 1123 11.05 1039 10.27 955 9.48 871
13.38 1290 12.60 1206 11.82 1122 11.04 1038 10.26 954 9.47 870
13.36 1289 12.59 1205 11.81 1121 11.03 1037 10.25 953 9.46 869
13.35 1287 12.58 1204 11.79 1119 11.02 1036 10.24 952 9.45 868
13.34 1286 12.57 1203 11.78 1118 11.01 1035 10.23 951 9.44 867
13.33 1285 12.55 1201 11.77 1116 11.00 1033 10.22 950 9.43 866
13.32 1284 12.54 1199 11.76 1115 10.98 1032 10.21 949 9.41 864
13.31 1283 12.53 1198 11.75 1114 10.97 1030 10.20 948 9.40 862
9.38 861 8.60 778 7.82 695 7.02 611 6.25 531 5.44 447
9.37 859 8.58 776 7.81 694 7.01 610 6.24 530 5.43 446
9.36 858 8.57 774 7.80 693 7.00 609 6.23 529 5.42 445
9.35 857 8.55 773 7.79 692 6.99 608 6.22 528 5.41 444
9.34 856 8.54 771 7.78 691 6.98 607 6.21 527 5.40 443
9.33 855 8.53 770 7.77 690 6.97 606 6.20 526 5.39 442
9.32 854 8.52 769 7.76 689 6.96 605 6.19 524 5.37 440
9.31 853 8.51 768 7.75 688 6.95 604 6.17 523 5.36 439
9.30 852 8.50 767 7.74 687 6.94 603 6.16 521 5.34 437
9.29 851 8.49 766 7.73 686 6.93 602 6.14 520 5.33 436
9.28 850 8.48 765 7.71 684 6.92 601 6.13 518 5.31 434
9.27 849 8.47 764 7.70 683 6.91 600 6.11 517 5.30 433
9.25 847 8.46 763 7.68 681 6.90 599 6.10 515 5.29 431
9.24 846 8.45 762 7.67 679 6.88 597 6.09 514 5.27 430
9.23 844 8.44 761 7.66 678 6.87 596 6.08 513 5.26 428
9.22 843 8.43 759 7.65 677 6.86 594 6.07 512 5.24 427
9.21 842 8.41 758 7.64 676 6.84 593 6.06 511 5.23 425
9.20 841 8.40 756 7.63 675 6.83 591 6.05 510 5.21 424
9.19 840 8.38 755 7.62 674 6.82 590 6.04 509 5.20 422
9.18 839 8.37 753 7.61 673 6.81 589 6.03 508 5.19 421
9.17 838 8.36 752 7.60 672 6.80 588 6.02 507 5.18 420
9.16 837 8.35 751 7.59 671 6.79 587 6.01 506 5.17 419
9.15 836 8.34 750 7.58 670 6.78 586 6.00 505 5.16 418
9.14 835 8.33 749 7.57 669 6.77 585 5.99 504 5.15 417
9.13 834 8.32 748 7.56 668 6.76 584 5.97 502 5.14 416
9.11 832 8.31 747 7.54 666 6.75 583 5.96 501 5.13 415
9.10 831 8.30 746 7.53 665 6.74 582 5.94 499 5.12 414
9.08 829 8.29 745 7.51 663 6.73 581 5.93 498 5.11 413
9.07 827 8.28 744 7.50 662 6.72 580 5.91 496 5.10 412
9.05 826 8.27 743 7.48 660 6.71 579 5.90 495 5.09 411
9.04 824 8.26 741 7.47 658 6.70 578 5.89 493 5.08 410
9.03 823 8.24 740 7.46 657 6.69 577 5.87 492 5.07 409
9.02 822 8.23 738 7.45 656 6.68 576 5.86 490 5.06 408
9.01 821 8.22 737 7.44 655 6.67 575 5.85 489 5.05 407
9.00 820 8.21 736 7.43 654 6.66 573 5.84 488 5.04 406
8.99 819 8.20 735 7.42 653 6.64 572 5.83 487 5.03 405
8.98 818 8.19 734 7.41 652 6.63 570 5.82 486 5.02 404
8.97 817 8.18 733 7.40 651 6.61 569 5.81 485 5.01 403
8.96 816 8.17 732 7.39 650 6.60 567 5.80 484 5.00 402
8.95 815 8.16 731 7.38 649 6.59 566 5.79 483 4.99 401
8.94 814 8.15 730 7.37 648 6.58 565 5.78 482 4.97 399
8.93 812 8.14 729 7.36 647 6.57 564 5.77 481 4.96 398
8.91 811 8.13 728 7.34 645 6.56 563 5.76 480 4.94 396
8.90 809 8.12 727 7.33 644 6.55 562 5.75 479 4.93 395
8.89 808 8.11 726 7.31 642 6.54 561 5.74 478 4.92 393
8.88 807 8.10 725 7.30 641 6.53 560 5.73 477 4.90 392
8.87 806 8.08 723 7.28 639 6.52 559 5.72 476 4.89 390
8.86 805 8.07 722 7.27 637 6.51 558 5.71 475 4.87 389
8.85 804 8.06 720 7.26 636 6.50 557 5.70 474 4.86 387
8.84 803 8.05 719 7.25 635 6.49 556 5.69 473 4.84 386
8.83 802 8.04 718 7.24 634 6.47 554 5.67 471 4.83 384
8.82 801 8.03 717 7.23 633 6.46 553 5.66 470 4.82 383
8.81 800 8.02 716 7.22 632 6.44 551 5.64 468 4.81 382
8.80 799 8.01 715 7.21 631 6.43 550 5.63 467 4.80 381
8.78 797 8.00 714 7.20 630 6.41 548 5.61 465 4.79 380
8.77 796 7.99 713 7.19 629 6.40 546 5.60 464 4.78 379
8.75 794 7.98 712 7.18 628 6.39 545 5.59 462 4.77 378
8.74 792 7.97 711 7.17 627 6.38 544 5.57 461 4.76 377
8.73 791 7.96 710 7.16 626 6.37 543 5.56 459 4.75 376
8.72 790 7.95 709 7.15 625 6.36 542 5.55 458 4.74 375
8.71 789 7.94 708 7.14 624 6.35 541 5.54 457 4.73 374
8.70 788 7.93 707 7.13 623 6.34 540 5.53 456 4.72 373
8.69 787 7.91 705 7.11 621 6.33 539 5.52 455 4.71 372
8.68 786 7.90 704 7.10 620 6.32 538 5.51 454 4.70 371
8.67 785 7.88 702 7.08 618 6.31 537 5.50 453 4.69 370
8.66 784 7.87 701 7.07 617 6.30 536 5.49 452 4.68 369
8.65 783 7.86 699 7.06 615 6.29 535 5.48 451 4.67 368
8.64 782 7.85 698 7.05 614 6.28 534 5.47 450 4.66 367
8.63 781 7.84 697 7.04 613 6.27 533 5.46 449 4.65 366
8.61 779 7.83 696 7.03 612 6.26 532 5.45 448 4.64 365
4.63 364 4.04 304 3.32 231 2.65 165 2.07 109 1.46 51
4.62 363 4.03 303 3.31 230 2.64 164 2.06 107 1.45 49
4.60 361 4.02 302 3.30 229 2.63 163 2.05 106 1.43 48
4.59 360 4.00 300 3.29 228 2.62 162 2.03 105 1.42 47
4.57 358 3.99 299 3.27 227 2.61 161 2.02 103 1.41 46
4.56 357 3.97 297 3.26 225 2.60 160 2.00 102 1.40 45
4.54 355 3.96 296 3.25 224 2.59 159 1.99 101 1.39 44
4.53 354 3.95 295 3.24 223 2.58 158 1.98 100 1.38 43
4.52 352 3.94 294 3.23 222 2.57 157 1.97 99 1.37 42
4.50 351 3.93 293 3.22 221 2.56 156 1.96 98 1.36 41
4.49 349 3.92 292 3.20 220 2.55 155 1.95 97 1.35 40
4.47 348 3.90 290 3.19 218 2.54 154 1.94 96 1.33 39
4.46 346 3.89 289 3.17 217 2.53 153 1.93 95 1.32 38
4.44 345 3.87 287 3.16 215 2.52 152 1.92 94 1.30 36
4.43 343 3.86 286 3.15 214 2.51 151 1.91 93 1.29 35
4.42 342 3.84 284 3.14 213 2.50 150 1.90 92 1.28 34
4.41 341 3.83 283 3.13 212 2.49 149 1.89 91 1.27 33
4.40 340 3.82 281 3.12 211 2.48 148 1.88 90 1.26 32
4.39 339 3.80 280 3.10 210 2.47 147 1.87 89 1.25 31
4.38 338 3.79 278 3.09 208 2.46 146 1.86 88 1.24 30
4.37 337 3.77 277 3.07 207 2.45 145 1.85 87 1.23 29
4.36 336 3.76 276 3.06 205 2.44 144 1.84 86 1.22 28
4.35 335 3.74 274 3.05 204 2.43 143 1.83 85 1.20 27
4.34 334 3.73 273 3.03 203 2.42 142 1.82 84 1.19 26
4.33 333 3.72 271 3.02 201 2.40 141 1.80 83 1.18 25
4.32 332 3.70 270 3.00 200 2.39 139 1.79 82 1.17 24
4.31 331 3.69 268 2.99 198 2.37 138 1.77 80 1.16 23
4.30 330 3.67 267 2.97 197 2.36 137 1.76 79 1.15 22
4.29 329 3.66 265 2.96 196 2.35 135 1.75 78 1.14 21
4.28 328 3.64 264 2.95 194 2.33 134 1.74 77 1.13 20
4.27 327 3.63 263 2.93 193 2.32 133 1.73 76 1.12 19
4.26 326 3.62 261 2.92 191 2.30 131 1.72 75 1.10 18
4.25 325 3.60 260 2.90 190 2.29 130 1.71 74 1.09 17
4.24 324 3.59 258 2.89 189 2.28 129 1.70 73 1.08 16
4.23 323 3.57 257 2.87 187 2.27 128 1.69 72 1.07 15
4.22 322 3.56 255 2.86 186 2.26 127 1.68 71 1.06 14
4.21 321 3.54 254 2.85 184 2.25 126 1.67 70 1.05 13
4.20 320 3.53 252 2.83 183 2.24 125 1.66 69 1.03 12
4.19 319 3.52 251 2.82 182 2.23 124 1.65 68 1.02 11
4.18 318 3.50 250 2.80 180 2.22 123 1.63 67 1.01 10
4.17 317 3.49 248 2.79 179 2.21 122 1.62 65 1.00 9
4.16 316 3.47 247 2.78 178 2.20 121 1.60 64 0.99 8
4.15 315 3.46 245 2.77 177 2.19 120 1.59 63 0.98 7
4.14 314 3.44 244 2.76 176 2.18 119 1.58 62 0.96 6
4.13 313 3.43 242 2.75 175 2.17 118 1.56 60 0.95 5
4.12 312 3.42 241 2.73 173 2.16 117 1.55 59 0.94 4
4.11 311 3.41 240 2.72 172 2.15 116 1.54 58 0.93 3
4.10 310 3.40 239 2.71 171 2.14 115 1.53 57 0.92 2
4.09 309 3.39 238 2.70 170 2.13 114 1.52 56 0.91 1
4.08 308 3.37 237 2.69 169 2.12 113 1.51 55
4.07 307 3.36 235 2.68 168 2.11 112 1.50 54
4.06 306 3.34 234 2.67 167 2.10 111 1.49 53
4.05 305 3.33 232 2.66 166 2.09 110 1.48 52
