12.30 1368 11.59 1280 10.89 1193 10.18 1105 9.46 1017 8.74 928
12.29 1367 11.58 1279 10.88 1192 10.17 1104 9.45 1016 8.73 927
12.28 1366 11.57 1278 10.87 1190 10.16 1103 9.44 1014 8.72 926
12.27 1365 11.56 1276 10.86 1189 10.15 1102 9.43 1013 8.71 924
12.26 1363 11.55 1275 10.85 1188 10.14 1100 9.42 1012 8.70 923
12.25 1362 11.54 1274 10.84 1187 10.13 1099 9.41 1011 8.69 922
12.24 1361 11.53 1273 10.83 1186 10.12 1098 9.40 1009 8.68 921
12.22 1359 11.52 1271 10.82 1185 10.11 1097 9.39 1008 8.67 920
12.21 1357 11.51 1270 10.81 1183 10.10 1095 9.38 1007 8.66 919
12.20 1356 11.50 1269 10.80 1182 10.09 1094 9.37 1006 8.65 918
12.19 1355 11.49 1267 10.79 1181 10.08 1093 9.36 1004 8.64 916
12.18 1354 11.48 1266 10.78 1180 10.07 1092 9.35 1003 8.63 915
12.17 1352 11.47 1265 10.77 1178 10.05 1090 9.34 1002 8.62 914
12.16 1351 11.46 1264 10.76 1177 10.04 1088 9.33 1001 8.61 913
12.15 1350 11.45 1262 10.75 1176 10.03 1087 9.32 999 8.60 911
12.14 1349 11.44 1261 10.74 1175 10.02 1086 9.31 998 8.59 910
12.13 1347 11.43 1260 10.73 1173 10.01 1085 9.30 997 8.58 909
12.12 1346 11.42 1259 10.72 1172 10.00 1083 9.29 996 8.57 908
12.11 1345 11.41 1258 10.71 1171 9.99 1082 9.27 994 8.56 906
12.10 1343 11.40 1257 10.70 1170 9.98 1081 9.26 992 8.55 905
12.09 1342 11.39 1255 10.69 1168 9.97 1080 9.25 991 8.54 904
12.08 1341 11.38 1254 10.68 1167 9.96 1078 9.24 990 8.53 903
12.07 1340 11.37 1253 10.67 1166 9.95 1077 9.23 989 8.52 901
12.06 1338 11.36 1252 10.65 1164 9.94 1076 9.22 987 8.51 900
12.05 1337 11.35 1250 10.64 1163 9.93 1074 9.21 986 8.50 899
12.04 1336 11.34 1249 10.63 1161 9.92 1073 9.20 985 8.49 898
12.03 1335 11.33 1248 10.62 1160 9.91 1072 9.19 984 8.48 897
12.02 1334 11.32 1246 10.61 1159 9.90 1071 9.18 982 8.47 896
12.01 1333 11.31 1245 10.60 1157 9.89 1069 9.17 981 8.46 894
12.00 1331 11.30 1244 10.59 1156 9.88 1068 9.16 980 8.45 893
11.99 1330 11.29 1243 10.58 1155 9.87 1067 9.15 979 8.44 892
11.98 1329 11.28 1241 10.57 1154 9.86 1066 9.14 977 8.43 891
11.97 1327 11.27 1240 10.56 1152 9.85 1065 9.13 976 8.42 889
11.96 1326 11.26 1239 10.55 1151 9.84 1064 9.12 975 8.41 888
11.95 1325 11.25 1238 10.54 1150 9.83 1062 9.11 974 8.40 887
11.94 1324 11.24 1237 10.53 1149 9.82 1061 9.10 972 8.39 886
11.93 1322 11.23 1236 10.52 1147 9.81 1060 9.09 971 8.38 884
11.92 1321 11.22 1234 10.51 1146 9.80 1059 9.08 970 8.37 883
11.91 1320 11.21 1233 10.50 1145 9.79 1057 9.07 969 8.36 882
11.90 1319 11.20 1232 10.49 1143 9.78 1056 9.06 968 8.35 881
11.89 1317 11.19 1231 10.48 1142 9.77 1055 9.05 967 8.34 879
11.88 1316 11.18 1229 10.47 1141 9.76 1054 9.04 965 8.33 878
11.87 1315 11.17 1228 10.46 1140 9.75 1052 9.03 964 8.32 877
11.86 1313 11.16 1227 10.45 1139 9.74 1051 9.02 963 8.31 876
11.85 1312 11.15 1225 10.44 1138 9.73 1050 9.01 962 8.30 874
11.84 1311 11.14 1224 10.43 1137 9.72 1049 9.00 960 8.29 873
11.83 1310 11.13 1223 10.42 1135 9.71 1047 8.99 959 8.28 872
11.82 1309 11.12 1222 10.41 1134 9.70 1046 8.98 958 8.27 871
11.81 1308 11.11 1220 10.40 1133 9.69 1045 8.97 957 8.26 870
11.80 1306 11.10 1219 10.39 1131 9.68 1044 8.96 955 8.25 869
11.79 1305 11.09 1218 10.38 1130 9.66 1042 8.95 954 8.24 867
11.78 1304 11.08 1217 10.37 1129 9.65 1040 8.94 953 8.23 866
11.77 1303 11.07 1215 10.36 1128 9.64 1039 8.93 952 8.22 865
11.76 1301 11.06 1214 10.35 1126 9.63 1038 8.92 950 8.21 864
11.75 1300 11.05 1213 10.34 1125 9.62 1037 8.91 949 8.20 862
11.74 1299 11.04 1212 10.33 1124 9.61 1035 8.90 948 8.19 861
11.73 1297 11.03 1211 10.32 1123 9.60 1034 8.89 946 8.18 860
11.72 1296 11.02 1210 10.31 1121 9.59 1033 8.87 945 8.17 859
11.71 1295 11.01 1208 10.30 1120 9.58 1032 8.86 943 8.16 857
11.70 1294 11.00 1207 10.29 1119 9.57 1030 8.85 942 8.15 856
11.69 1292 10.99 1206 10.28 1118 9.56 1029 8.84 941 8.14 855
11.68 1291 10.98 1204 10.27 1116 9.55 1028 8.83 940 8.13 854
11.67 1290 10.97 1203 10.26 1115 9.54 1026 8.82 938 8.12 852
11.66 1289 10.96 1202 10.25 1114 9.53 1025 8.81 937 8.11 851
11.65 1287 10.95 1201 10.24 1113 9.52 1024 8.80 936 8.10 850
11.64 1286 10.94 1199 10.23 1112 9.51 1023 8.79 935 8.09 849
11.63 1285 10.93 1198 10.22 1111 9.50 1021 8.78 933 8.08 848
11.62 1284 10.92 1197 10.21 1109 9.49 1020 8.77 932 8.07 847
11.61 1283 10.91 1196 10.20 1108 9.48 1019 8.76 931 8.06 846
11.60 1281 10.90 1194 10.19 1107 9.47 1018 8.75 930 8.05 844
8.04 843 7.32 755 6.60 668 5.86 580 5.15 495 4.43 410
8.03 842 7.31 754 6.59 667 5.85 578 5.14 493 4.42 408
8.02 841 7.30 753 6.58 666 5.84 577 5.12 492 4.41 407
8.01 839 7.29 752 6.57 665 5.83 576 5.11 490 4.40 406
8.00 838 7.28 751 6.56 663 5.82 575 5.10 489 4.39 405
7.99 837 7.27 750 6.55 662 5.81 573 5.09 488 4.38 404
7.98 836 7.26 748 6.54 661 5.80 572 5.08 487 4.37 402
7.97 834 7.25 747 6.53 660 5.79 571 5.07 485 4.36 401
7.96 833 7.24 746 6.52 658 5.78 570 5.06 484 4.35 400
7.95 832 7.23 745 6.50 657 5.77 569 5.05 483 4.34 399
7.94 831 7.22 743 6.49 655 5.76 567 5.04 482 4.33 398
7.93 829 7.21 742 6.48 654 5.75 566 5.03 481 4.32 397
7.92 828 7.20 741 6.47 653 5.74 565 5.02 479 4.31 396
7.91 827 7.19 740 6.46 652 5.73 564 5.01 478 4.30 395
7.90 826 7.18 738 6.45 650 5.71 562 5.00 477 4.29 393
7.88 824 7.17 737 6.44 649 5.70 561 4.99 476 4.28 392
7.87 822 7.16 736 6.43 648 5.69 559 4.98 474 4.27 391
7.86 821 7.15 735 6.42 647 5.68 558 4.97 473 4.26 390
7.85 820 7.14 733 6.41 645 5.67 557 4.96 472 4.25 389
7.84 819 7.13 732 6.40 644 5.66 556 4.95 471 4.24 387
7.83 817 7.12 731 6.39 643 5.65 554 4.94 470 4.23 386
7.82 816 7.11 730 6.38 642 5.64 553 4.93 469 4.22 385
7.81 815 7.10 729 6.37 641 5.63 552 4.92 468 4.21 384
7.80 814 7.09 728 6.36 639 5.62 551 4.91 467 4.20 382
7.79 812 7.08 727 6.35 638 5.61 550 4.90 465 4.19 381
7.78 811 7.07 725 6.34 637 5.60 548 4.89 464 4.18 380
7.77 810 7.06 724 6.33 636 5.59 547 4.88 463 4.17 379
7.76 809 7.05 723 6.31 634 5.58 546 4.87 462 4.16 378
7.75 807 7.04 722 6.30 633 5.57 545 4.86 461 4.14 376
7.74 806 7.03 720 6.29 631 5.56 543 4.85 459 4.13 375
7.73 805 7.02 719 6.28 630 5.55 542 4.84 458 4.12 373
7.72 804 7.01 718 6.27 629 5.54 541 4.83 457 4.11 372
7.71 802 7.00 717 6.26 628 5.53 540 4.82 456 4.10 371
7.69 801 6.99 715 6.25 626 5.52 539 4.81 454 4.09 370
7.68 799 6.98 714 6.24 625 5.51 538 4.80 453 4.08 369
7.67 798 6.97 713 6.23 624 5.50 537 4.79 452 4.07 367
7.66 797 6.96 712 6.22 623 5.49 535 4.78 451 4.06 366
7.65 796 6.95 710 6.21 621 5.48 534 4.77 450 4.05 365
7.64 794 6.94 709 6.20 620 5.47 533 4.76 448 4.04 364
7.63 793 6.93 708 6.19 619 5.46 532 4.75 447 4.03 363
7.62 792 6.92 707 6.18 618 5.45 531 4.74 446 4.02 361
7.61 791 6.90 705 6.17 617 5.44 529 4.73 445 4.01 360
7.60 789 6.89 704 6.16 615 5.43 528 4.72 444 4.00 359
7.59 788 6.88 702 6.15 614 5.42 527 4.71 443 3.99 358
7.58 787 6.87 701 6.14 613 5.41 526 4.70 442 3.98 357
7.57 786 6.86 700 6.13 612 5.40 524 4.69 440 3.97 355
7.56 784 6.85 699 6.11 610 5.39 523 4.68 439 3.96 354
7.55 783 6.84 697 6.10 609 5.38 522 4.67 438 3.95 353
7.54 782 6.83 696 6.09 607 5.37 521 4.66 437 3.94 352
7.53 781 6.82 695 6.08 606 5.36 520 4.65 436 3.93 351
7.52 779 6.81 694 6.07 605 5.35 518 4.64 434 3.92 350
7.51 778 6.80 692 6.06 604 5.34 517 4.63 433 3.91 349
7.50 777 6.79 691 6.05 602 5.33 516 4.62 432 3.90 348
7.49 776 6.78 690 6.04 601 5.32 515 4.61 431 3.89 346
7.48 775 6.77 689 6.03 600 5.31 514 4.60 430 3.88 345
7.47 774 6.76 688 6.02 599 5.30 513 4.59 428 3.87 344
7.46 773 6.75 686 6.01 597 5.29 512 4.58 427 3.86 343
7.45 771 6.74 685 6.00 596 5.28 510 4.57 426 3.85 342
7.44 770 6.73 684 5.99 595 5.27 509 4.56 425 3.84 340
7.43 769 6.72 683 5.98 594 5.26 508 4.55 424 3.83 339
7.42 768 6.70 681 5.97 593 5.25 507 4.53 422 3.82 338
7.41 766 6.69 679 5.96 591 5.24 506 4.52 421 3.81 337
7.40 765 6.68 678 5.95 590 5.23 504 4.51 419 3.80 336
7.39 764 6.67 677 5.94 589 5.22 503 4.50 418 3.79 334
7.38 763 6.66 676 5.93 588 5.21 502 4.49 417 3.78 333
7.37 761 6.65 675 5.91 586 5.20 501 4.48 416 3.77 332
7.36 760 6.64 673 5.90 585 5.19 499 4.47 414 3.76 331
7.35 759 6.63 672 5.89 583 5.18 498 4.46 413 3.75 330
7.34 758 6.62 671 5.88 582 5.17 497 4.45 412 3.74 329
7.33 756 6.61 670 5.87 581 5.16 496 4.44 411 3.73 328
3.72 327 3.23 270 2.73 212 2.24 157 1.74 101 1.25 48
3.71 326 3.22 268 2.72 211 2.23 156 1.73 100 1.24 47
3.70 324 3.21 267 2.71 210 2.22 154 1.72 99 1.23 46
3.69 323 3.20 266 2.70 209 2.21 153 1.71 98 1.22 45
3.68 322 3.19 265 2.69 208 2.20 152 1.70 97 1.21 43
3.67 321 3.18 264 2.68 207 2.19 151 1.69 96 1.20 42
3.66 320 3.17 263 2.67 205 2.18 150 1.68 94 1.18 41
3.65 318 3.15 261 2.66 204 2.17 149 1.67 93 1.17 40
3.64 317 3.14 260 2.65 203 2.16 148 1.66 92 1.16 39
3.63 316 3.13 258 2.64 202 2.15 147 1.65 91 1.15 38
3.62 315 3.12 257 2.63 201 2.14 146 1.64 90 1.14 36
3.61 314 3.11 256 2.62 200 2.13 145 1.63 89 1.13 35
3.60 312 3.10 255 2.61 198 2.12 143 1.62 88 1.12 34
3.59 311 3.09 254 2.60 197 2.11 142 1.61 87 1.11 33
3.58 310 3.08 252 2.59 196 2.10 141 1.60 85 1.10 32
3.57 309 3.07 251 2.58 195 2.09 140 1.59 84 1.09 31
3.56 308 3.06 250 2.57 194 2.08 139 1.57 83 1.08 30
3.55 307 3.05 249 2.56 193 2.07 138 1.56 82 1.07 29
3.54 306 3.04 248 2.55 192 2.06 137 1.55 80 1.06 28
3.53 305 3.03 247 2.54 191 2.05 135 1.54 79 1.05 27
3.52 303 3.02 245 2.53 190 2.04 134 1.53 78 1.04 26
3.51 302 3.01 244 2.52 189 2.03 133 1.52 77 1.03 25
3.50 301 3.00 243 2.51 187 2.02 132 1.51 76 1.02 24
3.49 300 2.99 242 2.50 186 2.01 131 1.50 75 1.01 23
3.48 299 2.98 241 2.49 185 2.00 130 1.49 74 1.00 22
3.47 297 2.97 239 2.48 184 1.99 129 1.48 73 0.98 20
3.46 296 2.95 238 2.47 183 1.97 127 1.47 72 0.97 19
3.45 295 2.94 237 2.46 182 1.96 126 1.46 70 0.96 18
3.44 294 2.93 235 2.45 180 1.95 125 1.45 69 0.95 17
3.43 293 2.92 234 2.44 179 1.94 123 1.44 68 0.94 16
3.42 292 2.91 233 2.43 178 1.93 122 1.43 67 0.93 15
3.41 290 2.90 232 2.42 177 1.92 121 1.42 66 0.92 14
3.40 289 2.89 231 2.41 176 1.91 120 1.41 65 0.91 13
3.39 288 2.88 229 2.40 175 1.90 119 1.40 64 0.90 12
3.38 287 2.87 228 2.39 173 1.89 118 1.39 63 0.89 11
3.37 286 2.86 227 2.38 172 1.88 117 1.38 62 0.88 10
3.35 284 2.85 226 2.36 171 1.87 115 1.37 61 0.87 9
3.34 283 2.84 225 2.35 169 1.86 114 1.36 60 0.86 8
3.33 281 2.83 224 2.34 168 1.85 113 1.35 59 0.85 7
3.32 280 2.82 222 2.33 167 1.84 112 1.34 58 0.84 6
3.31 279 2.81 221 2.32 166 1.83 111 1.33 57 0.83 5
3.30 278 2.80 220 2.31 165 1.82 110 1.32 55 0.82 4
3.29 277 2.79 219 2.30 164 1.81 109 1.31 54 0.81 3
3.28 276 2.78 218 2.29 162 1.80 107 1.30 53 0.80 2
3.27 274 2.77 217 2.28 161 1.79 106 1.29 52 0.79 1
3.26 273 2.76 216 2.27 160 1.77 105 1.28 51
3.25 272 2.75 215 2.26 159 1.76 103 1.27 50
3.24 271 2.74 214 2.25 158 1.75 102 1.26 49
