10.56 1369 9.86 1267 9.16 1166 8.46 1066 7.76 965 7.06 866
10.55 1368 9.85 1266 9.15 1165 8.45 1064 7.75 964 7.05 864
10.54 1366 9.84 1265 9.14 1164 8.44 1063 7.74 963 7.04 863
10.53 1365 9.83 1263 9.13 1162 8.43 1061 7.73 961 7.03 861
10.52 1363 9.82 1262 9.12 1161 8.42 1060 7.72 960 7.02 860
10.51 1362 9.81 1260 9.11 1159 8.41 1059 7.71 958 7.01 859
10.50 1361 9.80 1259 9.10 1158 8.40 1057 7.70 957 7.00 857
10.49 1359 9.79 1257 9.09 1156 8.39 1056 7.69 955 6.99 856
10.48 1357 9.78 1256 9.08 1155 8.38 1054 7.68 954 6.98 854
10.47 1356 9.77 1255 9.07 1154 8.37 1053 7.67 953 6.97 853
10.46 1355 9.76 1253 9.06 1152 8.36 1052 7.66 952 6.96 852
10.45 1353 9.75 1252 9.05 1150 8.35 1050 7.65 950 6.95 850
10.44 1352 9.74 1250 9.04 1149 8.34 1049 7.64 948 6.94 849
10.43 1350 9.73 1249 9.03 1148 8.33 1047 7.63 947 6.93 847
10.42 1349 9.72 1247 9.02 1146 8.32 1045 7.62 945 6.92 846
10.41 1347 9.71 1246 9.01 1145 8.31 1044 7.61 944 6.91 844
10.40 1346 9.70 1245 9.00 1143 8.30 1043 7.60 943 6.90 843
10.39 1345 9.69 1243 8.99 1142 8.29 1042 7.59 941 6.89 842
10.38 1343 9.68 1241 8.98 1140 8.28 1040 7.58 940 6.88 840
10.37 1342 9.67 1240 8.97 1139 8.27 1038 7.57 938 6.87 839
10.36 1340 9.66 1239 8.96 1138 8.26 1037 7.56 937 6.86 837
10.35 1339 9.65 1238 8.95 1137 8.25 1036 7.55 936 6.85 836
10.34 1337 9.64 1236 8.94 1135 8.24 1034 7.54 934 6.84 834
10.33 1336 9.63 1234 8.93 1133 8.23 1033 7.53 933 6.83 833
10.32 1334 9.62 1233 8.92 1132 8.22 1032 7.52 931 6.82 832
10.31 1333 9.61 1232 8.91 1130 8.21 1030 7.51 930 6.81 830
10.30 1331 9.60 1230 8.90 1129 8.20 1028 7.50 928 6.80 829
10.29 1330 9.59 1229 8.89 1128 8.19 1027 7.49 927 6.79 827
10.28 1329 9.58 1227 8.88 1126 8.18 1026 7.48 926 6.78 826
10.27 1327 9.57 1225 8.87 1124 8.17 1024 7.47 924 6.77 824
10.26 1326 9.56 1224 8.86 1123 8.16 1023 7.46 923 6.76 823
10.25 1324 9.55 1223 8.85 1122 8.15 1021 7.45 921 6.75 822
10.24 1323 9.54 1222 8.84 1121 8.14 1020 7.44 920 6.74 821
10.23 1321 9.53 1220 8.83 1119 8.13 1018 7.43 918 6.73 819
10.22 1320 9.52 1218 8.82 1118 8.12 1017 7.42 917 6.72 817
10.21 1319 9.51 1217 8.81 1116 8.11 1016 7.41 916 6.71 816
10.20 1317 9.50 1216 8.80 1115 8.10 1014 7.40 914 6.70 814
10.19 1315 9.49 1214 8.79 1113 8.09 1013 7.39 913 6.69 813
10.18 1314 9.48 1213 8.78 1112 8.08 1011 7.38 911 6.68 812
10.17 1313 9.47 1211 8.77 1111 8.07 1010 7.37 910 6.67 811
10.16 1311 9.46 1210 8.76 1109 8.06 1008 7.36 908 6.66 809
10.15 1310 9.45 1208 8.75 1107 8.05 1007 7.35 907 6.65 807
10.14 1308 9.44 1207 8.74 1106 8.04 1006 7.34 906 6.64 806
10.13 1307 9.43 1206 8.73 1105 8.03 1004 7.33 904 6.63 805
10.12 1305 9.42 1204 8.72 1103 8.02 1002 7.32 903 6.62 803
10.11 1304 9.41 1203 8.71 1102 8.01 1001 7.31 901 6.61 802
10.10 1303 9.40 1201 8.70 1100 8.00 1000 7.30 900 6.60 801
10.09 1301 9.39 1200 8.69 1099 7.99 999 7.29 898 6.59 799
10.08 1299 9.38 1198 8.68 1097 7.98 997 7.28 897 6.58 797
10.07 1298 9.37 1197 8.67 1096 7.97 996 7.27 896 6.57 796
10.06 1297 9.36 1196 8.66 1095 7.96 994 7.26 894 6.56 795
10.05 1295 9.35 1194 8.65 1093 7.95 992 7.25 893 6.55 793
10.04 1294 9.34 1192 8.64 1092 7.94 991 7.24 891 6.54 792
10.03 1292 9.33 1191 8.63 1090 7.93 990 7.23 890 6.53 791
10.02 1291 9.32 1190 8.62 1089 7.92 989 7.22 889 6.52 789
10.01 1289 9.31 1188 8.61 1087 7.91 987 7.21 887 6.51 788
10.00 1288 9.30 1187 8.60 1086 7.90 985 7.20 886 6.50 786
9.99 1287 9.29 1185 8.59 1085 7.89 984 7.19 884 6.49 785
9.98 1285 9.28 1184 8.58 1083 7.88 983 7.18 883 6.48 783
9.97 1283 9.27 1182 8.57 1081 7.87 981 7.17 881 6.47 782
9.96 1282 9.26 1181 8.56 1080 7.86 980 7.16 880 6.46 781
9.95 1281 9.25 1180 8.55 1079 7.85 979 7.15 879 6.45 779
9.94 1279 9.24 1178 8.54 1077 7.84 977 7.14 877 6.44 778
9.93 1278 9.23 1176 8.53 1076 7.83 975 7.13 876 6.43 776
9.92 1276 9.22 1175 8.52 1074 7.82 974 7.12 874 6.42 775
9.91 1275 9.21 1174 8.51 1073 7.81 973 7.11 873 6.41 774
9.90 1273 9.20 1172 8.50 1071 7.80 971 7.10 871 6.40 772
9.89 1272 9.19 1171 8.49 1070 7.79 970 7.09 870 6.39 771
9.88 1271 9.18 1170 8.48 1069 7.78 968 7.08 869 6.38 769
9.87 1269 9.17 1168 8.47 1068 7.77 967 7.07 867 6.37 768
6.36 766 5.66 668 4.96 570 4.26 473 3.56 376 2.86 281
6.35 765 5.65 666 4.95 569 4.25 471 3.55 375 2.85 280
6.34 764 5.64 665 4.94 567 4.24 470 3.54 374 2.84 279
6.33 762 5.63 663 4.93 565 4.23 468 3.53 372 2.83 277
6.32 761 5.62 662 4.92 564 4.22 467 3.52 371 2.82 276
6.31 759 5.61 661 4.91 563 4.21 466 3.51 370 2.81 275
6.30 758 5.60 660 4.90 562 4.20 465 3.50 369 2.80 274
6.29 756 5.59 658 4.89 560 4.19 463 3.49 367 2.79 272
6.28 755 5.58 657 4.88 559 4.18 462 3.48 366 2.78 271
6.27 754 5.57 655 4.87 558 4.17 461 3.47 364 2.77 270
6.26 753 5.56 654 4.86 556 4.16 459 3.46 363 2.76 268
6.25 751 5.55 652 4.85 554 4.15 457 3.45 361 2.75 267
6.24 750 5.54 651 4.84 553 4.14 456 3.44 360 2.74 265
6.23 748 5.53 650 4.83 552 4.13 455 3.43 359 2.73 264
6.22 746 5.52 648 4.82 550 4.12 453 3.42 357 2.72 263
6.21 745 5.51 647 4.81 549 4.11 452 3.41 356 2.71 261
6.20 744 5.50 645 4.80 548 4.10 451 3.40 355 2.70 260
6.19 743 5.49 644 4.79 546 4.09 450 3.39 354 2.69 259
6.18 741 5.48 642 4.78 545 4.08 448 3.38 352 2.68 257
6.17 740 5.47 641 4.77 543 4.07 447 3.37 351 2.67 256
6.16 738 5.46 640 4.76 542 4.06 445 3.36 349 2.66 255
6.15 737 5.45 639 4.75 541 4.05 444 3.35 348 2.65 253
6.14 735 5.44 637 4.74 539 4.04 442 3.34 346 2.64 252
6.13 734 5.43 636 4.73 538 4.03 441 3.33 345 2.63 251
6.12 733 5.42 634 4.72 537 4.02 440 3.32 344 2.62 250
6.11 731 5.41 633 4.71 535 4.01 438 3.31 342 2.61 248
6.10 730 5.40 631 4.70 534 4.00 437 3.30 341 2.60 247
6.09 728 5.39 630 4.69 532 3.99 436 3.29 340 2.59 245
6.08 727 5.38 629 4.68 531 3.98 434 3.28 339 2.58 244
6.07 725 5.37 627 4.67 529 3.97 433 3.27 337 2.57 242
6.06 724 5.36 626 4.66 528 3.96 431 3.26 336 2.56 241
6.05 723 5.35 625 4.65 527 3.95 430 3.25 334 2.55 240
6.04 722 5.34 623 4.64 526 3.94 429 3.24 333 2.54 238
6.03 720 5.33 621 4.63 524 3.93 427 3.23 331 2.53 237
6.02 718 5.32 620 4.62 523 3.92 426 3.22 330 2.52 236
6.01 717 5.31 619 4.61 521 3.91 425 3.21 329 2.51 235
6.00 715 5.30 617 4.60 520 3.90 423 3.20 327 2.50 233
5.99 714 5.29 616 4.59 518 3.89 422 3.19 326 2.49 232
5.98 713 5.28 615 4.58 517 3.88 421 3.18 325 2.48 231
5.97 712 5.27 613 4.57 516 3.87 419 3.17 324 2.47 229
5.96 710 5.26 612 4.56 514 3.86 417 3.16 322 2.46 228
5.95 709 5.25 610 4.55 513 3.85 416 3.15 321 2.45 227
5.94 707 5.24 609 4.54 512 3.84 415 3.14 320 2.44 225
5.93 706 5.23 608 4.53 510 3.83 414 3.13 318 2.43 224
5.92 704 5.22 606 4.52 509 3.82 412 3.12 317 2.42 222
5.91 703 5.21 605 4.51 507 3.81 411 3.11 315 2.41 221
5.90 702 5.20 604 4.50 506 3.80 410 3.10 314 2.40 220
5.89 700 5.19 602 4.49 504 3.79 408 3.09 312 2.39 218
5.88 699 5.18 601 4.48 503 3.78 407 3.08 311 2.38 217
5.87 697 5.17 599 4.47 502 3.77 405 3.07 310 2.37 216
5.86 696 5.16 598 4.46 501 3.76 404 3.06 309 2.36 215
5.85 694 5.15 596 4.45 499 3.75 402 3.05 307 2.35 213
5.84 693 5.14 595 4.44 498 3.74 401 3.04 306 2.34 212
5.83 692 5.13 594 4.43 496 3.73 400 3.03 305 2.33 211
5.82 691 5.12 593 4.42 495 3.72 399 3.02 303 2.32 210
5.81 689 5.11 591 4.41 493 3.71 397 3.01 302 2.31 208
5.80 688 5.10 589 4.40 492 3.70 396 3.00 300 2.30 207
5.79 686 5.09 588 4.39 491 3.69 395 2.99 299 2.29 205
5.78 684 5.08 586 4.38 489 3.68 393 2.98 297 2.28 204
5.77 683 5.07 585 4.37 488 3.67 392 2.97 296 2.27 203
5.76 682 5.06 584 4.36 487 3.66 390 2.96 295 2.26 201
5.75 681 5.05 583 4.35 485 3.65 389 2.95 294 2.25 200
5.74 679 5.04 581 4.34 484 3.64 387 2.94 292 2.24 198
5.73 678 5.03 580 4.33 482 3.63 386 2.93 291 2.23 197
5.72 676 5.02 578 4.32 481 3.62 385 2.92 290 2.22 196
5.71 675 5.01 577 4.31 480 3.61 384 2.91 289 2.21 195
5.70 673 5.00 575 4.30 478 3.60 382 2.90 287 2.20 193
5.69 672 4.99 574 4.29 477 3.59 381 2.89 286 2.19 192
5.68 671 4.98 573 4.28 476 3.58 379 2.88 284 2.18 191
5.67 669 4.97 571 4.27 474 3.57 378 2.87 283 2.17 189
2.16 188 1.91 155 1.66 123 1.41 91 1.16 59 0.91 28
2.15 187 1.90 154 1.65 121 1.40 89 1.15 58 0.90 27
2.14 186 1.89 153 1.64 120 1.39 88 1.14 56 0.89 26
2.13 184 1.88 151 1.63 119 1.38 87 1.13 55 0.88 24
2.12 183 1.87 150 1.62 117 1.37 85 1.12 54 0.87 23
2.11 182 1.86 149 1.61 116 1.36 84 1.11 53 0.86 22
2.10 180 1.85 147 1.60 115 1.35 83 1.10 51 0.85 21
2.09 179 1.84 146 1.59 114 1.34 82 1.09 50 0.84 19
2.08 178 1.83 145 1.58 112 1.33 80 1.08 49 0.83 18
2.07 176 1.82 143 1.57 111 1.32 79 1.07 48 0.82 17
2.06 175 1.81 142 1.56 110 1.31 78 1.06 46 0.81 16
2.05 173 1.80 141 1.55 109 1.30 77 1.05 45 0.80 15
2.04 172 1.79 139 1.54 107 1.29 75 1.04 44 0.79 14
2.03 171 1.78 138 1.53 106 1.28 74 1.03 42 0.78 13
2.02 169 1.77 137 1.52 105 1.27 73 1.02 41 0.77 11
2.01 168 1.76 135 1.51 103 1.26 72 1.01 40 0.76 10
2.00 167 1.75 134 1.50 102 1.25 70 1.00 39 0.75 9
1.99 166 1.74 133 1.49 101 1.24 69 0.99 38 0.74 8
1.98 164 1.73 131 1.48 100 1.23 68 0.98 36 0.73 7
1.97 163 1.72 130 1.47 98 1.22 67 0.97 35 0.72 6
1.96 162 1.71 129 1.46 97 1.21 65 0.96 34 0.71 5
1.95 160 1.70 128 1.45 96 1.20 64 0.95 33 0.70 4
1.94 159 1.69 126 1.44 94 1.19 63 0.94 32 0.69 2
1.93 158 1.68 125 1.43 93 1.18 62 0.93 31 0.68 1
1.92 157 1.67 124 1.42 92 1.17 60 0.92 29
