25.39 1369 24.22 1299 23.06 1229 21.88 1159 20.70 1089 19.53 1019
25.37 1368 24.20 1298 23.04 1228 21.87 1158 20.69 1088 19.51 1018
25.36 1367 24.19 1297 23.02 1227 21.85 1157 20.68 1087 19.50 1017
25.34 1366 24.17 1296 23.01 1226 21.83 1156 20.66 1086 19.48 1016
25.32 1365 24.15 1295 22.99 1225 21.81 1155 20.64 1085 19.46 1015
25.31 1364 24.14 1294 22.97 1224 21.80 1154 20.63 1084 19.44 1014
25.29 1363 24.13 1293 22.96 1223 21.78 1153 20.61 1083 19.43 1013
25.27 1362 24.11 1292 22.94 1222 21.76 1152 20.59 1082 19.41 1012
25.25 1361 24.09 1291 22.92 1221 21.75 1151 20.58 1081 19.39 1011
25.24 1360 24.08 1290 22.90 1220 21.73 1150 20.56 1080 19.38 1010
25.22 1359 24.06 1289 22.89 1219 21.71 1149 20.54 1079 19.36 1009
25.20 1358 24.04 1288 22.87 1218 21.69 1148 20.52 1078 19.34 1008
25.19 1357 24.03 1287 22.85 1217 21.68 1147 20.51 1077 19.32 1007
25.17 1356 24.01 1286 22.84 1216 21.67 1146 20.49 1076 19.31 1006
25.15 1355 23.99 1285 22.82 1215 21.65 1145 20.47 1075 19.29 1005
25.14 1354 23.98 1284 22.80 1214 21.64 1144 20.46 1074 19.27 1004
25.13 1353 23.96 1283 22.79 1213 21.62 1143 20.44 1073 19.25 1003
25.11 1352 23.94 1282 22.77 1212 21.60 1142 20.42 1072 19.24 1002
25.09 1351 23.92 1281 22.75 1211 21.58 1141 20.40 1071 19.22 1001
25.08 1350 23.91 1280 22.73 1210 21.57 1140 20.39 1070 19.21 1000
25.06 1349 23.89 1279 22.72 1209 21.55 1139 20.37 1069 19.20 999
25.04 1348 23.87 1278 22.70 1208 21.53 1138 20.35 1068 19.18 998
25.03 1347 23.86 1277 22.68 1207 21.52 1137 20.34 1067 19.16 997
25.01 1346 23.84 1276 22.67 1206 21.50 1136 20.32 1066 19.14 996
24.99 1345 23.82 1275 22.66 1205 21.48 1135 20.30 1065 19.13 995
24.98 1344 23.81 1274 22.64 1204 21.46 1134 20.28 1064 19.11 994
24.96 1343 23.79 1273 22.62 1203 21.45 1133 20.27 1063 19.09 993
24.94 1342 23.77 1272 22.61 1202 21.43 1132 20.25 1062 19.08 992
24.92 1341 23.75 1271 22.59 1201 21.41 1131 20.23 1061 19.06 991
24.91 1340 23.74 1270 22.57 1200 21.40 1130 20.22 1060 19.04 990
24.89 1339 23.72 1269 22.56 1199 21.38 1129 20.20 1059 19.02 989
24.87 1338 23.70 1268 22.54 1198 21.36 1128 20.19 1058 19.01 988
24.86 1337 23.69 1267 22.52 1197 21.34 1127 20.17 1057 18.99 987
24.84 1336 23.67 1266 22.50 1196 21.33 1126 20.16 1056 18.97 986
24.82 1335 23.65 1265 22.49 1195 21.31 1125 20.14 1055 18.95 985
24.81 1334 23.64 1264 22.47 1194 21.29 1124 20.12 1054 18.94 984
24.79 1333 23.63 1263 22.45 1193 21.28 1123 20.11 1053 18.92 983
24.77 1332 23.61 1262 22.44 1192 21.26 1122 20.09 1052 18.90 982
24.75 1331 23.59 1261 22.42 1191 21.24 1121 20.07 1051 18.89 981
24.74 1330 23.58 1260 22.40 1190 21.22 1120 20.05 1050 18.87 980
24.72 1329 23.56 1259 22.39 1189 21.21 1119 20.04 1049 18.85 979
24.70 1328 23.54 1258 22.37 1188 21.19 1118 20.02 1048 18.83 978
24.69 1327 23.53 1257 22.35 1187 21.18 1117 20.00 1047 18.82 977
24.67 1326 23.51 1256 22.33 1186 21.17 1116 19.98 1046 18.80 976
24.65 1325 23.49 1255 22.32 1185 21.15 1115 19.97 1045 18.78 975
24.64 1324 23.47 1254 22.30 1184 21.13 1114 19.95 1044 18.77 974
24.63 1323 23.46 1253 22.28 1183 21.11 1113 19.93 1043 18.75 973
24.61 1322 23.44 1252 22.27 1182 21.10 1112 19.92 1042 18.73 972
24.59 1321 23.42 1251 22.25 1181 21.08 1111 19.90 1041 18.72 971
24.58 1320 23.41 1250 22.23 1180 21.06 1110 19.88 1040 18.71 970
24.56 1319 23.39 1249 22.21 1179 21.05 1109 19.86 1039 18.69 969
24.54 1318 23.37 1248 22.20 1178 21.03 1108 19.85 1038 18.67 968
24.53 1317 23.36 1247 22.18 1177 21.01 1107 19.83 1037 18.65 967
24.51 1316 23.34 1246 22.17 1176 20.99 1106 19.81 1036 18.64 966
24.49 1315 23.32 1245 22.16 1175 20.98 1105 19.80 1035 18.62 965
24.48 1314 23.30 1244 22.14 1174 20.96 1104 19.78 1034 18.60 964
24.46 1313 23.29 1243 22.12 1173 20.94 1103 19.76 1033 18.59 963
24.44 1312 23.27 1242 22.10 1172 20.93 1102 19.74 1032 18.57 962
24.42 1311 23.25 1241 22.09 1171 20.91 1101 19.73 1031 18.55 961
24.41 1310 23.24 1240 22.07 1170 20.89 1100 19.71 1030 18.53 960
24.39 1309 23.22 1239 22.05 1169 20.87 1099 19.70 1029 18.52 959
24.37 1308 23.20 1238 22.04 1168 20.86 1098 19.69 1028 18.50 958
24.36 1307 23.18 1237 22.02 1167 20.84 1097 19.67 1027 18.48 957
24.34 1306 23.17 1236 22.00 1166 20.82 1096 19.65 1026 18.46 956
24.32 1305 23.16 1235 21.99 1165 20.81 1095 19.63 1025 18.45 955
24.31 1304 23.14 1234 21.97 1164 20.79 1094 19.62 1024 18.43 954
24.29 1303 23.13 1233 21.95 1163 20.77 1093 19.60 1023 18.41 953
24.27 1302 23.11 1232 21.93 1162 20.75 1092 19.58 1022 18.40 952
24.25 1301 23.09 1231 21.92 1161 20.74 1091 19.56 1021 18.38 951
24.24 1300 23.08 1230 21.90 1160 20.72 1090 19.55 1020 18.36 950
18.34 949 17.16 879 15.97 809 14.76 738 13.55 668 12.34 598
18.33 948 17.15 878 15.95 808 14.74 737 13.53 667 12.32 597
18.31 947 17.13 877 15.93 807 14.72 736 13.52 666 12.31 596
18.29 946 17.11 876 15.91 806 14.71 735 13.50 665 12.30 595
18.27 945 17.09 875 15.90 805 14.69 734 13.48 664 12.28 594
18.26 944 17.08 874 15.88 804 14.67 733 13.46 663 12.26 593
18.24 943 17.06 873 15.86 803 14.65 732 13.45 662 12.24 592
18.23 942 17.04 872 15.84 802 14.64 731 13.43 661 12.23 591
18.22 941 17.02 871 15.83 801 14.62 730 13.41 660 12.21 590
18.20 940 17.01 870 15.81 800 14.60 729 13.39 659 12.19 589
18.18 939 16.99 869 15.79 799 14.58 728 13.38 658 12.17 588
18.16 938 16.97 868 15.78 798 14.57 727 13.36 657 12.16 587
18.15 937 16.95 867 15.77 797 14.55 726 13.34 656 12.14 586
18.13 936 16.94 866 15.75 796 14.53 725 13.32 655 12.12 585
18.11 935 16.92 865 15.73 795 14.51 724 13.31 654 12.10 584
18.09 934 16.90 864 15.72 794 14.50 723 13.30 653 12.08 583
18.08 933 16.89 863 15.70 793 14.48 722 13.28 652 12.07 582
18.06 932 16.87 862 15.68 792 14.46 721 13.26 651 12.05 581
18.04 931 16.85 861 15.66 791 14.44 720 13.25 650 12.03 580
18.03 930 16.83 860 15.65 790 14.43 719 13.23 649 12.01 579
18.01 929 16.82 859 15.63 789 14.41 718 13.21 648 12.00 578
17.99 928 16.80 858 15.61 788 14.39 717 13.19 647 11.98 577
17.97 927 16.78 857 15.59 787 14.37 716 13.18 646 11.96 576
17.96 926 16.76 856 15.58 786 14.36 715 13.16 645 11.94 575
17.94 925 16.75 855 15.56 785 14.34 714 13.14 644 11.93 574
17.92 924 16.74 854 15.54 784 14.32 713 13.12 643 11.91 573
17.90 923 16.72 853 15.52 783 14.30 712 13.11 642 11.89 572
17.89 922 16.70 852 15.51 782 14.29 711 13.09 641 11.87 571
17.87 921 16.69 851 15.49 781 14.28 710 13.07 640 11.85 570
17.85 920 16.67 850 15.47 780 14.26 709 13.05 639 11.84 569
17.84 919 16.65 849 15.45 779 14.24 708 13.03 638 11.83 568
17.82 918 16.63 848 15.44 778 14.23 707 13.02 637 11.81 567
17.80 917 16.62 847 15.42 777 14.21 706 13.00 636 11.79 566
17.78 916 16.60 846 15.40 776 14.19 705 12.98 635 11.78 565
17.77 915 16.58 845 15.38 775 14.17 704 12.96 634 11.76 564
17.75 914 16.57 844 15.37 774 14.16 703 12.95 633 11.74 563
17.74 913 16.55 843 15.35 773 14.14 702 12.93 632 11.72 562
17.72 912 16.53 842 15.33 772 14.12 701 12.91 631 11.71 561
17.71 911 16.51 841 15.31 771 14.10 700 12.89 630 11.69 560
17.69 910 16.50 840 15.30 770 14.09 699 12.88 629 11.67 559
17.67 909 16.48 839 15.28 769 14.07 698 12.86 628 11.65 558
17.65 908 16.46 838 15.27 768 14.05 697 12.84 627 11.63 557
17.64 907 16.44 837 15.26 767 14.03 696 12.82 626 11.62 556
17.62 906 16.43 836 15.24 766 14.02 695 12.81 625 11.60 555
17.60 905 16.41 835 15.22 765 14.00 694 12.80 624 11.58 554
17.59 904 16.39 834 15.20 764 13.98 693 12.78 623 11.56 553
17.57 903 16.37 833 15.19 763 13.96 692 12.76 622 11.55 552
17.55 902 16.36 832 15.17 762 13.95 691 12.75 621 11.53 551
17.53 901 16.34 831 15.15 761 13.93 690 12.73 620 11.51 550
17.52 900 16.32 830 15.13 760 13.91 689 12.71 619 11.49 549
17.50 899 16.30 829 15.12 759 13.89 688 12.69 618 11.48 548
17.48 898 16.29 828 15.10 758 13.88 687 12.68 617 11.46 547
17.46 897 16.27 827 15.08 757 13.86 686 12.66 616 11.44 546
17.45 896 16.26 826 15.06 756 13.84 685 12.64 615 11.42 545
17.43 895 16.25 825 15.05 755 13.82 684 12.62 614 11.40 544
17.41 894 16.23 824 15.03 754 13.81 683 12.60 613 11.39 543
17.40 893 16.21 823 15.01 753 13.80 682 12.59 612 11.37 542
17.38 892 16.19 822 14.99 752 13.78 681 12.57 611 11.35 541
17.36 891 16.18 821 14.98 751 13.76 680 12.55 610 11.34 540
17.34 890 16.16 820 14.96 750 13.75 679 12.53 609 11.33 539
17.33 889 16.14 819 14.94 749 13.73 678 12.52 608 11.31 538
17.31 888 16.12 818 14.92 748 13.71 677 12.50 607 11.29 537
17.29 887 16.11 817 14.91 747 13.69 676 12.48 606 11.27 536
17.27 886 16.09 816 14.89 746 13.68 675 12.46 605 11.25 535
17.26 885 16.07 815 14.87 745 13.66 674 12.45 604 11.24 534
17.25 884 16.05 814 14.85 744 13.64 673 12.43 603 11.22 533
17.23 883 16.04 813 14.84 743 13.62 672 12.41 602 11.20 532
17.21 882 16.02 812 14.82 742 13.60 671 12.39 601 11.18 531
17.20 881 16.00 811 14.80 741 13.59 670 12.38 600 11.17 530
17.18 880 15.98 810 14.78 740 13.57 669 12.36 599 11.15 529
11.13 528 9.90 458 8.68 388 7.43 318 6.18 248 4.91 178
11.11 527 9.89 457 8.66 387 7.41 317 6.16 247 4.89 177
11.09 526 9.87 456 8.64 386 7.39 316 6.14 246 4.87 176
11.08 525 9.86 455 8.62 385 7.38 315 6.12 245 4.85 175
11.06 524 9.84 454 8.60 384 7.37 314 6.11 244 4.84 174
11.04 523 9.82 453 8.59 383 7.35 313 6.09 243 4.82 173
11.02 522 9.81 452 8.57 382 7.33 312 6.07 242 4.80 172
11.01 521 9.79 451 8.55 381 7.31 311 6.05 241 4.78 171
10.99 520 9.77 450 8.53 380 7.29 310 6.03 240 4.76 170
10.97 519 9.75 449 8.51 379 7.28 309 6.01 239 4.74 169
10.95 518 9.73 448 8.50 378 7.26 308 5.99 238 4.72 168
10.94 517 9.72 447 8.48 377 7.24 307 5.98 237 4.70 167
10.92 516 9.70 446 8.46 376 7.22 306 5.96 236 4.69 166
10.90 515 9.68 445 8.44 375 7.20 305 5.94 235 4.67 165
10.88 514 9.66 444 8.42 374 7.18 304 5.92 234 4.65 164
10.86 513 9.64 443 8.41 373 7.17 303 5.91 233 4.63 163
10.85 512 9.63 442 8.39 372 7.15 302 5.89 232 4.61 162
10.84 511 9.61 441 8.38 371 7.13 301 5.88 231 4.59 161
10.82 510 9.59 440 8.36 370 7.11 300 5.86 230 4.57 160
10.80 509 9.57 439 8.34 369 7.09 299 5.84 229 4.55 159
10.78 508 9.56 438 8.33 368 7.08 298 5.82 228 4.54 158
10.77 507 9.54 437 8.31 367 7.06 297 5.80 227 4.52 157
10.75 506 9.52 436 8.29 366 7.04 296 5.78 226 4.50 156
10.73 505 9.50 435 8.27 365 7.02 295 5.76 225 4.48 155
10.71 504 9.48 434 8.25 364 7.00 294 5.75 224 4.46 154
10.70 503 9.47 433 8.24 363 6.98 293 5.73 223 4.44 153
10.68 502 9.45 432 8.22 362 6.97 292 5.71 222 4.43 152
10.66 501 9.43 431 8.20 361 6.95 291 5.69 221 4.41 151
10.64 500 9.41 430 8.18 360 6.93 290 5.67 220 4.39 150
10.62 499 9.39 429 8.16 359 6.91 289 5.65 219 4.38 149
10.61 498 9.38 428 8.15 358 6.90 288 5.63 218 4.36 148
10.59 497 9.36 427 8.13 357 6.88 287 5.62 217 4.34 147
10.57 496 9.35 426 8.11 356 6.87 286 5.60 216 4.32 146
10.55 495 9.33 425 8.09 355 6.85 285 5.58 215 4.30 145
10.54 494 9.31 424 8.07 354 6.83 284 5.56 214 4.28 144
10.52 493 9.30 423 8.05 353 6.81 283 5.54 213 4.26 143
10.50 492 9.28 422 8.04 352 6.79 282 5.52 212 4.24 142
10.48 491 9.26 421 8.02 351 6.77 281 5.51 211 4.22 141
10.46 490 9.24 420 8.00 350 6.76 280 5.49 210 4.21 140
10.45 489 9.22 419 7.98 349 6.74 279 5.47 209 4.19 139
10.43 488 9.21 418 7.96 348 6.72 278 5.45 208 4.17 138
10.41 487 9.19 417 7.95 347 6.70 277 5.43 207 4.15 137
10.39 486 9.17 416 7.93 346 6.68 276 5.42 206 4.13 136
10.38 485 9.15 415 7.91 345 6.66 275 5.40 205 4.11 135
10.36 484 9.13 414 7.89 344 6.65 274 5.39 204 4.09 134
10.35 483 9.12 413 7.88 343 6.63 273 5.37 203 4.07 133
10.33 482 9.10 412 7.87 342 6.61 272 5.35 202 4.05 132
10.31 481 9.08 411 7.85 341 6.59 271 5.33 201 4.04 131
10.30 480 9.06 410 7.83 340 6.57 270 5.31 200 4.02 130
10.28 479 9.04 409 7.81 339 6.55 269 5.29 199 4.00 129
10.26 478 9.03 408 7.79 338 6.54 268 5.27 198 3.98 128
10.24 477 9.01 407 7.77 337 6.52 267 5.25 197 3.96 127
10.22 476 8.99 406 7.76 336 6.50 266 5.24 196 3.95 126
10.21 475 8.97 405 7.74 335 6.48 265 5.22 195 3.93 125
10.19 474 8.95 404 7.72 334 6.46 264 5.20 194 3.91 124
10.17 473 8.94 403 7.70 333 6.44 263 5.18 193 3.89 123
10.15 472 8.92 402 7.68 332 6.43 262 5.16 192 3.87 122
10.14 471 8.90 401 7.67 331 6.41 261 5.14 191 3.86 121
10.12 470 8.88 400 7.65 330 6.40 260 5.12 190 3.84 120
10.10 469 8.87 399 7.63 329 6.38 259 5.11 189 3.82 119
10.08 468 8.86 398 7.61 328 6.36 258 5.09 188 3.80 118
10.06 467 8.84 397 7.59 327 6.34 257 5.07 187 3.78 117
10.05 466 8.82 396 7.58 326 6.33 256 5.05 186 3.76 116
10.03 465 8.80 395 7.56 325 6.31 255 5.03 185 3.74 115
10.01 464 8.78 394 7.54 324 6.29 254 5.01 184 3.72 114
9.99 463 8.77 393 7.52 323 6.27 253 4.99 183 3.70 113
9.97 462 8.75 392 7.50 322 6.25 252 4.98 182 3.68 112
9.96 461 8.73 391 7.48 321 6.23 251 4.96 181 3.66 111
9.94 460 8.71 390 7.47 320 6.22 250 4.94 180 3.65 110
9.92 459 8.69 389 7.45 319 6.20 249 4.93 179 3.63 109
3.61 108 3.27 90 2.93 72 2.58 54 2.23 36 1.87 18
3.59 107 3.25 89 2.91 71 2.56 53 2.21 35 1.85 17
3.57 106 3.23 88 2.89 70 2.54 52 2.19 34 1.83 16
3.55 105 3.21 87 2.87 69 2.52 51 2.17 33 1.81 15
3.53 104 3.19 86 2.85 68 2.50 50 2.15 32 1.79 14
3.51 103 3.17 85 2.83 67 2.48 49 2.13 31 1.76 13
3.49 102 3.15 84 2.81 66 2.47 48 2.11 30 1.74 12
3.47 101 3.14 83 2.79 65 2.45 47 2.09 29 1.72 11
3.45 100 3.12 82 2.77 64 2.43 46 2.07 28 1.70 10
3.44 99 3.10 81 2.75 63 2.41 45 2.05 27 1.68 9
3.42 98 3.08 80 2.74 62 2.39 44 2.02 26 1.66 8
3.41 97 3.06 79 2.72 61 2.37 43 2.00 25 1.64 7
3.39 96 3.04 78 2.70 60 2.35 42 1.98 24 1.61 6
3.37 95 3.02 77 2.68 59 2.33 41 1.97 23 1.59 5
3.35 94 3.00 76 2.66 58 2.31 40 1.95 22 1.57 4
3.33 93 2.98 75 2.64 57 2.29 39 1.93 21 1.55 3
3.31 92 2.96 74 2.62 56 2.27 38 1.91 20 1.52 2
3.29 91 2.95 73 2.60 55 2.25 37 1.89 19 1.50 1
