23.77 1369 22.63 1296 21.46 1221 20.35 1150 19.18 1076 18.03 1003
23.75 1368 22.61 1295 21.44 1220 20.33 1149 19.16 1075 18.02 1002
23.74 1367 22.59 1293 21.43 1219 20.31 1148 19.14 1073 18.00 1001
23.72 1366 22.57 1292 21.41 1218 20.30 1147 19.12 1072 17.98 1000
23.71 1365 22.55 1291 21.39 1217 20.28 1146 19.10 1071 17.97 999
23.70 1364 22.54 1290 21.37 1215 20.27 1145 19.09 1070 17.95 998
23.68 1363 22.52 1289 21.35 1214 20.26 1144 19.07 1069 17.93 997
23.66 1362 22.50 1288 21.34 1213 20.24 1143 19.05 1068 17.92 996
23.64 1361 22.48 1286 21.32 1212 20.22 1142 19.03 1066 17.91 995
23.63 1360 22.46 1285 21.30 1211 20.20 1141 19.01 1065 17.89 994
23.61 1359 22.45 1284 21.28 1210 20.19 1140 18.99 1064 17.87 993
23.60 1358 22.43 1283 21.27 1209 20.17 1139 18.98 1063 17.86 992
23.59 1357 22.41 1282 21.26 1208 20.16 1138 18.96 1062 17.84 991
23.57 1356 22.39 1281 21.24 1207 20.15 1137 18.94 1061 17.82 990
23.55 1355 22.37 1279 21.23 1206 20.13 1136 18.92 1059 17.81 989
23.54 1354 22.35 1278 21.21 1205 20.11 1135 18.90 1058 17.80 988
23.52 1353 22.34 1277 21.19 1204 20.09 1134 18.88 1057 17.78 987
23.50 1352 22.32 1276 21.17 1203 20.08 1133 18.87 1056 17.76 986
23.49 1351 22.30 1275 21.16 1202 20.06 1132 18.85 1055 17.74 985
23.48 1350 22.29 1274 21.15 1201 20.05 1131 18.83 1054 17.73 984
23.46 1349 22.28 1273 21.13 1200 20.04 1130 18.82 1053 17.71 983
23.44 1348 22.26 1272 21.12 1199 20.02 1129 18.81 1052 17.70 982
23.43 1347 22.24 1271 21.10 1198 20.00 1128 18.79 1051 17.69 981
23.41 1346 22.23 1270 21.08 1197 19.98 1127 18.77 1050 17.67 980
23.39 1345 22.21 1269 21.06 1196 19.97 1126 18.76 1049 17.65 979
23.37 1343 22.19 1268 21.05 1195 19.95 1125 18.74 1048 17.63 978
23.35 1342 22.18 1267 21.04 1194 19.94 1124 18.72 1047 17.62 977
23.33 1341 22.17 1266 21.02 1193 19.93 1123 18.71 1046 17.60 976
23.32 1340 22.15 1265 21.01 1192 19.91 1122 18.70 1045 17.59 975
23.30 1339 22.13 1264 20.99 1191 19.89 1121 18.68 1044 17.58 974
23.28 1338 22.12 1263 20.97 1190 19.87 1120 18.66 1043 17.56 973
23.26 1336 22.10 1262 20.96 1189 19.86 1119 18.65 1042 17.54 972
23.24 1335 22.08 1261 20.94 1188 19.84 1118 18.63 1041 17.52 971
23.23 1334 22.07 1260 20.93 1187 19.83 1117 18.61 1040 17.51 970
23.21 1333 22.05 1259 20.91 1186 19.82 1116 18.60 1039 17.49 969
23.19 1332 22.04 1258 20.90 1185 19.80 1115 18.59 1038 17.48 968
23.17 1331 22.03 1257 20.88 1184 19.78 1114 18.57 1037 17.46 967
23.15 1329 22.01 1256 20.86 1183 19.76 1113 18.55 1036 17.45 966
23.13 1328 21.99 1255 20.85 1182 19.75 1112 18.54 1035 17.43 965
23.12 1327 21.97 1254 20.83 1181 19.73 1111 18.52 1034 17.41 964
23.10 1326 21.96 1253 20.82 1180 19.72 1110 18.50 1033 17.40 963
23.08 1325 21.94 1252 20.80 1179 19.71 1109 18.49 1032 17.38 962
23.07 1324 21.93 1251 20.79 1178 19.69 1108 18.48 1031 17.37 961
23.06 1323 21.92 1250 20.77 1177 19.67 1107 18.46 1030 17.35 960
23.04 1322 21.90 1249 20.75 1176 19.65 1106 18.44 1029 17.34 959
23.02 1321 21.88 1248 20.74 1175 19.64 1105 18.43 1028 17.32 958
23.01 1320 21.87 1247 20.72 1174 19.62 1104 18.41 1027 17.30 957
22.99 1319 21.85 1246 20.71 1173 19.60 1103 18.39 1026 17.28 956
22.97 1318 21.83 1245 20.69 1172 19.58 1101 18.38 1025 17.27 955
22.96 1317 21.82 1244 20.68 1171 19.56 1100 18.37 1024 17.26 954
22.94 1316 21.81 1243 20.66 1170 19.54 1099 18.35 1023 17.24 953
22.93 1315 21.79 1242 20.64 1169 19.53 1098 18.33 1022 17.23 952
22.92 1314 21.77 1241 20.63 1168 19.51 1097 18.31 1021 17.21 951
22.90 1313 21.76 1240 20.61 1167 19.49 1096 18.30 1020 17.19 950
22.88 1312 21.74 1239 20.60 1166 19.47 1094 18.28 1019 17.17 949
22.86 1311 21.72 1238 20.59 1165 19.45 1093 18.27 1018 17.16 948
22.85 1310 21.71 1237 20.57 1164 19.43 1092 18.26 1017 17.15 947
22.83 1309 21.70 1236 20.55 1163 19.42 1091 18.24 1016 17.13 946
22.82 1308 21.68 1235 20.53 1162 19.40 1090 18.22 1015 17.11 945
22.81 1307 21.66 1234 20.52 1161 19.38 1089 18.20 1014 17.10 944
22.79 1306 21.65 1233 20.50 1160 19.36 1087 18.19 1013 17.08 943
22.77 1305 21.63 1232 20.49 1159 19.34 1086 18.17 1012 17.06 942
22.76 1304 21.61 1231 20.48 1158 19.32 1085 18.16 1011 17.05 941
22.74 1303 21.59 1229 20.46 1157 19.31 1084 18.15 1010 17.04 940
22.72 1302 21.57 1228 20.44 1156 19.29 1083 18.13 1009 17.02 939
22.71 1301 21.55 1227 20.42 1155 19.27 1082 18.11 1008 17.00 938
22.70 1300 21.54 1226 20.41 1154 19.25 1080 18.09 1007 16.99 937
22.68 1299 21.52 1225 20.39 1153 19.23 1079 18.08 1006 16.97 936
22.66 1298 21.50 1224 20.38 1152 19.21 1078 18.06 1005 16.95 935
22.65 1297 21.48 1222 20.37 1151 19.20 1077 18.05 1004 16.93 934
16.91 932 15.73 858 14.57 785 13.45 715 12.28 643 11.15 573
16.89 931 15.71 857 14.55 784 13.43 714 12.27 642 11.14 572
16.88 930 15.70 856 14.53 783 13.41 713 12.25 641 11.12 571
16.86 929 15.69 855 14.52 782 13.39 712 12.24 640 11.10 570
16.84 928 15.67 854 14.50 781 13.38 711 12.22 639 11.09 569
16.82 927 15.65 853 14.48 780 13.37 710 12.20 638 11.07 568
16.80 925 15.63 852 14.47 779 13.35 709 12.19 637 11.05 567
16.78 924 15.62 851 14.46 778 13.33 708 12.17 636 11.03 566
16.76 923 15.60 850 14.44 777 13.32 707 12.15 635 11.01 564
16.75 922 15.59 849 14.42 776 13.30 706 12.14 634 10.99 563
16.73 921 15.57 848 14.40 775 13.28 705 12.13 633 10.97 562
16.71 920 15.56 847 14.39 774 13.26 704 12.11 632 10.96 561
16.69 918 15.54 846 14.37 773 13.24 702 12.09 631 10.94 560
16.67 917 15.52 845 14.36 772 13.22 701 12.07 630 10.92 559
16.65 916 15.51 844 14.34 771 13.20 700 12.06 629 10.91 558
16.64 915 15.49 843 14.33 770 13.19 699 12.04 628 10.89 557
16.62 914 15.48 842 14.31 769 13.17 698 12.03 627 10.88 556
16.60 913 15.46 841 14.29 768 13.15 697 12.01 626 10.86 555
16.59 912 15.45 840 14.28 767 13.14 696 12.00 625 10.84 554
16.58 911 15.43 839 14.26 766 13.13 695 11.98 624 10.82 553
16.56 910 15.41 838 14.25 765 13.11 694 11.96 623 10.81 552
16.54 909 15.39 837 14.23 764 13.09 693 11.94 622 10.80 551
16.52 908 15.38 836 14.22 763 13.07 692 11.93 621 10.78 550
16.51 907 15.37 835 14.20 762 13.06 691 11.92 620 10.76 549
16.49 906 15.35 834 14.18 761 13.04 690 11.90 619 10.75 548
16.48 905 15.33 833 14.16 760 13.03 689 11.88 618 10.73 547
16.47 904 15.32 832 14.15 759 13.01 688 11.87 617 10.71 546
16.45 903 15.30 831 14.14 758 13.00 687 11.85 616 10.70 545
16.43 902 15.28 830 14.12 757 12.98 686 11.83 615 10.68 544
16.41 901 15.26 829 14.10 756 12.96 685 11.81 614 10.67 543
16.40 900 15.24 827 14.09 755 12.94 684 11.80 613 10.65 542
16.38 899 15.22 826 14.07 754 12.93 683 11.79 612 10.63 541
16.37 898 15.21 825 14.05 753 12.92 682 11.77 611 10.61 540
16.35 897 15.19 824 14.04 752 12.90 681 11.75 610 10.60 539
16.34 896 15.17 823 14.03 751 12.88 680 11.73 609 10.58 538
16.32 895 15.15 822 14.01 750 12.87 679 11.72 608 10.57 537
16.30 894 15.13 820 13.99 749 12.85 678 11.70 607 10.55 536
16.29 893 15.11 819 13.97 748 12.83 677 11.69 606 10.53 535
16.27 892 15.09 818 13.96 747 12.81 676 11.67 605 10.52 534
16.26 891 15.08 817 13.94 746 12.79 674 11.66 604 10.50 533
16.24 890 15.06 816 13.92 745 12.77 673 11.64 603 10.48 532
16.23 889 15.04 815 13.91 744 12.75 672 11.62 602 10.47 531
16.21 888 15.03 814 13.90 743 12.73 671 11.60 601 10.46 530
16.19 887 15.02 813 13.88 742 12.72 670 11.59 600 10.44 529
16.17 886 15.00 812 13.86 741 12.70 669 11.58 599 10.42 528
16.16 885 14.98 811 13.84 740 12.69 668 11.56 598 10.40 527
16.15 884 14.96 810 13.83 739 12.67 667 11.54 597 10.38 526
16.13 883 14.95 809 13.81 738 12.66 666 11.52 596 10.37 525
16.11 882 14.93 808 13.80 737 12.64 665 11.51 595 10.36 524
16.10 881 14.92 807 13.78 736 12.62 664 11.49 594 10.34 523
16.08 880 14.90 806 13.77 735 12.60 663 11.47 593 10.32 522
16.06 879 14.89 805 13.75 734 12.59 662 11.46 592 10.31 521
16.05 878 14.87 804 13.73 733 12.58 661 11.45 591 10.29 520
16.04 877 14.85 803 13.71 732 12.56 660 11.43 590 10.27 519
16.02 876 14.83 802 13.70 731 12.54 659 11.41 589 10.25 518
16.00 875 14.82 801 13.69 730 12.53 658 11.39 588 10.23 516
15.99 874 14.81 800 13.67 729 12.51 657 11.38 587 10.21 515
15.97 873 14.79 799 13.65 728 12.49 656 11.36 586 10.19 514
15.95 872 14.78 798 13.64 727 12.48 655 11.35 585 10.17 513
15.93 871 14.76 797 13.62 726 12.47 654 11.33 584 10.16 512
15.91 869 14.74 796 13.60 725 12.45 653 11.31 583 10.14 511
15.89 868 14.72 795 13.59 724 12.43 652 11.30 582 10.13 510
15.87 867 14.71 794 13.58 723 12.41 651 11.28 581 10.11 509
15.86 866 14.70 793 13.56 722 12.40 650 11.26 580 10.09 508
15.84 865 14.68 792 13.54 721 12.38 649 11.25 579 10.08 507
15.82 864 14.66 791 13.52 720 12.37 648 11.24 578 10.06 506
15.80 862 14.65 790 13.51 719 12.35 647 11.22 577 10.04 505
15.78 861 14.63 789 13.49 718 12.34 646 11.20 576 10.03 504
15.76 860 14.61 788 13.48 717 12.32 645 11.18 575 10.02 503
15.75 859 14.59 787 13.46 716 12.30 644 11.17 574 10.00 502
9.98 501 8.83 431 7.64 359 6.47 289 5.27 218 4.06 147
9.96 500 8.81 430 7.63 358 6.46 288 5.26 217 4.04 146
9.94 499 8.80 429 7.61 357 6.44 287 5.24 216 4.02 145
9.93 498 8.79 428 7.59 356 6.43 286 5.23 215 4.01 144
9.92 497 8.77 427 7.58 355 6.41 285 5.21 214 3.99 143
9.90 496 8.75 426 7.56 354 6.39 284 5.19 213 3.97 142
9.88 495 8.73 425 7.54 353 6.37 283 5.17 212 3.95 141
9.87 494 8.71 424 7.53 352 6.35 282 5.16 211 3.94 140
9.85 493 8.70 423 7.51 351 6.34 281 5.14 210 3.92 139
9.83 492 8.69 422 7.49 350 6.33 280 5.13 209 3.90 138
9.81 491 8.67 421 7.47 349 6.31 279 5.11 208 3.89 137
9.80 490 8.65 420 7.46 348 6.29 278 5.09 207 3.87 136
9.79 489 8.63 419 7.45 347 6.27 277 5.07 206 3.85 135
9.77 488 8.62 418 7.43 346 6.25 276 5.05 205 3.83 134
9.75 487 8.60 417 7.41 345 6.24 275 5.04 204 3.81 133
9.73 486 8.58 416 7.39 344 6.23 274 5.02 203 3.79 132
9.72 485 8.57 415 7.37 343 6.21 273 5.01 202 3.77 130
9.70 484 8.55 414 7.36 342 6.19 272 4.99 201 3.75 129
9.69 483 8.54 413 7.35 341 6.17 271 4.97 200 3.73 128
9.67 482 8.52 412 7.33 340 6.15 270 4.95 199 3.71 127
9.65 481 8.50 411 7.31 339 6.13 269 4.93 198 3.69 126
9.64 480 8.48 410 7.29 338 6.11 267 4.91 197 3.68 125
9.62 479 8.47 409 7.27 337 6.09 266 4.90 196 3.66 124
9.60 478 8.46 408 7.26 336 6.07 265 4.89 195 3.64 123
9.58 477 8.44 407 7.24 335 6.05 264 4.87 194 3.62 122
9.57 476 8.42 406 7.23 334 6.03 263 4.85 193 3.61 121
9.56 475 8.40 405 7.21 333 6.02 262 4.83 192 3.59 120
9.54 474 8.38 404 7.19 332 6.01 261 4.81 191 3.57 119
9.52 473 8.37 403 7.18 331 5.99 260 4.79 190 3.56 118
9.50 472 8.36 402 7.16 330 5.97 259 4.77 188 3.54 117
9.49 471 8.34 401 7.14 329 5.95 258 4.75 187 3.52 116
9.47 470 8.32 400 7.13 328 5.93 257 4.73 186 3.50 115
9.46 469 8.30 399 7.11 327 5.92 256 4.71 185 3.48 114
9.44 468 8.29 398 7.10 326 5.91 255 4.69 184 3.46 113
9.42 467 8.27 397 7.08 325 5.89 254 4.68 183 3.45 112
9.41 466 8.25 396 7.06 324 5.87 253 4.67 182 3.43 111
9.39 465 8.24 395 7.04 323 5.85 252 4.65 181 3.42 110
9.37 464 8.22 394 7.02 322 5.83 251 4.63 180 3.40 109
9.36 463 8.21 393 7.01 321 5.82 250 4.61 179 3.38 108
9.34 462 8.19 392 7.00 320 5.80 249 4.59 178 3.36 107
9.33 461 8.17 391 6.98 319 5.79 248 4.57 177 3.35 106
9.31 460 8.15 390 6.96 318 5.77 247 4.56 176 3.33 105
9.29 459 8.13 389 6.94 317 5.75 246 4.54 175 3.31 104
9.27 458 8.11 387 6.92 316 5.73 245 4.53 174 3.29 103
9.26 457 8.09 386 6.91 315 5.72 244 4.51 173 3.27 102
9.25 456 8.07 385 6.90 314 5.70 243 4.49 172 3.25 101
9.23 455 8.05 384 6.88 313 5.68 242 4.47 171 3.23 100
9.21 454 8.04 383 6.86 312 5.67 241 4.46 170 3.22 99
9.19 453 8.02 382 6.84 311 5.65 240 4.44 169 3.20 98
9.18 452 8.01 381 6.82 310 5.63 239 4.42 168 3.19 97
9.16 451 7.99 380 6.81 309 5.61 238 4.40 167 3.17 96
9.14 450 7.97 379 6.80 308 5.60 237 4.39 166 3.15 95
9.13 449 7.96 378 6.78 307 5.58 236 4.37 165 3.13 94
9.11 448 7.94 377 6.76 306 5.57 235 4.35 164 3.12 93
9.10 447 7.92 376 6.74 305 5.55 234 4.34 163 3.10 92
9.08 446 7.91 375 6.72 304 5.53 233 4.32 162 3.08 91
9.06 445 7.89 374 6.71 303 5.51 232 4.30 161 3.06 90
9.04 444 7.88 373 6.69 302 5.50 231 4.28 160 3.04 89
9.03 443 7.86 372 6.68 301 5.48 230 4.26 159 3.02 88
9.02 442 7.84 371 6.66 300 5.46 229 4.25 158 3.01 87
9.00 441 7.82 370 6.64 299 5.45 228 4.24 157 2.99 86
8.98 440 7.80 369 6.63 298 5.43 227 4.22 156 2.97 85
8.96 439 7.78 367 6.61 297 5.41 226 4.20 155 2.95 84
8.95 438 7.76 366 6.59 296 5.39 225 4.18 154 2.94 83
8.93 437 7.74 365 6.58 295 5.38 224 4.16 153 2.92 82
8.91 436 7.72 364 6.56 294 5.36 223 4.14 152 2.90 81
8.90 435 7.71 363 6.54 293 5.35 222 4.13 151 2.89 80
8.88 434 7.69 362 6.53 292 5.33 221 4.11 150 2.87 79
8.87 433 7.68 361 6.51 291 5.31 220 4.10 149 2.85 78
8.85 432 7.66 360 6.49 290 5.29 219 4.08 148 2.83 77
2.81 76 2.57 63 2.33 49 2.09 36 1.84 23 1.59 10
2.79 75 2.55 61 2.31 48 2.07 35 1.82 22 1.57 9
2.78 74 2.53 60 2.29 47 2.05 34 1.80 21 1.56 8
2.76 73 2.51 59 2.27 46 2.03 33 1.79 20 1.54 7
2.74 72 2.49 58 2.25 45 2.01 32 1.77 19 1.51 6
2.72 71 2.47 57 2.23 44 2.00 31 1.75 18 1.49 5
2.70 70 2.45 56 2.22 43 1.98 30 1.73 17 1.47 4
2.68 69 2.44 55 2.20 42 1.96 29 1.71 16 1.45 3
2.67 68 2.42 54 2.18 41 1.94 28 1.69 15 1.43 2
2.65 67 2.40 53 2.16 40 1.92 27 1.68 14 1.41 1
2.63 66 2.38 52 2.14 39 1.90 26 1.65 13
2.61 65 2.36 51 2.12 38 1.88 25 1.63 12
2.59 64 2.34 50 2.11 37 1.86 24 1.61 11
