22.15 1369 21.09 1296 20.01 1222 18.94 1149 17.86 1075 16.83 1005
22.13 1368 21.07 1295 19.99 1221 18.92 1148 17.85 1074 16.81 1004
22.12 1367 21.06 1294 19.98 1220 18.90 1146 17.83 1073 16.80 1003
22.10 1366 21.04 1293 19.97 1219 18.88 1145 17.81 1072 16.79 1002
22.09 1365 21.03 1292 19.95 1218 18.87 1144 17.80 1071 16.77 1001
22.08 1364 21.01 1291 19.93 1217 18.86 1143 17.79 1070 16.75 1000
22.06 1363 21.00 1290 19.92 1216 18.84 1142 17.77 1069 16.74 999
22.04 1362 20.98 1289 19.91 1215 18.82 1141 17.75 1068 16.73 998
22.03 1361 20.97 1288 19.89 1214 18.81 1140 17.74 1067 16.71 997
22.02 1360 20.96 1287 19.88 1213 18.80 1139 17.73 1066 16.69 996
22.00 1359 20.94 1286 19.86 1212 18.78 1138 17.71 1065 16.68 995
21.98 1358 20.92 1285 19.85 1211 18.77 1137 17.69 1064 16.67 994
21.96 1356 20.90 1283 19.83 1210 18.75 1136 17.68 1063 16.65 993
21.94 1355 20.88 1282 19.82 1209 18.74 1135 17.67 1062 16.64 992
21.93 1354 20.87 1281 19.80 1208 18.72 1134 17.65 1061 16.62 991
21.92 1353 20.86 1280 19.79 1207 18.71 1133 17.64 1060 16.61 990
21.90 1352 20.84 1279 19.78 1206 18.69 1132 17.62 1059 16.59 989
21.88 1351 20.82 1278 19.76 1205 18.68 1131 17.61 1058 16.58 988
21.87 1350 20.81 1277 19.75 1204 18.67 1130 17.59 1057 16.56 987
21.86 1349 20.80 1276 19.73 1203 18.65 1129 17.58 1056 16.55 986
21.84 1348 20.78 1275 19.72 1202 18.63 1128 17.57 1055 16.53 985
21.83 1347 20.77 1274 19.70 1201 18.62 1127 17.55 1054 16.52 984
21.81 1346 20.75 1273 19.69 1200 18.61 1126 17.54 1053 16.50 983
21.80 1345 20.74 1272 19.68 1199 18.59 1125 17.52 1052 16.49 982
21.79 1344 20.72 1271 19.66 1198 18.57 1124 17.51 1051 16.48 981
21.77 1343 20.71 1270 19.64 1197 18.55 1122 17.49 1050 16.46 980
21.75 1342 20.69 1269 19.63 1196 18.53 1121 17.48 1049 16.45 979
21.74 1341 20.68 1268 19.62 1195 18.51 1120 17.46 1048 16.43 978
21.73 1340 20.67 1267 19.60 1194 18.49 1118 17.45 1047 16.42 977
21.71 1339 20.65 1266 19.58 1193 18.47 1117 17.43 1046 16.40 976
21.69 1338 20.63 1265 19.57 1192 18.46 1116 17.42 1045 16.39 975
21.67 1336 20.62 1264 19.56 1191 18.45 1115 17.40 1044 16.38 974
21.65 1335 20.61 1263 19.54 1190 18.43 1114 17.39 1043 16.36 973
21.64 1334 20.59 1262 19.53 1189 18.41 1113 17.38 1042 16.34 972
21.63 1333 20.57 1261 19.51 1188 18.40 1112 17.36 1041 16.33 971
21.61 1332 20.55 1259 19.50 1187 18.39 1111 17.34 1040 16.32 970
21.59 1331 20.53 1258 19.48 1186 18.37 1110 17.33 1039 16.30 969
21.58 1330 20.52 1257 19.47 1185 18.36 1109 17.32 1038 16.28 968
21.57 1329 20.51 1256 19.45 1184 18.34 1108 17.30 1037 16.27 967
21.55 1328 20.49 1255 19.44 1183 18.33 1107 17.28 1036 16.26 966
21.54 1327 20.47 1254 19.43 1182 18.31 1106 17.27 1035 16.24 965
21.52 1326 20.46 1253 19.41 1181 18.30 1105 17.26 1034 16.22 964
21.51 1325 20.45 1252 19.39 1180 18.28 1104 17.24 1033 16.21 963
21.50 1324 20.43 1251 19.38 1179 18.27 1103 17.22 1032 16.20 962
21.48 1323 20.42 1250 19.37 1178 18.26 1102 17.21 1031 16.18 961
21.46 1322 20.40 1249 19.35 1177 18.24 1101 17.20 1030 16.16 960
21.45 1321 20.39 1248 19.33 1176 18.22 1100 17.18 1029 16.15 959
21.44 1320 20.38 1247 19.31 1174 18.21 1099 17.17 1028 16.14 958
21.42 1319 20.36 1246 19.29 1173 18.20 1098 17.15 1027 16.12 957
21.40 1318 20.34 1245 19.27 1172 18.18 1097 17.14 1026 16.10 956
21.38 1316 20.33 1244 19.25 1170 18.16 1096 17.12 1025 16.09 955
21.36 1315 20.32 1243 19.23 1169 18.15 1095 17.11 1024 16.08 954
21.35 1314 20.30 1242 19.22 1168 18.14 1094 17.09 1023 16.06 953
21.34 1313 20.28 1241 19.21 1167 18.12 1093 17.08 1022 16.05 952
21.32 1312 20.26 1239 19.19 1166 18.10 1092 17.06 1021 16.03 951
21.30 1311 20.24 1238 19.18 1165 18.08 1090 17.05 1020 16.02 950
21.29 1310 20.22 1237 19.16 1164 18.06 1089 17.04 1019 16.00 949
21.28 1309 20.20 1235 19.15 1163 18.05 1088 17.02 1018 15.99 948
21.26 1308 20.18 1234 19.13 1162 18.04 1087 17.01 1017 15.97 947
21.25 1307 20.17 1233 19.12 1161 18.02 1086 16.99 1016 15.96 946
21.23 1306 20.16 1232 19.10 1160 18.00 1085 16.98 1015 15.94 945
21.22 1305 20.14 1231 19.09 1159 17.99 1084 16.96 1014 15.93 944
21.21 1304 20.13 1230 19.08 1158 17.98 1083 16.95 1013 15.92 943
21.19 1303 20.11 1229 19.06 1157 17.96 1082 16.93 1012 15.90 942
21.17 1302 20.10 1228 19.04 1156 17.95 1081 16.92 1011 15.89 941
21.16 1301 20.08 1227 19.03 1155 17.93 1080 16.91 1010 15.87 940
21.15 1300 20.07 1226 19.02 1154 17.92 1079 16.89 1009 15.86 939
21.13 1299 20.05 1225 19.00 1153 17.90 1078 16.87 1008 15.84 938
21.11 1298 20.04 1224 18.98 1152 17.89 1077 16.86 1007 15.83 937
21.10 1297 20.03 1223 18.96 1150 17.87 1076 16.85 1006 15.81 936
15.80 935 14.74 864 13.63 789 12.59 719 11.54 649 10.41 574
15.78 934 14.72 862 13.62 788 12.57 718 11.52 648 10.39 573
15.77 933 14.70 861 13.60 787 12.56 717 11.50 647 10.38 572
15.75 932 14.68 860 13.59 786 12.54 716 11.48 645 10.36 571
15.74 931 14.66 858 13.57 785 12.53 715 11.46 644 10.34 570
15.73 930 14.64 857 13.56 784 12.51 714 11.44 643 10.33 569
15.71 929 14.62 856 13.54 783 12.50 713 11.42 641 10.32 568
15.69 928 14.60 854 13.53 782 12.48 712 11.40 640 10.30 567
15.68 927 14.58 853 13.51 781 12.47 711 11.38 639 10.28 566
15.67 926 14.56 852 13.50 780 12.45 710 11.37 638 10.27 565
15.65 925 14.54 850 13.48 779 12.44 709 11.36 637 10.26 564
15.63 924 14.52 849 13.47 778 12.42 708 11.34 636 10.24 563
15.62 923 14.50 848 13.45 777 12.41 707 11.32 635 10.22 562
15.61 922 14.48 846 13.44 776 12.39 706 11.31 634 10.21 561
15.59 921 14.46 845 13.42 775 12.38 705 11.30 633 10.20 560
15.57 920 14.45 844 13.41 774 12.36 704 11.28 632 10.18 559
15.56 919 14.44 843 13.39 773 12.35 703 11.26 631 10.16 558
15.55 918 14.42 842 13.38 772 12.33 702 11.25 630 10.14 557
15.53 917 14.40 841 13.36 771 12.32 701 11.24 629 10.12 555
15.51 916 14.39 840 13.35 770 12.30 700 11.22 628 10.10 554
15.50 915 14.38 839 13.33 769 12.29 699 11.20 627 10.08 553
15.49 914 14.36 838 13.32 768 12.27 698 11.19 626 10.06 551
15.47 913 14.34 837 13.31 767 12.26 697 11.18 625 10.04 550
15.45 912 14.33 836 13.29 766 12.24 696 11.16 624 10.02 549
15.44 911 14.32 835 13.27 765 12.23 695 11.14 623 10.00 547
15.43 910 14.30 834 13.26 764 12.21 694 11.13 622 9.98 546
15.41 909 14.28 833 13.25 763 12.20 693 11.12 621 9.96 545
15.39 908 14.27 832 13.23 762 12.18 692 11.10 620 9.95 544
15.37 906 14.26 831 13.21 761 12.17 691 11.08 619 9.94 543
15.35 905 14.24 830 13.20 760 12.15 690 11.07 618 9.92 542
15.34 904 14.22 829 13.19 759 12.14 689 11.06 617 9.90 541
15.33 903 14.21 828 13.17 758 12.12 688 11.04 616 9.89 540
15.31 902 14.20 827 13.15 757 12.11 687 11.02 615 9.88 539
15.29 901 14.18 826 13.14 756 12.09 686 11.01 614 9.86 538
15.28 900 14.17 825 13.13 755 12.08 685 10.99 613 9.85 537
15.27 899 14.15 824 13.11 754 12.06 684 10.98 612 9.83 536
15.25 898 14.14 823 13.09 753 12.05 683 10.97 611 9.81 535
15.23 897 14.12 822 13.08 752 12.03 682 10.95 610 9.80 534
15.22 896 14.11 821 13.07 751 12.02 681 10.93 609 9.79 533
15.21 895 14.09 820 13.05 750 12.00 680 10.92 608 9.77 532
15.19 894 14.08 819 13.03 749 11.99 679 10.91 607 9.75 531
15.18 893 14.06 818 13.02 748 11.97 678 10.89 606 9.74 530
15.16 892 14.05 817 13.01 747 11.96 677 10.87 605 9.73 529
15.15 891 14.03 816 12.99 746 11.94 676 10.86 604 9.71 528
15.13 890 14.02 815 12.97 745 11.93 675 10.85 603 9.69 527
15.12 889 14.00 814 12.96 744 11.91 674 10.83 602 9.67 526
15.10 888 13.99 813 12.95 743 11.90 673 10.81 601 9.65 524
15.09 887 13.97 812 12.93 742 11.88 672 10.80 600 9.63 523
15.07 886 13.96 811 12.91 741 11.86 671 10.79 599 9.61 522
15.06 885 13.94 810 12.90 740 11.85 670 10.77 598 9.59 520
15.04 884 13.93 809 12.89 739 11.84 669 10.75 597 9.57 519
15.03 883 13.91 808 12.87 738 11.82 668 10.73 596 9.55 518
15.01 882 13.90 807 12.85 737 11.80 667 10.71 594 9.53 516
15.00 881 13.88 806 12.84 736 11.79 666 10.69 593 9.51 515
14.98 880 13.87 805 12.83 735 11.78 665 10.67 592 9.49 514
14.97 879 13.85 804 12.81 734 11.76 664 10.65 590 9.48 513
14.96 878 13.84 803 12.79 733 11.74 663 10.63 589 9.47 512
14.94 877 13.82 802 12.78 732 11.73 662 10.61 588 9.45 511
14.92 876 13.81 801 12.77 731 11.72 661 10.59 586 9.43 510
14.91 875 13.79 800 12.75 730 11.70 660 10.57 585 9.42 509
14.90 874 13.78 799 12.73 729 11.68 659 10.55 584 9.40 508
14.88 873 13.77 798 12.72 728 11.67 658 10.54 583 9.39 507
14.86 872 13.75 797 12.71 727 11.66 657 10.53 582 9.37 506
14.85 871 13.74 796 12.69 726 11.64 656 10.51 581 9.36 505
14.84 870 13.72 795 12.67 725 11.62 655 10.49 580 9.34 504
14.82 869 13.71 794 12.66 724 11.61 654 10.48 579 9.33 503
14.80 868 13.69 793 12.65 723 11.60 653 10.47 578 9.32 502
14.79 867 13.68 792 12.63 722 11.58 652 10.45 577 9.30 501
14.78 866 13.66 791 12.62 721 11.56 651 10.44 576 9.28 500
14.76 865 13.65 790 12.60 720 11.55 650 10.42 575 9.26 499
9.24 497 8.15 426 7.04 354 5.92 282 4.78 209 3.66 139
9.22 496 8.14 425 7.02 353 5.90 281 4.76 208 3.64 138
9.20 495 8.12 424 7.00 351 5.88 279 4.74 207 3.62 137
9.18 493 8.11 423 6.98 350 5.86 278 4.72 206 3.60 136
9.16 492 8.09 422 6.96 349 5.84 277 4.71 205 3.59 135
9.14 491 8.08 421 6.95 348 5.83 276 4.70 204 3.57 134
9.13 490 8.06 420 6.94 347 5.81 275 4.68 203 3.55 133
9.12 489 8.04 419 6.92 346 5.80 274 4.66 202 3.54 132
9.10 488 8.03 418 6.90 345 5.78 273 4.65 201 3.53 131
9.08 487 8.02 417 6.89 344 5.77 272 4.63 200 3.51 130
9.07 486 8.00 416 6.87 343 5.75 271 4.61 199 3.49 129
9.06 485 7.98 415 6.86 342 5.73 270 4.60 198 3.48 128
9.04 484 7.96 414 6.84 341 5.72 269 4.58 197 3.46 127
9.02 483 7.94 412 6.83 340 5.71 268 4.57 196 3.44 126
9.01 482 7.92 411 6.81 339 5.69 267 4.55 195 3.42 125
8.99 481 7.90 410 6.79 338 5.67 266 4.54 194 3.41 124
8.98 480 7.89 409 6.78 337 5.66 265 4.52 193 3.39 123
8.96 479 7.88 408 6.77 336 5.64 264 4.50 192 3.37 122
8.95 478 7.86 407 6.75 335 5.62 263 4.48 191 3.36 121
8.93 477 7.84 406 6.73 334 5.61 262 4.47 190 3.35 120
8.91 476 7.83 405 6.72 333 5.60 261 4.46 189 3.33 119
8.90 475 7.81 404 6.70 332 5.58 260 4.44 188 3.31 118
8.89 474 7.80 403 6.69 331 5.56 259 4.42 187 3.30 117
8.87 473 7.78 402 6.67 330 5.54 258 4.41 186 3.28 116
8.85 472 7.77 401 6.66 329 5.53 257 4.39 185 3.26 115
8.84 471 7.75 400 6.64 328 5.52 256 4.37 184 3.25 114
8.83 470 7.73 399 6.62 327 5.50 255 4.36 183 3.23 113
8.81 469 7.72 398 6.61 326 5.49 254 4.35 182 3.21 112
8.79 468 7.71 397 6.60 325 5.47 253 4.33 181 3.19 111
8.78 467 7.69 396 6.58 324 5.45 252 4.31 180 3.17 109
8.77 466 7.67 395 6.56 323 5.43 251 4.30 179 3.15 108
8.75 465 7.66 394 6.55 322 5.41 249 4.28 178 3.13 107
8.73 464 7.65 393 6.53 321 5.39 248 4.26 177 3.12 106
8.72 463 7.63 392 6.52 320 5.37 247 4.25 176 3.10 105
8.70 462 7.61 391 6.50 319 5.36 246 4.23 175 3.08 104
8.69 461 7.60 390 6.49 318 5.34 245 4.22 174 3.07 103
8.67 460 7.58 389 6.47 317 5.33 244 4.20 173 3.05 102
8.66 459 7.57 388 6.45 316 5.31 243 4.19 172 3.03 101
8.64 458 7.55 387 6.43 315 5.30 242 4.17 171 3.01 100
8.63 457 7.54 386 6.41 313 5.28 241 4.15 170 3.00 99
8.61 456 7.52 385 6.39 312 5.26 240 4.13 169 2.98 98
8.60 455 7.50 384 6.37 311 5.25 239 4.12 168 2.97 97
8.58 454 7.49 383 6.36 310 5.23 238 4.10 167 2.95 96
8.56 453 7.48 382 6.35 309 5.22 237 4.09 166 2.94 95
8.55 452 7.46 381 6.33 308 5.20 236 4.07 165 2.92 94
8.54 451 7.44 380 6.31 307 5.19 235 4.06 164 2.90 93
8.52 450 7.43 379 6.30 306 5.17 234 4.04 163 2.89 92
8.50 449 7.42 378 6.28 305 5.15 233 4.02 162 2.87 91
8.49 448 7.40 377 6.26 304 5.13 232 4.01 161 2.85 90
8.48 447 7.38 376 6.25 303 5.11 230 3.99 160 2.83 89
8.46 446 7.37 375 6.24 302 5.09 229 3.97 159 2.82 88
8.44 445 7.35 374 6.22 301 5.07 228 3.96 158 2.80 87
8.43 444 7.34 373 6.20 300 5.06 227 3.95 157 2.78 86
8.41 443 7.32 372 6.19 299 5.04 226 3.93 156 2.77 85
8.40 442 7.31 371 6.18 298 5.02 225 3.91 155 2.75 84
8.38 441 7.29 370 6.16 297 5.01 224 3.89 154 2.74 83
8.37 440 7.27 369 6.14 296 5.00 223 3.88 153 2.72 82
8.35 439 7.26 368 6.13 295 4.98 222 3.86 152 2.71 81
8.34 438 7.25 367 6.11 294 4.96 221 3.84 151 2.69 80
8.32 437 7.23 366 6.09 293 4.95 220 3.83 150 2.67 79
8.31 436 7.21 365 6.08 292 4.93 219 3.82 149 2.66 78
8.29 435 7.19 364 6.07 291 4.91 218 3.80 148 2.64 77
8.27 434 7.17 362 6.05 290 4.90 217 3.78 147 2.62 76
8.26 433 7.15 361 6.03 289 4.89 216 3.77 146 2.60 75
8.25 432 7.14 360 6.02 288 4.87 215 3.75 145 2.59 74
8.23 431 7.12 359 6.00 287 4.85 214 3.73 144 2.57 73
8.21 430 7.11 358 5.99 286 4.84 213 3.72 143 2.55 72
8.20 429 7.09 357 5.97 285 4.82 212 3.70 142 2.54 71
8.19 428 7.08 356 5.96 284 4.81 211 3.68 141 2.52 70
8.17 427 7.06 355 5.94 283 4.79 210 3.67 140 2.50 69
2.48 68 2.29 56 2.08 44 1.88 32 1.66 20 1.45 8
2.47 67 2.27 55 2.07 43 1.86 31 1.65 19 1.43 7
2.45 66 2.25 54 2.05 42 1.84 30 1.63 18 1.41 6
2.43 65 2.24 53 2.03 41 1.83 29 1.61 17 1.39 5
2.42 64 2.22 52 2.01 40 1.81 28 1.60 16 1.37 4
2.40 63 2.20 51 2.00 39 1.79 27 1.58 15 1.36 3
2.39 62 2.19 50 1.98 38 1.77 26 1.56 14 1.33 2
2.37 61 2.17 49 1.96 37 1.75 25 1.54 13 1.31 1
2.36 60 2.15 48 1.95 36 1.73 24 1.52 12
2.34 59 2.13 47 1.93 35 1.71 23 1.50 11
2.32 58 2.12 46 1.91 34 1.70 22 1.48 10
2.30 57 2.10 45 1.89 33 1.68 21 1.47 9
