24.70 1369 23.54 1297 22.38 1226 21.22 1155 20.08 1085 18.90 1013
24.68 1368 23.52 1296 22.36 1225 21.21 1154 20.07 1084 18.88 1012
24.67 1367 23.50 1295 22.34 1224 21.19 1153 20.05 1083 18.86 1011
24.65 1366 23.49 1294 22.32 1222 21.17 1152 20.03 1082 18.84 1009
24.63 1365 23.47 1293 22.30 1221 21.16 1151 20.02 1081 18.82 1008
24.62 1364 23.45 1292 22.28 1220 21.14 1150 20.00 1080 18.80 1007
24.60 1363 23.43 1291 22.27 1219 21.12 1149 19.98 1079 18.79 1006
24.59 1362 23.42 1290 22.25 1218 21.11 1148 19.96 1078 18.77 1005
24.57 1361 23.40 1289 22.23 1217 21.10 1147 19.95 1077 18.75 1004
24.56 1360 23.38 1288 22.22 1216 21.08 1146 19.93 1076 18.73 1003
24.54 1359 23.37 1287 22.20 1215 21.06 1145 19.91 1075 18.72 1002
24.52 1358 23.36 1286 22.18 1214 21.05 1144 19.90 1074 18.70 1001
24.51 1357 23.34 1285 22.17 1213 21.03 1143 19.88 1073 18.68 1000
24.49 1356 23.33 1284 22.15 1212 21.01 1142 19.87 1072 18.67 999
24.47 1355 23.31 1283 22.14 1211 20.99 1141 19.85 1071 18.65 998
24.46 1354 23.29 1282 22.12 1210 20.98 1140 19.84 1070 18.64 997
24.44 1353 23.27 1281 22.11 1209 20.96 1139 19.82 1069 18.62 996
24.42 1352 23.26 1280 22.09 1208 20.94 1138 19.80 1068 18.61 995
24.40 1351 23.24 1279 22.07 1207 20.93 1137 19.79 1067 18.59 994
24.39 1350 23.22 1278 22.06 1206 20.91 1136 19.77 1066 18.57 993
24.38 1349 23.21 1277 22.04 1205 20.90 1135 19.75 1065 18.56 992
24.36 1348 23.19 1276 22.02 1204 20.88 1134 19.73 1064 18.54 991
24.35 1347 23.17 1275 22.00 1203 20.87 1133 19.72 1063 18.52 990
24.33 1346 23.16 1274 21.99 1202 20.85 1132 19.70 1062 18.50 989
24.31 1345 23.15 1273 21.97 1201 20.83 1131 19.68 1061 18.49 988
24.30 1344 23.13 1272 21.95 1200 20.82 1130 19.66 1059 18.47 987
24.28 1343 23.11 1271 21.94 1199 20.80 1129 19.64 1058 18.45 986
24.26 1342 23.10 1270 21.93 1198 20.78 1128 19.62 1057 18.44 985
24.24 1341 23.08 1269 21.91 1197 20.76 1127 19.61 1056 18.43 984
24.23 1340 23.06 1268 21.89 1196 20.75 1126 19.59 1055 18.41 983
24.21 1339 23.05 1267 21.88 1195 20.73 1125 19.57 1054 18.39 982
24.19 1338 23.03 1266 21.86 1194 20.71 1124 19.56 1053 18.38 981
24.17 1336 23.01 1265 21.84 1193 20.70 1123 19.54 1052 18.36 980
24.15 1335 22.99 1264 21.83 1192 20.69 1122 19.52 1051 18.34 979
24.14 1334 22.98 1263 21.81 1191 20.67 1121 19.50 1050 18.32 978
24.12 1333 22.96 1262 21.79 1190 20.65 1120 19.49 1049 18.31 977
24.10 1332 22.95 1261 21.78 1189 20.64 1119 19.47 1048 18.29 976
24.08 1331 22.94 1260 21.76 1188 20.62 1118 19.46 1047 18.27 975
24.07 1330 22.92 1259 21.74 1187 20.60 1117 19.44 1046 18.26 974
24.05 1329 22.90 1258 21.73 1186 20.59 1116 19.43 1045 18.24 973
24.03 1328 22.89 1257 21.72 1185 20.57 1115 19.41 1044 18.23 972
24.02 1327 22.87 1256 21.70 1184 20.55 1114 19.39 1043 18.21 971
24.00 1326 22.85 1255 21.68 1183 20.53 1113 19.38 1042 18.20 970
23.98 1325 22.83 1254 21.67 1182 20.52 1112 19.36 1041 18.18 969
23.96 1323 22.82 1253 21.65 1181 20.50 1111 19.34 1040 18.16 968
23.94 1322 22.80 1252 21.63 1180 20.49 1110 19.32 1039 18.14 967
23.92 1321 22.78 1251 21.61 1179 20.48 1109 19.31 1038 18.13 966
23.91 1320 22.77 1250 21.60 1178 20.46 1108 19.29 1037 18.11 965
23.89 1319 22.75 1249 21.58 1177 20.44 1107 19.27 1036 18.09 964
23.87 1318 22.74 1248 21.56 1176 20.42 1106 19.25 1034 18.08 963
23.86 1317 22.73 1247 21.55 1175 20.41 1105 19.23 1033 18.06 962
23.84 1316 22.71 1246 21.53 1174 20.39 1104 19.21 1032 18.04 961
23.82 1315 22.69 1245 21.52 1173 20.37 1103 19.20 1031 18.03 960
23.81 1314 22.67 1244 21.50 1172 20.36 1102 19.18 1030 18.02 959
23.79 1313 22.66 1243 21.49 1171 20.34 1101 19.16 1029 18.00 958
23.78 1312 22.64 1242 21.47 1170 20.32 1100 19.15 1028 17.98 957
23.76 1311 22.62 1241 21.45 1169 20.30 1099 19.13 1027 17.96 956
23.75 1310 22.61 1240 21.44 1168 20.29 1098 19.11 1026 17.95 955
23.73 1309 22.59 1239 21.42 1167 20.28 1097 19.09 1025 17.93 954
23.71 1308 22.57 1238 21.40 1166 20.26 1096 19.08 1024 17.91 953
23.70 1307 22.55 1237 21.39 1165 20.25 1095 19.06 1023 17.90 952
23.68 1306 22.53 1235 21.37 1164 20.23 1094 19.05 1022 17.88 951
23.66 1305 22.51 1234 21.35 1163 20.21 1093 19.03 1021 17.86 950
23.65 1304 22.50 1233 21.33 1162 20.19 1092 19.02 1020 17.84 949
23.63 1303 22.48 1232 21.32 1161 20.18 1091 19.00 1019 17.83 948
23.61 1302 22.46 1231 21.31 1160 20.16 1090 18.98 1018 17.82 947
23.59 1301 22.45 1230 21.29 1159 20.14 1089 18.97 1017 17.80 946
23.58 1300 22.43 1229 21.28 1158 20.13 1088 18.95 1016 17.78 945
23.57 1299 22.41 1228 21.26 1157 20.11 1087 18.93 1015 17.77 944
23.55 1298 22.39 1227 21.24 1156 20.09 1086 18.91 1014 17.75 943
17.73 942 16.58 872 15.40 801 14.22 730 13.05 660 11.88 590
17.72 941 16.56 871 15.38 800 14.20 729 13.03 659 11.86 589
17.70 940 16.55 870 15.37 799 14.18 728 13.02 658 11.84 588
17.68 939 16.53 869 15.36 798 14.17 727 13.00 657 11.83 587
17.66 938 16.51 868 15.34 797 14.15 726 12.98 656 11.81 586
17.65 937 16.49 867 15.32 796 14.14 725 12.96 655 11.79 585
17.63 936 16.48 866 15.30 795 14.12 724 12.95 654 11.77 584
17.62 935 16.46 865 15.29 794 14.11 723 12.93 653 11.75 583
17.60 934 16.44 864 15.27 793 14.09 722 12.91 652 11.74 582
17.59 933 16.43 863 15.25 792 14.07 721 12.90 651 11.72 581
17.57 932 16.41 862 15.23 791 14.05 720 12.89 650 11.70 580
17.55 931 16.40 861 15.22 790 14.04 719 12.87 649 11.69 579
17.54 930 16.38 860 15.20 789 14.02 718 12.85 648 11.68 578
17.52 929 16.37 859 15.18 788 14.00 717 12.83 647 11.66 577
17.50 928 16.35 858 15.17 787 13.98 716 12.82 646 11.64 576
17.48 927 16.33 857 15.16 786 13.97 715 12.80 645 11.62 575
17.47 926 16.31 856 15.14 785 13.95 714 12.78 644 11.61 574
17.45 925 16.30 855 15.12 784 13.94 713 12.76 643 11.59 573
17.43 924 16.28 854 15.10 783 13.92 712 12.75 642 11.57 572
17.42 923 16.26 853 15.09 782 13.91 711 12.73 641 11.55 571
17.41 922 16.24 852 15.07 781 13.89 710 12.71 640 11.53 570
17.39 921 16.23 851 15.05 780 13.87 709 12.70 639 11.52 569
17.37 920 16.21 850 15.03 779 13.85 708 12.68 638 11.50 568
17.36 919 16.19 849 15.02 778 13.84 707 12.67 637 11.48 567
17.34 918 16.18 848 15.00 777 13.82 706 12.65 636 11.47 566
17.32 917 16.17 847 14.98 776 13.80 705 12.63 635 11.46 565
17.30 916 16.15 846 14.96 775 13.78 704 12.61 634 11.44 564
17.29 915 16.13 845 14.94 773 13.77 703 12.60 633 11.42 563
17.27 914 16.12 844 14.92 772 13.75 702 12.58 632 11.40 562
17.25 913 16.10 843 14.90 771 13.73 701 12.56 631 11.39 561
17.23 912 16.08 842 14.89 770 13.72 700 12.54 630 11.37 560
17.22 911 16.06 841 14.87 769 13.71 699 12.53 629 11.35 559
17.21 910 16.05 840 14.85 768 13.69 698 12.51 628 11.33 558
17.19 909 16.03 839 14.84 767 13.67 697 12.50 627 11.31 557
17.17 908 16.01 838 14.82 766 13.65 696 12.48 626 11.30 556
17.16 907 15.99 837 14.80 765 13.64 695 12.47 625 11.28 555
17.14 906 15.97 835 14.78 764 13.62 694 12.45 624 11.27 554
17.12 905 15.95 834 14.77 763 13.60 693 12.43 623 11.25 553
17.11 904 15.93 833 14.76 762 13.58 692 12.41 622 11.24 552
17.09 903 15.92 832 14.74 761 13.57 691 12.40 621 11.22 551
17.07 902 15.90 831 14.72 760 13.55 690 12.38 620 11.20 550
17.05 901 15.88 830 14.71 759 13.53 689 12.36 619 11.18 549
17.04 900 15.86 829 14.69 758 13.52 688 12.34 618 11.17 548
17.02 899 15.85 828 14.67 757 13.51 687 12.33 617 11.15 547
17.01 898 15.83 827 14.65 756 13.49 686 12.31 616 11.13 546
16.99 897 15.81 826 14.64 755 13.47 685 12.30 615 11.11 545
16.98 896 15.80 825 14.62 754 13.45 684 12.28 614 11.09 544
16.96 895 15.78 824 14.60 753 13.44 683 12.26 613 11.08 543
16.94 894 15.77 823 14.58 752 13.42 682 12.25 612 11.07 542
16.93 893 15.75 822 14.57 751 13.40 681 12.23 611 11.05 541
16.91 892 15.74 821 14.55 750 13.38 680 12.21 610 11.03 540
16.89 891 15.72 820 14.54 749 13.37 679 12.19 609 11.02 539
16.87 890 15.70 819 14.52 748 13.35 678 12.18 608 11.00 538
16.86 889 15.68 818 14.51 747 13.33 677 12.16 607 10.98 537
16.84 888 15.67 817 14.49 746 13.32 676 12.14 606 10.96 536
16.82 887 15.65 816 14.47 745 13.31 675 12.12 605 10.94 535
16.81 886 15.63 815 14.45 744 13.29 674 12.11 604 10.93 534
16.80 885 15.61 814 14.44 743 13.27 673 12.10 603 10.91 533
16.78 884 15.60 813 14.42 742 13.25 672 12.08 602 10.89 532
16.76 883 15.58 812 14.40 741 13.23 671 12.06 601 10.87 531
16.74 882 15.57 811 14.38 740 13.22 670 12.05 600 10.85 529
16.73 881 15.55 810 14.37 739 13.20 669 12.03 599 10.83 528
16.71 880 15.54 809 14.35 738 13.18 668 12.01 598 10.81 527
16.69 879 15.52 808 14.34 737 13.16 667 11.99 597 10.79 526
16.68 878 15.50 807 14.32 736 13.15 666 11.97 596 10.78 525
16.66 877 15.48 806 14.31 735 13.13 665 11.96 595 10.76 524
16.64 876 15.47 805 14.29 734 13.12 664 11.94 594 10.74 523
16.62 875 15.45 804 14.27 733 13.10 663 11.92 593 10.72 522
16.61 874 15.43 803 14.25 732 13.09 662 11.90 592 10.71 521
16.60 873 15.41 802 14.24 731 13.07 661 11.89 591 10.69 520
10.67 519 9.48 449 8.28 379 7.06 308 5.82 237 4.57 167
10.66 518 9.46 448 8.27 378 7.04 307 5.80 236 4.56 166
10.65 517 9.45 447 8.25 377 7.02 306 5.78 235 4.54 165
10.63 516 9.43 446 8.23 376 7.00 305 5.76 234 4.52 164
10.61 515 9.42 445 8.21 375 6.98 304 5.74 233 4.51 163
10.59 514 9.40 444 8.20 374 6.97 303 5.73 232 4.49 162
10.57 513 9.38 443 8.19 373 6.96 302 5.72 231 4.47 161
10.56 512 9.37 442 8.17 372 6.94 301 5.70 230 4.45 160
10.54 511 9.35 441 8.15 371 6.92 300 5.68 229 4.43 159
10.52 510 9.33 440 8.13 370 6.90 299 5.66 228 4.42 158
10.50 509 9.31 439 8.11 369 6.89 298 5.64 227 4.40 157
10.48 508 9.30 438 8.10 368 6.87 297 5.62 226 4.38 156
10.47 507 9.28 437 8.08 367 6.85 296 5.60 225 4.36 155
10.46 506 9.26 436 8.06 366 6.83 295 5.59 224 4.34 154
10.44 505 9.24 435 8.04 365 6.81 294 5.57 223 4.32 153
10.42 504 9.23 434 8.02 364 6.79 293 5.55 222 4.31 152
10.41 503 9.22 433 8.01 363 6.78 292 5.54 221 4.29 151
10.39 502 9.20 432 8.00 362 6.77 291 5.52 220 4.27 150
10.37 501 9.18 431 7.98 361 6.75 290 5.50 219 4.26 149
10.35 500 9.16 430 7.96 360 6.73 289 5.48 218 4.24 148
10.33 499 9.14 429 7.94 359 6.71 288 5.47 217 4.22 147
10.32 498 9.13 428 7.93 358 6.69 287 5.45 216 4.20 146
10.30 497 9.11 427 7.91 357 6.68 286 5.43 215 4.18 145
10.28 496 9.09 426 7.89 356 6.66 285 5.41 214 4.16 144
10.26 495 9.07 425 7.87 355 6.64 284 5.39 213 4.14 143
10.25 494 9.05 424 7.85 354 6.62 283 5.37 212 4.12 142
10.24 493 9.04 423 7.83 353 6.60 282 5.36 211 4.10 141
10.22 492 9.02 422 7.82 352 6.58 281 5.34 210 4.08 139
10.20 491 9.01 421 7.80 351 6.57 280 5.33 209 4.06 138
10.18 490 8.99 420 7.79 350 6.56 279 5.31 208 4.04 137
10.17 489 8.97 419 7.77 349 6.54 278 5.29 207 4.02 136
10.15 488 8.96 418 7.75 348 6.52 277 5.27 206 4.00 135
10.13 487 8.94 417 7.74 347 6.50 276 5.25 205 3.98 134
10.11 486 8.92 416 7.72 346 6.48 275 5.24 204 3.96 133
10.10 485 8.90 415 7.70 345 6.47 274 5.22 203 3.94 132
10.08 484 8.88 414 7.68 344 6.45 273 5.20 202 3.93 131
10.06 483 8.87 413 7.66 343 6.43 272 5.18 201 3.91 130
10.05 482 8.85 412 7.65 342 6.41 271 5.16 200 3.90 129
10.03 481 8.83 411 7.63 341 6.39 270 5.14 199 3.88 128
10.02 480 8.82 410 7.61 340 6.37 269 5.13 198 3.86 127
10.00 479 8.80 409 7.59 339 6.36 268 5.11 197 3.84 126
9.98 478 8.79 408 7.58 338 6.35 267 5.10 196 3.82 125
9.96 477 8.77 407 7.56 337 6.33 266 5.08 195 3.80 124
9.94 476 8.75 406 7.55 336 6.31 265 5.06 194 3.78 123
9.93 475 8.73 405 7.53 335 6.29 264 5.04 193 3.76 122
9.91 474 8.71 404 7.51 334 6.27 263 5.02 192 3.75 121
9.89 473 8.70 403 7.49 333 6.26 262 5.00 191 3.73 120
9.87 472 8.68 402 7.47 332 6.24 261 4.98 190 3.71 119
9.86 471 8.66 401 7.46 331 6.22 260 4.97 189 3.69 118
9.84 470 8.64 400 7.44 330 6.20 259 4.95 188 3.68 117
9.83 469 8.62 399 7.42 329 6.18 258 4.93 187 3.66 116
9.81 468 8.61 398 7.40 328 6.16 257 4.92 186 3.64 115
9.79 467 8.60 397 7.38 327 6.15 256 4.90 185 3.62 114
9.78 466 8.58 396 7.36 325 6.14 255 4.88 184 3.60 113
9.76 465 8.56 395 7.34 324 6.12 254 4.86 183 3.58 112
9.74 464 8.54 394 7.32 323 6.10 253 4.85 182 3.56 111
9.72 463 8.53 393 7.30 322 6.08 252 4.83 181 3.55 110
9.70 462 8.51 392 7.28 321 6.06 251 4.81 180 3.53 109
9.69 461 8.49 391 7.27 320 6.05 250 4.79 179 3.51 108
9.67 460 8.47 390 7.25 319 6.03 249 4.77 178 3.49 107
9.65 459 8.45 389 7.23 318 6.01 248 4.75 177 3.48 106
9.64 458 8.44 388 7.21 317 5.99 247 4.73 176 3.46 105
9.63 457 8.42 387 7.19 316 5.97 246 4.72 175 3.44 104
9.61 456 8.41 386 7.18 315 5.95 245 4.71 174 3.42 103
9.59 455 8.39 385 7.17 314 5.93 243 4.69 173 3.40 102
9.57 454 8.37 384 7.15 313 5.91 242 4.67 172 3.38 101
9.55 453 8.36 383 7.13 312 5.89 241 4.65 171 3.36 100
9.54 452 8.34 382 7.11 311 5.87 240 4.63 170 3.34 99
9.52 451 8.32 381 7.09 310 5.85 239 4.61 169 3.32 98
9.50 450 8.30 380 7.08 309 5.83 238 4.59 168 3.31 97
3.29 96 3.00 80 2.69 64 2.38 47 2.07 31 1.76 15
3.28 95 2.98 79 2.67 63 2.36 46 2.05 30 1.74 14
3.26 94 2.96 78 2.65 61 2.34 45 2.04 29 1.71 13
3.24 93 2.94 77 2.63 60 2.32 44 2.02 28 1.69 12
3.22 92 2.92 76 2.61 59 2.30 43 2.00 27 1.67 11
3.20 91 2.90 75 2.59 58 2.28 42 1.97 26 1.65 10
3.18 90 2.88 74 2.57 57 2.26 41 1.95 25 1.64 9
3.16 89 2.87 73 2.55 56 2.25 40 1.93 24 1.62 8
3.14 88 2.85 72 2.53 55 2.23 39 1.91 23 1.60 7
3.12 87 2.83 71 2.51 54 2.21 38 1.89 22 1.57 6
3.10 86 2.81 70 2.49 53 2.19 37 1.87 21 1.55 5
3.08 85 2.79 69 2.47 52 2.17 36 1.85 20 1.53 4
3.07 84 2.77 68 2.46 51 2.15 35 1.84 19 1.51 3
3.06 83 2.75 67 2.44 50 2.13 34 1.82 18 1.48 2
3.04 82 2.73 66 2.42 49 2.11 33 1.80 17 1.46 1
3.02 81 2.71 65 2.40 48 2.09 32 1.78 16
