23.08 1369 21.99 1297 20.87 1223 19.77 1151 18.65 1078 17.54 1005
23.06 1368 21.97 1296 20.85 1222 19.76 1150 18.64 1077 17.52 1004
23.05 1367 21.96 1295 20.83 1221 19.74 1149 18.62 1076 17.50 1003
23.03 1366 21.95 1294 20.82 1220 19.72 1148 18.61 1075 17.49 1002
23.02 1365 21.93 1293 20.81 1219 19.71 1147 18.60 1074 17.47 1001
23.01 1364 21.91 1292 20.79 1218 19.69 1146 18.58 1073 17.46 1000
22.99 1363 21.89 1291 20.77 1217 19.68 1145 18.56 1072 17.45 999
22.97 1362 21.88 1290 20.76 1216 19.67 1144 18.54 1071 17.43 998
22.95 1361 21.87 1289 20.74 1215 19.65 1143 18.52 1069 17.41 997
22.94 1360 21.85 1288 20.73 1214 19.63 1142 18.50 1068 17.39 996
22.93 1359 21.84 1287 20.72 1213 19.61 1141 18.49 1067 17.37 994
22.91 1358 21.82 1286 20.70 1212 19.60 1140 18.47 1066 17.35 993
22.90 1357 21.80 1285 20.68 1211 19.59 1139 18.45 1065 17.34 992
22.88 1356 21.78 1283 20.66 1210 19.57 1138 18.44 1064 17.32 991
22.86 1355 21.76 1282 20.64 1208 19.56 1137 18.43 1063 17.31 990
22.84 1353 21.74 1281 20.62 1207 19.54 1136 18.41 1062 17.29 989
22.82 1352 21.73 1280 20.61 1206 19.52 1135 18.39 1061 17.28 988
22.80 1351 21.72 1279 20.59 1205 19.51 1134 18.38 1060 17.26 987
22.79 1350 21.70 1278 20.58 1204 19.50 1133 18.37 1059 17.24 986
22.78 1349 21.69 1277 20.56 1203 19.48 1132 18.35 1058 17.23 985
22.76 1348 21.67 1276 20.55 1202 19.46 1131 18.33 1057 17.22 984
22.75 1347 21.65 1275 20.53 1201 19.45 1130 18.32 1056 17.20 983
22.73 1346 21.64 1274 20.51 1200 19.43 1129 18.30 1055 17.18 982
22.71 1345 21.63 1273 20.50 1199 19.42 1128 18.29 1054 17.17 981
22.70 1344 21.61 1272 20.49 1198 19.40 1127 18.28 1053 17.15 980
22.69 1343 21.59 1271 20.47 1197 19.39 1126 18.26 1052 17.14 979
22.67 1342 21.58 1270 20.45 1196 19.37 1125 18.24 1051 17.12 978
22.65 1341 21.56 1269 20.44 1195 19.35 1124 18.22 1050 17.11 977
22.64 1340 21.55 1268 20.42 1194 19.33 1122 18.21 1049 17.09 976
22.62 1339 21.54 1267 20.41 1193 19.31 1121 18.20 1048 17.07 975
22.61 1338 21.52 1266 20.40 1192 19.29 1120 18.18 1047 17.05 973
22.60 1337 21.50 1265 20.38 1191 19.28 1119 18.16 1046 17.03 972
22.58 1336 21.48 1264 20.36 1190 19.27 1118 18.15 1045 17.01 971
22.56 1335 21.47 1263 20.35 1189 19.25 1117 18.13 1044 17.00 970
22.55 1334 21.46 1262 20.33 1188 19.24 1116 18.12 1043 16.98 969
22.54 1333 21.44 1261 20.32 1187 19.22 1115 18.11 1042 16.97 968
22.52 1332 21.43 1260 20.30 1186 19.20 1114 18.09 1041 16.95 967
22.50 1331 21.41 1259 20.29 1185 19.19 1113 18.07 1040 16.94 966
22.49 1330 21.39 1258 20.27 1184 19.18 1112 18.05 1039 16.92 965
22.47 1329 21.37 1256 20.25 1183 19.16 1111 18.03 1037 16.90 964
22.45 1328 21.35 1255 20.23 1181 19.14 1110 18.01 1036 16.88 962
22.43 1326 21.33 1254 20.21 1180 19.13 1109 18.00 1035 16.86 961
22.41 1325 21.32 1253 20.19 1179 19.11 1108 17.98 1034 16.84 960
22.40 1324 21.31 1252 20.18 1178 19.10 1107 17.96 1033 16.83 959
22.38 1323 21.29 1251 20.17 1177 19.08 1106 17.95 1032 16.82 958
22.37 1322 21.28 1250 20.15 1176 19.07 1105 17.94 1031 16.80 957
22.35 1321 21.26 1249 20.14 1175 19.05 1104 17.92 1030 16.78 956
22.34 1320 21.24 1248 20.12 1174 19.03 1103 17.90 1029 16.77 955
22.32 1319 21.23 1247 20.10 1173 19.01 1101 17.89 1028 16.75 954
22.30 1318 21.22 1246 20.09 1172 18.99 1100 17.88 1027 16.74 953
22.29 1317 21.20 1245 20.08 1171 18.97 1099 17.86 1026 16.73 952
22.28 1316 21.18 1244 20.06 1170 18.96 1098 17.84 1025 16.71 951
22.26 1315 21.17 1243 20.04 1169 18.94 1097 17.83 1024 16.69 950
22.25 1314 21.15 1242 20.03 1168 18.93 1096 17.81 1023 16.67 949
22.23 1313 21.14 1241 20.01 1167 18.92 1095 17.80 1022 16.66 948
22.21 1312 21.13 1240 20.00 1166 18.90 1094 17.78 1021 16.65 947
22.20 1311 21.11 1239 19.99 1165 18.88 1093 17.77 1020 16.63 946
22.19 1310 21.09 1238 19.97 1164 18.86 1092 17.75 1019 16.61 945
22.17 1309 21.07 1237 19.95 1163 18.84 1090 17.73 1018 16.60 944
22.15 1308 21.05 1235 19.93 1162 18.82 1089 17.72 1017 16.58 943
22.14 1307 21.03 1234 19.92 1161 18.81 1088 17.71 1016 16.57 942
22.13 1306 21.02 1233 19.91 1160 18.79 1087 17.69 1015 16.56 941
22.11 1305 21.00 1232 19.89 1159 18.78 1086 17.67 1014 16.54 940
22.10 1304 20.98 1231 19.88 1158 18.76 1085 17.66 1013 16.52 939
22.08 1303 20.96 1229 19.86 1157 18.75 1084 17.64 1012 16.50 938
22.06 1302 20.94 1228 19.84 1156 18.73 1083 17.63 1011 16.49 937
22.05 1301 20.92 1227 19.83 1155 18.71 1082 17.62 1010 16.48 936
22.04 1300 20.91 1226 19.82 1154 18.70 1081 17.60 1009 16.46 935
22.02 1299 20.90 1225 19.80 1153 18.69 1080 17.58 1008 16.44 934
22.00 1298 20.88 1224 19.78 1152 18.67 1079 17.56 1007 16.43 933
16.41 932 15.30 860 14.17 787 13.06 715 11.94 644 10.81 572
16.40 931 15.29 859 14.16 786 13.04 714 11.92 643 10.79 571
16.39 930 15.27 858 14.14 785 13.02 713 11.90 641 10.78 570
16.37 929 15.26 857 14.13 784 13.00 712 11.88 640 10.77 569
16.35 928 15.24 856 14.11 783 12.99 711 11.86 639 10.75 568
16.33 927 15.23 855 14.10 782 12.98 710 11.84 638 10.73 567
16.31 925 15.21 854 14.08 781 12.96 709 11.82 636 10.71 566
16.29 924 15.19 853 14.06 780 12.94 708 11.80 635 10.70 565
16.27 923 15.18 852 14.05 779 12.93 707 11.78 634 10.69 564
16.26 922 15.17 851 14.04 778 12.91 706 11.77 633 10.67 563
16.25 921 15.15 850 14.02 777 12.90 705 11.76 632 10.65 562
16.23 920 15.13 849 14.00 776 12.88 704 11.74 631 10.64 561
16.22 919 15.11 848 13.98 775 12.87 703 11.72 630 10.62 560
16.20 918 15.09 846 13.97 774 12.85 702 11.71 629 10.61 559
16.18 917 15.07 845 13.96 773 12.83 701 11.69 628 10.59 558
16.17 916 15.06 844 13.94 772 12.82 700 11.68 627 10.57 557
16.16 915 15.04 843 13.92 771 12.81 699 11.66 626 10.56 556
16.14 914 15.03 842 13.91 770 12.79 698 11.65 625 10.54 555
16.12 913 15.01 841 13.89 769 12.77 697 11.63 624 10.53 554
16.10 912 15.00 840 13.88 768 12.75 696 11.61 623 10.51 553
16.09 911 14.98 839 13.87 767 12.74 695 11.60 622 10.50 552
16.08 910 14.96 838 13.85 766 12.73 694 11.59 621 10.48 551
16.06 909 14.94 837 13.83 765 12.71 693 11.57 620 10.46 550
16.04 908 14.92 835 13.81 764 12.69 692 11.55 619 10.45 549
16.03 907 14.90 834 13.80 763 12.68 691 11.53 618 10.44 548
16.01 906 14.88 833 13.79 762 12.66 690 11.52 617 10.42 547
16.00 905 14.87 832 13.77 761 12.65 689 11.51 616 10.40 546
15.99 904 14.86 831 13.75 760 12.63 688 11.49 615 10.38 545
15.97 903 14.84 830 13.74 759 12.62 687 11.47 614 10.37 544
15.95 902 14.82 829 13.72 758 12.60 686 11.45 613 10.36 543
15.93 901 14.81 828 13.71 757 12.58 685 11.44 612 10.34 542
15.92 900 14.79 827 13.69 756 12.57 684 11.43 611 10.32 541
15.91 899 14.78 826 13.68 755 12.56 683 11.41 610 10.30 540
15.89 898 14.77 825 13.66 754 12.54 682 11.39 609 10.29 539
15.87 897 14.75 824 13.64 753 12.52 681 11.38 608 10.28 538
15.86 896 14.73 823 13.63 752 12.50 680 11.36 607 10.26 537
15.84 895 14.71 822 13.62 751 12.49 679 11.35 606 10.24 536
15.83 894 14.70 821 13.60 750 12.48 678 11.33 605 10.22 535
15.82 893 14.69 820 13.58 749 12.46 677 11.32 604 10.21 534
15.80 892 14.67 819 13.56 748 12.44 676 11.30 603 10.20 533
15.78 891 14.65 818 13.54 746 12.43 675 11.28 602 10.18 532
15.76 890 14.64 817 13.52 745 12.41 674 11.27 601 10.16 531
15.74 888 14.62 816 13.50 744 12.40 673 11.26 600 10.15 530
15.72 887 14.61 815 13.49 743 12.38 672 11.24 599 10.13 529
15.70 886 14.59 814 13.47 742 12.36 671 11.22 598 10.12 528
15.69 885 14.58 813 13.46 741 12.35 670 11.20 597 10.10 527
15.68 884 14.56 812 13.44 740 12.33 669 11.19 596 10.08 526
15.66 883 14.54 811 13.43 739 12.32 668 11.18 595 10.07 525
15.64 882 14.53 810 13.41 738 12.30 667 11.16 594 10.05 524
15.63 881 14.52 809 13.39 737 12.29 666 11.14 593 10.04 523
15.61 880 14.50 808 13.38 736 12.27 665 11.12 592 10.02 522
15.60 879 14.48 807 13.37 735 12.25 664 11.11 591 10.01 521
15.59 878 14.46 806 13.35 734 12.24 663 11.10 590 9.99 520
15.57 877 14.45 805 13.33 733 12.23 662 11.08 589 9.97 519
15.55 876 14.44 804 13.31 732 12.21 661 11.06 588 9.96 518
15.53 875 14.42 803 13.29 730 12.19 660 11.05 587 9.95 517
15.52 874 14.40 802 13.27 729 12.17 659 11.03 586 9.93 516
15.51 873 14.39 801 13.25 728 12.15 657 11.02 585 9.91 515
15.49 872 14.37 800 13.24 727 12.13 656 11.00 584 9.89 514
15.47 871 14.36 799 13.23 726 12.11 655 10.98 583 9.88 513
15.46 870 14.35 798 13.21 725 12.10 654 10.97 582 9.87 512
15.44 869 14.33 797 13.19 724 12.09 653 10.95 581 9.85 511
15.43 868 14.31 796 13.18 723 12.07 652 10.94 580 9.83 510
15.41 867 14.29 795 13.16 722 12.05 651 10.92 579 9.81 509
15.40 866 14.27 793 13.15 721 12.04 650 10.91 578 9.80 508
15.38 865 14.25 792 13.13 720 12.02 649 10.89 577 9.79 507
15.36 864 14.23 791 13.12 719 12.00 648 10.87 576 9.77 506
15.35 863 14.22 790 13.10 718 11.99 647 10.86 575 9.75 505
15.34 862 14.21 789 13.08 717 11.98 646 10.85 574 9.73 504
15.32 861 14.19 788 13.07 716 11.96 645 10.83 573 9.72 503
9.71 502 8.59 432 7.47 362 6.30 290 5.11 217 3.92 146
9.69 501 8.58 431 7.45 361 6.29 289 5.09 216 3.91 145
9.67 500 8.56 430 7.43 360 6.27 288 5.07 215 3.89 144
9.65 499 8.54 429 7.42 359 6.25 287 5.06 214 3.87 143
9.64 498 8.53 428 7.41 358 6.24 286 5.04 213 3.85 142
9.63 497 8.51 427 7.39 357 6.22 285 5.02 212 3.84 141
9.61 496 8.49 426 7.37 356 6.21 284 5.01 211 3.83 140
9.59 495 8.48 425 7.35 355 6.19 283 4.99 210 3.81 139
9.58 494 8.46 424 7.34 354 6.17 282 4.98 209 3.79 138
9.56 493 8.45 423 7.32 353 6.15 281 4.96 208 3.77 137
9.55 492 8.43 422 7.31 352 6.14 280 4.94 207 3.76 136
9.53 491 8.41 421 7.29 351 6.13 279 4.92 206 3.74 135
9.51 490 8.40 420 7.27 350 6.11 278 4.90 205 3.72 134
9.50 489 8.38 419 7.26 349 6.09 277 4.88 203 3.70 133
9.48 488 8.37 418 7.24 348 6.07 276 4.86 202 3.68 132
9.47 487 8.35 417 7.23 347 6.05 275 4.84 201 3.66 130
9.45 486 8.33 416 7.21 346 6.03 273 4.82 200 3.64 129
9.44 485 8.32 415 7.19 345 6.01 272 4.81 199 3.62 128
9.42 484 8.30 414 7.18 344 5.99 271 4.79 198 3.60 127
9.40 483 8.29 413 7.16 343 5.97 270 4.77 197 3.59 126
9.39 482 8.27 412 7.15 342 5.96 269 4.76 196 3.57 125
9.37 481 8.25 411 7.13 341 5.95 268 4.74 195 3.55 124
9.36 480 8.24 410 7.11 340 5.93 267 4.73 194 3.53 123
9.34 479 8.22 409 7.10 339 5.91 266 4.71 193 3.52 122
9.32 478 8.21 408 7.08 338 5.89 265 4.69 192 3.51 121
9.31 477 8.19 407 7.06 337 5.88 264 4.67 191 3.49 120
9.29 476 8.17 406 7.05 336 5.86 263 4.66 190 3.47 119
9.28 475 8.16 405 7.03 335 5.85 262 4.65 189 3.45 118
9.26 474 8.14 404 7.02 334 5.83 261 4.63 188 3.43 117
9.24 473 8.13 403 7.00 333 5.81 260 4.61 187 3.42 116
9.23 472 8.11 402 6.98 332 5.80 259 4.59 186 3.40 115
9.22 471 8.09 401 6.97 331 5.78 258 4.58 185 3.38 114
9.20 470 8.08 400 6.95 330 5.76 257 4.56 184 3.36 113
9.18 469 8.06 399 6.94 329 5.75 256 4.54 183 3.35 112
9.16 468 8.05 398 6.92 328 5.73 255 4.53 182 3.33 111
9.15 467 8.03 397 6.90 327 5.72 254 4.51 181 3.32 110
9.14 466 8.01 396 6.89 326 5.70 253 4.49 180 3.30 109
9.12 465 8.00 395 6.87 325 5.68 252 4.48 179 3.28 108
9.10 464 7.98 394 6.86 324 5.66 251 4.46 178 3.27 107
9.08 463 7.97 393 6.84 323 5.65 250 4.44 177 3.25 106
9.07 462 7.95 392 6.82 322 5.64 249 4.42 176 3.23 105
9.06 461 7.93 391 6.80 321 5.62 248 4.41 175 3.21 104
9.04 460 7.92 390 6.79 320 5.60 247 4.40 174 3.19 103
9.02 459 7.90 389 6.78 319 5.58 246 4.38 173 3.18 102
9.00 458 7.89 388 6.76 318 5.56 245 4.36 172 3.16 101
8.99 457 7.87 387 6.74 317 5.54 243 4.34 171 3.14 100
8.98 456 7.85 386 6.72 316 5.52 242 4.33 170 3.12 99
8.96 455 7.84 385 6.70 315 5.50 241 4.31 169 3.11 98
8.94 454 7.82 384 6.68 313 5.48 240 4.29 168 3.10 97
8.92 453 7.81 383 6.66 312 5.47 239 4.27 167 3.08 96
8.91 452 7.79 382 6.64 311 5.45 238 4.26 166 3.06 95
8.90 451 7.77 381 6.62 310 5.44 237 4.25 165 3.04 94
8.88 450 7.76 380 6.60 308 5.42 236 4.23 164 3.03 93
8.86 449 7.74 379 6.58 307 5.40 235 4.21 163 3.01 92
8.84 448 7.73 378 6.56 306 5.39 234 4.19 162 2.99 91
8.83 447 7.71 377 6.54 305 5.37 233 4.17 161 2.97 90
8.82 446 7.69 376 6.53 304 5.35 232 4.16 160 2.95 89
8.80 445 7.68 375 6.52 303 5.34 231 4.14 159 2.94 88
8.78 444 7.66 374 6.50 302 5.32 230 4.13 158 2.92 87
8.76 443 7.65 373 6.48 301 5.31 229 4.11 157 2.90 86
8.75 442 7.63 372 6.46 300 5.29 228 4.09 156 2.88 85
8.74 441 7.61 371 6.45 299 5.27 227 4.08 155 2.86 84
8.72 440 7.60 370 6.44 298 5.25 226 4.06 154 2.84 82
8.70 439 7.58 369 6.42 297 5.23 225 4.04 153 2.82 81
8.69 438 7.57 368 6.40 296 5.21 223 4.02 152 2.80 80
8.67 437 7.55 367 6.38 295 5.19 222 4.00 151 2.78 79
8.66 436 7.53 366 6.37 294 5.17 221 3.99 150 2.77 78
8.64 435 7.52 365 6.35 293 5.15 220 3.98 149 2.75 77
8.62 434 7.50 364 6.34 292 5.14 219 3.96 148 2.73 76
8.61 433 7.49 363 6.32 291 5.12 218 3.94 147 2.71 75
2.70 74 2.47 61 2.24 48 2.01 35 1.77 22 1.53 9
2.68 73 2.45 60 2.22 47 1.99 34 1.75 21 1.51 8
2.66 72 2.44 59 2.21 46 1.97 33 1.73 20 1.49 7
2.64 71 2.42 58 2.19 45 1.96 32 1.72 19 1.47 6
2.62 70 2.40 57 2.17 44 1.94 31 1.70 18 1.45 5
2.61 69 2.38 56 2.15 43 1.92 30 1.68 17 1.43 4
2.59 68 2.37 55 2.13 42 1.90 29 1.66 16 1.41 3
2.57 67 2.35 54 2.12 41 1.88 28 1.64 15 1.39 2
2.55 66 2.33 53 2.10 40 1.87 27 1.63 14 1.37 1
2.54 65 2.31 52 2.08 39 1.84 26 1.60 13
2.52 64 2.29 51 2.06 38 1.82 25 1.58 12
2.50 63 2.28 50 2.05 37 1.80 24 1.56 11
2.49 62 2.26 49 2.03 36 1.79 23 1.55 10
