24.85 1369 23.69 1298 22.55 1228 21.39 1157 20.20 1085 19.05 1015
24.83 1368 23.68 1297 22.53 1227 21.37 1156 20.19 1084 19.03 1014
24.82 1367 23.66 1296 22.52 1226 21.35 1155 20.17 1083 19.02 1013
24.80 1366 23.64 1295 22.50 1225 21.34 1154 20.15 1082 19.00 1012
24.78 1365 23.63 1294 22.48 1224 21.32 1153 20.14 1081 18.98 1011
24.77 1364 23.61 1293 22.47 1223 21.30 1152 20.12 1080 18.97 1010
24.76 1363 23.59 1292 22.45 1222 21.29 1151 20.10 1079 18.95 1009
24.74 1362 23.58 1291 22.43 1221 21.27 1150 20.08 1078 18.93 1008
24.72 1361 23.57 1290 22.41 1220 21.25 1149 20.07 1077 18.91 1007
24.71 1360 23.55 1289 22.39 1218 21.23 1148 20.05 1076 18.90 1006
24.69 1359 23.53 1288 22.37 1217 21.21 1146 20.04 1075 18.88 1005
24.67 1358 23.52 1287 22.36 1216 21.19 1145 20.03 1074 18.87 1004
24.66 1357 23.50 1286 22.34 1215 21.18 1144 20.01 1073 18.85 1003
24.64 1356 23.48 1285 22.32 1214 21.16 1143 19.99 1072 18.84 1002
24.62 1355 23.47 1284 22.31 1213 21.14 1142 19.97 1071 18.82 1001
24.61 1354 23.45 1283 22.29 1212 21.12 1141 19.96 1070 18.80 1000
24.59 1353 23.43 1282 22.27 1211 21.11 1140 19.94 1069 18.79 999
24.57 1352 23.41 1281 22.25 1210 21.09 1139 19.92 1068 18.77 998
24.55 1351 23.40 1280 22.24 1209 21.07 1138 19.91 1067 18.75 997
24.54 1350 23.38 1279 22.22 1208 21.06 1137 19.89 1066 18.73 996
24.53 1349 23.36 1278 22.20 1207 21.04 1136 19.87 1065 18.72 995
24.51 1348 23.35 1277 22.19 1206 21.02 1135 19.85 1064 18.70 994
24.50 1347 23.34 1276 22.17 1205 21.00 1134 19.84 1063 18.68 993
24.48 1346 23.32 1275 22.16 1204 20.98 1132 19.82 1062 18.67 992
24.46 1345 23.31 1274 22.14 1203 20.96 1131 19.81 1061 18.65 991
24.45 1344 23.29 1273 22.13 1202 20.95 1130 19.80 1060 18.64 990
24.43 1343 23.27 1272 22.11 1201 20.93 1129 19.78 1059 18.62 989
24.41 1342 23.25 1271 22.09 1200 20.91 1128 19.76 1058 18.61 988
24.39 1341 23.24 1270 22.08 1199 20.89 1127 19.74 1057 18.59 987
24.38 1340 23.22 1269 22.06 1198 20.88 1126 19.73 1056 18.57 986
24.36 1339 23.20 1268 22.04 1197 20.86 1125 19.71 1055 18.55 985
24.34 1338 23.19 1267 22.02 1196 20.84 1124 19.69 1054 18.54 984
24.33 1337 23.17 1266 22.01 1195 20.83 1123 19.68 1053 18.52 983
24.31 1336 23.15 1265 21.99 1194 20.81 1122 19.66 1052 18.50 982
24.30 1335 23.13 1264 21.97 1193 20.79 1121 19.64 1051 18.49 981
24.29 1334 23.12 1263 21.96 1192 20.77 1120 19.62 1050 18.47 980
24.27 1333 23.11 1262 21.94 1191 20.76 1119 19.61 1049 18.45 979
24.25 1332 23.09 1261 21.93 1190 20.75 1118 19.59 1048 18.43 978
24.23 1331 23.08 1260 21.92 1189 20.73 1117 19.58 1047 18.42 977
24.22 1330 23.06 1259 21.90 1188 20.72 1116 19.56 1046 18.40 976
24.20 1329 23.04 1258 21.88 1187 20.70 1115 19.55 1045 18.39 975
24.18 1328 23.03 1257 21.86 1186 20.68 1114 19.53 1044 18.38 974
24.17 1327 23.01 1256 21.85 1185 20.66 1113 19.51 1043 18.36 973
24.15 1326 22.99 1255 21.83 1184 20.65 1112 19.50 1042 18.34 972
24.13 1325 22.97 1254 21.81 1183 20.63 1111 19.48 1041 18.32 971
24.12 1324 22.96 1253 21.80 1182 20.61 1110 19.46 1040 18.31 970
24.10 1323 22.94 1252 21.78 1181 20.60 1109 19.44 1039 18.29 969
24.08 1322 22.92 1251 21.76 1180 20.58 1108 19.43 1038 18.27 968
24.06 1321 22.91 1250 21.74 1179 20.56 1107 19.41 1037 18.25 967
24.04 1319 22.89 1249 21.73 1178 20.54 1106 19.39 1036 18.24 966
24.02 1318 22.88 1248 21.71 1177 20.53 1105 19.38 1035 18.22 965
24.01 1317 22.87 1247 21.70 1176 20.52 1104 19.36 1034 18.20 964
23.99 1316 22.85 1246 21.69 1175 20.50 1103 19.34 1033 18.19 963
23.97 1315 22.83 1245 21.67 1174 20.49 1102 19.33 1032 18.17 962
23.96 1314 22.81 1244 21.65 1173 20.47 1101 19.32 1031 18.16 961
23.94 1313 22.80 1243 21.63 1172 20.45 1100 19.30 1030 18.14 960
23.92 1312 22.78 1242 21.62 1171 20.43 1099 19.28 1029 18.13 959
23.90 1311 22.76 1241 21.60 1170 20.42 1098 19.27 1028 18.11 958
23.89 1310 22.75 1240 21.58 1169 20.40 1097 19.25 1027 18.09 957
23.87 1309 22.73 1239 21.57 1168 20.38 1096 19.23 1026 18.07 956
23.85 1308 22.71 1238 21.55 1167 20.37 1095 19.21 1025 18.06 955
23.84 1307 22.69 1237 21.53 1166 20.35 1094 19.20 1024 18.04 954
23.83 1306 22.68 1236 21.52 1165 20.33 1093 19.18 1023 18.02 953
23.81 1305 22.66 1235 21.50 1164 20.31 1092 19.16 1022 18.01 952
23.80 1304 22.65 1234 21.48 1163 20.30 1091 19.14 1021 17.99 951
23.78 1303 22.64 1233 21.47 1162 20.29 1090 19.13 1020 17.97 950
23.76 1302 22.62 1232 21.46 1161 20.27 1089 19.11 1019 17.95 949
23.74 1301 22.60 1231 21.44 1160 20.26 1088 19.10 1018 17.94 948
23.73 1300 22.59 1230 21.42 1159 20.24 1087 19.09 1017 17.93 947
23.71 1299 22.57 1229 21.41 1158 20.22 1086 19.07 1016 17.91 946
17.89 945 16.72 874 15.53 803 14.36 733 13.18 663 12.00 593
17.88 944 16.70 873 15.51 802 14.34 732 13.17 662 11.98 592
17.86 943 16.68 872 15.50 801 14.33 731 13.15 661 11.97 591
17.84 942 16.66 871 15.48 800 14.31 730 13.13 660 11.95 590
17.83 941 16.65 870 15.46 799 14.29 729 13.11 659 11.93 589
17.81 940 16.63 869 15.45 798 14.27 728 13.10 658 11.91 588
17.79 939 16.61 868 15.43 797 14.26 727 13.08 657 11.90 587
17.77 938 16.59 867 15.41 796 14.24 726 13.06 656 11.88 586
17.76 937 16.58 866 15.39 795 14.22 725 13.04 655 11.86 585
17.74 936 16.56 865 15.38 794 14.20 724 13.03 654 11.84 584
17.72 935 16.54 864 15.36 793 14.19 723 13.01 653 11.82 583
17.70 934 16.53 863 15.34 792 14.17 722 12.99 652 11.81 582
17.69 933 16.51 862 15.33 791 14.16 721 12.98 651 11.80 581
17.68 932 16.50 861 15.32 790 14.14 720 12.97 650 11.78 580
17.66 931 16.48 860 15.30 789 14.13 719 12.95 649 11.76 579
17.65 930 16.47 859 15.28 788 14.11 718 12.93 648 11.75 578
17.63 929 16.45 858 15.26 787 14.09 717 12.91 647 11.73 577
17.61 928 16.43 857 15.25 786 14.07 716 12.90 646 11.71 576
17.59 927 16.41 856 15.23 785 14.06 715 12.88 645 11.69 575
17.58 926 16.40 855 15.21 784 14.04 714 12.86 644 11.68 574
17.56 925 16.38 854 15.19 783 14.02 713 12.84 643 11.66 573
17.54 924 16.36 853 15.18 782 14.00 712 12.83 642 11.64 572
17.52 923 16.34 852 15.16 781 13.99 711 12.81 641 11.62 571
17.51 922 16.33 851 15.14 780 13.97 710 12.79 640 11.60 570
17.49 921 16.31 850 15.12 779 13.95 709 12.77 639 11.59 569
17.47 920 16.29 849 15.11 778 13.93 708 12.75 638 11.57 568
17.46 919 16.28 848 15.10 777 13.92 707 12.74 637 11.56 567
17.45 918 16.27 847 15.08 776 13.91 706 12.73 636 11.54 566
17.43 917 16.25 846 15.06 775 13.89 705 12.71 635 11.53 565
17.41 916 16.23 845 15.05 774 13.87 704 12.69 634 11.51 564
17.40 915 16.22 844 15.03 773 13.86 703 12.68 633 11.49 563
17.38 914 16.20 843 15.01 772 13.84 702 12.66 632 11.47 562
17.36 913 16.18 842 14.99 771 13.82 701 12.64 631 11.46 561
17.34 912 16.16 841 14.98 770 13.80 700 12.62 630 11.44 560
17.33 911 16.15 840 14.96 769 13.79 699 12.61 629 11.42 559
17.31 910 16.13 839 14.94 768 13.77 698 12.59 628 11.40 558
17.29 909 16.11 838 14.93 767 13.75 697 12.57 627 11.38 557
17.27 908 16.09 837 14.91 766 13.73 696 12.55 626 11.37 556
17.26 907 16.08 836 14.89 765 13.72 695 12.54 625 11.35 555
17.24 906 16.06 835 14.87 764 13.70 694 12.52 624 11.33 554
17.22 905 16.04 834 14.86 763 13.68 693 12.50 623 11.32 553
17.20 903 16.03 833 14.85 762 13.67 692 12.49 622 11.31 552
17.18 902 16.02 832 14.83 761 13.66 691 12.48 621 11.29 551
17.16 901 16.00 831 14.81 760 13.64 690 12.46 620 11.27 550
17.15 900 15.98 830 14.80 759 13.62 689 12.44 619 11.25 549
17.13 899 15.96 829 14.78 758 13.60 688 12.42 618 11.24 548
17.11 898 15.95 828 14.76 757 13.59 687 12.41 617 11.22 547
17.09 897 15.93 827 14.74 756 13.57 686 12.39 616 11.20 546
17.08 896 15.91 826 14.73 755 13.55 685 12.37 615 11.18 545
17.06 895 15.90 825 14.71 754 13.53 684 12.35 614 11.16 544
17.04 894 15.88 824 14.69 753 13.52 683 12.33 613 11.15 543
17.03 893 15.86 823 14.67 752 13.50 682 12.32 612 11.13 542
17.01 892 15.84 822 14.66 751 13.48 681 12.30 611 11.11 541
16.99 891 15.83 821 14.64 750 13.46 680 12.28 610 11.09 540
16.98 890 15.81 820 14.63 749 13.45 679 12.27 609 11.07 538
16.97 889 15.80 819 14.61 748 13.44 678 12.26 608 11.05 537
16.95 888 15.78 818 14.60 747 13.42 677 12.24 607 11.03 536
16.93 887 15.77 817 14.58 746 13.40 676 12.22 606 11.01 535
16.91 886 15.75 816 14.56 745 13.39 675 12.20 605 11.00 534
16.90 885 15.73 815 14.54 744 13.37 674 12.19 604 10.98 533
16.88 884 15.71 814 14.53 743 13.35 673 12.17 603 10.96 532
16.86 883 15.70 813 14.51 742 13.33 672 12.15 602 10.94 531
16.84 882 15.68 812 14.49 741 13.31 671 12.13 601 10.93 530
16.83 881 15.66 811 14.47 740 13.30 670 12.12 600 10.91 529
16.81 880 15.64 810 14.46 739 13.28 669 12.10 599 10.89 528
16.79 879 15.63 809 14.44 738 13.26 668 12.08 598 10.87 527
16.78 878 15.61 808 14.42 737 13.24 667 12.06 597 10.85 526
16.76 877 15.59 807 14.40 736 13.23 666 12.04 596 10.83 524
16.75 876 15.57 806 14.39 735 13.21 665 12.03 595 10.81 523
16.73 875 15.55 804 14.38 734 13.20 664 12.02 594 10.79 522
10.78 521 9.58 451 8.35 380 7.10 308 5.87 238 4.62 168
10.76 520 9.56 450 8.33 379 7.08 307 5.86 237 4.60 167
10.74 519 9.54 449 8.32 378 7.07 306 5.84 236 4.59 166
10.72 518 9.52 448 8.30 377 7.05 305 5.82 235 4.57 165
10.71 517 9.51 447 8.28 376 7.03 304 5.80 234 4.55 164
10.69 516 9.49 446 8.26 375 7.02 303 5.78 233 4.53 163
10.67 515 9.47 445 8.25 374 7.00 302 5.76 232 4.51 162
10.65 514 9.45 444 8.24 373 6.98 301 5.75 231 4.49 161
10.63 513 9.44 443 8.22 372 6.96 300 5.73 230 4.48 160
10.62 512 9.43 442 8.20 371 6.94 299 5.71 229 4.46 159
10.61 511 9.41 441 8.18 370 6.93 298 5.69 228 4.45 158
10.59 510 9.39 440 8.16 369 6.91 297 5.67 227 4.43 157
10.57 509 9.37 439 8.15 368 6.89 296 5.66 226 4.41 156
10.55 508 9.36 438 8.13 367 6.87 295 5.64 225 4.39 155
10.54 507 9.34 437 8.11 366 6.85 294 5.63 224 4.37 154
10.52 506 9.32 436 8.09 365 6.84 293 5.61 223 4.35 153
10.50 505 9.30 435 8.07 364 6.83 292 5.59 222 4.33 152
10.48 504 9.28 434 8.06 363 6.81 291 5.57 221 4.31 151
10.47 503 9.27 433 8.04 362 6.79 290 5.55 220 4.29 150
10.45 502 9.25 432 8.02 361 6.77 289 5.53 219 4.28 149
10.43 501 9.23 431 8.01 360 6.75 288 5.51 218 4.26 148
10.41 500 9.21 430 7.99 359 6.73 287 5.50 217 4.25 147
10.39 499 9.20 429 7.98 358 6.72 286 5.48 216 4.23 146
10.38 498 9.19 428 7.96 357 6.70 285 5.46 215 4.21 145
10.37 497 9.17 427 7.94 356 6.68 284 5.44 214 4.19 144
10.35 496 9.15 426 7.92 355 6.66 283 5.43 213 4.17 143
10.33 495 9.13 425 7.90 354 6.64 282 5.41 212 4.15 142
10.32 494 9.11 424 7.88 353 6.62 281 5.40 211 4.13 141
10.30 493 9.10 423 7.87 352 6.61 280 5.38 210 4.12 140
10.28 492 9.08 422 7.85 351 6.60 279 5.36 209 4.10 139
10.26 491 9.06 421 7.83 350 6.58 278 5.34 208 4.08 138
10.24 490 9.04 420 7.81 349 6.56 277 5.32 207 4.06 137
10.23 489 9.02 419 7.79 348 6.54 276 5.30 206 4.04 136
10.21 488 9.01 418 7.77 346 6.52 275 5.28 205 4.02 135
10.19 487 8.99 417 7.75 345 6.51 274 5.27 204 4.01 134
10.17 486 8.97 416 7.73 344 6.49 273 5.25 203 3.99 133
10.16 485 8.96 415 7.71 343 6.47 272 5.23 202 3.97 132
10.15 484 8.94 414 7.70 342 6.45 271 5.21 201 3.96 131
10.13 483 8.93 413 7.68 341 6.43 270 5.19 200 3.94 130
10.11 482 8.91 412 7.66 340 6.41 269 5.18 199 3.92 129
10.09 481 8.89 411 7.64 339 6.40 268 5.16 198 3.90 128
10.08 480 8.87 410 7.62 338 6.38 267 5.14 197 3.88 127
10.06 479 8.85 409 7.60 337 6.37 266 5.13 196 3.86 126
10.04 478 8.84 408 7.59 336 6.35 265 5.11 195 3.84 125
10.02 477 8.82 407 7.57 335 6.33 264 5.09 194 3.82 124
10.00 476 8.80 406 7.55 334 6.31 263 5.07 193 3.80 123
9.99 475 8.78 405 7.54 333 6.30 262 5.05 192 3.78 122
9.97 474 8.76 404 7.52 332 6.28 261 5.03 191 3.76 120
9.95 473 8.75 403 7.51 331 6.26 260 5.01 190 3.74 119
9.93 472 8.73 402 7.49 330 6.24 259 5.00 189 3.72 118
9.92 471 8.72 401 7.47 329 6.22 258 4.98 188 3.70 117
9.91 470 8.70 400 7.45 328 6.20 257 4.96 187 3.68 116
9.89 469 8.68 399 7.43 327 6.19 256 4.95 186 3.66 115
9.87 468 8.67 398 7.42 326 6.17 255 4.93 185 3.64 114
9.85 467 8.65 397 7.40 325 6.15 254 4.91 184 3.62 113
9.84 466 8.63 396 7.38 324 6.14 253 4.89 183 3.60 112
9.82 465 8.61 395 7.36 323 6.12 252 4.88 182 3.58 111
9.80 464 8.59 394 7.34 322 6.10 251 4.86 181 3.57 110
9.78 463 8.58 393 7.32 321 6.09 250 4.84 180 3.55 109
9.76 462 8.56 392 7.30 319 6.07 249 4.82 179 3.54 108
9.75 461 8.54 391 7.28 318 6.05 248 4.80 178 3.52 107
9.73 460 8.52 390 7.26 317 6.03 247 4.78 177 3.50 106
9.71 459 8.50 389 7.24 316 6.01 246 4.76 176 3.48 105
9.69 458 8.48 387 7.22 315 5.99 245 4.74 175 3.46 104
9.68 457 8.46 386 7.21 314 5.98 244 4.73 174 3.44 103
9.67 456 8.44 385 7.19 313 5.96 243 4.72 173 3.42 102
9.65 455 8.42 384 7.17 312 5.94 242 4.70 172 3.40 101
9.63 454 8.41 383 7.15 311 5.92 241 4.68 171 3.38 100
9.61 453 8.39 382 7.13 310 5.90 240 4.66 170 3.36 99
9.60 452 8.37 381 7.12 309 5.89 239 4.64 169 3.34 98
3.33 97 3.02 80 2.69 63 2.37 46 2.05 29 1.70 12
3.31 96 3.00 79 2.68 62 2.36 45 2.03 28 1.68 11
3.30 95 2.98 78 2.66 61 2.34 44 2.01 27 1.66 10
3.28 94 2.96 77 2.64 60 2.32 43 1.98 26 1.65 9
3.26 93 2.94 76 2.62 59 2.30 42 1.96 25 1.63 8
3.24 92 2.92 75 2.60 58 2.28 41 1.94 24 1.61 7
3.22 91 2.90 74 2.59 57 2.26 40 1.92 23 1.58 6
3.20 90 2.88 73 2.57 56 2.24 39 1.90 22 1.56 5
3.18 89 2.86 72 2.55 55 2.22 38 1.89 21 1.54 4
3.16 88 2.84 71 2.53 54 2.20 37 1.87 20 1.52 3
3.14 87 2.83 70 2.51 53 2.18 36 1.85 19 1.49 2
3.12 86 2.81 69 2.49 52 2.16 35 1.83 18 1.47 1
3.10 85 2.79 68 2.47 51 2.14 34 1.81 17
3.08 84 2.77 67 2.45 50 2.13 33 1.79 16
3.07 83 2.75 66 2.43 49 2.11 32 1.77 15
3.06 82 2.73 65 2.41 48 2.09 31 1.75 14
3.04 81 2.71 64 2.39 47 2.07 30 1.72 13
