23.23 1369 22.09 1294 21.00 1223 19.90 1151 18.74 1076 17.65 1005
23.21 1368 22.07 1293 20.99 1222 19.88 1150 18.73 1075 17.63 1004
23.20 1367 22.05 1292 20.97 1221 19.87 1149 18.72 1074 17.61 1003
23.18 1366 22.03 1291 20.95 1220 19.85 1148 18.70 1073 17.59 1001
23.16 1365 22.01 1289 20.94 1219 19.84 1147 18.68 1072 17.57 1000
23.14 1363 21.99 1288 20.92 1218 19.82 1146 18.66 1071 17.56 999
23.12 1362 21.98 1287 20.91 1217 19.80 1145 18.65 1070 17.54 998
23.10 1361 21.96 1286 20.90 1216 19.79 1144 18.64 1069 17.52 997
23.09 1360 21.95 1285 20.88 1215 19.78 1143 18.62 1068 17.51 996
23.08 1359 21.94 1284 20.86 1214 19.76 1142 18.61 1067 17.50 995
23.06 1358 21.92 1283 20.85 1213 19.74 1141 18.59 1066 17.48 994
23.05 1357 21.90 1282 20.83 1212 19.73 1140 18.57 1065 17.46 993
23.03 1356 21.88 1281 20.82 1211 19.71 1139 18.56 1064 17.45 992
23.01 1355 21.87 1280 20.80 1210 19.69 1138 18.55 1063 17.44 991
23.00 1354 21.86 1279 20.79 1209 19.67 1136 18.53 1062 17.42 990
22.99 1353 21.84 1278 20.77 1208 19.65 1135 18.51 1061 17.40 989
22.97 1352 21.83 1277 20.75 1207 19.63 1134 18.50 1060 17.39 988
22.95 1351 21.81 1276 20.74 1206 19.62 1133 18.48 1059 17.37 987
22.94 1350 21.79 1275 20.73 1205 19.61 1132 18.47 1058 17.35 986
22.92 1349 21.78 1274 20.71 1204 19.59 1131 18.45 1057 17.34 985
22.90 1348 21.77 1273 20.69 1203 19.58 1130 18.44 1056 17.33 984
22.88 1346 21.75 1272 20.68 1202 19.56 1129 18.42 1055 17.31 983
22.86 1345 21.73 1271 20.66 1201 19.54 1128 18.40 1054 17.29 982
22.85 1344 21.72 1270 20.65 1200 19.52 1127 18.39 1053 17.28 981
22.83 1343 21.70 1269 20.64 1199 19.50 1125 18.38 1052 17.26 980
22.82 1342 21.69 1268 20.62 1198 19.48 1124 18.36 1051 17.25 979
22.80 1341 21.68 1267 20.60 1197 19.47 1123 18.34 1050 17.23 978
22.79 1340 21.66 1266 20.58 1196 19.45 1122 18.33 1049 17.22 977
22.77 1339 21.64 1265 20.57 1195 19.43 1121 18.31 1048 17.20 976
22.75 1338 21.62 1264 20.56 1194 19.42 1120 18.30 1047 17.18 975
22.74 1337 21.61 1263 20.54 1193 19.41 1119 18.28 1046 17.16 973
22.73 1336 21.60 1262 20.53 1192 19.39 1118 18.27 1045 17.14 972
22.71 1335 21.58 1261 20.51 1191 19.37 1117 18.25 1044 17.12 971
22.70 1334 21.57 1260 20.49 1190 19.36 1116 18.23 1043 17.11 970
22.68 1333 21.55 1259 20.48 1189 19.35 1115 18.22 1042 17.09 969
22.66 1332 21.53 1258 20.47 1188 19.33 1114 18.21 1041 17.08 968
22.64 1331 21.52 1257 20.45 1187 19.31 1113 18.19 1040 17.06 967
22.62 1329 21.51 1256 20.43 1186 19.30 1112 18.17 1039 17.05 966
22.60 1328 21.49 1255 20.42 1185 19.28 1111 18.16 1038 17.03 965
22.59 1327 21.47 1254 20.40 1184 19.26 1110 18.14 1037 17.01 964
22.57 1326 21.46 1253 20.39 1183 19.24 1108 18.13 1036 17.00 963
22.55 1325 21.44 1252 20.38 1182 19.22 1107 18.12 1035 16.99 962
22.53 1323 21.43 1251 20.36 1181 19.20 1106 18.10 1034 16.97 961
22.51 1322 21.42 1250 20.34 1180 19.19 1105 18.08 1033 16.95 960
22.49 1321 21.40 1249 20.32 1179 19.17 1104 18.06 1032 16.94 959
22.48 1320 21.38 1248 20.31 1178 19.16 1103 18.05 1031 16.92 958
22.47 1319 21.37 1247 20.30 1177 19.15 1102 18.04 1030 16.91 957
22.45 1318 21.35 1246 20.28 1176 19.13 1101 18.02 1029 16.89 956
22.44 1317 21.34 1245 20.27 1175 19.11 1100 18.01 1028 16.88 955
22.42 1316 21.32 1244 20.25 1174 19.09 1099 17.99 1027 16.86 954
22.40 1315 21.31 1243 20.23 1173 19.07 1097 17.97 1026 16.84 953
22.39 1314 21.29 1242 20.21 1172 19.05 1096 17.96 1025 16.83 952
22.38 1313 21.27 1241 20.19 1170 19.04 1095 17.95 1024 16.82 951
22.36 1312 21.26 1240 20.17 1169 19.02 1094 17.93 1023 16.80 950
22.34 1311 21.25 1239 20.16 1168 19.00 1093 17.91 1022 16.78 949
22.33 1310 21.23 1238 20.14 1167 18.99 1092 17.89 1021 16.77 948
22.31 1309 21.21 1237 20.13 1166 18.98 1091 17.88 1020 16.75 947
22.29 1308 21.20 1236 20.12 1165 18.96 1090 17.87 1019 16.74 946
22.27 1306 21.18 1235 20.10 1164 18.94 1089 17.85 1018 16.72 945
22.25 1305 21.17 1234 20.08 1163 18.93 1088 17.84 1017 16.71 944
22.24 1304 21.16 1233 20.06 1162 18.91 1087 17.82 1016 16.69 943
22.22 1303 21.14 1232 20.05 1161 18.90 1086 17.80 1015 16.67 942
22.21 1302 21.12 1231 20.04 1160 18.88 1085 17.78 1014 16.66 941
22.19 1301 21.11 1230 20.02 1159 18.87 1084 17.76 1012 16.65 940
22.18 1300 21.09 1229 20.01 1158 18.85 1083 17.74 1011 16.63 939
22.16 1299 21.08 1228 19.99 1157 18.83 1082 17.73 1010 16.61 938
22.14 1298 21.06 1227 19.97 1156 18.81 1080 17.71 1009 16.60 937
22.13 1297 21.05 1226 19.95 1155 18.79 1079 17.70 1008 16.58 936
22.12 1296 21.03 1225 19.93 1153 18.77 1078 17.68 1007 16.57 935
22.10 1295 21.01 1224 19.91 1152 18.76 1077 17.67 1006 16.55 934
16.54 933 15.44 862 14.28 788 13.15 716 12.02 644 10.90 573
16.52 932 15.42 861 14.26 787 13.14 715 12.00 643 10.88 572
16.50 931 15.40 860 14.25 786 13.12 714 11.99 642 10.86 571
16.49 930 15.39 859 14.23 785 13.10 713 11.97 641 10.85 570
16.48 929 15.37 858 14.22 784 13.09 712 11.96 640 10.84 569
16.46 928 15.36 857 14.20 783 13.08 711 11.94 639 10.82 568
16.44 927 15.34 856 14.19 782 13.06 710 11.92 638 10.80 567
16.43 926 15.33 855 14.17 781 13.04 709 11.91 637 10.78 566
16.41 925 15.31 854 14.15 780 13.02 708 11.89 636 10.77 565
16.40 924 15.29 853 14.14 779 13.01 707 11.88 635 10.76 564
16.38 923 15.27 852 14.13 778 13.00 706 11.86 634 10.74 563
16.37 922 15.25 850 14.11 777 12.98 705 11.85 633 10.72 562
16.35 921 15.23 849 14.09 776 12.96 704 11.83 632 10.71 561
16.33 920 15.21 848 14.07 775 12.95 703 11.81 631 10.69 560
16.32 919 15.20 847 14.06 774 12.93 702 11.80 630 10.67 559
16.31 918 15.18 846 14.05 773 12.92 701 11.79 629 10.66 558
16.29 917 15.17 845 14.03 772 12.90 700 11.77 628 10.64 557
16.27 916 15.16 844 14.01 771 12.89 699 11.75 627 10.63 556
16.26 915 15.14 843 14.00 770 12.87 698 11.73 626 10.61 555
16.24 914 15.12 842 13.98 769 12.85 697 11.72 625 10.59 554
16.22 913 15.10 841 13.97 768 12.84 696 11.71 624 10.58 553
16.21 912 15.08 839 13.96 767 12.83 695 11.69 623 10.57 552
16.20 911 15.06 838 13.94 766 12.81 694 11.67 622 10.55 551
16.18 910 15.04 837 13.92 765 12.79 693 11.66 621 10.53 550
16.16 909 15.03 836 13.90 764 12.77 692 11.64 620 10.51 549
16.14 908 15.01 835 13.89 763 12.76 691 11.63 619 10.50 548
16.12 906 15.00 834 13.88 762 12.75 690 11.61 618 10.49 547
16.10 905 14.98 833 13.86 761 12.73 689 11.60 617 10.47 546
16.09 904 14.97 832 13.84 760 12.71 688 11.58 616 10.45 545
16.07 903 14.95 831 13.83 759 12.70 687 11.56 615 10.43 544
16.05 902 14.93 830 13.81 758 12.68 686 11.54 614 10.42 543
16.04 901 14.92 829 13.80 757 12.67 685 11.53 613 10.41 542
16.03 900 14.91 828 13.78 756 12.65 684 11.52 612 10.39 541
16.01 899 14.89 827 13.77 755 12.64 683 11.50 611 10.37 540
15.99 898 14.87 826 13.75 754 12.62 682 11.48 610 10.36 539
15.97 897 14.86 825 13.73 753 12.60 681 11.46 609 10.34 538
15.96 896 14.84 824 13.71 752 12.58 680 11.45 608 10.33 537
15.95 895 14.83 823 13.69 750 12.56 678 11.44 607 10.31 536
15.93 894 14.81 822 13.67 749 12.54 677 11.42 606 10.29 535
15.92 893 14.80 821 13.65 748 12.52 676 11.40 605 10.28 534
15.90 892 14.78 820 13.64 747 12.51 675 11.39 604 10.26 533
15.88 891 14.76 819 13.62 746 12.49 674 11.37 603 10.24 532
15.87 890 14.75 818 13.61 745 12.48 673 11.36 602 10.23 531
15.86 889 14.74 817 13.59 744 12.46 672 11.34 601 10.22 530
15.84 888 14.72 816 13.58 743 12.44 671 11.33 600 10.20 529
15.82 887 14.70 815 13.56 742 12.43 670 11.31 599 10.18 528
15.80 886 14.68 814 13.54 741 12.41 669 11.29 598 10.16 527
15.79 885 14.67 813 13.53 740 12.40 668 11.28 597 10.15 526
15.78 884 14.66 812 13.52 739 12.38 667 11.26 596 10.14 525
15.76 883 14.64 811 13.50 738 12.37 666 11.25 595 10.12 524
15.74 882 14.62 810 13.48 737 12.35 665 11.23 594 10.10 523
15.73 881 14.61 809 13.46 736 12.33 664 11.21 593 10.08 522
15.71 880 14.59 808 13.45 735 12.32 663 11.19 592 10.07 521
15.70 879 14.58 807 13.44 734 12.31 662 11.17 590 10.06 520
15.69 878 14.56 806 13.42 733 12.29 661 11.15 589 10.04 519
15.67 877 14.55 805 13.40 732 12.27 660 11.13 588 10.02 518
15.65 876 14.53 804 13.39 731 12.25 659 11.12 587 10.01 517
15.63 875 14.51 803 13.37 730 12.24 658 11.11 586 9.99 516
15.62 874 14.49 802 13.36 729 12.23 657 11.09 585 9.98 515
15.61 873 14.47 800 13.34 728 12.21 656 11.07 584 9.96 514
15.59 872 14.45 799 13.33 727 12.19 655 11.05 583 9.94 513
15.57 871 14.44 798 13.31 726 12.18 654 11.04 582 9.93 512
15.56 870 14.42 797 13.29 725 12.16 653 11.02 581 9.91 511
15.54 869 14.40 796 13.27 724 12.15 652 11.01 580 9.89 510
15.53 868 14.39 795 13.25 722 12.13 651 10.99 579 9.88 509
15.51 867 14.38 794 13.23 721 12.12 650 10.98 578 9.86 508
15.50 866 14.36 793 13.21 720 12.10 649 10.96 577 9.85 507
15.48 865 14.34 792 13.20 719 12.08 648 10.94 576 9.83 506
15.46 864 14.32 791 13.19 718 12.06 647 10.93 575 9.81 505
15.45 863 14.30 789 13.17 717 12.04 645 10.92 574 9.80 504
9.79 503 8.65 432 7.50 361 6.31 288 5.12 216 3.93 145
9.77 502 8.63 431 7.48 360 6.29 287 5.11 215 3.91 144
9.75 501 8.61 430 7.46 359 6.28 286 5.09 214 3.90 143
9.73 500 8.59 429 7.44 357 6.26 285 5.07 213 3.88 142
9.72 499 8.57 427 7.42 356 6.25 284 5.05 212 3.86 141
9.71 498 8.55 426 7.40 355 6.23 283 5.04 211 3.85 140
9.69 497 8.53 425 7.38 354 6.21 282 5.03 210 3.83 139
9.67 496 8.51 424 7.37 353 6.19 281 5.01 209 3.82 138
9.65 495 8.50 423 7.36 352 6.18 280 4.99 208 3.80 137
9.64 494 8.49 422 7.34 351 6.16 279 4.97 207 3.78 136
9.63 493 8.47 421 7.32 350 6.15 278 4.95 206 3.76 135
9.61 492 8.45 420 7.30 349 6.13 277 4.94 205 3.74 134
9.59 491 8.43 419 7.29 348 6.11 276 4.93 204 3.73 133
9.57 490 8.42 418 7.28 347 6.09 275 4.91 203 3.71 132
9.56 489 8.41 417 7.26 346 6.08 274 4.89 202 3.70 131
9.55 488 8.39 416 7.24 345 6.07 273 4.87 201 3.68 130
9.53 487 8.37 415 7.22 344 6.05 272 4.86 200 3.66 129
9.51 486 8.35 414 7.20 343 6.03 271 4.84 199 3.65 128
9.50 485 8.34 413 7.18 341 6.01 270 4.82 198 3.63 127
9.48 484 8.33 412 7.16 340 5.99 269 4.80 197 3.61 126
9.46 483 8.31 411 7.14 339 5.97 267 4.79 196 3.59 125
9.45 482 8.29 410 7.12 338 5.95 266 4.78 195 3.57 124
9.43 481 8.27 409 7.11 337 5.93 265 4.76 194 3.56 123
9.42 480 8.26 408 7.10 336 5.91 264 4.74 193 3.54 122
9.40 479 8.24 407 7.08 335 5.90 263 4.72 192 3.53 121
9.38 478 8.23 406 7.06 334 5.89 262 4.70 191 3.51 120
9.37 477 8.21 405 7.04 333 5.87 261 4.69 190 3.49 119
9.35 476 8.19 404 7.03 332 5.85 260 4.68 189 3.47 118
9.34 475 8.18 403 7.02 331 5.83 259 4.66 188 3.46 117
9.32 474 8.16 402 7.00 330 5.82 258 4.64 187 3.44 116
9.30 473 8.15 401 6.98 329 5.80 257 4.62 186 3.42 115
9.29 472 8.13 400 6.96 328 5.79 256 4.60 185 3.40 114
9.28 471 8.11 399 6.94 327 5.77 255 4.59 184 3.39 113
9.26 470 8.10 398 6.92 325 5.75 254 4.57 183 3.37 112
9.24 469 8.08 397 6.90 324 5.73 253 4.56 182 3.35 111
9.22 468 8.07 396 6.88 323 5.72 252 4.54 181 3.34 110
9.20 467 8.05 395 6.86 322 5.70 251 4.52 180 3.32 109
9.18 465 8.03 394 6.85 321 5.69 250 4.51 179 3.30 108
9.16 464 8.02 393 6.84 320 5.67 249 4.49 178 3.29 107
9.14 463 8.00 392 6.82 319 5.65 248 4.47 177 3.27 106
9.12 462 7.98 391 6.80 318 5.64 247 4.45 176 3.25 105
9.11 461 7.97 390 6.78 317 5.62 246 4.43 175 3.23 104
9.10 460 7.95 389 6.77 316 5.60 245 4.41 173 3.21 103
9.08 459 7.94 388 6.75 315 5.59 244 4.39 172 3.20 102
9.06 458 7.92 387 6.74 314 5.57 243 4.37 171 3.18 101
9.05 457 7.90 386 6.72 313 5.56 242 4.35 170 3.16 100
9.03 456 7.89 385 6.70 312 5.54 241 4.34 169 3.14 99
9.02 455 7.87 384 6.68 311 5.52 240 4.32 168 3.13 98
9.00 454 7.86 383 6.67 310 5.50 239 4.30 167 3.12 97
8.98 453 7.84 382 6.66 309 5.48 238 4.29 166 3.10 96
8.97 452 7.82 381 6.64 308 5.47 237 4.27 165 3.08 95
8.95 451 7.81 380 6.62 307 5.46 236 4.25 164 3.06 94
8.94 450 7.79 379 6.60 306 5.44 235 4.24 163 3.04 93
8.92 449 7.78 378 6.59 305 5.42 234 4.22 162 3.03 92
8.90 448 7.76 377 6.57 304 5.40 233 4.20 161 3.01 91
8.89 447 7.74 376 6.56 303 5.38 232 4.18 160 2.99 90
8.87 446 7.72 375 6.54 302 5.36 230 4.17 159 2.97 89
8.85 445 7.71 374 6.52 301 5.34 229 4.16 158 2.95 88
8.84 444 7.70 373 6.51 300 5.32 228 4.14 157 2.94 87
8.82 443 7.68 372 6.49 299 5.30 227 4.12 156 2.92 86
8.81 442 7.66 371 6.48 298 5.29 226 4.10 155 2.90 85
8.79 441 7.64 370 6.46 297 5.27 225 4.08 154 2.88 84
8.77 440 7.63 369 6.44 296 5.26 224 4.07 153 2.87 83
8.76 439 7.62 368 6.42 295 5.24 223 4.05 152 2.86 82
8.75 438 7.60 367 6.41 294 5.22 222 4.03 151 2.84 81
8.73 437 7.58 366 6.39 293 5.21 221 4.01 150 2.82 80
8.71 436 7.56 365 6.38 292 5.19 220 4.00 149 2.80 79
8.69 435 7.55 364 6.36 291 5.17 219 3.99 148 2.78 78
8.68 434 7.54 363 6.34 290 5.15 218 3.97 147 2.77 77
8.67 433 7.52 362 6.33 289 5.14 217 3.95 146 2.75 76
2.73 75 2.51 62 2.27 49 2.04 36 1.80 23 1.56 10
2.71 74 2.49 61 2.26 48 2.02 35 1.78 22 1.54 9
2.69 73 2.47 60 2.24 47 2.00 34 1.76 21 1.52 8
2.68 72 2.45 59 2.22 46 1.99 33 1.74 20 1.50 7
2.66 71 2.43 58 2.20 45 1.97 32 1.73 19 1.48 6
2.64 70 2.42 57 2.18 44 1.95 31 1.71 18 1.46 5
2.62 69 2.40 56 2.17 43 1.93 30 1.69 17 1.44 4
2.61 68 2.38 55 2.15 42 1.91 29 1.67 16 1.42 3
2.59 67 2.36 54 2.13 41 1.90 28 1.65 15 1.39 2
2.57 66 2.35 53 2.11 40 1.88 27 1.64 14 1.38 1
2.55 65 2.33 52 2.09 39 1.85 26 1.61 13
2.53 64 2.31 51 2.08 38 1.83 25 1.59 12
2.52 63 2.29 50 2.06 37 1.82 24 1.57 11
