22.71 1369 21.64 1297 20.54 1224 19.42 1149 18.33 1076 17.24 1004
22.69 1368 21.62 1296 20.53 1223 19.40 1148 18.31 1075 17.22 1003
22.68 1367 21.60 1295 20.52 1222 19.39 1147 18.30 1074 17.21 1002
22.66 1366 21.58 1293 20.50 1221 19.38 1146 18.28 1073 17.19 1001
22.65 1365 21.56 1292 20.48 1220 19.36 1145 18.26 1072 17.18 1000
22.64 1364 21.54 1291 20.47 1219 19.35 1144 18.25 1071 17.17 999
22.62 1363 21.53 1290 20.46 1218 19.33 1143 18.24 1070 17.15 998
22.60 1362 21.52 1289 20.44 1217 19.32 1142 18.22 1069 17.13 997
22.59 1361 21.50 1288 20.43 1216 19.30 1141 18.20 1068 17.12 996
22.58 1360 21.49 1287 20.41 1215 19.29 1140 18.19 1067 17.11 995
22.56 1359 21.47 1286 20.39 1214 19.27 1139 18.18 1066 17.09 994
22.54 1358 21.45 1285 20.37 1212 19.25 1138 18.16 1065 17.07 993
22.53 1357 21.43 1283 20.35 1211 19.23 1136 18.14 1064 17.06 992
22.52 1356 21.41 1282 20.33 1210 19.21 1135 18.13 1063 17.05 991
22.50 1355 21.39 1281 20.32 1209 19.19 1134 18.12 1062 17.03 990
22.49 1354 21.38 1280 20.31 1208 19.18 1133 18.10 1061 17.01 989
22.47 1353 21.37 1279 20.29 1207 19.17 1132 18.09 1060 17.00 988
22.45 1352 21.35 1278 20.28 1206 19.15 1131 18.07 1059 16.98 987
22.44 1351 21.34 1277 20.26 1205 19.14 1130 18.05 1058 16.97 986
22.43 1350 21.32 1276 20.25 1204 19.12 1129 18.04 1057 16.95 985
22.41 1349 21.31 1275 20.23 1203 19.11 1128 18.03 1056 16.94 984
22.39 1348 21.30 1274 20.22 1202 19.09 1127 18.01 1055 16.92 983
22.38 1347 21.28 1273 20.20 1201 19.08 1126 17.99 1054 16.91 982
22.37 1346 21.26 1272 20.18 1200 19.06 1125 17.98 1053 16.90 981
22.35 1345 21.24 1271 20.16 1198 19.04 1124 17.97 1052 16.88 980
22.34 1344 21.22 1269 20.14 1197 19.02 1122 17.95 1051 16.86 979
22.32 1343 21.20 1268 20.12 1196 19.00 1121 17.93 1050 16.84 978
22.31 1342 21.19 1267 20.11 1195 18.98 1120 17.92 1049 16.82 976
22.29 1341 21.17 1266 20.10 1194 18.97 1119 17.90 1048 16.80 975
22.28 1340 21.16 1265 20.08 1193 18.96 1118 17.89 1047 16.79 974
22.26 1339 21.14 1264 20.07 1192 18.94 1117 17.87 1046 16.77 973
22.24 1338 21.13 1263 20.05 1191 18.93 1116 17.86 1045 16.76 972
22.22 1336 21.11 1262 20.03 1190 18.91 1115 17.84 1044 16.74 971
22.20 1335 21.10 1261 20.01 1188 18.90 1114 17.83 1043 16.73 970
22.19 1334 21.09 1260 19.99 1187 18.88 1113 17.82 1042 16.71 969
22.17 1333 21.07 1259 19.97 1186 18.87 1112 17.80 1041 16.70 968
22.16 1332 21.05 1258 19.96 1185 18.85 1111 17.78 1040 16.68 967
22.14 1331 21.04 1257 19.95 1184 18.83 1110 17.76 1039 16.67 966
22.13 1330 21.03 1256 19.93 1183 18.81 1108 17.74 1037 16.65 965
22.11 1329 21.01 1255 19.92 1182 18.79 1107 17.72 1036 16.63 964
22.09 1328 20.99 1254 19.90 1181 18.77 1106 17.71 1035 16.62 963
22.07 1326 20.98 1253 19.89 1180 18.76 1105 17.69 1034 16.61 962
22.05 1325 20.96 1252 19.87 1179 18.75 1104 17.68 1033 16.59 961
22.04 1324 20.95 1251 19.86 1178 18.73 1103 17.66 1032 16.57 960
22.02 1323 20.94 1250 19.84 1177 18.72 1102 17.65 1031 16.56 959
22.01 1322 20.92 1249 19.82 1176 18.70 1101 17.63 1030 16.55 958
21.99 1321 20.90 1248 19.80 1174 18.68 1100 17.62 1029 16.53 957
21.98 1320 20.89 1247 19.78 1173 18.67 1099 17.61 1028 16.51 956
21.96 1319 20.88 1246 19.76 1172 18.66 1098 17.59 1027 16.50 955
21.95 1318 20.86 1245 19.75 1171 18.64 1097 17.57 1026 16.48 954
21.94 1317 20.84 1244 19.74 1170 18.62 1096 17.55 1025 16.47 953
21.92 1316 20.83 1243 19.72 1169 18.61 1095 17.53 1023 16.46 952
21.90 1315 20.81 1242 19.71 1168 18.60 1094 17.51 1022 16.44 951
21.89 1314 20.80 1241 19.69 1167 18.58 1093 17.49 1021 16.42 950
21.88 1313 20.79 1240 19.68 1166 18.56 1092 17.48 1020 16.41 949
21.86 1312 20.77 1239 19.67 1165 18.55 1091 17.47 1019 16.40 948
21.84 1311 20.75 1238 19.65 1164 18.54 1090 17.45 1018 16.38 947
21.83 1310 20.74 1237 19.63 1163 18.52 1089 17.44 1017 16.36 946
21.81 1309 20.73 1236 19.61 1162 18.51 1088 17.42 1016 16.34 945
21.80 1308 20.71 1235 19.59 1160 18.49 1087 17.41 1015 16.32 943
21.79 1307 20.69 1234 19.57 1159 18.47 1086 17.39 1014 16.30 942
21.77 1306 20.68 1233 19.56 1158 18.46 1085 17.38 1013 16.29 941
21.75 1305 20.67 1232 19.54 1157 18.45 1084 17.36 1012 16.27 940
21.74 1304 20.65 1231 19.53 1156 18.43 1083 17.34 1011 16.26 939
21.73 1303 20.64 1230 19.51 1155 18.41 1082 17.33 1010 16.24 938
21.71 1302 20.62 1229 19.50 1154 18.40 1081 17.32 1009 16.23 937
21.69 1301 20.60 1228 19.48 1153 18.39 1080 17.30 1008 16.21 936
21.68 1300 20.59 1227 19.47 1152 18.37 1079 17.28 1007 16.20 935
21.67 1299 20.58 1226 19.46 1151 18.35 1078 17.27 1006 16.18 934
21.65 1298 20.56 1225 19.44 1150 18.34 1077 17.26 1005 16.17 933
16.15 932 15.06 860 13.93 786 12.85 715 11.72 642 10.58 568
16.13 931 15.05 859 13.92 785 12.83 714 11.71 641 10.56 567
16.11 929 15.03 858 13.90 784 12.81 713 11.69 640 10.54 566
16.09 928 15.01 857 13.88 783 12.79 712 11.67 639 10.53 565
16.07 927 14.99 856 13.87 782 12.77 710 11.65 638 10.52 564
16.06 926 14.97 854 13.85 781 12.75 709 11.63 636 10.50 563
16.05 925 14.95 853 13.84 780 12.73 708 11.61 635 10.48 562
16.03 924 14.93 852 13.82 779 12.72 707 11.59 634 10.47 561
16.01 923 14.92 851 13.81 778 12.71 706 11.58 633 10.45 560
16.00 922 14.91 850 13.79 777 12.69 705 11.57 632 10.44 559
15.99 921 14.89 849 13.78 776 12.67 704 11.55 631 10.42 558
15.97 920 14.87 848 13.76 775 12.66 703 11.53 630 10.40 557
15.96 919 14.86 847 13.75 774 12.65 702 11.52 629 10.39 556
15.94 918 14.85 846 13.73 773 12.63 701 11.51 628 10.37 555
15.92 917 14.83 845 13.71 772 12.61 700 11.49 627 10.36 554
15.91 916 14.82 844 13.70 771 12.60 699 11.47 626 10.34 553
15.90 915 14.80 843 13.69 770 12.58 698 11.46 625 10.33 552
15.88 914 14.78 842 13.67 769 12.57 697 11.44 624 10.31 551
15.86 913 14.77 841 13.65 768 12.55 696 11.43 623 10.30 550
15.84 912 14.76 840 13.64 767 12.54 695 11.41 622 10.28 549
15.82 910 14.74 839 13.63 766 12.52 694 11.40 621 10.27 548
15.80 909 14.72 838 13.61 765 12.50 693 11.38 620 10.25 547
15.78 908 14.71 837 13.59 764 12.49 692 11.37 619 10.23 546
15.77 907 14.70 836 13.58 763 12.48 691 11.35 618 10.22 545
15.76 906 14.68 835 13.57 762 12.46 690 11.34 617 10.20 544
15.74 905 14.66 834 13.55 761 12.44 689 11.32 616 10.19 543
15.73 904 14.64 833 13.53 760 12.43 688 11.30 615 10.17 542
15.71 903 14.62 831 13.52 759 12.42 687 11.29 614 10.16 541
15.70 902 14.60 830 13.50 758 12.40 686 11.27 613 10.14 540
15.68 901 14.58 829 13.49 757 12.38 685 11.26 612 10.13 539
15.67 900 14.57 828 13.47 756 12.36 684 11.24 611 10.11 538
15.65 899 14.56 827 13.46 755 12.34 682 11.23 610 10.09 537
15.63 898 14.54 826 13.44 754 12.32 681 11.21 609 10.08 536
15.62 897 14.53 825 13.43 753 12.30 680 11.20 608 10.06 535
15.61 896 14.51 824 13.41 752 12.29 679 11.18 607 10.05 534
15.59 895 14.49 823 13.40 751 12.28 678 11.16 606 10.03 533
15.57 894 14.48 822 13.38 750 12.26 677 11.15 605 10.02 532
15.56 893 14.47 821 13.36 749 12.24 676 11.14 604 10.00 531
15.55 892 14.45 820 13.35 748 12.23 675 11.12 603 9.99 530
15.53 891 14.43 819 13.34 747 12.22 674 11.10 602 9.97 529
15.51 890 14.42 818 13.32 746 12.20 673 11.08 601 9.95 528
15.50 889 14.41 817 13.30 745 12.18 672 11.06 599 9.94 527
15.49 888 14.39 816 13.29 744 12.16 671 11.04 598 9.92 526
15.47 887 14.37 815 13.28 743 12.15 670 11.02 597 9.91 525
15.45 886 14.35 814 13.26 742 12.14 669 11.01 596 9.89 524
15.44 885 14.33 812 13.24 741 12.12 668 11.00 595 9.88 523
15.42 884 14.31 811 13.22 740 12.10 667 10.98 594 9.86 522
15.41 883 14.29 810 13.20 738 12.09 666 10.96 593 9.85 521
15.39 882 14.28 809 13.18 737 12.08 665 10.94 592 9.83 520
15.38 881 14.27 808 13.16 736 12.06 664 10.92 590 9.81 519
15.36 880 14.25 807 13.15 735 12.04 663 10.90 589 9.80 518
15.35 879 14.23 806 13.14 734 12.03 662 10.88 588 9.79 517
15.34 878 14.22 805 13.12 733 12.01 661 10.87 587 9.77 516
15.32 877 14.21 804 13.10 732 12.00 660 10.86 586 9.75 515
15.30 876 14.19 803 13.09 731 11.98 659 10.84 585 9.74 514
15.28 875 14.17 802 13.07 730 11.97 658 10.82 584 9.72 513
15.27 874 14.16 801 13.06 729 11.95 657 10.80 583 9.71 512
15.26 873 14.14 800 13.04 728 11.94 656 10.78 581 9.69 511
15.24 872 14.13 799 13.03 727 11.92 655 10.76 580 9.67 510
15.22 871 14.12 798 13.01 726 11.91 654 10.74 579 9.66 509
15.21 870 14.10 797 13.00 725 11.89 653 10.73 578 9.64 508
15.20 869 14.08 796 12.98 724 11.87 652 10.72 577 9.63 507
15.18 868 14.07 795 12.97 723 11.86 651 10.70 576 9.61 506
15.16 867 14.06 794 12.95 722 11.85 650 10.68 575 9.59 505
15.15 866 14.04 793 12.93 721 11.83 649 10.67 574 9.58 504
15.13 865 14.02 792 12.92 720 11.81 648 10.66 573 9.57 503
15.12 864 14.00 791 12.91 719 11.79 647 10.64 572 9.55 502
15.11 863 13.98 789 12.89 718 11.77 645 10.62 571 9.53 501
15.09 862 13.96 788 12.87 717 11.75 644 10.60 570 9.52 500
15.07 861 13.94 787 12.86 716 11.73 643 10.59 569 9.50 499
9.49 498 8.39 428 7.25 356 6.12 285 4.94 212 3.75 139
9.47 497 8.38 427 7.24 355 6.11 284 4.93 211 3.73 138
9.45 496 8.36 426 7.22 354 6.09 283 4.91 210 3.71 137
9.44 495 8.34 425 7.20 353 6.07 282 4.90 209 3.70 136
9.43 494 8.32 424 7.19 352 6.05 281 4.88 208 3.68 135
9.41 493 8.31 423 7.18 351 6.04 280 4.86 207 3.66 134
9.39 492 8.30 422 7.16 350 6.03 279 4.84 206 3.64 133
9.38 491 8.28 421 7.14 349 6.01 278 4.83 205 3.63 132
9.36 490 8.26 420 7.12 348 5.99 277 4.82 204 3.62 131
9.35 489 8.24 419 7.11 347 5.97 276 4.80 203 3.60 130
9.33 488 8.22 417 7.10 346 5.96 275 4.78 202 3.58 129
9.31 487 8.20 416 7.08 345 5.95 274 4.76 201 3.56 128
9.30 486 8.18 415 7.06 344 5.93 273 4.75 200 3.55 127
9.29 485 8.17 414 7.04 343 5.91 272 4.73 199 3.53 126
9.27 484 8.16 413 7.02 341 5.90 271 4.71 198 3.51 125
9.25 483 8.14 412 7.00 340 5.88 270 4.69 197 3.49 124
9.24 482 8.12 411 6.98 339 5.86 269 4.67 195 3.48 123
9.22 481 8.10 410 6.97 338 5.85 268 4.65 194 3.46 122
9.21 480 8.09 409 6.95 337 5.83 267 4.63 193 3.45 121
9.19 479 8.08 408 6.94 336 5.82 266 4.62 192 3.43 120
9.17 478 8.06 407 6.92 335 5.80 265 4.60 191 3.41 119
9.16 477 8.04 406 6.90 334 5.78 264 4.58 190 3.40 118
9.14 476 8.03 405 6.89 333 5.76 263 4.57 189 3.38 117
9.13 475 8.01 404 6.87 332 5.74 261 4.55 188 3.36 116
9.11 474 8.00 403 6.86 331 5.72 260 4.54 187 3.34 115
9.10 473 7.98 402 6.84 330 5.70 259 4.52 186 3.33 114
9.08 472 7.96 401 6.82 329 5.69 258 4.50 185 3.31 113
9.07 471 7.95 400 6.81 328 5.67 257 4.48 184 3.29 112
9.05 470 7.93 399 6.79 327 5.66 256 4.47 183 3.27 111
9.03 469 7.92 398 6.78 326 5.64 255 4.46 182 3.25 109
9.02 468 7.90 397 6.76 325 5.62 254 4.44 181 3.23 108
9.00 467 7.89 396 6.75 324 5.61 253 4.42 180 3.21 107
8.99 466 7.87 395 6.73 323 5.59 252 4.41 179 3.20 106
8.97 465 7.85 394 6.71 322 5.57 251 4.39 178 3.18 105
8.95 464 7.84 393 6.69 321 5.56 250 4.37 177 3.16 104
8.94 463 7.82 392 6.68 320 5.54 249 4.35 176 3.14 103
8.92 462 7.81 391 6.67 319 5.53 248 4.34 175 3.13 102
8.91 461 7.79 390 6.65 318 5.51 247 4.33 174 3.11 101
8.89 460 7.77 389 6.63 317 5.49 246 4.31 173 3.09 100
8.88 459 7.76 388 6.61 316 5.47 245 4.29 172 3.07 99
8.86 458 7.75 387 6.60 315 5.45 243 4.27 171 3.06 98
8.85 457 7.73 386 6.59 314 5.43 242 4.26 170 3.05 97
8.83 456 7.71 385 6.57 313 5.41 241 4.24 169 3.03 96
8.81 455 7.69 384 6.55 312 5.40 240 4.22 168 3.01 95
8.80 454 7.68 383 6.54 311 5.38 239 4.20 167 2.99 94
8.78 453 7.67 382 6.52 310 5.36 238 4.18 165 2.98 93
8.77 452 7.65 381 6.51 309 5.35 237 4.16 164 2.96 92
8.75 451 7.63 380 6.49 308 5.33 236 4.14 163 2.94 91
8.74 450 7.61 379 6.47 307 5.32 235 4.12 162 2.92 90
8.72 449 7.60 378 6.46 306 5.30 234 4.11 161 2.91 89
8.70 448 7.59 377 6.44 305 5.28 233 4.09 160 2.89 88
8.69 447 7.57 376 6.42 304 5.26 232 4.07 159 2.87 87
8.67 446 7.55 375 6.41 303 5.24 230 4.06 158 2.85 86
8.66 445 7.53 374 6.40 302 5.22 229 4.05 157 2.84 85
8.64 444 7.51 372 6.38 301 5.20 228 4.03 156 2.82 84
8.62 443 7.49 371 6.36 300 5.19 227 4.01 155 2.81 83
8.61 442 7.47 370 6.34 299 5.17 226 3.99 154 2.79 82
8.60 441 7.46 369 6.33 298 5.15 225 3.98 153 2.77 81
8.58 440 7.45 368 6.32 297 5.14 224 3.96 152 2.76 80
8.56 439 7.43 367 6.30 296 5.12 223 3.94 151 2.74 79
8.55 438 7.41 366 6.28 295 5.11 222 3.92 150 2.72 78
8.53 437 7.39 365 6.26 294 5.09 221 3.91 149 2.70 77
8.52 436 7.38 364 6.25 293 5.07 220 3.90 148 2.69 76
8.50 435 7.37 363 6.24 292 5.05 219 3.88 147 2.67 75
8.48 434 7.35 362 6.22 291 5.04 218 3.86 146 2.65 74
8.47 433 7.33 361 6.20 290 5.03 217 3.84 145 2.63 73
8.46 432 7.32 360 6.18 289 5.01 216 3.83 144 2.62 72
8.44 431 7.30 359 6.17 288 4.99 215 3.81 143 2.60 71
8.42 430 7.29 358 6.15 287 4.98 214 3.79 142 2.58 70
8.40 429 7.27 357 6.14 286 4.96 213 3.77 141 2.56 69
2.55 68 2.35 56 2.14 44 1.92 32 1.71 20 1.49 8
2.53 67 2.33 55 2.12 43 1.91 31 1.69 19 1.47 7
2.51 66 2.31 54 2.10 42 1.89 30 1.67 18 1.44 6
2.49 65 2.29 53 2.08 41 1.87 29 1.65 17 1.43 5
2.48 64 2.28 52 2.06 40 1.85 28 1.64 16 1.41 4
2.46 63 2.26 51 2.05 39 1.84 27 1.62 15 1.39 3
2.45 62 2.24 50 2.03 38 1.81 26 1.60 14 1.36 2
2.43 61 2.22 49 2.01 37 1.79 25 1.57 13 1.35 1
2.42 60 2.21 48 1.99 36 1.78 24 1.56 12
2.40 59 2.19 47 1.98 35 1.76 23 1.54 11
2.38 58 2.17 46 1.96 34 1.74 22 1.52 10
2.36 57 2.15 45 1.94 33 1.72 21 1.50 9
