21.09 1369 20.08 1296 19.02 1220 17.99 1146 16.98 1073 15.95 1000
21.07 1368 20.06 1295 19.01 1219 17.98 1145 16.96 1072 15.94 999
21.06 1367 20.05 1294 18.99 1218 17.97 1144 16.94 1071 15.93 998
21.05 1366 20.04 1293 18.98 1217 17.95 1143 16.93 1070 15.91 997
21.03 1365 20.02 1292 18.97 1216 17.94 1142 16.92 1069 15.89 996
21.02 1364 20.00 1291 18.95 1215 17.92 1141 16.90 1068 15.88 995
21.00 1363 19.98 1289 18.94 1214 17.91 1140 16.89 1067 15.87 994
20.99 1362 19.96 1288 18.93 1213 17.90 1139 16.88 1066 15.85 993
20.97 1361 19.95 1287 18.91 1212 17.88 1138 16.86 1065 15.84 992
20.96 1360 19.94 1286 18.90 1211 17.87 1137 16.85 1064 15.83 991
20.95 1359 19.92 1285 18.88 1210 17.85 1136 16.84 1063 15.81 990
20.93 1358 19.91 1284 18.87 1209 17.84 1135 16.82 1062 15.80 989
20.92 1357 19.90 1283 18.86 1208 17.82 1134 16.80 1061 15.79 988
20.91 1356 19.88 1282 18.84 1207 17.81 1133 16.78 1059 15.77 987
20.89 1355 19.87 1281 18.83 1206 17.80 1132 16.76 1058 15.75 986
20.88 1354 19.86 1280 18.82 1205 17.78 1131 16.75 1057 15.74 985
20.87 1353 19.84 1279 18.80 1204 17.77 1130 16.74 1056 15.73 984
20.85 1352 19.82 1278 18.78 1203 17.76 1129 16.72 1055 15.71 983
20.83 1351 19.80 1276 18.77 1202 17.74 1128 16.71 1054 15.70 982
20.81 1349 19.78 1275 18.76 1201 17.72 1127 16.70 1053 15.69 981
20.79 1348 19.76 1273 18.74 1200 17.70 1125 16.68 1052 15.67 980
20.78 1347 19.74 1272 18.73 1199 17.68 1124 16.67 1051 15.66 979
20.77 1346 19.73 1271 18.72 1198 17.66 1122 16.65 1050 15.64 978
20.75 1345 19.72 1270 18.70 1197 17.64 1121 16.64 1049 15.63 977
20.74 1344 19.70 1269 18.68 1196 17.63 1120 16.63 1048 15.62 976
20.73 1343 19.69 1268 18.66 1194 17.62 1119 16.61 1047 15.60 975
20.71 1342 19.68 1267 18.64 1193 17.60 1118 16.59 1046 15.59 974
20.70 1341 19.66 1266 18.62 1191 17.59 1117 16.58 1045 15.58 973
20.69 1340 19.65 1265 18.60 1190 17.58 1116 16.57 1044 15.56 972
20.67 1339 19.63 1264 18.58 1188 17.56 1115 16.55 1043 15.54 971
20.65 1338 19.62 1263 18.56 1187 17.55 1114 16.54 1042 15.53 970
20.63 1336 19.60 1262 18.55 1186 17.53 1113 16.53 1041 15.52 969
20.61 1335 19.59 1261 18.54 1185 17.52 1112 16.51 1040 15.50 968
20.59 1333 19.58 1260 18.52 1184 17.50 1111 16.50 1039 15.49 967
20.57 1332 19.56 1259 18.51 1183 17.49 1110 16.49 1038 15.48 966
20.56 1331 19.55 1258 18.50 1182 17.48 1109 16.47 1037 15.46 965
20.55 1330 19.54 1257 18.48 1181 17.46 1108 16.45 1036 15.45 964
20.53 1329 19.52 1256 18.47 1180 17.45 1107 16.43 1034 15.44 963
20.52 1328 19.51 1255 18.45 1179 17.43 1106 16.41 1033 15.42 962
20.51 1327 19.49 1254 18.44 1178 17.42 1105 16.40 1032 15.40 961
20.49 1326 19.48 1253 18.42 1177 17.41 1104 16.39 1031 15.39 960
20.48 1325 19.47 1252 18.41 1176 17.39 1103 16.37 1030 15.38 959
20.47 1324 19.45 1251 18.40 1175 17.38 1102 16.36 1029 15.36 958
20.45 1323 19.44 1250 18.38 1174 17.37 1101 16.35 1028 15.35 957
20.43 1322 19.43 1249 18.37 1173 17.35 1100 16.33 1027 15.33 956
20.42 1321 19.41 1248 18.35 1172 17.33 1099 16.32 1026 15.32 955
20.41 1320 19.40 1247 18.34 1171 17.31 1097 16.30 1025 15.31 954
20.39 1319 19.38 1246 18.33 1170 17.29 1096 16.29 1024 15.29 953
20.38 1318 19.37 1245 18.31 1169 17.28 1095 16.28 1023 15.28 952
20.37 1317 19.35 1244 18.30 1168 17.27 1094 16.26 1022 15.27 951
20.35 1316 19.34 1243 18.29 1167 17.25 1093 16.24 1021 15.25 950
20.34 1315 19.33 1242 18.27 1166 17.24 1092 16.23 1020 15.23 949
20.33 1314 19.31 1241 18.26 1165 17.23 1091 16.22 1019 15.21 947
20.31 1313 19.30 1240 18.25 1164 17.21 1090 16.20 1018 15.19 946
20.30 1312 19.29 1239 18.23 1163 17.20 1089 16.19 1017 15.18 945
20.28 1311 19.27 1238 18.21 1162 17.19 1088 16.18 1016 15.17 944
20.27 1310 19.25 1237 18.20 1161 17.17 1087 16.16 1015 15.15 943
20.26 1309 19.23 1235 18.19 1160 17.15 1086 16.15 1014 15.14 942
20.24 1308 19.21 1234 18.17 1159 17.14 1085 16.14 1013 15.13 941
20.23 1307 19.19 1232 18.16 1158 17.13 1084 16.12 1012 15.11 940
20.21 1306 19.17 1231 18.15 1157 17.11 1083 16.10 1011 15.10 939
20.20 1305 19.15 1229 18.13 1156 17.10 1082 16.08 1009 15.08 938
20.19 1304 19.13 1228 18.12 1155 17.09 1081 16.06 1008 15.07 937
20.17 1303 19.12 1227 18.11 1154 17.07 1080 16.05 1007 15.05 936
20.16 1302 19.11 1226 18.09 1153 17.06 1079 16.04 1006 15.04 935
20.14 1301 19.09 1225 18.07 1152 17.04 1078 16.02 1005 15.02 934
20.13 1300 19.08 1224 18.05 1150 17.03 1077 16.01 1004 15.01 933
20.12 1299 19.07 1223 18.03 1149 17.02 1076 15.99 1003 15.00 932
20.10 1298 19.05 1222 18.02 1148 17.00 1075 15.98 1002 14.98 931
20.09 1297 19.03 1221 18.01 1147 16.99 1074 15.97 1001 14.97 930
14.96 929 13.92 856 12.89 783 11.87 711 10.81 637 9.78 565
14.94 928 13.90 854 12.88 782 11.86 710 10.80 636 9.76 564
14.92 927 13.88 853 12.87 781 11.84 709 10.78 635 9.75 563
14.90 925 13.87 852 12.85 780 11.82 708 10.77 634 9.73 562
14.88 924 13.86 851 12.83 779 11.80 706 10.76 633 9.72 561
14.87 923 13.84 850 12.82 778 11.78 705 10.74 632 9.71 560
14.86 922 13.83 849 12.81 777 11.77 704 10.72 631 9.69 559
14.84 921 13.81 848 12.79 776 11.76 703 10.71 630 9.67 558
14.83 920 13.80 847 12.78 775 11.74 702 10.70 629 9.66 557
14.82 919 13.78 846 12.77 774 11.73 701 10.68 628 9.65 556
14.80 918 13.77 845 12.75 773 11.71 700 10.67 627 9.63 555
14.79 917 13.76 844 12.73 772 11.70 699 10.65 626 9.62 554
14.77 916 13.74 843 12.72 771 11.68 698 10.64 625 9.60 553
14.76 915 13.73 842 12.71 770 11.67 697 10.63 624 9.59 552
14.75 914 13.71 841 12.69 769 11.65 696 10.61 623 9.58 551
14.73 913 13.70 840 12.68 768 11.64 695 10.59 622 9.56 550
14.71 912 13.69 839 12.67 767 11.63 694 10.57 620 9.54 549
14.70 911 13.67 838 12.65 766 11.61 693 10.55 619 9.52 547
14.69 910 13.65 837 12.64 765 11.60 692 10.54 618 9.50 546
14.67 909 13.63 835 12.62 764 11.59 691 10.53 617 9.49 545
14.66 908 13.61 834 12.61 763 11.57 690 10.51 616 9.47 544
14.65 907 13.60 833 12.60 762 11.55 689 10.50 615 9.46 543
14.63 906 13.59 832 12.58 761 11.54 688 10.48 614 9.45 542
14.62 905 13.57 831 12.56 760 11.53 687 10.46 613 9.43 541
14.61 904 13.56 830 12.54 758 11.51 686 10.44 611 9.41 540
14.59 903 13.54 829 12.52 757 11.50 685 10.42 610 9.39 538
14.57 902 13.53 828 12.51 756 11.48 684 10.41 609 9.37 537
14.56 901 13.52 827 12.50 755 11.47 683 10.40 608 9.36 536
14.55 900 13.50 826 12.48 754 11.46 682 10.38 607 9.34 535
14.53 899 13.49 825 12.47 753 11.44 681 10.37 606 9.33 534
14.52 898 13.48 824 12.45 752 11.42 680 10.35 605 9.32 533
14.50 897 13.46 823 12.44 751 11.40 678 10.34 604 9.30 532
14.49 896 13.44 822 12.43 750 11.38 677 10.33 603 9.28 531
14.48 895 13.43 821 12.41 749 11.37 676 10.31 602 9.26 529
14.46 894 13.42 820 12.39 748 11.36 675 10.29 601 9.24 528
14.45 893 13.40 819 12.38 747 11.34 674 10.28 600 9.23 527
14.44 892 13.39 818 12.37 746 11.33 673 10.27 599 9.21 526
14.42 891 13.38 817 12.35 745 11.31 672 10.25 598 9.20 525
14.40 890 13.36 816 12.34 744 11.29 671 10.24 597 9.19 524
14.38 888 13.35 815 12.33 743 11.27 669 10.22 596 9.17 523
14.36 887 13.33 814 12.31 742 11.25 668 10.21 595 9.15 522
14.35 886 13.32 813 12.30 741 11.24 667 10.20 594 9.13 520
14.34 885 13.30 812 12.28 740 11.23 666 10.18 593 9.11 519
14.32 884 13.29 811 12.27 739 11.21 665 10.16 592 9.10 518
14.31 883 13.27 810 12.25 738 11.20 664 10.15 591 9.09 517
14.29 882 13.26 809 12.24 737 11.18 663 10.14 590 9.07 516
14.28 881 13.25 808 12.22 736 11.17 662 10.12 589 9.06 515
14.27 880 13.23 807 12.21 735 11.16 661 10.11 588 9.04 514
14.25 879 13.22 806 12.20 734 11.14 660 10.10 587 9.02 513
14.24 878 13.21 805 12.18 733 11.12 659 10.08 586 9.00 511
14.22 877 13.19 804 12.17 732 11.10 657 10.07 585 8.98 510
14.21 876 13.17 803 12.16 731 11.08 656 10.05 584 8.97 509
14.19 875 13.16 802 12.14 730 11.07 655 10.03 583 8.95 508
14.18 874 13.15 801 12.12 729 11.06 654 10.02 582 8.94 507
14.17 873 13.13 800 12.11 728 11.04 653 10.01 581 8.93 506
14.15 872 13.12 799 12.10 727 11.03 652 9.99 580 8.91 505
14.13 871 13.11 798 12.08 726 11.01 651 9.98 579 8.89 504
14.11 869 13.09 797 12.07 725 11.00 650 9.97 578 8.87 502
14.09 868 13.08 796 12.05 724 10.98 649 9.95 577 8.85 501
14.08 867 13.06 795 12.04 723 10.97 648 9.94 576 8.84 500
14.07 866 13.05 794 12.03 722 10.95 647 9.92 575 8.82 499
14.05 865 13.04 793 12.01 721 10.94 646 9.91 574 8.81 498
14.04 864 13.02 792 11.99 720 10.93 645 9.89 573 8.80 497
14.03 863 13.00 791 11.97 718 10.91 644 9.88 572 8.78 496
14.01 862 12.98 789 11.95 717 10.90 643 9.86 571 8.76 495
14.00 861 12.96 788 11.94 716 10.89 642 9.85 570 8.75 494
13.98 860 12.95 787 11.93 715 10.87 641 9.84 569 8.74 493
13.97 859 12.94 786 11.91 714 10.85 640 9.82 568 8.72 492
13.96 858 12.92 785 11.90 713 10.84 639 9.80 567 8.71 491
13.94 857 12.91 784 11.88 712 10.82 638 9.79 566 8.69 490
8.68 489 7.66 419 6.59 346 5.53 275 4.46 203 3.33 129
8.67 488 7.65 418 6.57 345 5.52 274 4.44 202 3.31 128
8.65 487 7.63 417 6.56 344 5.51 273 4.42 201 3.29 127
8.63 486 7.62 416 6.54 343 5.49 272 4.41 200 3.28 126
8.62 485 7.60 415 6.53 342 5.47 271 4.39 199 3.26 125
8.61 484 7.58 414 6.52 341 5.46 270 4.38 198 3.24 124
8.59 483 7.57 413 6.50 340 5.44 269 4.36 197 3.23 123
8.58 482 7.56 412 6.48 339 5.43 268 4.35 196 3.21 122
8.56 481 7.54 411 6.47 338 5.42 267 4.34 195 3.20 121
8.55 480 7.53 410 6.45 337 5.40 266 4.32 194 3.19 120
8.54 479 7.51 409 6.44 336 5.39 265 4.30 193 3.17 119
8.52 478 7.50 408 6.43 335 5.37 264 4.29 192 3.15 118
8.50 477 7.49 407 6.41 334 5.35 263 4.27 191 3.14 117
8.49 476 7.47 406 6.39 333 5.34 262 4.25 190 3.12 116
8.48 475 7.45 405 6.38 332 5.33 261 4.23 188 3.11 115
8.46 474 7.44 404 6.37 331 5.31 260 4.21 187 3.09 114
8.45 473 7.43 403 6.35 330 5.30 259 4.20 186 3.07 113
8.43 472 7.41 402 6.34 329 5.28 258 4.18 185 3.06 112
8.42 471 7.40 401 6.32 328 5.26 257 4.16 184 3.04 111
8.40 470 7.38 400 6.30 327 5.25 256 4.15 183 3.03 110
8.39 469 7.36 399 6.28 325 5.24 255 4.14 182 3.02 109
8.37 468 7.35 398 6.26 324 5.22 254 4.12 181 3.00 108
8.36 467 7.34 397 6.25 323 5.21 253 4.11 180 2.98 107
8.35 466 7.32 396 6.23 322 5.19 252 4.09 179 2.97 106
8.33 465 7.31 395 6.22 321 5.17 251 4.07 178 2.95 105
8.32 464 7.29 394 6.21 320 5.15 249 4.06 177 2.94 104
8.30 463 7.28 393 6.19 319 5.13 248 4.04 176 2.92 103
8.28 462 7.27 392 6.17 318 5.12 247 4.03 175 2.90 102
8.27 461 7.25 391 6.16 317 5.10 246 4.02 174 2.89 101
8.26 460 7.23 390 6.14 316 5.08 245 4.00 173 2.87 100
8.24 459 7.22 389 6.13 315 5.06 243 3.99 172 2.85 99
8.23 458 7.21 388 6.12 314 5.04 242 3.97 171 2.84 98
8.22 457 7.19 387 6.10 313 5.03 241 3.95 170 2.83 97
8.20 456 7.18 386 6.09 312 5.01 240 3.94 169 2.81 96
8.19 455 7.16 385 6.07 311 4.99 239 3.92 168 2.80 95
8.17 454 7.14 384 6.05 310 4.98 238 3.90 167 2.78 94
8.15 453 7.12 382 6.04 309 4.97 237 3.88 165 2.76 93
8.14 452 7.10 381 6.03 308 4.95 236 3.86 164 2.75 92
8.13 451 7.09 380 6.01 307 4.94 235 3.85 163 2.73 91
8.11 450 7.07 379 6.00 306 4.92 234 3.83 162 2.72 90
8.10 449 7.06 378 5.98 305 4.90 233 3.81 161 2.70 89
8.08 448 7.05 377 5.96 304 4.89 232 3.80 160 2.68 88
8.07 447 7.03 376 5.95 303 4.88 231 3.78 159 2.67 87
8.05 446 7.01 375 5.94 302 4.86 230 3.77 158 2.65 86
8.04 445 7.00 374 5.92 301 4.85 229 3.76 157 2.63 85
8.02 444 6.99 373 5.91 300 4.83 228 3.74 156 2.62 84
8.01 443 6.97 372 5.89 299 4.82 227 3.72 155 2.61 83
8.00 442 6.96 371 5.88 298 4.80 226 3.71 154 2.59 82
7.98 441 6.94 370 5.87 297 4.78 225 3.69 153 2.58 81
7.97 440 6.92 369 5.85 296 4.77 224 3.68 152 2.56 80
7.95 439 6.90 367 5.83 295 4.76 223 3.66 151 2.54 79
7.94 438 6.88 366 5.82 294 4.74 222 3.64 150 2.53 78
7.92 437 6.87 365 5.80 293 4.73 221 3.62 148 2.51 77
7.91 436 6.85 364 5.79 292 4.71 220 3.60 147 2.50 76
7.89 435 6.84 363 5.78 291 4.69 219 3.59 146 2.48 75
7.88 434 6.83 362 5.76 290 4.68 218 3.57 145 2.46 74
7.87 433 6.81 361 5.74 289 4.67 217 3.55 144 2.45 73
7.85 432 6.79 360 5.73 288 4.65 216 3.54 143 2.43 72
7.84 431 6.78 359 5.71 287 4.64 215 3.52 142 2.41 71
7.82 430 6.77 358 5.70 286 4.62 214 3.50 141 2.40 70
7.80 429 6.75 357 5.69 285 4.60 213 3.48 139 2.38 69
7.79 428 6.74 356 5.67 284 4.59 212 3.46 138 2.37 68
7.78 427 6.72 355 5.65 283 4.58 211 3.45 137 2.35 67
7.76 426 6.70 354 5.64 282 4.56 210 3.43 136 2.33 66
7.75 425 6.69 353 5.62 281 4.55 209 3.42 135 2.32 65
7.73 424 6.68 352 5.61 280 4.53 208 3.40 134 2.30 64
7.72 423 6.66 351 5.60 279 4.51 207 3.38 133 2.28 63
7.70 422 6.65 350 5.58 278 4.50 206 3.37 132 2.26 61
7.69 421 6.63 349 5.56 277 4.48 205 3.36 131 2.24 60
7.67 420 6.61 348 5.55 276 4.47 204 3.34 130 2.23 59
2.21 58 2.05 48 1.89 38 1.72 28 1.55 18 1.38 8
2.19 57 2.03 47 1.87 37 1.71 27 1.54 17 1.36 7
2.18 56 2.02 46 1.85 36 1.68 26 1.52 16 1.34 6
2.16 55 2.00 45 1.84 35 1.67 25 1.50 15 1.32 5
2.15 54 1.98 44 1.82 34 1.65 24 1.49 14 1.31 4
2.13 53 1.97 43 1.80 33 1.63 23 1.46 13 1.29 3
2.11 52 1.95 42 1.79 32 1.62 22 1.45 12 1.27 2
2.10 51 1.93 41 1.77 31 1.60 21 1.43 11 1.25 1
2.08 50 1.92 40 1.75 30 1.58 20 1.41 10
2.06 49 1.90 39 1.74 29 1.57 19 1.40 9
