19.86 1369 18.86 1292 17.85 1215 16.87 1140 15.90 1066 14.92 992
19.85 1368 18.84 1291 17.84 1214 16.86 1139 15.88 1065 14.91 991
19.84 1367 18.82 1289 17.83 1213 16.84 1138 15.87 1064 14.89 990
19.82 1366 18.80 1288 17.82 1212 16.83 1137 15.86 1063 14.88 989
19.81 1365 18.78 1286 17.80 1211 16.82 1136 15.84 1062 14.87 988
19.80 1364 18.77 1285 17.78 1210 16.80 1135 15.83 1061 14.86 987
19.79 1363 18.76 1284 17.76 1208 16.79 1134 15.82 1060 14.84 986
19.77 1362 18.74 1283 17.75 1207 16.78 1133 15.81 1059 14.83 985
19.76 1361 18.73 1282 17.74 1206 16.76 1132 15.79 1058 14.82 984
19.75 1360 18.71 1281 17.72 1205 16.75 1131 15.78 1057 14.80 983
19.73 1359 18.70 1280 17.71 1204 16.74 1130 15.77 1056 14.79 982
19.72 1358 18.69 1279 17.69 1203 16.73 1129 15.75 1055 14.78 981
19.71 1357 18.67 1278 17.68 1202 16.71 1128 15.74 1054 14.76 980
19.69 1356 18.65 1276 17.67 1201 16.70 1127 15.73 1053 14.75 979
19.68 1355 18.64 1275 17.65 1200 16.69 1126 15.71 1052 14.73 978
19.67 1354 18.63 1274 17.63 1198 16.67 1125 15.70 1051 14.71 976
19.66 1353 18.61 1273 17.62 1197 16.66 1124 15.68 1050 14.69 975
19.64 1352 18.60 1272 17.60 1196 16.65 1123 15.66 1048 14.67 973
19.62 1351 18.58 1271 17.59 1195 16.63 1122 15.65 1047 14.66 972
19.60 1349 18.57 1270 17.58 1194 16.62 1121 15.63 1046 14.64 971
19.59 1348 18.56 1269 17.56 1193 16.60 1120 15.62 1045 14.63 970
19.58 1347 18.54 1268 17.55 1192 16.58 1118 15.61 1044 14.62 969
19.56 1346 18.52 1266 17.54 1191 16.57 1117 15.59 1043 14.60 968
19.55 1345 18.51 1265 17.52 1190 16.56 1116 15.58 1042 14.59 967
19.54 1344 18.49 1264 17.50 1188 16.54 1115 15.57 1041 14.58 966
19.53 1343 18.48 1263 17.49 1187 16.53 1114 15.55 1040 14.56 965
19.51 1342 18.47 1262 17.47 1186 16.51 1113 15.54 1039 14.55 964
19.49 1341 18.45 1261 17.46 1185 16.50 1112 15.53 1038 14.54 963
19.47 1339 18.44 1260 17.45 1184 16.49 1111 15.52 1037 14.53 962
19.46 1338 18.43 1259 17.43 1183 16.47 1110 15.50 1036 14.51 961
19.45 1337 18.41 1258 17.42 1182 16.45 1108 15.49 1035 14.50 960
19.43 1336 18.39 1256 17.41 1181 16.44 1107 15.48 1034 14.49 959
19.42 1335 18.38 1255 17.39 1180 16.42 1106 15.46 1033 14.47 958
19.41 1334 18.36 1254 17.38 1179 16.41 1105 15.45 1032 14.46 957
19.39 1333 18.35 1253 17.37 1178 16.40 1104 15.44 1031 14.44 956
19.38 1332 18.34 1252 17.36 1177 16.38 1103 15.42 1030 14.43 955
19.36 1331 18.32 1251 17.34 1176 16.37 1102 15.41 1029 14.42 954
19.34 1329 18.31 1250 17.33 1175 16.36 1101 15.40 1028 14.40 953
19.33 1328 18.30 1249 17.32 1174 16.34 1100 15.38 1027 14.38 951
19.32 1327 18.28 1248 17.30 1173 16.33 1099 15.37 1026 14.37 950
19.30 1326 18.26 1246 17.29 1172 16.32 1098 15.35 1025 14.35 949
19.29 1325 18.24 1245 17.28 1171 16.30 1097 15.33 1023 14.34 948
19.28 1324 18.23 1244 17.26 1170 16.29 1096 15.32 1022 14.33 947
19.26 1323 18.22 1243 17.25 1169 16.28 1095 15.30 1021 14.31 946
19.25 1322 18.21 1242 17.24 1168 16.27 1094 15.29 1020 14.30 945
19.23 1321 18.19 1241 17.22 1167 16.25 1093 15.28 1019 14.29 944
19.21 1319 18.18 1240 17.21 1166 16.24 1092 15.26 1018 14.27 943
19.20 1318 18.17 1239 17.20 1165 16.23 1091 15.25 1017 14.26 942
19.19 1317 18.15 1238 17.19 1164 16.21 1090 15.24 1016 14.25 941
19.17 1316 18.14 1237 17.17 1163 16.20 1089 15.22 1015 14.23 940
19.16 1315 18.13 1236 17.16 1162 16.19 1088 15.21 1014 14.22 939
19.15 1314 18.11 1235 17.15 1161 16.17 1087 15.20 1013 14.20 938
19.13 1313 18.10 1234 17.13 1160 16.16 1086 15.19 1012 14.18 936
19.12 1312 18.09 1233 17.12 1159 16.14 1085 15.17 1011 14.17 935
19.10 1311 18.08 1232 17.11 1158 16.12 1083 15.16 1010 14.15 934
19.08 1309 18.06 1231 17.09 1157 16.11 1082 15.15 1009 14.14 933
19.07 1308 18.05 1230 17.08 1156 16.10 1081 15.13 1008 14.13 932
19.06 1307 18.04 1229 17.06 1155 16.08 1080 15.12 1007 14.11 931
19.04 1306 18.02 1228 17.04 1153 16.07 1079 15.11 1006 14.10 930
19.03 1305 18.01 1227 17.03 1152 16.05 1078 15.09 1005 14.09 929
19.02 1304 18.00 1226 17.02 1151 16.04 1077 15.08 1004 14.07 928
19.00 1303 17.98 1225 17.00 1150 16.03 1076 15.06 1003 14.06 927
18.99 1302 17.97 1224 16.99 1149 16.01 1075 15.04 1001 14.05 926
18.97 1301 17.96 1223 16.97 1148 15.99 1073 15.02 1000 14.04 925
18.95 1299 17.95 1222 16.96 1147 15.98 1072 15.00 998 14.02 924
18.93 1298 17.93 1221 16.95 1146 15.96 1071 14.99 997 14.00 923
18.91 1296 17.91 1220 16.93 1145 15.95 1070 14.97 996 13.98 921
18.90 1295 17.89 1218 16.91 1143 15.94 1069 14.96 995 13.97 920
18.89 1294 17.88 1217 16.90 1142 15.92 1068 14.95 994 13.96 919
18.87 1293 17.87 1216 16.88 1141 15.91 1067 14.93 993 13.94 918
13.93 917 12.93 842 11.94 768 10.95 694 9.94 619 8.92 544
13.91 916 12.92 841 11.93 767 10.94 693 9.93 618 8.91 543
13.89 914 12.91 840 11.92 766 10.92 692 9.92 617 8.90 542
13.87 913 12.89 839 11.90 765 10.90 690 9.90 616 8.88 541
13.86 912 12.88 838 11.89 764 10.88 689 9.89 615 8.87 540
13.85 911 12.86 837 11.88 763 10.87 688 9.87 614 8.86 539
13.84 910 12.85 836 11.87 762 10.86 687 9.86 613 8.84 538
13.82 909 12.84 835 11.85 761 10.85 686 9.85 612 8.83 537
13.81 908 12.82 834 11.84 760 10.83 685 9.83 611 8.81 536
13.80 907 12.81 833 11.83 759 10.82 684 9.82 610 8.80 535
13.78 906 12.80 832 11.81 758 10.81 683 9.80 609 8.79 534
13.77 905 12.79 831 11.80 757 10.79 682 9.78 607 8.78 533
13.76 904 12.77 830 11.78 756 10.78 681 9.77 606 8.76 532
13.74 903 12.76 829 11.77 755 10.76 680 9.75 605 8.75 531
13.73 902 12.75 828 11.76 754 10.75 679 9.74 604 8.74 530
13.71 901 12.73 827 11.74 753 10.74 678 9.73 603 8.72 529
13.69 899 12.72 826 11.73 752 10.72 677 9.71 602 8.71 528
13.68 898 12.71 825 11.72 751 10.71 676 9.70 601 8.69 527
13.66 897 12.69 824 11.70 750 10.70 675 9.69 600 8.68 526
13.65 896 12.68 823 11.69 749 10.69 674 9.67 599 8.67 525
13.64 895 12.66 822 11.67 748 10.67 673 9.66 598 8.65 524
13.62 894 12.64 820 11.65 746 10.65 672 9.64 597 8.64 523
13.61 893 12.62 819 11.64 745 10.64 671 9.63 596 8.62 522
13.60 892 12.61 818 11.62 744 10.63 670 9.62 595 8.61 521
13.58 891 12.60 817 11.61 743 10.62 669 9.60 594 8.60 520
13.57 890 12.59 816 11.60 742 10.60 668 9.59 593 8.58 519
13.56 889 12.57 815 11.58 741 10.59 667 9.57 592 8.57 518
13.54 888 12.56 814 11.57 740 10.58 666 9.55 590 8.56 517
13.53 887 12.55 813 11.56 739 10.56 665 9.54 589 8.55 516
13.51 886 12.53 812 11.54 738 10.55 664 9.52 588 8.53 515
13.49 884 12.52 811 11.53 737 10.53 663 9.51 587 8.52 514
13.48 883 12.50 810 11.51 736 10.52 662 9.50 586 8.50 513
13.46 882 12.49 809 11.49 734 10.51 661 9.48 585 8.49 512
13.45 881 12.48 808 11.47 733 10.49 660 9.47 584 8.48 511
13.44 880 12.46 807 11.46 732 10.48 659 9.45 583 8.46 510
13.42 879 12.45 806 11.45 731 10.47 658 9.44 582 8.45 509
13.41 878 12.44 805 11.44 730 10.46 657 9.43 581 8.43 508
13.40 877 12.43 804 11.42 729 10.44 656 9.41 580 8.42 507
13.38 876 12.41 803 11.41 728 10.42 655 9.40 579 8.41 506
13.37 875 12.39 802 11.40 727 10.40 653 9.39 578 8.39 505
13.36 874 12.37 800 11.38 726 10.39 652 9.37 577 8.38 504
13.35 873 12.36 799 11.37 725 10.37 651 9.36 576 8.37 503
13.33 872 12.35 798 11.35 724 10.36 650 9.34 575 8.35 502
13.31 871 12.33 797 11.34 723 10.35 649 9.32 573 8.34 501
13.29 869 12.32 796 11.33 722 10.33 648 9.31 572 8.32 500
13.28 868 12.30 795 11.31 721 10.32 647 9.29 571 8.31 499
13.26 867 12.28 793 11.30 720 10.31 646 9.27 570 8.30 498
13.25 866 12.26 792 11.29 719 10.29 645 9.25 568 8.29 497
13.24 865 12.25 791 11.28 718 10.28 644 9.24 567 8.27 496
13.22 864 12.24 790 11.26 717 10.26 643 9.22 566 8.25 495
13.20 862 12.23 789 11.24 716 10.24 641 9.21 565 8.23 493
13.18 861 12.21 788 11.22 714 10.23 640 9.20 564 8.22 492
13.17 860 12.20 787 11.21 713 10.21 639 9.18 563 8.20 491
13.16 859 12.19 786 11.19 712 10.19 638 9.17 562 8.19 490
13.15 858 12.17 785 11.18 711 10.17 636 9.16 561 8.18 489
13.13 857 12.16 784 11.17 710 10.16 635 9.14 560 8.16 488
13.12 856 12.14 783 11.15 709 10.14 634 9.13 559 8.15 487
13.11 855 12.13 782 11.14 708 10.13 633 9.11 558 8.13 486
13.09 854 12.12 781 11.13 707 10.12 632 9.10 557 8.12 485
13.08 853 12.10 780 11.11 706 10.10 631 9.09 556 8.11 484
13.06 852 12.09 779 11.10 705 10.09 630 9.07 555 8.09 483
13.05 851 12.08 778 11.08 704 10.08 629 9.06 554 8.08 482
13.04 850 12.07 777 11.06 702 10.06 628 9.04 553 8.06 481
13.02 849 12.05 776 11.05 701 10.05 627 9.02 551 8.04 479
13.01 848 12.03 775 11.03 700 10.03 626 9.01 550 8.02 478
13.00 847 12.01 773 11.02 699 10.01 624 8.99 549 8.01 477
12.99 846 12.00 772 11.01 698 10.00 623 8.98 548 7.99 476
12.97 845 11.98 771 10.99 697 9.98 622 8.97 547 7.97 474
12.96 844 11.97 770 10.98 696 9.97 621 8.95 546 7.96 473
12.95 843 11.96 769 10.97 695 9.96 620 8.94 545 7.94 472
7.93 471 6.93 398 5.93 326 4.92 254 3.91 183 2.90 113
7.92 470 6.91 397 5.92 325 4.90 253 3.90 182 2.88 112
7.90 469 6.90 396 5.90 324 4.89 252 3.88 181 2.86 111
7.89 468 6.88 395 5.89 323 4.87 251 3.87 180 2.84 109
7.87 467 6.87 394 5.87 322 4.85 249 3.85 179 2.83 108
7.86 466 6.86 393 5.85 321 4.84 248 3.84 178 2.81 107
7.85 465 6.84 392 5.83 319 4.82 247 3.82 177 2.80 106
7.83 464 6.83 391 5.82 318 4.80 246 3.81 176 2.78 105
7.82 463 6.81 390 5.80 317 4.79 245 3.79 175 2.77 104
7.80 462 6.80 389 5.79 316 4.78 244 3.78 174 2.75 103
7.79 461 6.79 388 5.77 315 4.77 243 3.77 173 2.73 102
7.78 460 6.77 387 5.76 314 4.75 242 3.75 172 2.72 101
7.76 459 6.76 386 5.75 313 4.74 241 3.74 171 2.70 100
7.75 458 6.74 385 5.73 312 4.72 240 3.72 170 2.69 99
7.74 457 6.73 384 5.72 311 4.70 239 3.71 169 2.67 98
7.73 456 6.72 383 5.70 310 4.69 238 3.69 168 2.65 96
7.71 455 6.71 382 5.69 309 4.68 237 3.68 167 2.63 95
7.69 454 6.69 381 5.68 308 4.67 236 3.67 166 2.62 94
7.68 453 6.68 380 5.66 307 4.65 235 3.65 165 2.60 93
7.67 452 6.66 379 5.65 306 4.64 234 3.64 164 2.59 92
7.66 451 6.65 378 5.63 305 4.62 233 3.62 163 2.57 91
7.64 450 6.64 377 5.62 304 4.61 232 3.61 162 2.56 90
7.63 449 6.62 376 5.61 303 4.60 231 3.59 161 2.54 89
7.61 448 6.61 375 5.59 302 4.58 230 3.58 160 2.53 88
7.60 447 6.59 374 5.58 301 4.57 229 3.56 159 2.51 87
7.59 446 6.58 373 5.56 300 4.55 228 3.55 158 2.50 86
7.57 445 6.57 372 5.55 299 4.54 227 3.54 157 2.48 85
7.56 444 6.55 371 5.54 298 4.52 226 3.52 156 2.47 84
7.54 443 6.54 370 5.53 297 4.51 225 3.51 155 2.46 83
7.53 442 6.52 369 5.51 296 4.50 224 3.49 154 2.44 82
7.52 441 6.51 368 5.49 295 4.48 223 3.48 153 2.43 81
7.50 440 6.50 367 5.48 294 4.47 222 3.46 152 2.41 80
7.49 439 6.48 366 5.46 293 4.45 221 3.45 151 2.40 79
7.48 438 6.47 365 5.44 291 4.44 220 3.43 150 2.38 78
7.46 437 6.45 364 5.43 290 4.42 219 3.42 149 2.37 77
7.45 436 6.43 362 5.41 289 4.41 218 3.41 148 2.35 76
7.43 435 6.41 361 5.39 288 4.40 217 3.39 147 2.34 75
7.42 434 6.40 360 5.38 287 4.38 216 3.38 146 2.32 74
7.41 433 6.38 359 5.37 286 4.37 215 3.36 145 2.31 73
7.40 432 6.36 357 5.36 285 4.35 214 3.35 144 2.29 72
7.38 431 6.35 356 5.34 284 4.34 213 3.33 143 2.27 71
7.37 430 6.33 355 5.33 283 4.32 212 3.32 142 2.26 70
7.35 429 6.31 354 5.31 282 4.31 211 3.30 141 2.24 69
7.34 428 6.30 353 5.30 281 4.30 210 3.29 140 2.23 68
7.33 427 6.29 352 5.29 280 4.28 209 3.28 139 2.21 67
7.31 426 6.28 351 5.27 279 4.27 208 3.26 138 2.20 66
7.30 425 6.26 350 5.26 278 4.25 207 3.25 137 2.18 65
7.28 424 6.25 349 5.24 277 4.24 206 3.23 136 2.17 64
7.27 423 6.23 348 5.23 276 4.22 205 3.22 135 2.15 63
7.26 422 6.22 347 5.21 275 4.21 204 3.20 134 2.14 62
7.24 421 6.21 346 5.20 274 4.20 203 3.19 133 2.13 61
7.23 420 6.19 345 5.19 273 4.18 202 3.17 132 2.11 60
7.21 419 6.18 344 5.17 272 4.17 201 3.16 131 2.10 59
7.20 418 6.16 343 5.16 271 4.15 200 3.15 130 2.08 58
7.19 417 6.15 342 5.14 270 4.14 199 3.13 129 2.07 57
7.17 416 6.14 341 5.13 269 4.12 198 3.12 128 2.05 56
7.16 415 6.12 340 5.12 268 4.11 197 3.10 127 2.04 55
7.14 414 6.11 339 5.10 267 4.10 196 3.09 126 2.02 54
7.12 412 6.09 338 5.09 266 4.08 195 3.07 125 2.01 53
7.10 411 6.08 337 5.07 265 4.07 194 3.06 124 1.99 52
7.09 410 6.07 336 5.06 264 4.05 193 3.04 123 1.98 51
7.07 409 6.05 335 5.04 263 4.04 192 3.03 122 1.96 50
7.05 407 6.04 334 5.03 262 4.02 191 3.02 121 1.94 49
7.04 406 6.02 333 5.02 261 4.01 190 3.00 120 1.93 48
7.02 405 6.01 332 5.00 260 4.00 189 2.99 119 1.91 47
7.00 404 6.00 331 4.99 259 3.98 188 2.97 118 1.90 46
6.98 402 5.99 330 4.97 258 3.97 187 2.96 117 1.88 45
6.97 401 5.97 329 4.96 257 3.95 186 2.94 116 1.87 44
6.95 400 5.95 328 4.95 256 3.94 185 2.93 115 1.85 43
6.94 399 5.94 327 4.93 255 3.92 184 2.91 114 1.84 42
1.82 41 1.71 34 1.61 27 1.49 20 1.38 13 1.26 6
1.81 40 1.70 33 1.58 26 1.48 19 1.36 12 1.25 5
1.79 39 1.68 32 1.57 25 1.46 18 1.35 11 1.23 4
1.78 38 1.67 31 1.55 24 1.45 17 1.33 10 1.22 3
1.76 37 1.65 30 1.54 23 1.43 16 1.32 9 1.19 2
1.75 36 1.64 29 1.52 22 1.42 15 1.30 8 1.18 1
1.73 35 1.62 28 1.51 21 1.40 14 1.29 7
