17.93 1369 17.00 1290 16.11 1215 15.20 1138 14.29 1061 13.38 985
17.91 1368 16.99 1289 16.10 1214 15.19 1137 14.28 1060 13.37 984
17.89 1366 16.97 1288 16.09 1213 15.18 1136 14.27 1059 13.36 983
17.88 1365 16.96 1287 16.08 1212 15.17 1135 14.25 1058 13.35 982
17.87 1364 16.95 1286 16.07 1211 15.15 1134 14.24 1057 13.34 981
17.86 1363 16.94 1285 16.05 1210 15.14 1133 14.23 1056 13.32 980
17.84 1362 16.93 1284 16.04 1209 15.13 1132 14.22 1055 13.31 979
17.83 1361 16.92 1283 16.03 1208 15.12 1131 14.20 1054 13.30 978
17.82 1360 16.90 1282 16.02 1207 15.11 1130 14.18 1052 13.29 977
17.81 1359 16.89 1281 16.01 1206 15.10 1129 14.17 1051 13.28 976
17.79 1358 16.88 1280 16.00 1205 15.08 1128 14.16 1050 13.26 975
17.77 1356 16.87 1279 15.98 1204 15.07 1127 14.15 1049 13.24 973
17.76 1355 16.85 1278 15.97 1203 15.06 1126 14.13 1048 13.23 972
17.75 1354 16.83 1276 15.96 1202 15.05 1125 14.12 1047 13.21 971
17.74 1353 16.82 1275 15.95 1201 15.03 1124 14.11 1046 13.19 969
17.73 1352 16.81 1274 15.93 1200 15.01 1122 14.10 1045 13.18 968
17.71 1351 16.80 1273 15.91 1198 15.00 1121 14.09 1044 13.17 967
17.70 1350 16.78 1272 15.90 1197 14.99 1120 14.07 1043 13.16 966
17.69 1349 16.77 1271 15.89 1196 14.98 1119 14.05 1041 13.15 965
17.68 1348 16.76 1270 15.88 1195 14.96 1118 14.04 1040 13.13 964
17.67 1347 16.75 1269 15.86 1194 14.95 1117 14.02 1039 13.12 963
17.66 1346 16.74 1268 15.85 1193 14.94 1116 14.00 1037 13.11 962
17.64 1345 16.73 1267 15.84 1192 14.93 1115 13.99 1036 13.10 961
17.62 1343 16.72 1266 15.83 1191 14.92 1114 13.98 1035 13.08 960
17.61 1342 16.70 1265 15.82 1190 14.90 1113 13.97 1034 13.06 958
17.59 1341 16.69 1264 15.81 1189 14.88 1111 13.95 1033 13.05 957
17.57 1339 16.68 1263 15.80 1188 14.87 1110 13.94 1032 13.03 956
17.56 1338 16.67 1262 15.78 1187 14.86 1109 13.93 1031 13.01 954
17.55 1337 16.65 1261 15.77 1186 14.85 1108 13.92 1030 13.00 953
17.54 1336 16.63 1259 15.76 1185 14.83 1107 13.91 1029 12.99 952
17.53 1335 16.62 1258 15.75 1184 14.82 1106 13.90 1028 12.98 951
17.52 1334 16.61 1257 15.73 1183 14.81 1105 13.89 1027 12.97 950
17.50 1333 16.60 1256 15.71 1181 14.80 1104 13.87 1026 12.95 949
17.49 1332 16.58 1255 15.70 1180 14.78 1103 13.86 1025 12.94 948
17.48 1331 16.57 1254 15.68 1179 14.76 1101 13.85 1024 12.93 947
17.47 1330 16.56 1253 15.66 1177 14.75 1100 13.84 1023 12.92 946
17.46 1329 16.55 1252 15.65 1176 14.74 1099 13.82 1022 12.90 945
17.44 1328 16.54 1251 15.64 1175 14.73 1098 13.81 1021 12.88 943
17.42 1326 16.53 1250 15.63 1174 14.72 1097 13.80 1020 12.87 942
17.41 1325 16.51 1249 15.62 1173 14.70 1096 13.79 1019 12.86 941
17.40 1324 16.50 1248 15.60 1172 14.68 1094 13.77 1018 12.85 940
17.39 1323 16.49 1247 15.59 1171 14.67 1093 13.75 1016 12.83 939
17.37 1322 16.48 1246 15.58 1170 14.65 1092 13.74 1015 12.82 938
17.36 1321 16.47 1245 15.57 1169 14.63 1090 13.73 1014 12.81 937
17.35 1320 16.45 1244 15.56 1168 14.62 1089 13.72 1013 12.80 936
17.34 1319 16.43 1242 15.55 1167 14.61 1088 13.71 1012 12.79 935
17.32 1318 16.42 1241 15.53 1166 14.60 1087 13.69 1011 12.77 934
17.30 1316 16.41 1240 15.51 1164 14.58 1086 13.68 1010 12.76 933
17.29 1315 16.40 1239 15.50 1163 14.57 1085 13.67 1009 12.75 932
17.28 1314 16.38 1238 15.48 1162 14.56 1084 13.66 1008 12.74 931
17.27 1313 16.37 1237 15.46 1160 14.55 1083 13.64 1007 12.73 930
17.26 1312 16.36 1236 15.45 1159 14.54 1082 13.62 1005 12.72 929
17.24 1311 16.35 1235 15.44 1158 14.53 1081 13.61 1004 12.70 928
17.23 1310 16.33 1234 15.43 1157 14.52 1080 13.59 1003 12.69 927
17.22 1309 16.31 1232 15.41 1156 14.50 1079 13.57 1001 12.68 926
17.21 1308 16.30 1231 15.40 1155 14.49 1078 13.56 1000 12.67 925
17.20 1307 16.29 1230 15.39 1154 14.48 1077 13.55 999 12.65 924
17.19 1306 16.28 1229 15.38 1153 14.47 1076 13.54 998 12.64 923
17.17 1305 16.27 1228 15.37 1152 14.45 1075 13.53 997 12.63 922
17.15 1303 16.25 1227 15.36 1151 14.43 1073 13.51 996 12.62 921
17.14 1302 16.24 1226 15.35 1150 14.42 1072 13.50 995 12.61 920
17.12 1301 16.23 1225 15.33 1149 14.40 1071 13.49 994 12.60 919
17.10 1299 16.22 1224 15.32 1148 14.38 1069 13.48 993 12.58 918
17.09 1298 16.21 1223 15.31 1147 14.37 1068 13.47 992 12.57 917
17.08 1297 16.20 1222 15.30 1146 14.36 1067 13.46 991 12.56 916
17.07 1296 16.18 1221 15.28 1145 14.35 1066 13.44 990 12.55 915
17.05 1295 16.17 1220 15.26 1143 14.34 1065 13.43 989 12.54 914
17.03 1293 16.16 1219 15.25 1142 14.32 1064 13.42 988 12.52 913
17.02 1292 16.15 1218 15.23 1141 14.31 1063 13.41 987 12.51 912
17.01 1291 16.13 1217 15.21 1139 14.30 1062 13.39 986 12.50 911
12.49 910 11.61 837 10.70 761 9.78 685 8.84 608 7.87 529
12.47 909 11.60 836 10.68 760 9.76 684 8.83 607 7.86 528
12.46 908 11.59 835 10.67 759 9.75 683 8.81 606 7.84 527
12.45 907 11.57 834 10.66 758 9.74 682 8.80 605 7.83 526
12.44 906 11.56 833 10.65 757 9.73 681 8.79 604 7.82 525
12.43 905 11.55 832 10.63 756 9.71 680 8.78 603 7.81 524
12.42 904 11.54 831 10.61 754 9.69 678 8.77 602 7.80 523
12.40 903 11.53 830 10.60 753 9.68 677 8.75 601 7.78 522
12.39 902 11.51 829 10.58 752 9.66 676 8.74 600 7.76 520
12.38 901 11.49 827 10.56 750 9.64 674 8.73 599 7.75 519
12.37 900 11.48 826 10.55 749 9.63 673 8.72 598 7.73 518
12.36 899 11.47 825 10.54 748 9.62 672 8.70 597 7.71 516
12.34 898 11.46 824 10.53 747 9.60 671 8.69 596 7.70 515
12.33 897 11.44 823 10.52 746 9.58 669 8.68 595 7.69 514
12.32 896 11.43 822 10.50 745 9.57 668 8.67 594 7.67 513
12.31 895 11.42 821 10.49 744 9.55 667 8.65 593 7.66 512
12.29 894 11.41 820 10.48 743 9.53 665 8.64 592 7.65 511
12.27 892 11.39 819 10.47 742 9.52 664 8.63 591 7.64 510
12.26 891 11.38 818 10.45 741 9.51 663 8.62 590 7.62 509
12.25 890 11.37 817 10.44 740 9.50 662 8.61 589 7.61 508
12.24 889 11.36 816 10.43 739 9.48 661 8.59 588 7.60 507
12.22 888 11.35 815 10.42 738 9.47 660 8.57 586 7.59 506
12.21 887 11.33 814 10.40 737 9.46 659 8.56 585 7.57 505
12.20 886 11.31 812 10.39 736 9.45 658 8.54 584 7.56 504
12.19 885 11.30 811 10.38 735 9.44 657 8.53 583 7.55 503
12.18 884 11.28 810 10.37 734 9.42 656 8.52 582 7.54 502
12.16 883 11.26 808 10.36 733 9.41 655 8.51 581 7.53 501
12.15 882 11.25 807 10.34 732 9.40 654 8.50 580 7.51 500
12.14 881 11.24 806 10.32 730 9.39 653 8.48 579 7.50 499
12.13 880 11.23 805 10.31 729 9.37 652 8.47 578 7.49 498
12.11 879 11.21 804 10.29 728 9.36 651 8.46 577 7.48 497
12.09 877 11.20 803 10.27 726 9.35 650 8.45 576 7.46 496
12.08 876 11.19 802 10.26 725 9.34 649 8.43 575 7.45 495
12.07 875 11.18 801 10.25 724 9.33 648 8.41 573 7.44 494
12.06 874 11.17 800 10.24 723 9.31 647 8.40 572 7.43 493
12.04 873 11.15 799 10.23 722 9.30 646 8.38 571 7.42 492
12.03 872 11.13 797 10.21 721 9.29 645 8.37 570 7.40 491
12.02 871 11.12 796 10.20 720 9.28 644 8.36 569 7.39 490
12.01 870 11.10 795 10.19 719 9.26 643 8.35 568 7.38 489
12.00 869 11.08 793 10.18 718 9.24 641 8.34 567 7.37 488
11.98 868 11.07 792 10.16 717 9.23 640 8.32 566 7.35 487
11.97 867 11.06 791 10.15 716 9.21 639 8.30 564 7.34 486
11.96 866 11.05 790 10.14 715 9.20 638 8.29 563 7.33 485
11.95 865 11.03 789 10.13 714 9.19 637 8.27 562 7.32 484
11.93 864 11.02 788 10.11 713 9.18 636 8.25 560 7.31 483
11.91 862 11.01 787 10.10 712 9.17 635 8.24 559 7.29 482
11.90 861 11.00 786 10.09 711 9.15 634 8.23 558 7.28 481
11.89 860 10.99 785 10.08 710 9.13 632 8.21 557 7.27 480
11.88 859 10.97 784 10.07 709 9.12 631 8.20 556 7.26 479
11.86 858 10.96 783 10.05 708 9.10 630 8.19 555 7.24 478
11.85 857 10.95 782 10.03 706 9.08 628 8.18 554 7.23 477
11.84 856 10.94 781 10.02 705 9.07 627 8.16 553 7.22 476
11.83 855 10.92 780 10.00 704 9.06 626 8.14 551 7.21 475
11.82 854 10.91 779 9.98 702 9.05 625 8.13 550 7.19 474
11.80 853 10.90 778 9.97 701 9.03 624 8.11 549 7.18 473
11.79 852 10.89 777 9.96 700 9.02 623 8.09 547 7.17 472
11.78 851 10.88 776 9.95 699 9.01 622 8.08 546 7.16 471
11.77 850 10.86 775 9.93 698 9.00 621 8.07 545 7.15 470
11.75 849 10.85 774 9.92 697 8.99 620 8.05 544 7.13 469
11.74 848 10.84 773 9.91 696 8.97 619 8.03 542 7.12 468
11.73 847 10.83 772 9.90 695 8.96 618 8.02 541 7.10 467
11.72 846 10.81 771 9.89 694 8.95 617 8.00 540 7.08 465
11.71 845 10.79 769 9.87 693 8.94 616 7.98 538 7.07 464
11.70 844 10.78 768 9.86 692 8.92 615 7.97 537 7.06 463
11.69 843 10.77 767 9.85 691 8.91 614 7.96 536 7.04 462
11.67 842 10.76 766 9.84 690 8.90 613 7.94 535 7.02 460
11.66 841 10.74 765 9.82 689 8.89 612 7.93 534 7.01 459
11.65 840 10.73 764 9.81 688 8.88 611 7.92 533 6.99 458
11.64 839 10.72 763 9.80 687 8.86 610 7.91 532 6.97 456
11.62 838 10.71 762 9.79 686 8.85 609 7.89 531 6.96 455
6.95 454 6.02 380 5.08 305 4.15 231 3.23 160 2.28 88
6.93 453 6.01 379 5.07 304 4.14 230 3.22 159 2.27 87
6.92 452 6.00 378 5.06 303 4.12 229 3.21 158 2.25 86
6.91 451 5.99 377 5.05 302 4.11 228 3.19 157 2.24 85
6.90 450 5.98 376 5.04 301 4.09 227 3.18 156 2.23 84
6.88 449 5.96 375 5.02 300 4.08 226 3.17 155 2.22 83
6.87 448 5.95 374 5.01 299 4.07 225 3.15 154 2.21 82
6.86 447 5.94 373 5.00 298 4.06 224 3.14 153 2.19 81
6.85 446 5.93 372 4.99 297 4.05 223 3.13 152 2.18 80
6.83 445 5.91 371 4.97 296 4.03 222 3.11 151 2.16 79
6.82 444 5.90 370 4.96 295 4.02 221 3.10 150 2.15 78
6.81 443 5.89 369 4.95 294 4.00 220 3.09 149 2.14 77
6.80 442 5.88 368 4.93 293 3.99 219 3.08 148 2.12 76
6.79 441 5.87 367 4.92 292 3.98 218 3.06 147 2.11 75
6.77 440 5.85 366 4.91 291 3.97 217 3.05 146 2.09 74
6.76 439 5.84 365 4.90 290 3.96 216 3.04 145 2.08 73
6.75 438 5.82 364 4.88 289 3.94 215 3.02 144 2.07 72
6.74 437 5.80 362 4.87 288 3.93 214 3.01 143 2.05 71
6.72 436 5.79 361 4.86 287 3.91 213 2.99 142 2.04 70
6.71 435 5.78 360 4.85 286 3.90 212 2.98 141 2.03 69
6.70 434 5.76 359 4.83 285 3.89 211 2.97 140 2.01 68
6.69 433 5.74 357 4.82 284 3.88 210 2.96 139 2.00 67
6.68 432 5.73 356 4.81 283 3.87 209 2.95 138 1.98 66
6.66 431 5.71 355 4.79 282 3.85 208 2.93 137 1.97 65
6.65 430 5.70 354 4.78 281 3.84 207 2.92 136 1.96 64
6.63 429 5.69 353 4.77 280 3.82 206 2.90 135 1.94 63
6.61 427 5.68 352 4.76 279 3.81 205 2.89 134 1.92 61
6.60 426 5.67 351 4.74 278 3.80 204 2.88 133 1.91 60
6.59 425 5.65 350 4.73 277 3.79 203 2.86 132 1.89 59
6.57 424 5.64 349 4.72 276 3.78 202 2.84 130 1.88 58
6.56 423 5.62 348 4.70 275 3.76 201 2.83 129 1.87 57
6.55 422 5.60 346 4.68 273 3.75 200 2.81 128 1.85 56
6.54 421 5.59 345 4.67 272 3.73 199 2.80 127 1.84 55
6.52 420 5.58 344 4.65 271 3.72 198 2.79 126 1.82 54
6.51 419 5.56 343 4.64 270 3.71 197 2.77 125 1.81 53
6.50 418 5.55 342 4.63 269 3.70 196 2.76 124 1.80 52
6.49 417 5.54 341 4.62 268 3.69 195 2.75 123 1.78 51
6.47 416 5.53 340 4.61 267 3.67 194 2.73 122 1.77 50
6.46 415 5.51 339 4.59 266 3.66 193 2.72 121 1.76 49
6.45 414 5.50 338 4.58 265 3.64 192 2.71 120 1.74 48
6.44 413 5.49 337 4.56 264 3.63 191 2.70 119 1.73 47
6.43 412 5.48 336 4.55 263 3.62 190 2.68 118 1.71 46
6.41 411 5.46 335 4.54 262 3.61 189 2.67 117 1.70 45
6.40 410 5.45 334 4.53 261 3.60 188 2.66 116 1.69 44
6.38 409 5.44 333 4.52 260 3.58 187 2.64 115 1.67 43
6.36 407 5.42 332 4.50 259 3.57 186 2.63 114 1.66 42
6.35 406 5.40 330 4.49 258 3.55 185 2.61 113 1.64 41
6.34 405 5.39 329 4.47 257 3.54 184 2.60 112 1.63 40
6.32 404 5.37 328 4.45 255 3.53 183 2.59 111 1.62 39
6.30 402 5.36 327 4.44 254 3.52 182 2.58 110 1.60 38
6.29 401 5.35 326 4.43 253 3.51 181 2.57 109 1.59 37
6.27 400 5.34 325 4.41 252 3.49 180 2.55 108 1.58 36
6.26 399 5.33 324 4.40 251 3.48 179 2.54 107 1.56 35
6.25 398 5.31 323 4.39 250 3.46 178 2.52 106 1.55 34
6.24 397 5.30 322 4.38 249 3.45 177 2.51 105 1.53 33
6.23 396 5.28 321 4.36 248 3.44 176 2.50 104 1.52 32
6.21 395 5.26 319 4.35 247 3.42 175 2.48 103 1.51 31
6.20 394 5.25 318 4.34 246 3.40 173 2.47 102 1.49 30
6.19 393 5.24 317 4.32 245 3.39 172 2.45 101 1.48 29
6.18 392 5.22 316 4.30 243 3.37 171 2.44 100 1.47 28
6.16 391 5.21 315 4.29 242 3.36 170 2.43 99 1.45 27
6.15 390 5.20 314 4.27 241 3.35 169 2.41 98 1.43 26
6.14 389 5.19 313 4.26 240 3.33 168 2.39 96 1.42 25
6.13 388 5.17 312 4.25 239 3.32 167 2.38 95 1.40 24
6.11 387 5.16 311 4.23 238 3.31 166 2.36 94 1.39 23
6.10 386 5.15 310 4.21 236 3.30 165 2.35 93 1.38 22
6.09 385 5.14 309 4.20 235 3.28 164 2.34 92 1.36 21
6.07 384 5.13 308 4.18 234 3.27 163 2.32 91 1.35 20
6.05 382 5.11 307 4.17 233 3.26 162 2.31 90 1.33 19
6.04 381 5.10 306 4.16 232 3.24 161 2.30 89 1.32 18
1.31 17 1.26 14 1.22 11 1.17 8 1.13 5 1.08 2
1.29 16 1.24 13 1.20 10 1.16 7 1.11 4 1.06 1
1.28 15 1.23 12 1.19 9 1.14 6 1.10 3
