15.50 1369 14.73 1293 13.88 1210 13.10 1134 12.26 1052 11.46 974
15.49 1368 14.72 1292 13.87 1209 13.08 1132 12.25 1051 11.45 973
15.48 1367 14.71 1291 13.86 1208 13.07 1131 12.24 1050 11.44 972
15.47 1366 14.70 1290 13.85 1207 13.05 1129 12.23 1049 11.43 971
15.46 1365 14.69 1289 13.84 1206 13.04 1128 12.22 1048 11.42 970
15.45 1364 14.68 1288 13.83 1205 13.03 1127 12.21 1047 11.41 969
15.44 1363 14.67 1287 13.82 1204 13.02 1126 12.20 1046 11.40 968
15.43 1362 14.66 1286 13.81 1203 13.01 1125 12.19 1045 11.38 967
15.42 1361 14.65 1285 13.80 1202 13.00 1124 12.18 1044 11.37 965
15.41 1360 14.64 1284 13.79 1201 12.99 1123 12.17 1043 11.35 964
15.40 1359 14.63 1283 13.78 1200 12.98 1122 12.16 1042 11.34 962
15.39 1358 14.62 1282 13.77 1199 12.97 1121 12.15 1041 11.32 961
15.38 1357 14.60 1281 13.76 1198 12.96 1120 12.14 1040 11.31 960
15.37 1356 14.59 1279 13.75 1197 12.95 1119 12.13 1039 11.29 958
15.36 1355 14.57 1278 13.74 1196 12.94 1118 12.12 1038 11.28 957
15.35 1354 14.56 1276 13.73 1195 12.93 1117 12.11 1037 11.27 956
15.34 1353 14.54 1275 13.72 1194 12.92 1116 12.10 1036 11.25 954
15.33 1352 14.53 1273 13.71 1193 12.91 1115 12.09 1035 11.24 953
15.32 1351 14.51 1272 13.70 1192 12.90 1114 12.08 1034 11.22 951
15.31 1350 14.50 1271 13.69 1191 12.89 1113 12.07 1033 11.21 950
15.30 1349 14.48 1269 13.68 1190 12.88 1112 12.05 1032 11.20 949
15.29 1348 14.47 1268 13.67 1189 12.87 1111 12.04 1030 11.19 948
15.28 1347 14.45 1266 13.66 1188 12.86 1110 12.02 1029 11.18 947
15.27 1346 14.44 1265 13.65 1187 12.85 1109 12.01 1027 11.17 946
15.26 1345 14.43 1264 13.63 1186 12.84 1108 11.99 1026 11.16 945
15.25 1344 14.42 1263 13.62 1184 12.83 1107 11.98 1025 11.15 944
15.24 1343 14.41 1262 13.60 1183 12.81 1106 11.97 1023 11.14 943
15.23 1342 14.40 1261 13.59 1181 12.80 1104 11.95 1022 11.13 942
15.21 1341 14.39 1260 13.57 1180 12.78 1103 11.94 1021 11.12 941
15.20 1339 14.38 1259 13.56 1179 12.77 1101 11.92 1019 11.11 940
15.18 1338 14.37 1258 13.54 1177 12.75 1100 11.91 1018 11.10 939
15.17 1336 14.36 1257 13.53 1176 12.74 1099 11.89 1016 11.09 938
15.15 1335 14.35 1256 13.51 1174 12.72 1097 11.88 1015 11.08 937
15.14 1333 14.34 1255 13.50 1173 12.71 1096 11.87 1014 11.07 936
15.12 1332 14.33 1254 13.49 1172 12.69 1094 11.86 1013 11.06 935
15.11 1331 14.32 1253 13.48 1171 12.68 1093 11.85 1012 11.04 934
15.09 1329 14.31 1252 13.47 1170 12.67 1092 11.84 1011 11.03 932
15.08 1328 14.30 1251 13.46 1169 12.65 1090 11.83 1010 11.01 931
15.06 1326 14.29 1250 13.45 1168 12.64 1089 11.82 1009 11.00 929
15.05 1325 14.28 1249 13.44 1167 12.62 1087 11.81 1008 10.98 928
15.03 1323 14.27 1248 13.43 1166 12.61 1086 11.80 1007 10.97 927
15.02 1322 14.26 1247 13.42 1165 12.60 1085 11.79 1006 10.95 925
15.01 1321 14.25 1246 13.41 1164 12.59 1084 11.78 1005 10.94 924
15.00 1320 14.24 1245 13.40 1163 12.58 1083 11.77 1004 10.93 923
14.99 1319 14.23 1244 13.39 1162 12.57 1082 11.76 1003 10.92 922
14.98 1318 14.22 1243 13.38 1161 12.56 1081 11.75 1002 10.91 921
14.97 1317 14.21 1242 13.37 1160 12.55 1080 11.74 1001 10.90 920
14.96 1316 14.20 1241 13.36 1159 12.54 1079 11.73 1000 10.89 919
14.95 1315 14.19 1240 13.35 1158 12.53 1078 11.72 999 10.88 918
14.94 1314 14.18 1239 13.34 1157 12.52 1077 11.71 998 10.87 917
14.93 1313 14.17 1238 13.33 1156 12.51 1076 11.70 997 10.86 916
14.92 1312 14.15 1237 13.32 1155 12.50 1075 11.68 996 10.85 915
14.91 1311 14.14 1235 13.31 1154 12.49 1074 11.67 994 10.84 914
14.90 1310 14.12 1234 13.30 1153 12.48 1073 11.65 993 10.83 913
14.89 1309 14.11 1232 13.29 1152 12.47 1072 11.64 991 10.82 912
14.88 1308 14.09 1231 13.28 1151 12.46 1071 11.62 990 10.81 911
14.87 1307 14.08 1229 13.27 1150 12.45 1070 11.61 989 10.80 910
14.86 1306 14.07 1228 13.26 1149 12.44 1069 11.59 987 10.79 909
14.85 1305 14.05 1227 13.25 1148 12.43 1068 11.58 986 10.77 908
14.84 1304 14.04 1225 13.24 1147 12.42 1067 11.57 985 10.76 906
14.83 1303 14.02 1224 13.23 1146 12.41 1066 11.56 984 10.74 905
14.82 1302 14.01 1222 13.22 1145 12.40 1065 11.55 983 10.73 903
14.81 1301 13.99 1221 13.21 1144 12.38 1064 11.54 982 10.71 902
14.80 1300 13.98 1220 13.20 1143 12.37 1062 11.53 981 10.70 901
14.79 1299 13.96 1218 13.19 1142 12.35 1061 11.52 980 10.68 899
14.78 1298 13.95 1217 13.17 1141 12.34 1059 11.51 979 10.67 898
14.77 1297 13.93 1215 13.16 1139 12.32 1058 11.50 978 10.66 897
14.76 1296 13.92 1214 13.14 1138 12.31 1057 11.49 977 10.65 896
14.75 1295 13.90 1212 13.13 1136 12.29 1055 11.48 976 10.64 895
14.74 1294 13.89 1211 13.11 1135 12.28 1054 11.47 975 10.63 894
10.62 893 9.80 814 8.99 736 8.16 657 7.33 579 6.52 502
10.61 892 9.79 813 8.98 735 8.15 656 7.32 577 6.51 501
10.60 891 9.78 812 8.97 734 8.14 655 7.30 576 6.50 500
10.59 890 9.77 811 8.96 733 8.13 654 7.29 575 6.48 499
10.58 889 9.76 810 8.94 732 8.12 653 7.27 573 6.47 497
10.57 888 9.75 809 8.93 730 8.11 652 7.26 572 6.45 496
10.56 887 9.74 808 8.91 729 8.09 651 7.25 571 6.44 495
10.55 886 9.73 807 8.90 728 8.08 649 7.24 570 6.42 493
10.54 885 9.72 806 8.88 726 8.06 648 7.23 569 6.41 492
10.53 884 9.71 805 8.87 725 8.05 647 7.22 568 6.40 491
10.52 883 9.70 804 8.86 724 8.03 645 7.21 567 6.39 490
10.51 882 9.69 803 8.85 723 8.02 644 7.20 566 6.38 489
10.50 881 9.67 802 8.84 722 8.01 643 7.19 565 6.37 488
10.49 880 9.66 800 8.83 721 8.00 642 7.18 564 6.36 487
10.48 879 9.64 799 8.82 720 7.99 641 7.17 563 6.35 486
10.47 878 9.63 797 8.81 719 7.98 640 7.15 562 6.34 485
10.46 877 9.61 796 8.80 718 7.97 639 7.14 560 6.33 484
10.45 876 9.60 795 8.79 717 7.96 638 7.12 559 6.32 483
10.43 875 9.58 793 8.78 716 7.95 637 7.11 558 6.31 482
10.42 873 9.57 792 8.77 715 7.94 636 7.10 557 6.29 481
10.40 872 9.56 791 8.76 714 7.93 635 7.09 556 6.28 479
10.39 871 9.55 790 8.75 713 7.91 634 7.08 555 6.26 478
10.37 869 9.54 789 8.73 712 7.90 632 7.07 554 6.25 477
10.36 868 9.53 788 8.72 710 7.88 631 7.06 553 6.24 476
10.35 867 9.52 787 8.70 709 7.87 630 7.05 552 6.23 475
10.34 866 9.51 786 8.69 708 7.85 628 7.04 551 6.22 474
10.33 865 9.50 785 8.67 706 7.84 627 7.03 550 6.21 473
10.32 864 9.49 784 8.66 705 7.83 626 7.02 549 6.20 472
10.31 863 9.48 783 8.65 704 7.82 625 7.01 548 6.19 471
10.30 862 9.47 782 8.64 703 7.81 624 7.00 547 6.18 470
10.29 861 9.46 781 8.63 702 7.80 623 6.99 546 6.17 469
10.28 860 9.45 780 8.62 701 7.79 622 6.98 545 6.16 468
10.27 859 9.43 779 8.61 700 7.78 621 6.96 544 6.14 467
10.26 858 9.42 777 8.60 699 7.77 620 6.95 542 6.13 465
10.25 857 9.40 776 8.59 698 7.76 619 6.93 541 6.11 464
10.24 856 9.39 775 8.58 697 7.75 618 6.92 540 6.10 463
10.23 855 9.37 773 8.57 696 7.74 617 6.90 538 6.09 462
10.22 854 9.36 772 8.56 695 7.73 616 6.89 537 6.08 461
10.21 853 9.35 771 8.55 694 7.72 615 6.88 536 6.07 460
10.19 852 9.34 770 8.54 693 7.71 614 6.87 535 6.06 459
10.18 850 9.33 769 8.52 692 7.69 613 6.86 534 6.05 458
10.16 849 9.32 768 8.51 690 7.68 611 6.85 533 6.04 457
10.15 848 9.31 767 8.49 689 7.66 610 6.84 532 6.03 456
10.13 846 9.30 766 8.48 688 7.65 609 6.83 531 6.02 455
10.12 845 9.29 765 8.46 686 7.63 607 6.82 530 6.01 454
10.10 843 9.28 764 8.45 685 7.62 606 6.81 529 5.99 453
10.09 842 9.27 763 8.44 684 7.61 605 6.80 528 5.98 451
10.08 841 9.26 762 8.42 682 7.60 604 6.78 527 5.96 450
10.07 840 9.25 761 8.41 681 7.59 603 6.77 526 5.95 449
10.06 839 9.24 760 8.40 680 7.58 602 6.75 524 5.94 448
10.05 838 9.23 759 8.39 679 7.57 601 6.74 523 5.93 447
10.04 837 9.22 758 8.38 678 7.56 600 6.73 522 5.92 446
10.03 836 9.21 757 8.37 677 7.55 599 6.72 521 5.91 445
10.02 835 9.19 756 8.36 676 7.54 598 6.71 520 5.90 444
10.01 834 9.18 754 8.35 675 7.53 597 6.70 519 5.89 443
10.00 833 9.16 753 8.34 674 7.51 596 6.69 518 5.88 442
9.99 832 9.15 752 8.33 673 7.50 594 6.68 517 5.87 441
9.98 831 9.14 750 8.32 672 7.48 593 6.67 516 5.86 440
9.97 830 9.12 749 8.30 671 7.47 592 6.66 515 5.84 439
9.95 829 9.11 748 8.29 669 7.45 590 6.65 514 5.83 437
9.94 827 9.09 746 8.27 668 7.44 589 6.63 513 5.81 436
9.92 826 9.08 745 8.26 667 7.43 588 6.62 511 5.80 435
9.91 824 9.07 744 8.24 665 7.42 587 6.60 510 5.79 434
9.89 823 9.06 743 8.23 664 7.41 586 6.59 509 5.78 433
9.88 822 9.05 742 8.22 663 7.40 585 6.58 508 5.77 432
9.86 820 9.04 741 8.21 662 7.39 584 6.57 507 5.76 431
9.85 819 9.03 740 8.20 661 7.38 583 6.56 506 5.75 430
9.84 818 9.02 739 8.19 660 7.37 582 6.55 505 5.74 429
9.82 816 9.01 738 8.18 659 7.36 581 6.54 504 5.73 428
9.81 815 9.00 737 8.17 658 7.35 580 6.53 503 5.72 427
5.71 426 4.91 352 4.10 278 3.31 206 2.54 137 1.74 68
5.69 425 4.90 351 4.09 277 3.30 205 2.52 136 1.73 67
5.68 424 4.89 350 4.08 276 3.29 204 2.51 135 1.72 66
5.66 422 4.88 349 4.07 275 3.28 203 2.50 134 1.70 65
5.65 421 4.86 348 4.06 274 3.27 202 2.49 133 1.69 64
5.64 420 4.85 346 4.05 273 3.25 201 2.48 132 1.68 63
5.63 419 4.83 345 4.04 272 3.24 200 2.47 131 1.67 62
5.62 418 4.82 344 4.03 271 3.23 199 2.46 130 1.66 61
5.61 417 4.81 343 4.01 270 3.22 198 2.45 129 1.65 60
5.60 416 4.80 342 4.00 269 3.21 197 2.43 128 1.64 59
5.59 415 4.79 341 3.98 267 3.20 196 2.42 127 1.63 58
5.58 414 4.78 340 3.97 266 3.19 195 2.41 126 1.61 57
5.57 413 4.77 339 3.96 265 3.18 194 2.40 125 1.60 56
5.56 412 4.76 338 3.95 264 3.16 193 2.39 124 1.59 55
5.55 411 4.74 337 3.94 263 3.15 192 2.37 123 1.58 54
5.53 410 4.73 335 3.93 262 3.14 191 2.36 122 1.57 53
5.52 409 4.71 334 3.92 261 3.13 190 2.34 120 1.55 52
5.50 407 4.70 333 3.91 260 3.12 189 2.33 119 1.54 51
5.49 406 4.69 332 3.89 259 3.11 188 2.32 118 1.53 50
5.48 405 4.68 331 3.88 258 3.10 187 2.31 117 1.52 49
5.47 404 4.67 330 3.87 257 3.09 186 2.30 116 1.51 48
5.46 403 4.66 329 3.86 256 3.07 185 2.28 115 1.49 47
5.45 402 4.65 328 3.85 255 3.06 184 2.27 114 1.48 46
5.44 401 4.64 327 3.84 254 3.05 183 2.26 113 1.47 45
5.43 400 4.63 326 3.83 253 3.04 182 2.25 112 1.46 44
5.41 399 4.62 325 3.82 252 3.03 181 2.24 111 1.45 43
5.40 397 4.61 324 3.80 251 3.02 180 2.23 110 1.43 42
5.38 396 4.59 323 3.79 249 3.01 179 2.22 109 1.42 41
5.37 395 4.58 322 3.77 248 3.00 178 2.21 108 1.41 40
5.36 394 4.57 321 3.76 247 2.98 177 2.19 107 1.40 39
5.35 393 4.56 320 3.75 246 2.97 176 2.18 106 1.39 38
5.34 392 4.55 319 3.74 245 2.96 175 2.17 105 1.38 37
5.33 391 4.54 318 3.73 244 2.95 174 2.16 104 1.36 36
5.32 390 4.53 317 3.72 243 2.94 173 2.15 103 1.35 35
5.31 389 4.52 316 3.71 242 2.93 172 2.13 102 1.34 34
5.30 388 4.50 315 3.70 241 2.92 171 2.12 101 1.33 33
5.29 387 4.49 313 3.68 240 2.91 170 2.11 100 1.32 32
5.28 386 4.47 312 3.67 239 2.89 169 2.10 99 1.30 31
5.26 385 4.46 311 3.66 238 2.88 168 2.09 98 1.29 30
5.25 384 4.45 310 3.65 237 2.87 167 2.08 97 1.28 29
5.23 382 4.44 309 3.64 236 2.86 166 2.07 96 1.27 28
5.22 381 4.43 308 3.63 235 2.85 165 2.06 95 1.26 27
5.21 380 4.42 307 3.62 234 2.84 164 2.05 94 1.24 26
5.20 379 4.41 306 3.61 233 2.83 163 2.03 93 1.23 25
5.19 378 4.40 305 3.59 232 2.82 162 2.02 92 1.21 24
5.18 377 4.38 304 3.58 230 2.81 161 2.01 91 1.20 23
5.17 376 4.37 302 3.56 229 2.79 160 2.00 90 1.19 22
5.16 375 4.35 301 3.55 228 2.78 159 1.99 89 1.18 21
5.14 374 4.34 300 3.54 227 2.76 157 1.97 88 1.17 20
5.13 372 4.33 299 3.53 226 2.75 156 1.96 87 1.15 19
5.11 371 4.32 298 3.52 225 2.74 155 1.95 86 1.14 18
5.10 370 4.31 297 3.51 224 2.73 154 1.94 85 1.13 17
5.09 369 4.30 296 3.50 223 2.72 153 1.93 84 1.12 16
5.08 368 4.29 295 3.49 222 2.70 152 1.92 83 1.11 15
5.07 367 4.28 294 3.48 221 2.69 151 1.91 82 1.09 14
5.06 366 4.26 293 3.46 220 2.68 150 1.90 81 1.08 13
5.05 365 4.25 291 3.45 219 2.67 149 1.88 80 1.06 12
5.04 364 4.23 290 3.44 218 2.66 148 1.87 79 1.05 11
5.03 363 4.22 289 3.43 217 2.65 147 1.86 78 1.04 10
5.02 362 4.21 288 3.42 216 2.64 146 1.85 77 1.03 9
5.01 361 4.20 287 3.41 215 2.63 145 1.84 76 1.02 8
4.99 360 4.19 286 3.40 214 2.61 144 1.82 75 1.00 7
4.98 359 4.18 285 3.39 213 2.60 143 1.81 74 0.99 6
4.96 357 4.17 284 3.37 212 2.59 142 1.80 73 0.97 5
4.95 356 4.16 283 3.36 210 2.58 141 1.79 72 0.96 4
4.94 355 4.15 282 3.34 209 2.57 140 1.78 71 0.95 3
4.93 354 4.13 281 3.33 208 2.56 139 1.76 70 0.93 2
4.92 353 4.12 279 3.32 207 2.55 138 1.75 69 0.92 1
