9.62 1223 10.33 1047 11.04 883 11.75 732 12.46 593 13.17 468
9.63 1221 10.34 1044 11.05 881 11.76 730 12.47 591 13.18 466
9.64 1218 10.35 1042 11.06 878 11.77 728 12.48 589 13.19 464
9.65 1215 10.36 1040 11.07 876 11.78 725 12.49 588 13.20 463
9.66 1213 10.37 1037 11.08 874 11.79 723 12.50 586 13.21 461
9.67 1210 10.38 1035 11.09 872 11.80 721 12.51 584 13.22 459
9.68 1208 10.39 1032 11.10 870 11.81 719 12.52 582 13.23 458
9.69 1205 10.40 1030 11.11 867 11.82 717 12.53 580 13.24 456
9.70 1202 10.41 1028 11.12 865 11.83 715 12.54 578 13.25 454
9.71 1200 10.42 1025 11.13 863 11.84 713 12.55 576 13.26 453
9.72 1197 10.43 1023 11.14 861 11.85 711 12.56 574 13.27 451
9.73 1195 10.44 1020 11.15 858 11.86 709 12.57 573 13.28 449
9.74 1192 10.45 1018 11.16 856 11.87 707 12.58 571 13.29 448
9.75 1190 10.46 1016 11.17 854 11.88 705 12.59 569 13.30 446
9.76 1187 10.47 1013 11.18 852 11.89 703 12.60 567 13.31 444
9.77 1184 10.48 1011 11.19 850 11.90 701 12.61 565 13.32 443
9.78 1182 10.49 1008 11.20 847 11.91 699 12.62 563 13.33 441
9.79 1179 10.50 1006 11.21 845 11.92 697 12.63 562 13.34 439
9.80 1177 10.51 1004 11.22 843 11.93 695 12.64 560 13.35 438
9.81 1174 10.52 1001 11.23 841 11.94 693 12.65 558 13.36 436
9.82 1172 10.53 999 11.24 838 11.95 691 12.66 556 13.37 434
9.83 1169 10.54 996 11.25 836 11.96 689 12.67 554 13.38 433
9.84 1166 10.55 994 11.26 834 11.97 687 12.68 552 13.39 431
9.85 1164 10.56 992 11.27 832 11.98 685 12.69 551 13.40 430
9.86 1161 10.57 989 11.28 830 11.99 683 12.70 549 13.41 428
9.87 1159 10.58 987 11.29 827 12.00 681 12.71 547 13.42 426
9.88 1156 10.59 985 11.30 825 12.01 679 12.72 545 13.43 425
9.89 1154 10.60 982 11.31 823 12.02 677 12.73 543 13.44 423
9.90 1151 10.61 980 11.32 821 12.03 675 12.74 541 13.45 421
9.91 1149 10.62 977 11.33 819 12.04 673 12.75 540 13.46 420
9.93 1146 10.63 975 11.34 817 12.05 671 12.76 538 13.47 418
9.94 1144 10.64 973 11.35 814 12.06 669 12.77 536 13.48 417
9.95 1141 10.65 970 11.36 812 12.07 667 12.78 534 13.49 415
9.96 1139 10.66 968 11.37 810 12.08 665 12.79 532 13.50 413
9.97 1136 10.67 966 11.38 808 12.09 663 12.80 531 13.51 412
9.98 1134 10.69 963 11.39 806 12.10 661 12.81 529 13.52 410
9.99 1131 10.70 961 11.40 804 12.11 659 12.82 527 13.53 409
10.00 1128 10.71 959 11.41 801 12.12 657 12.83 525 13.54 407
10.01 1126 10.72 956 11.42 799 12.13 655 12.84 523 13.55 405
10.02 1123 10.73 954 11.43 797 12.14 653 12.85 522 13.56 404
10.03 1121 10.74 952 11.44 795 12.15 651 12.86 520 13.57 402
10.04 1118 10.75 949 11.46 793 12.16 649 12.87 518 13.58 401
10.05 1116 10.76 947 11.47 791 12.17 647 12.88 516 13.59 399
10.06 1113 10.77 945 11.48 789 12.18 645 12.89 515 13.60 397
10.07 1111 10.78 942 11.49 786 12.19 643 12.90 513 13.61 396
10.08 1108 10.79 940 11.50 784 12.20 641 12.91 511 13.62 394
10.09 1106 10.80 938 11.51 782 12.22 639 12.92 509 13.63 393
10.10 1103 10.81 935 11.52 780 12.23 637 12.93 508 13.64 391
10.11 1101 10.82 933 11.53 778 12.24 635 12.94 506 13.65 390
10.12 1099 10.83 931 11.54 776 12.25 633 12.95 504 13.66 388
10.13 1096 10.84 929 11.55 774 12.26 631 12.96 502 13.67 387
10.14 1094 10.85 926 11.56 771 12.27 629 12.98 501 13.68 385
10.15 1091 10.86 924 11.57 769 12.28 628 12.99 499 13.69 383
10.16 1089 10.87 922 11.58 767 12.29 626 13.00 497 13.70 382
10.17 1086 10.88 919 11.59 765 12.30 624 13.01 495 13.71 380
10.18 1084 10.89 917 11.60 763 12.31 622 13.02 494 13.72 379
10.19 1081 10.90 915 11.61 761 12.32 620 13.03 492 13.73 377
10.20 1079 10.91 912 11.62 759 12.33 618 13.04 490 13.75 376
10.21 1076 10.92 910 11.63 757 12.34 616 13.05 488 13.76 374
10.22 1074 10.93 908 11.64 755 12.35 614 13.06 487 13.77 373
10.23 1071 10.94 906 11.65 753 12.36 612 13.07 485 13.78 371
10.24 1069 10.95 903 11.66 750 12.37 610 13.08 483 13.79 370
10.25 1066 10.96 901 11.67 748 12.38 608 13.09 481 13.80 368
10.26 1064 10.97 899 11.68 746 12.39 606 13.10 480 13.81 367
10.27 1062 10.98 897 11.69 744 12.40 605 13.11 478 13.82 365
10.28 1059 10.99 894 11.70 742 12.41 603 13.12 476 13.83 363
10.29 1057 11.00 892 11.71 740 12.42 601 13.13 475 13.84 362
10.30 1054 11.01 890 11.72 738 12.43 599 13.14 473 13.85 360
10.31 1052 11.02 888 11.73 736 12.44 597 13.15 471 13.86 359
10.32 1049 11.03 885 11.74 734 12.45 595 13.16 470 13.87 357
13.88 356 14.41 280 14.95 213 15.49 154 16.06 101 16.78 48
13.89 354 14.42 279 14.96 212 15.50 153 16.07 100 16.81 47
13.90 353 14.43 278 14.97 211 15.51 152 16.09 99 16.83 46
13.91 351 14.44 276 14.98 209 15.52 151 16.10 98 16.84 45
13.92 350 14.45 275 14.99 208 15.53 150 16.11 97 16.86 44
13.93 348 14.46 274 15.00 207 15.54 149 16.12 96 16.88 43
13.94 347 14.47 272 15.01 206 15.55 148 16.13 95 16.90 42
13.95 346 14.48 271 15.02 205 15.56 147 16.15 94 16.91 41
13.96 344 14.49 270 15.03 204 15.57 146 16.16 93 16.93 40
13.97 343 14.51 268 15.04 202 15.58 145 16.17 92 16.95 39
13.98 341 14.52 267 15.05 201 15.59 144 16.18 91 16.97 38
13.99 340 14.53 266 15.06 200 15.60 143 16.19 90 16.98 37
14.00 338 14.54 264 15.07 199 15.61 142 16.21 89 17.00 36
14.01 337 14.55 263 15.08 198 15.62 141 16.22 88 17.02 35
14.02 335 14.56 262 15.09 197 15.63 140 16.23 87 17.04 34
14.03 334 14.57 261 15.10 195 15.64 139 16.24 86 17.06 33
14.04 332 14.58 259 15.11 194 15.65 138 16.26 85 17.08 32
14.05 331 14.59 258 15.12 193 15.66 137 16.27 84 17.10 31
14.06 329 14.60 257 15.13 192 15.67 136 16.28 83 17.12 30
14.07 328 14.61 255 15.14 191 15.68 135 16.30 82 17.14 29
14.08 327 14.62 254 15.15 190 15.69 134 16.31 81 17.16 28
14.09 325 14.63 253 15.16 189 15.70 133 16.32 80 17.18 27
14.10 324 14.64 251 15.17 188 15.71 132 16.33 79 17.20 26
14.11 322 14.65 250 15.18 186 15.72 131 16.35 78 17.22 25
14.12 321 14.66 249 15.19 185 15.73 130 16.36 77 17.25 24
14.13 319 14.67 248 15.20 184 15.74 129 16.37 76 17.27 23
14.14 318 14.68 246 15.21 183 15.75 128 16.39 75 17.29 22
14.15 316 14.69 245 15.22 182 15.76 127 16.40 74 17.32 21
14.16 315 14.70 244 15.23 181 15.77 126 16.41 73 17.34 20
14.17 314 14.71 243 15.24 180 15.78 125 16.43 72 17.36 19
14.18 312 14.72 241 15.25 179 15.80 124 16.44 71 17.39 18
14.19 311 14.73 240 15.27 178 15.81 123 16.46 70 17.41 17
14.20 309 14.74 239 15.28 176 15.82 122 16.47 69 17.44 16
14.21 308 14.75 238 15.29 175 15.83 121 16.48 68 17.47 15
14.22 307 14.76 236 15.30 174 15.84 120 16.50 67 17.50 14
14.23 305 14.77 235 15.31 173 15.85 119 16.51 66 17.52 13
14.24 304 14.78 234 15.32 172 15.86 118 16.53 65 17.56 12
14.25 302 14.79 233 15.33 171 15.87 117 16.54 64 17.60 11
14.26 301 14.80 231 15.34 170 15.88 116 16.55 63 17.63 10
14.27 300 14.81 230 15.35 169 15.89 115 16.57 62 17.66 9
14.28 298 14.82 229 15.36 168 15.90 114 16.58 61 17.70 8
14.29 297 14.83 228 15.37 167 15.92 113 16.60 60 17.73 7
14.30 295 14.84 226 15.38 166 15.93 112 16.61 59 17.77 6
14.31 294 14.85 225 15.39 165 15.94 111 16.63 58 17.82 5
14.32 293 14.86 224 15.40 163 15.95 110 16.64 57 17.87 4
14.33 291 14.87 223 15.41 162 15.96 109 16.66 56 17.92 3
14.34 290 14.88 221 15.42 161 15.97 108 16.67 55 17.98 2
14.35 289 14.89 220 15.43 160 15.98 107 16.69 54 18.06 1
14.36 287 14.90 219 15.44 159 15.99 106 16.70 53
14.37 286 14.91 218 15.45 158 16.01 105 16.72 52
14.38 284 14.92 217 15.46 157 16.02 104 16.74 51
14.39 283 14.93 215 15.47 156 16.04 103 16.75 50
14.40 282 14.94 214 15.48 155 16.05 102 16.77 49
