9.91 1223 10.64 1047 11.38 883 12.11 732 12.84 593 13.57 468
9.92 1221 10.65 1044 11.39 881 12.12 730 12.85 591 13.58 466
9.93 1218 10.67 1042 11.40 878 12.13 728 12.86 589 13.59 464
9.94 1215 10.68 1040 11.41 876 12.14 725 12.87 588 13.60 463
9.96 1213 10.69 1037 11.42 874 12.15 723 12.88 586 13.61 461
9.97 1210 10.70 1035 11.43 872 12.16 721 12.89 584 13.62 459
9.98 1208 10.71 1032 11.44 870 12.17 719 12.90 582 13.63 458
9.99 1205 10.72 1030 11.45 867 12.18 717 12.91 580 13.64 456
10.00 1202 10.73 1028 11.46 865 12.19 715 12.92 578 13.65 454
10.01 1200 10.74 1025 11.47 863 12.20 713 12.93 576 13.66 453
10.02 1197 10.75 1023 11.48 861 12.21 711 12.94 574 13.67 451
10.03 1195 10.76 1020 11.49 858 12.22 709 12.95 573 13.68 449
10.04 1192 10.77 1018 11.50 856 12.23 707 12.96 571 13.69 448
10.05 1190 10.78 1016 11.51 854 12.24 705 12.97 569 13.70 446
10.06 1187 10.79 1013 11.52 852 12.25 703 12.98 567 13.71 444
10.07 1184 10.80 1011 11.53 850 12.26 701 12.99 565 13.72 443
10.08 1182 10.81 1008 11.54 847 12.27 699 13.00 563 13.73 441
10.09 1179 10.82 1006 11.55 845 12.28 697 13.01 562 13.75 439
10.10 1177 10.83 1004 11.56 843 12.29 695 13.02 560 13.76 438
10.11 1174 10.84 1001 11.57 841 12.30 693 13.04 558 13.77 436
10.12 1172 10.85 999 11.58 838 12.31 691 13.05 556 13.78 434
10.13 1169 10.86 996 11.59 836 12.33 689 13.06 554 13.79 433
10.14 1166 10.87 994 11.60 834 12.34 687 13.07 552 13.80 431
10.15 1164 10.88 992 11.62 832 12.35 685 13.08 551 13.81 430
10.16 1161 10.89 989 11.63 830 12.36 683 13.09 549 13.82 428
10.17 1159 10.91 987 11.64 827 12.37 681 13.10 547 13.83 426
10.19 1156 10.92 985 11.65 825 12.38 679 13.11 545 13.84 425
10.20 1154 10.93 982 11.66 823 12.39 677 13.12 543 13.85 423
10.21 1151 10.94 980 11.67 821 12.40 675 13.13 541 13.86 421
10.22 1149 10.95 977 11.68 819 12.41 673 13.14 540 13.87 420
10.23 1146 10.96 975 11.69 817 12.42 671 13.15 538 13.88 418
10.24 1144 10.97 973 11.70 814 12.43 669 13.16 536 13.89 417
10.25 1141 10.98 970 11.71 812 12.44 667 13.17 534 13.90 415
10.26 1139 10.99 968 11.72 810 12.45 665 13.18 532 13.91 413
10.27 1136 11.00 966 11.73 808 12.46 663 13.19 531 13.92 412
10.28 1134 11.01 963 11.74 806 12.47 661 13.20 529 13.93 410
10.29 1131 11.02 961 11.75 804 12.48 659 13.21 527 13.94 409
10.30 1128 11.03 959 11.76 801 12.49 657 13.22 525 13.95 407
10.31 1126 11.04 956 11.77 799 12.50 655 13.23 523 13.96 405
10.32 1123 11.05 954 11.78 797 12.51 653 13.24 522 13.97 404
10.33 1121 11.06 952 11.79 795 12.52 651 13.25 520 13.99 402
10.34 1118 11.07 949 11.80 793 12.53 649 13.26 518 14.00 401
10.35 1116 11.08 947 11.81 791 12.54 647 13.28 516 14.01 399
10.36 1113 11.09 945 11.82 789 12.56 645 13.29 515 14.02 397
10.37 1111 11.10 942 11.83 786 12.57 643 13.30 513 14.03 396
10.38 1108 11.11 940 11.85 784 12.58 641 13.31 511 14.04 394
10.39 1106 11.12 938 11.86 782 12.59 639 13.32 509 14.05 393
10.40 1103 11.14 935 11.87 780 12.60 637 13.33 508 14.06 391
10.41 1101 11.15 933 11.88 778 12.61 635 13.34 506 14.07 390
10.43 1099 11.16 931 11.89 776 12.62 633 13.35 504 14.08 388
10.44 1096 11.17 929 11.90 774 12.63 631 13.36 502 14.09 387
10.45 1094 11.18 926 11.91 771 12.64 629 13.37 501 14.10 385
10.46 1091 11.19 924 11.92 769 12.65 628 13.38 499 14.11 383
10.47 1089 11.20 922 11.93 767 12.66 626 13.39 497 14.12 382
10.48 1086 11.21 919 11.94 765 12.67 624 13.40 495 14.13 380
10.49 1084 11.22 917 11.95 763 12.68 622 13.41 494 14.14 379
10.50 1081 11.23 915 11.96 761 12.69 620 13.42 492 14.15 377
10.51 1079 11.24 912 11.97 759 12.70 618 13.43 490 14.16 376
10.52 1076 11.25 910 11.98 757 12.71 616 13.44 488 14.17 374
10.53 1074 11.26 908 11.99 755 12.72 614 13.45 487 14.18 373
10.54 1071 11.27 906 12.00 753 12.73 612 13.46 485 14.19 371
10.55 1069 11.28 903 12.01 750 12.74 610 13.47 483 14.20 370
10.56 1066 11.29 901 12.02 748 12.75 608 13.48 481 14.22 368
10.57 1064 11.30 899 12.03 746 12.76 606 13.49 480 14.23 367
10.58 1062 11.31 897 12.04 744 12.77 605 13.51 478 14.24 365
10.59 1059 11.32 894 12.05 742 12.78 603 13.52 476 14.25 363
10.60 1057 11.33 892 12.06 740 12.80 601 13.53 475 14.26 362
10.61 1054 11.34 890 12.07 738 12.81 599 13.54 473 14.27 360
10.62 1052 11.35 888 12.09 736 12.82 597 13.55 471 14.28 359
10.63 1049 11.36 885 12.10 734 12.83 595 13.56 470 14.29 357
14.30 356 14.85 280 15.41 213 15.96 154 16.54 101 17.30 48
14.31 354 14.86 279 15.42 212 15.97 153 16.55 100 17.32 47
14.32 353 14.87 278 15.43 211 15.98 152 16.57 99 17.34 46
14.33 351 14.88 276 15.44 209 15.99 151 16.59 98 17.35 45
14.34 350 14.89 275 15.45 208 16.00 150 16.60 97 17.37 44
14.35 348 14.90 274 15.46 207 16.01 149 16.61 96 17.39 43
14.36 347 14.91 272 15.47 206 16.02 148 16.62 95 17.41 42
14.37 346 14.93 271 15.48 205 16.03 147 16.64 94 17.42 41
14.38 344 14.94 270 15.49 204 16.04 146 16.65 93 17.44 40
14.39 343 14.95 268 15.50 202 16.05 145 16.66 92 17.46 39
14.40 341 14.96 267 15.51 201 16.06 144 16.67 91 17.48 38
14.41 340 14.97 266 15.52 200 16.07 143 16.68 90 17.49 37
14.42 338 14.98 264 15.53 199 16.08 142 16.70 89 17.51 36
14.43 337 14.99 263 15.54 198 16.09 141 16.71 88 17.54 35
14.44 335 15.00 262 15.55 197 16.10 140 16.72 87 17.56 34
14.46 334 15.01 261 15.56 195 16.12 139 16.73 86 17.58 33
14.47 332 15.02 259 15.57 194 16.13 138 16.75 85 17.60 32
14.48 331 15.03 258 15.58 193 16.14 137 16.76 84 17.62 31
14.49 329 15.04 257 15.59 192 16.15 136 16.77 83 17.64 30
14.50 328 15.05 255 15.60 191 16.16 135 16.79 82 17.66 29
14.51 327 15.06 254 15.61 190 16.17 134 16.80 81 17.68 28
14.52 325 15.07 253 15.62 189 16.18 133 16.81 80 17.70 27
14.53 324 15.08 251 15.64 188 16.19 132 16.83 79 17.72 26
14.54 322 15.09 250 15.65 186 16.20 131 16.85 78 17.74 25
14.55 321 15.10 249 15.66 185 16.21 130 16.86 77 17.78 24
14.56 319 15.11 248 15.67 184 16.22 129 16.87 76 17.80 23
14.57 318 15.12 246 15.68 183 16.23 128 16.89 75 17.82 22
14.58 316 15.13 245 15.69 182 16.24 127 16.90 74 17.85 21
14.59 315 15.14 244 15.70 181 16.25 126 16.91 73 17.87 20
14.60 314 15.15 243 15.71 180 16.26 125 16.93 72 17.89 19
14.61 312 15.17 241 15.72 179 16.28 124 16.94 71 17.92 18
14.62 311 15.18 240 15.73 178 16.29 123 16.96 70 17.94 17
14.63 309 15.19 239 15.74 176 16.30 122 16.97 69 17.97 16
14.64 308 15.20 238 15.75 175 16.31 121 16.98 68 18.01 15
14.65 307 15.21 236 15.76 174 16.32 120 17.00 67 18.04 14
14.66 305 15.22 235 15.77 173 16.33 119 17.01 66 18.06 13
14.67 304 15.23 234 15.78 172 16.34 118 17.03 65 18.09 12
14.68 302 15.24 233 15.79 171 16.36 117 17.04 64 18.13 11
14.70 301 15.25 231 15.80 170 16.37 116 17.05 63 18.16 10
14.71 300 15.26 230 15.81 169 16.38 115 17.08 62 18.19 9
14.72 298 15.27 229 15.82 168 16.39 114 17.09 61 18.23 8
14.73 297 15.28 228 15.83 167 16.41 113 17.11 60 18.27 7
14.74 295 15.29 226 15.84 166 16.42 112 17.12 59 18.31 6
14.75 294 15.30 225 15.85 165 16.43 111 17.14 58 18.36 5
14.76 293 15.31 224 15.86 163 16.44 110 17.15 57 18.41 4
14.77 291 15.32 223 15.88 162 16.45 109 17.17 56 18.46 3
14.78 290 15.33 221 15.89 161 16.46 108 17.18 55 18.53 2
14.79 289 15.34 220 15.90 160 16.47 107 17.20 54 18.61 1
14.80 287 15.35 219 15.91 159 16.48 106 17.21 53
14.81 286 15.36 218 15.92 158 16.50 105 17.23 52
14.82 284 15.37 217 15.93 157 16.51 104 17.25 51
14.83 283 15.38 215 15.94 156 16.52 103 17.26 50
14.84 282 15.39 214 15.95 155 16.53 102 17.28 49
