10.22 1223 10.98 1047 11.73 883 12.49 732 13.24 593 13.99 468
10.24 1221 10.99 1044 11.74 881 12.50 730 13.25 591 14.00 466
10.25 1218 11.00 1042 11.75 878 12.51 728 13.26 589 14.01 464
10.26 1215 11.01 1040 11.76 876 12.52 725 13.27 588 14.03 463
10.27 1213 11.02 1037 11.77 874 12.53 723 13.28 586 14.04 461
10.28 1210 11.03 1035 11.79 872 12.54 721 13.29 584 14.05 459
10.29 1208 11.04 1032 11.80 870 12.55 719 13.30 582 14.06 458
10.30 1205 11.05 1030 11.81 867 12.56 717 13.31 580 14.07 456
10.31 1202 11.06 1028 11.82 865 12.57 715 13.33 578 14.08 454
10.32 1200 11.08 1025 11.83 863 12.58 713 13.34 576 14.09 453
10.33 1197 11.09 1023 11.84 861 12.59 711 13.35 574 14.10 451
10.34 1195 11.10 1020 11.85 858 12.60 709 13.36 573 14.11 449
10.35 1192 11.11 1018 11.86 856 12.61 707 13.37 571 14.12 448
10.36 1190 11.12 1016 11.87 854 12.63 705 13.38 569 14.13 446
10.38 1187 11.13 1013 11.88 852 12.64 703 13.39 567 14.14 444
10.39 1184 11.14 1011 11.89 850 12.65 701 13.40 565 14.15 443
10.40 1182 11.15 1008 11.90 847 12.66 699 13.41 563 14.17 441
10.41 1179 11.16 1006 11.91 845 12.67 697 13.42 562 14.18 439
10.42 1177 11.17 1004 11.93 843 12.68 695 13.43 560 14.19 438
10.43 1174 11.18 1001 11.94 841 12.69 693 13.44 558 14.20 436
10.44 1172 11.19 999 11.95 838 12.70 691 13.45 556 14.21 434
10.45 1169 11.20 996 11.96 836 12.71 689 13.47 554 14.22 433
10.46 1166 11.21 994 11.97 834 12.72 687 13.48 552 14.23 431
10.47 1164 11.23 992 11.98 832 12.73 685 13.49 551 14.24 430
10.48 1161 11.24 989 11.99 830 12.74 683 13.50 549 14.25 428
10.49 1159 11.25 987 12.00 827 12.75 681 13.51 547 14.26 426
10.50 1156 11.26 985 12.01 825 12.77 679 13.52 545 14.27 425
10.52 1154 11.27 982 12.02 823 12.78 677 13.53 543 14.28 423
10.53 1151 11.28 980 12.03 821 12.79 675 13.54 541 14.29 421
10.54 1149 11.29 977 12.04 819 12.80 673 13.55 540 14.31 420
10.55 1146 11.30 975 12.05 817 12.81 671 13.56 538 14.32 418
10.56 1144 11.31 973 12.07 814 12.82 669 13.57 536 14.33 417
10.57 1141 11.32 970 12.08 812 12.83 667 13.58 534 14.34 415
10.58 1139 11.33 968 12.09 810 12.84 665 13.59 532 14.35 413
10.59 1136 11.34 966 12.10 808 12.85 663 13.61 531 14.36 412
10.60 1134 11.35 963 12.11 806 12.86 661 13.62 529 14.37 410
10.61 1131 11.37 961 12.12 804 12.87 659 13.63 527 14.38 409
10.62 1128 11.38 959 12.13 801 12.88 657 13.64 525 14.39 407
10.63 1126 11.39 956 12.14 799 12.89 655 13.65 523 14.40 405
10.64 1123 11.40 954 12.15 797 12.91 653 13.66 522 14.41 404
10.66 1121 11.41 952 12.16 795 12.92 651 13.67 520 14.42 402
10.67 1118 11.42 949 12.17 793 12.93 649 13.68 518 14.43 401
10.68 1116 11.43 947 12.18 791 12.94 647 13.69 516 14.45 399
10.69 1113 11.44 945 12.19 789 12.95 645 13.70 515 14.46 397
10.70 1111 11.45 942 12.21 786 12.96 643 13.71 513 14.47 396
10.71 1108 11.46 940 12.22 784 12.97 641 13.72 511 14.48 394
10.72 1106 11.47 938 12.23 782 12.98 639 13.73 509 14.49 393
10.73 1103 11.48 935 12.24 780 12.99 637 13.75 508 14.50 391
10.74 1101 11.49 933 12.25 778 13.00 635 13.76 506 14.51 390
10.75 1099 11.51 931 12.26 776 13.01 633 13.77 504 14.52 388
10.76 1096 11.52 929 12.27 774 13.02 631 13.78 502 14.53 387
10.77 1094 11.53 926 12.28 771 13.03 629 13.79 501 14.54 385
10.78 1091 11.54 924 12.29 769 13.05 628 13.80 499 14.55 383
10.80 1089 11.55 922 12.30 767 13.06 626 13.81 497 14.56 382
10.81 1086 11.56 919 12.31 765 13.07 624 13.82 495 14.57 380
10.82 1084 11.57 917 12.32 763 13.08 622 13.83 494 14.59 379
10.83 1081 11.58 915 12.33 761 13.09 620 13.84 492 14.60 377
10.84 1079 11.59 912 12.35 759 13.10 618 13.85 490 14.61 376
10.85 1076 11.60 910 12.36 757 13.11 616 13.86 488 14.62 374
10.86 1074 11.61 908 12.37 755 13.12 614 13.87 487 14.63 373
10.87 1071 11.62 906 12.38 753 13.13 612 13.89 485 14.64 371
10.88 1069 11.63 903 12.39 750 13.14 610 13.90 483 14.65 370
10.89 1066 11.65 901 12.40 748 13.15 608 13.91 481 14.66 368
10.90 1064 11.66 899 12.41 746 13.16 606 13.92 480 14.67 367
10.91 1062 11.67 897 12.42 744 13.17 605 13.93 478 14.68 365
10.92 1059 11.68 894 12.43 742 13.19 603 13.94 476 14.69 363
10.94 1057 11.69 892 12.44 740 13.20 601 13.95 475 14.70 362
10.95 1054 11.70 890 12.45 738 13.21 599 13.96 473 14.71 360
10.96 1052 11.71 888 12.46 736 13.22 597 13.97 471 14.73 359
10.97 1049 11.72 885 12.47 734 13.23 595 13.98 470 14.74 357
14.75 356 15.32 280 15.89 213 16.46 154 17.06 101 17.84 48
14.76 354 15.33 279 15.90 212 16.47 153 17.07 100 17.86 47
14.77 353 15.34 278 15.91 211 16.48 152 17.09 99 17.88 46
14.78 351 15.35 276 15.92 209 16.49 151 17.10 98 17.89 45
14.79 350 15.36 275 15.93 208 16.50 150 17.12 97 17.91 44
14.80 348 15.37 274 15.94 207 16.51 149 17.13 96 17.93 43
14.81 347 15.38 272 15.95 206 16.52 148 17.14 95 17.96 42
14.82 346 15.39 271 15.96 205 16.53 147 17.16 94 17.97 41
14.83 344 15.40 270 15.97 204 16.55 146 17.17 93 17.99 40
14.84 343 15.41 268 15.99 202 16.56 145 17.18 92 18.01 39
14.85 341 15.43 267 16.00 201 16.57 144 17.19 91 18.03 38
14.87 340 15.44 266 16.01 200 16.58 143 17.20 90 18.04 37
14.88 338 15.45 264 16.02 199 16.59 142 17.22 89 18.06 36
14.89 337 15.46 263 16.03 198 16.60 141 17.23 88 18.08 35
14.90 335 15.47 262 16.04 197 16.61 140 17.24 87 18.11 34
14.91 334 15.48 261 16.05 195 16.62 139 17.26 86 18.13 33
14.92 332 15.49 259 16.06 194 16.63 138 17.28 85 18.15 32
14.93 331 15.50 258 16.07 193 16.64 137 17.29 84 18.17 31
14.94 329 15.51 257 16.08 192 16.65 136 17.30 83 18.19 30
14.95 328 15.52 255 16.09 191 16.66 135 17.32 82 18.21 29
14.96 327 15.53 254 16.10 190 16.67 134 17.33 81 18.24 28
14.97 325 15.54 253 16.11 189 16.68 133 17.34 80 18.26 27
14.98 324 15.55 251 16.13 188 16.70 132 17.35 79 18.28 26
14.99 322 15.57 250 16.14 186 16.71 131 17.37 78 18.30 25
15.01 321 15.58 249 16.15 185 16.72 130 17.38 77 18.33 24
15.02 319 15.59 248 16.16 184 16.73 129 17.40 76 18.35 23
15.03 318 15.60 246 16.17 183 16.74 128 17.42 75 18.38 22
15.04 316 15.61 245 16.18 182 16.75 127 17.43 74 18.41 21
15.05 315 15.62 244 16.19 181 16.76 126 17.44 73 18.43 20
15.06 314 15.63 243 16.20 180 16.77 125 17.46 72 18.45 19
15.07 312 15.64 241 16.21 179 16.79 124 17.47 71 18.48 18
15.08 311 15.65 240 16.22 178 16.80 123 17.49 70 18.50 17
15.09 309 15.66 239 16.23 176 16.81 122 17.50 69 18.54 16
15.10 308 15.67 238 16.24 175 16.82 121 17.51 68 18.57 15
15.11 307 15.68 236 16.25 174 16.84 120 17.54 67 18.60 14
15.12 305 15.69 235 16.27 173 16.85 119 17.55 66 18.62 13
15.13 304 15.71 234 16.28 172 16.86 118 17.57 65 18.66 12
15.15 302 15.72 233 16.29 171 16.87 117 17.58 64 18.70 11
15.16 301 15.73 231 16.30 170 16.88 116 17.59 63 18.73 10
15.17 300 15.74 230 16.31 169 16.89 115 17.61 62 18.76 9
15.18 298 15.75 229 16.32 168 16.90 114 17.62 61 18.81 8
15.19 297 15.76 228 16.33 167 16.92 113 17.64 60 18.84 7
15.20 295 15.77 226 16.34 166 16.93 112 17.65 59 18.88 6
15.21 294 15.78 225 16.35 165 16.94 111 17.68 58 18.94 5
15.22 293 15.79 224 16.36 163 16.95 110 17.69 57 18.99 4
15.23 291 15.80 223 16.37 162 16.96 109 17.71 56 19.04 3
15.24 290 15.81 221 16.38 161 16.98 108 17.72 55 19.11 2
15.25 289 15.82 220 16.39 160 16.99 107 17.74 54 19.19 1
15.26 287 15.83 219 16.41 159 17.00 106 17.75 53
15.27 286 15.85 218 16.42 158 17.02 105 17.77 52
15.29 284 15.86 217 16.43 157 17.03 104 17.79 51
15.30 283 15.87 215 16.44 156 17.04 103 17.80 50
15.31 282 15.88 214 16.45 155 17.05 102 17.83 49
