10.56 1223 11.33 1047 12.11 883 12.89 732 13.67 593 14.45 468
10.57 1221 11.34 1044 12.12 881 12.90 730 13.68 591 14.46 466
10.58 1218 11.36 1042 12.13 878 12.91 728 13.69 589 14.47 464
10.59 1215 11.37 1040 12.14 876 12.92 725 13.70 588 14.48 463
10.60 1213 11.38 1037 12.16 874 12.93 723 13.71 586 14.49 461
10.61 1210 11.39 1035 12.17 872 12.95 721 13.72 584 14.50 459
10.62 1208 11.40 1032 12.18 870 12.96 719 13.73 582 14.51 458
10.63 1205 11.41 1030 12.19 867 12.97 717 13.75 580 14.52 456
10.64 1202 11.42 1028 12.20 865 12.98 715 13.76 578 14.53 454
10.66 1200 11.43 1025 12.21 863 12.99 713 13.77 576 14.55 453
10.67 1197 11.44 1023 12.22 861 13.00 711 13.78 574 14.56 451
10.68 1195 11.46 1020 12.23 858 13.01 709 13.79 573 14.57 449
10.69 1192 11.47 1018 12.24 856 13.02 707 13.80 571 14.58 448
10.70 1190 11.48 1016 12.26 854 13.03 705 13.81 569 14.59 446
10.71 1187 11.49 1013 12.27 852 13.05 703 13.82 567 14.60 444
10.72 1184 11.50 1011 12.28 850 13.06 701 13.83 565 14.61 443
10.73 1182 11.51 1008 12.29 847 13.07 699 13.85 563 14.62 441
10.74 1179 11.52 1006 12.30 845 13.08 697 13.86 562 14.63 439
10.76 1177 11.53 1004 12.31 843 13.09 695 13.87 560 14.65 438
10.77 1174 11.54 1001 12.32 841 13.10 693 13.88 558 14.66 436
10.78 1172 11.56 999 12.33 838 13.11 691 13.89 556 14.67 434
10.79 1169 11.57 996 12.34 836 13.12 689 13.90 554 14.68 433
10.80 1166 11.58 994 12.36 834 13.13 687 13.91 552 14.69 431
10.81 1164 11.59 992 12.37 832 13.15 685 13.92 551 14.70 430
10.82 1161 11.60 989 12.38 830 13.16 683 13.93 549 14.71 428
10.83 1159 11.61 987 12.39 827 13.17 681 13.95 547 14.72 426
10.84 1156 11.62 985 12.40 825 13.18 679 13.96 545 14.73 425
10.86 1154 11.63 982 12.41 823 13.19 677 13.97 543 14.75 423
10.87 1151 11.64 980 12.42 821 13.20 675 13.98 541 14.76 421
10.88 1149 11.66 977 12.43 819 13.21 673 13.99 540 14.77 420
10.89 1146 11.67 975 12.44 817 13.22 671 14.00 538 14.78 418
10.90 1144 11.68 973 12.46 814 13.23 669 14.01 536 14.79 417
10.91 1141 11.69 970 12.47 812 13.25 667 14.02 534 14.80 415
10.92 1139 11.70 968 12.48 810 13.26 665 14.03 532 14.81 413
10.93 1136 11.71 966 12.49 808 13.27 663 14.05 531 14.82 412
10.94 1134 11.72 963 12.50 806 13.28 661 14.06 529 14.83 410
10.96 1131 11.73 961 12.51 804 13.29 659 14.07 527 14.85 409
10.97 1128 11.74 959 12.52 801 13.30 657 14.08 525 14.86 407
10.98 1126 11.76 956 12.53 799 13.31 655 14.09 523 14.87 405
10.99 1123 11.77 954 12.55 797 13.32 653 14.10 522 14.88 404
11.00 1121 11.78 952 12.56 795 13.33 651 14.11 520 14.89 402
11.01 1118 11.79 949 12.57 793 13.35 649 14.12 518 14.90 401
11.02 1116 11.80 947 12.58 791 13.36 647 14.13 516 14.91 399
11.03 1113 11.81 945 12.59 789 13.37 645 14.15 515 14.92 397
11.04 1111 11.82 942 12.60 786 13.38 643 14.16 513 14.93 396
11.06 1108 11.83 940 12.61 784 13.39 641 14.17 511 14.95 394
11.07 1106 11.84 938 12.62 782 13.40 639 14.18 509 14.96 393
11.08 1103 11.86 935 12.63 780 13.41 637 14.19 508 14.97 391
11.09 1101 11.87 933 12.65 778 13.42 635 14.20 506 14.98 390
11.10 1099 11.88 931 12.66 776 13.43 633 14.21 504 14.99 388
11.11 1096 11.89 929 12.67 774 13.45 631 14.22 502 15.00 387
11.12 1094 11.90 926 12.68 771 13.46 629 14.23 501 15.01 385
11.13 1091 11.91 924 12.69 769 13.47 628 14.25 499 15.02 383
11.14 1089 11.92 922 12.70 767 13.48 626 14.26 497 15.04 382
11.16 1086 11.93 919 12.71 765 13.49 624 14.27 495 15.05 380
11.17 1084 11.94 917 12.72 763 13.50 622 14.28 494 15.06 379
11.18 1081 11.96 915 12.73 761 13.51 620 14.29 492 15.07 377
11.19 1079 11.97 912 12.75 759 13.52 618 14.30 490 15.08 376
11.20 1076 11.98 910 12.76 757 13.53 616 14.31 488 15.09 374
11.21 1074 11.99 908 12.77 755 13.55 614 14.32 487 15.10 373
11.22 1071 12.00 906 12.78 753 13.56 612 14.33 485 15.11 371
11.23 1069 12.01 903 12.79 750 13.57 610 14.35 483 15.12 370
11.24 1066 12.02 901 12.80 748 13.58 608 14.36 481 15.14 368
11.26 1064 12.03 899 12.81 746 13.59 606 14.37 480 15.15 367
11.27 1062 12.04 897 12.82 744 13.60 605 14.38 478 15.16 365
11.28 1059 12.06 894 12.83 742 13.61 603 14.39 476 15.17 363
11.29 1057 12.07 892 12.85 740 13.62 601 14.40 475 15.18 362
11.30 1054 12.08 890 12.86 738 13.63 599 14.41 473 15.19 360
11.31 1052 12.09 888 12.87 736 13.65 597 14.42 471 15.20 359
11.32 1049 12.10 885 12.88 734 13.66 595 14.43 470 15.21 357
15.22 356 15.81 280 16.40 213 16.99 154 17.61 101 18.41 48
15.24 354 15.82 279 16.41 212 17.00 153 17.63 100 18.44 47
15.25 353 15.84 278 16.42 211 17.01 152 17.65 99 18.46 46
15.26 351 15.85 276 16.44 209 17.02 151 17.66 98 18.47 45
15.27 350 15.86 275 16.45 208 17.04 150 17.67 97 18.49 44
15.28 348 15.87 274 16.46 207 17.05 149 17.68 96 18.51 43
15.29 347 15.88 272 16.47 206 17.06 148 17.69 95 18.54 42
15.30 346 15.89 271 16.48 205 17.07 147 17.71 94 18.55 41
15.31 344 15.90 270 16.49 204 17.08 146 17.73 93 18.57 40
15.32 343 15.91 268 16.50 202 17.09 145 17.74 92 18.59 39
15.34 341 15.92 267 16.51 201 17.10 144 17.75 91 18.61 38
15.35 340 15.94 266 16.52 200 17.11 143 17.76 90 18.63 37
15.36 338 15.95 264 16.54 199 17.12 142 17.78 89 18.65 36
15.37 337 15.96 263 16.55 198 17.14 141 17.79 88 18.67 35
15.38 335 15.97 262 16.56 197 17.15 140 17.80 87 18.69 34
15.39 334 15.98 261 16.57 195 17.16 139 17.81 86 18.71 33
15.40 332 15.99 259 16.58 194 17.17 138 17.84 85 18.74 32
15.41 331 16.00 258 16.59 193 17.18 137 17.85 84 18.76 31
15.42 329 16.01 257 16.60 192 17.19 136 17.86 83 18.78 30
15.44 328 16.02 255 16.61 191 17.20 135 17.88 82 18.80 29
15.45 327 16.04 254 16.62 190 17.21 134 17.89 81 18.83 28
15.46 325 16.05 253 16.64 189 17.22 133 17.90 80 18.85 27
15.47 324 16.06 251 16.65 188 17.24 132 17.91 79 18.87 26
15.48 322 16.07 250 16.66 186 17.25 131 17.94 78 18.89 25
15.49 321 16.08 249 16.67 185 17.26 130 17.95 77 18.93 24
15.50 319 16.09 248 16.68 184 17.27 129 17.96 76 18.95 23
15.51 318 16.10 246 16.69 183 17.28 128 17.98 75 18.97 22
15.52 316 16.11 245 16.70 182 17.29 127 17.99 74 19.00 21
15.54 315 16.12 244 16.71 181 17.30 126 18.00 73 19.03 20
15.55 314 16.14 243 16.72 180 17.31 125 18.03 72 19.05 19
15.56 312 16.15 241 16.74 179 17.34 124 18.04 71 19.08 18
15.57 311 16.16 240 16.75 178 17.35 123 18.06 70 19.10 17
15.58 309 16.17 239 16.76 176 17.36 122 18.07 69 19.14 16
15.59 308 16.18 238 16.77 175 17.37 121 18.08 68 19.17 15
15.60 307 16.19 236 16.78 174 17.38 120 18.10 67 19.20 14
15.61 305 16.20 235 16.79 173 17.39 119 18.11 66 19.23 13
15.62 304 16.21 234 16.80 172 17.40 118 18.14 65 19.26 12
15.64 302 16.22 233 16.81 171 17.41 117 18.15 64 19.30 11
15.65 301 16.24 231 16.82 170 17.42 116 18.16 63 19.34 10
15.66 300 16.25 230 16.84 169 17.44 115 18.18 62 19.37 9
15.67 298 16.26 229 16.85 168 17.45 114 18.19 61 19.41 8
15.68 297 16.27 228 16.86 167 17.47 113 18.21 60 19.45 7
15.69 295 16.28 226 16.87 166 17.48 112 18.23 59 19.49 6
15.70 294 16.29 225 16.88 165 17.49 111 18.25 58 19.55 5
15.71 293 16.30 224 16.89 163 17.50 110 18.26 57 19.60 4
15.72 291 16.31 223 16.90 162 17.51 109 18.28 56 19.66 3
15.74 290 16.32 221 16.91 161 17.53 108 18.29 55 19.73 2
15.75 289 16.34 220 16.92 160 17.54 107 18.31 54 19.81 1
15.76 287 16.35 219 16.94 159 17.55 106 18.33 53
15.77 286 16.36 218 16.95 158 17.57 105 18.35 52
15.78 284 16.37 217 16.96 157 17.58 104 18.37 51
15.79 283 16.38 215 16.97 156 17.59 103 18.38 50
15.80 282 16.39 214 16.98 155 17.60 102 18.40 49
