10.91 1223 11.71 1047 12.52 883 13.32 732 14.12 593 14.93 468
10.92 1221 11.72 1044 12.53 881 13.33 730 14.14 591 14.94 466
10.93 1218 11.74 1042 12.54 878 13.34 728 14.15 589 14.95 464
10.94 1215 11.75 1040 12.55 876 13.36 725 14.16 588 14.96 463
10.95 1213 11.76 1037 12.56 874 13.37 723 14.17 586 14.97 461
10.97 1210 11.77 1035 12.57 872 13.38 721 14.18 584 14.99 459
10.98 1208 11.78 1032 12.59 870 13.39 719 14.19 582 15.00 458
10.99 1205 11.79 1030 12.60 867 13.40 717 14.21 580 15.01 456
11.00 1202 11.80 1028 12.61 865 13.41 715 14.22 578 15.02 454
11.01 1200 11.82 1025 12.62 863 13.42 713 14.23 576 15.03 453
11.02 1197 11.83 1023 12.63 861 13.44 711 14.24 574 15.04 451
11.03 1195 11.84 1020 12.64 858 13.45 709 14.25 573 15.06 449
11.05 1192 11.85 1018 12.65 856 13.46 707 14.26 571 15.07 448
11.06 1190 11.86 1016 12.67 854 13.47 705 14.27 569 15.08 446
11.07 1187 11.87 1013 12.68 852 13.48 703 14.29 567 15.09 444
11.08 1184 11.88 1011 12.69 850 13.49 701 14.30 565 15.10 443
11.09 1182 11.90 1008 12.70 847 13.50 699 14.31 563 15.11 441
11.10 1179 11.91 1006 12.71 845 13.52 697 14.32 562 15.12 439
11.12 1177 11.92 1004 12.72 843 13.53 695 14.33 560 15.14 438
11.13 1174 11.93 1001 12.73 841 13.54 693 14.34 558 15.15 436
11.14 1172 11.94 999 12.75 838 13.55 691 14.35 556 15.16 434
11.15 1169 11.95 996 12.76 836 13.56 689 14.37 554 15.17 433
11.16 1166 11.97 994 12.77 834 13.57 687 14.38 552 15.18 431
11.17 1164 11.98 992 12.78 832 13.58 685 14.39 551 15.19 430
11.18 1161 11.99 989 12.79 830 13.60 683 14.40 549 15.20 428
11.20 1159 12.00 987 12.80 827 13.61 681 14.41 547 15.22 426
11.21 1156 12.01 985 12.82 825 13.62 679 14.42 545 15.23 425
11.22 1154 12.02 982 12.83 823 13.63 677 14.43 543 15.24 423
11.23 1151 12.03 980 12.84 821 13.64 675 14.45 541 15.25 421
11.24 1149 12.05 977 12.85 819 13.65 673 14.46 540 15.26 420
11.25 1146 12.06 975 12.86 817 13.67 671 14.47 538 15.27 418
11.26 1144 12.07 973 12.87 814 13.68 669 14.48 536 15.29 417
11.28 1141 12.08 970 12.88 812 13.69 667 14.49 534 15.30 415
11.29 1139 12.09 968 12.90 810 13.70 665 14.50 532 15.31 413
11.30 1136 12.10 966 12.91 808 13.71 663 14.52 531 15.32 412
11.31 1134 12.11 963 12.92 806 13.72 661 14.53 529 15.33 410
11.32 1131 12.13 961 12.93 804 13.73 659 14.54 527 15.34 409
11.33 1128 12.14 959 12.94 801 13.75 657 14.55 525 15.35 407
11.34 1126 12.15 956 12.95 799 13.76 655 14.56 523 15.37 405
11.36 1123 12.16 954 12.96 797 13.77 653 14.57 522 15.38 404
11.37 1121 12.17 952 12.98 795 13.78 651 14.58 520 15.39 402
11.38 1118 12.18 949 12.99 793 13.79 649 14.60 518 15.40 401
11.39 1116 12.19 947 13.00 791 13.80 647 14.61 516 15.41 399
11.40 1113 12.21 945 13.01 789 13.81 645 14.62 515 15.42 397
11.41 1111 12.22 942 13.02 786 13.83 643 14.63 513 15.43 396
11.43 1108 12.23 940 13.03 784 13.84 641 14.64 511 15.45 394
11.44 1106 12.24 938 13.04 782 13.85 639 14.65 509 15.46 393
11.45 1103 12.25 935 13.06 780 13.86 637 14.66 508 15.47 391
11.46 1101 12.26 933 13.07 778 13.87 635 14.68 506 15.48 390
11.47 1099 12.28 931 13.08 776 13.88 633 14.69 504 15.49 388
11.48 1096 12.29 929 13.09 774 13.90 631 14.70 502 15.50 387
11.49 1094 12.30 926 13.10 771 13.91 629 14.71 501 15.51 385
11.51 1091 12.31 924 13.11 769 13.92 628 14.72 499 15.53 383
11.52 1089 12.32 922 13.13 767 13.93 626 14.73 497 15.54 382
11.53 1086 12.33 919 13.14 765 13.94 624 14.75 495 15.55 380
11.54 1084 12.34 917 13.15 763 13.95 622 14.76 494 15.56 379
11.55 1081 12.36 915 13.16 761 13.96 620 14.77 492 15.57 377
11.56 1079 12.37 912 13.17 759 13.98 618 14.78 490 15.58 376
11.57 1076 12.38 910 13.18 757 13.99 616 14.79 488 15.60 374
11.59 1074 12.39 908 13.19 755 14.00 614 14.80 487 15.61 373
11.60 1071 12.40 906 13.21 753 14.01 612 14.81 485 15.62 371
11.61 1069 12.41 903 13.22 750 14.02 610 14.83 483 15.63 370
11.62 1066 12.42 901 13.23 748 14.03 608 14.84 481 15.64 368
11.63 1064 12.44 899 13.24 746 14.04 606 14.85 480 15.65 367
11.64 1062 12.45 897 13.25 744 14.06 605 14.86 478 15.66 365
11.65 1059 12.46 894 13.26 742 14.07 603 14.87 476 15.68 363
11.67 1057 12.47 892 13.27 740 14.08 601 14.88 475 15.69 362
11.68 1054 12.48 890 13.29 738 14.09 599 14.89 473 15.70 360
11.69 1052 12.49 888 13.30 736 14.10 597 14.91 471 15.71 359
11.70 1049 12.51 885 13.31 734 14.11 595 14.92 470 15.72 357
15.73 356 16.34 280 16.95 213 17.56 154 18.20 101 19.03 48
15.74 354 16.35 279 16.96 212 17.57 153 18.21 100 19.05 47
15.76 353 16.36 278 16.97 211 17.58 152 18.24 99 19.08 46
15.77 351 16.38 276 16.99 209 17.59 151 18.25 98 19.09 45
15.78 350 16.39 275 17.00 208 17.61 150 18.26 97 19.11 44
15.79 348 16.40 274 17.01 207 17.62 149 18.27 96 19.13 43
15.80 347 16.41 272 17.02 206 17.63 148 18.28 95 19.16 42
15.81 346 16.42 271 17.03 205 17.64 147 18.31 94 19.17 41
15.82 344 16.43 270 17.04 204 17.65 146 18.32 93 19.19 40
15.84 343 16.45 268 17.05 202 17.66 145 18.33 92 19.21 39
15.85 341 16.46 267 17.07 201 17.67 144 18.34 91 19.24 38
15.86 340 16.47 266 17.08 200 17.69 143 18.35 90 19.25 37
15.87 338 16.48 264 17.09 199 17.70 142 18.38 89 19.27 36
15.88 337 16.49 263 17.10 198 17.71 141 18.39 88 19.29 35
15.89 335 16.50 262 17.11 197 17.72 140 18.40 87 19.32 34
15.91 334 16.51 261 17.12 195 17.73 139 18.41 86 19.34 33
15.92 332 16.53 259 17.13 194 17.74 138 18.43 85 19.36 32
15.93 331 16.54 258 17.15 193 17.75 137 18.44 84 19.39 31
15.94 329 16.55 257 17.16 192 17.77 136 18.46 83 19.41 30
15.95 328 16.56 255 17.17 191 17.78 135 18.48 82 19.43 29
15.96 327 16.57 254 17.18 190 17.79 134 18.49 81 19.46 28
15.97 325 16.58 253 17.19 189 17.80 133 18.50 80 19.48 27
15.99 324 16.59 251 17.20 188 17.81 132 18.51 79 19.50 26
16.00 322 16.61 250 17.21 186 17.82 131 18.54 78 19.52 25
16.01 321 16.62 249 17.23 185 17.84 130 18.55 77 19.56 24
16.02 319 16.63 248 17.24 184 17.85 129 18.56 76 19.58 23
16.03 318 16.64 246 17.25 183 17.86 128 18.58 75 19.60 22
16.04 316 16.65 245 17.26 182 17.87 127 18.59 74 19.64 21
16.05 315 16.66 244 17.27 181 17.88 126 18.60 73 19.66 20
16.07 314 16.68 243 17.28 180 17.89 125 18.63 72 19.68 19
16.08 312 16.69 241 17.30 179 17.92 124 18.64 71 19.72 18
16.09 311 16.70 240 17.31 178 17.93 123 18.66 70 19.74 17
16.10 309 16.71 239 17.32 176 17.94 122 18.67 69 19.78 16
16.11 308 16.72 238 17.33 175 17.95 121 18.69 68 19.81 15
16.12 307 16.73 236 17.34 174 17.96 120 18.71 67 19.85 14
16.14 305 16.74 235 17.35 173 17.97 119 18.72 66 19.87 13
16.15 304 16.76 234 17.36 172 17.98 118 18.74 65 19.90 12
16.16 302 16.77 233 17.38 171 18.00 117 18.75 64 19.95 11
16.17 301 16.78 231 17.39 170 18.01 116 18.77 63 19.98 10
16.18 300 16.79 230 17.40 169 18.02 115 18.79 62 20.02 9
16.19 298 16.80 229 17.41 168 18.03 114 18.80 61 20.06 8
16.20 297 16.81 228 17.42 167 18.05 113 18.82 60 20.10 7
16.22 295 16.82 226 17.43 166 18.07 112 18.83 59 20.14 6
16.23 294 16.84 225 17.44 165 18.08 111 18.86 58 20.20 5
16.24 293 16.85 224 17.46 163 18.09 110 18.87 57 20.26 4
16.25 291 16.86 223 17.47 162 18.10 109 18.89 56 20.32 3
16.26 290 16.87 221 17.48 161 18.11 108 18.90 55 20.39 2
16.27 289 16.88 220 17.49 160 18.12 107 18.93 54 20.48 1
16.28 287 16.89 219 17.50 159 18.13 106 18.94 53
16.30 286 16.90 218 17.51 158 18.16 105 18.96 52
16.31 284 16.92 217 17.53 157 18.17 104 18.98 51
16.32 283 16.93 215 17.54 156 18.18 103 19.00 50
16.33 282 16.94 214 17.55 155 18.19 102 19.02 49
