11.29 1223 12.12 1047 12.95 883 13.78 732 14.61 593 15.45 468
11.30 1221 12.13 1044 12.96 881 13.79 730 14.63 591 15.46 466
11.31 1218 12.14 1042 12.97 878 13.81 728 14.64 589 15.47 464
11.32 1215 12.15 1040 12.99 876 13.82 725 14.65 588 15.48 463
11.33 1213 12.17 1037 13.00 874 13.83 723 14.66 586 15.49 461
11.35 1210 12.18 1035 13.01 872 13.84 721 14.67 584 15.50 459
11.36 1208 12.19 1032 13.02 870 13.85 719 14.68 582 15.52 458
11.37 1205 12.20 1030 13.03 867 13.86 717 14.70 580 15.53 456
11.38 1202 12.21 1028 13.04 865 13.88 715 14.71 578 15.54 454
11.39 1200 12.22 1025 13.06 863 13.89 713 14.72 576 15.55 453
11.40 1197 12.24 1023 13.07 861 13.90 711 14.73 574 15.56 451
11.42 1195 12.25 1020 13.08 858 13.91 709 14.74 573 15.58 449
11.43 1192 12.26 1018 13.09 856 13.92 707 14.76 571 15.59 448
11.44 1190 12.27 1016 13.10 854 13.94 705 14.77 569 15.60 446
11.45 1187 12.28 1013 13.12 852 13.95 703 14.78 567 15.61 444
11.46 1184 12.30 1011 13.13 850 13.96 701 14.79 565 15.62 443
11.48 1182 12.31 1008 13.14 847 13.97 699 14.80 563 15.64 441
11.49 1179 12.32 1006 13.15 845 13.98 697 14.82 562 15.65 439
11.50 1177 12.33 1004 13.16 843 14.00 695 14.83 560 15.66 438
11.51 1174 12.34 1001 13.18 841 14.01 693 14.84 558 15.67 436
11.52 1172 12.36 999 13.19 838 14.02 691 14.85 556 15.68 434
11.54 1169 12.37 996 13.20 836 14.03 689 14.86 554 15.70 433
11.55 1166 12.38 994 13.21 834 14.04 687 14.87 552 15.71 431
11.56 1164 12.39 992 13.22 832 14.05 685 14.89 551 15.72 430
11.57 1161 12.40 989 13.23 830 14.07 683 14.90 549 15.73 428
11.58 1159 12.41 987 13.25 827 14.08 681 14.91 547 15.74 426
11.59 1156 12.43 985 13.26 825 14.09 679 14.92 545 15.75 425
11.61 1154 12.44 982 13.27 823 14.10 677 14.93 543 15.77 423
11.62 1151 12.45 980 13.28 821 14.11 675 14.95 541 15.78 421
11.63 1149 12.46 977 13.29 819 14.13 673 14.96 540 15.79 420
11.64 1146 12.47 975 13.31 817 14.14 671 14.97 538 15.80 418
11.65 1144 12.49 973 13.32 814 14.15 669 14.98 536 15.81 417
11.67 1141 12.50 970 13.33 812 14.16 667 14.99 534 15.83 415
11.68 1139 12.51 968 13.34 810 14.17 665 15.01 532 15.84 413
11.69 1136 12.52 966 13.35 808 14.19 663 15.02 531 15.85 412
11.70 1134 12.53 963 13.37 806 14.20 661 15.03 529 15.86 410
11.71 1131 12.55 961 13.38 804 14.21 659 15.04 527 15.87 409
11.73 1128 12.56 959 13.39 801 14.22 657 15.05 525 15.89 407
11.74 1126 12.57 956 13.40 799 14.23 655 15.07 523 15.90 405
11.75 1123 12.58 954 13.41 797 14.25 653 15.08 522 15.91 404
11.76 1121 12.59 952 13.42 795 14.26 651 15.09 520 15.92 402
11.77 1118 12.60 949 13.44 793 14.27 649 15.10 518 15.93 401
11.78 1116 12.62 947 13.45 791 14.28 647 15.11 516 15.94 399
11.80 1113 12.63 945 13.46 789 14.29 645 15.12 515 15.96 397
11.81 1111 12.64 942 13.47 786 14.30 643 15.14 513 15.97 396
11.82 1108 12.65 940 13.48 784 14.32 641 15.15 511 15.98 394
11.83 1106 12.66 938 13.50 782 14.33 639 15.16 509 15.99 393
11.84 1103 12.68 935 13.51 780 14.34 637 15.17 508 16.00 391
11.86 1101 12.69 933 13.52 778 14.35 635 15.18 506 16.02 390
11.87 1099 12.70 931 13.53 776 14.36 633 15.20 504 16.03 388
11.88 1096 12.71 929 13.54 774 14.38 631 15.21 502 16.04 387
11.89 1094 12.72 926 13.56 771 14.39 629 15.22 501 16.05 385
11.90 1091 12.74 924 13.57 769 14.40 628 15.23 499 16.06 383
11.92 1089 12.75 922 13.58 767 14.41 626 15.24 497 16.08 382
11.93 1086 12.76 919 13.59 765 14.42 624 15.26 495 16.09 380
11.94 1084 12.77 917 13.60 763 14.44 622 15.27 494 16.10 379
11.95 1081 12.78 915 13.62 761 14.45 620 15.28 492 16.11 377
11.96 1079 12.80 912 13.63 759 14.46 618 15.29 490 16.12 376
11.98 1076 12.81 910 13.64 757 14.47 616 15.30 488 16.13 374
11.99 1074 12.82 908 13.65 755 14.48 614 15.31 487 16.15 373
12.00 1071 12.83 906 13.66 753 14.49 612 15.33 485 16.16 371
12.01 1069 12.84 903 13.67 750 14.51 610 15.34 483 16.17 370
12.02 1066 12.85 901 13.69 748 14.52 608 15.35 481 16.18 368
12.03 1064 12.87 899 13.70 746 14.53 606 15.36 480 16.19 367
12.05 1062 12.88 897 13.71 744 14.54 605 15.37 478 16.21 365
12.06 1059 12.89 894 13.72 742 14.55 603 15.39 476 16.22 363
12.07 1057 12.90 892 13.73 740 14.57 601 15.40 475 16.23 362
12.08 1054 12.91 890 13.75 738 14.58 599 15.41 473 16.24 360
12.09 1052 12.93 888 13.76 736 14.59 597 15.42 471 16.25 359
12.11 1049 12.94 885 13.77 734 14.60 595 15.43 470 16.27 357
16.28 356 16.91 280 17.54 213 18.17 154 18.83 101 19.69 48
16.29 354 16.92 279 17.55 212 18.18 153 18.84 100 19.71 47
16.30 353 16.93 278 17.56 211 18.19 152 18.87 99 19.74 46
16.31 351 16.94 276 17.57 209 18.20 151 18.88 98 19.75 45
16.32 350 16.95 275 17.58 208 18.21 150 18.89 97 19.77 44
16.34 348 16.97 274 17.60 207 18.23 149 18.90 96 19.80 43
16.35 347 16.98 272 17.61 206 18.24 148 18.92 95 19.82 42
16.36 346 16.99 271 17.62 205 18.25 147 18.94 94 19.83 41
16.37 344 17.00 270 17.63 204 18.26 146 18.95 93 19.85 40
16.38 343 17.01 268 17.64 202 18.27 145 18.96 92 19.88 39
16.40 341 17.03 267 17.66 201 18.29 144 18.98 91 19.90 38
16.41 340 17.04 266 17.67 200 18.30 143 18.99 90 19.91 37
16.42 338 17.05 264 17.68 199 18.31 142 19.01 89 19.94 36
16.43 337 17.06 263 17.69 198 18.32 141 19.02 88 19.96 35
16.44 335 17.07 262 17.70 197 18.33 140 19.03 87 19.99 34
16.46 334 17.09 261 17.72 195 18.35 139 19.05 86 20.01 33
16.47 332 17.10 259 17.73 194 18.36 138 19.07 85 20.03 32
16.48 331 17.11 258 17.74 193 18.37 137 19.08 84 20.06 31
16.49 329 17.12 257 17.75 192 18.38 136 19.09 83 20.08 30
16.50 328 17.13 255 17.76 191 18.39 135 19.12 82 20.10 29
16.52 327 17.14 254 17.77 190 18.40 134 19.13 81 20.13 28
16.53 325 17.16 253 17.79 189 18.42 133 19.14 80 20.15 27
16.54 324 17.17 251 17.80 188 18.43 132 19.15 79 20.18 26
16.55 322 17.18 250 17.81 186 18.44 131 19.18 78 20.20 25
16.56 321 17.19 249 17.82 185 18.45 130 19.19 77 20.24 24
16.57 319 17.20 248 17.83 184 18.46 129 19.20 76 20.26 23
16.59 318 17.22 246 17.85 183 18.48 128 19.22 75 20.28 22
16.60 316 17.23 245 17.86 182 18.49 127 19.24 74 20.32 21
16.61 315 17.24 244 17.87 181 18.50 126 19.25 73 20.34 20
16.62 314 17.25 243 17.88 180 18.51 125 19.27 72 20.37 19
16.63 312 17.26 241 17.89 179 18.54 124 19.28 71 20.40 18
16.65 311 17.28 240 17.91 178 18.55 123 19.31 70 20.43 17
16.66 309 17.29 239 17.92 176 18.56 122 19.32 69 20.46 16
16.67 308 17.30 238 17.93 175 18.57 121 19.33 68 20.50 15
16.68 307 17.31 236 17.94 174 18.58 120 19.36 67 20.53 14
16.69 305 17.32 235 17.95 173 18.59 119 19.37 66 20.56 13
16.71 304 17.34 234 17.97 172 18.61 118 19.39 65 20.59 12
16.72 302 17.35 233 17.98 171 18.62 117 19.40 64 20.64 11
16.73 301 17.36 231 17.99 170 18.63 116 19.42 63 20.67 10
16.74 300 17.37 230 18.00 169 18.64 115 19.44 62 20.71 9
16.75 298 17.38 229 18.01 168 18.65 114 19.45 61 20.76 8
16.76 297 17.39 228 18.02 167 18.68 113 19.47 60 20.79 7
16.78 295 17.41 226 18.04 166 18.69 112 19.49 59 20.84 6
16.79 294 17.42 225 18.05 165 18.70 111 19.51 58 20.90 5
16.80 293 17.43 224 18.06 163 18.71 110 19.52 57 20.96 4
16.81 291 17.44 223 18.07 162 18.73 109 19.55 56 21.02 3
16.82 290 17.45 221 18.08 161 18.74 108 19.56 55 21.09 2
16.84 289 17.47 220 18.10 160 18.75 107 19.58 54 21.19 1
16.85 287 17.48 219 18.11 159 18.76 106 19.59 53
16.86 286 17.49 218 18.12 158 18.79 105 19.62 52
16.87 284 17.50 217 18.13 157 18.80 104 19.64 51
16.88 283 17.51 215 18.14 156 18.81 103 19.65 50
16.90 282 17.53 214 18.16 155 18.82 102 19.68 49
