11.71 1223 12.57 1047 13.43 883 14.30 732 15.16 593 16.02 468
11.72 1221 12.58 1044 13.45 881 14.31 730 15.17 591 16.03 466
11.73 1218 12.60 1042 13.46 878 14.32 728 15.18 589 16.05 464
11.74 1215 12.61 1040 13.47 876 14.33 725 15.20 588 16.06 463
11.76 1213 12.62 1037 13.48 874 14.35 723 15.21 586 16.07 461
11.77 1210 12.63 1035 13.50 872 14.36 721 15.22 584 16.08 459
11.78 1208 12.64 1032 13.51 870 14.37 719 15.23 582 16.10 458
11.79 1205 12.66 1030 13.52 867 14.38 717 15.25 580 16.11 456
11.81 1202 12.67 1028 13.53 865 14.40 715 15.26 578 16.12 454
11.82 1200 12.68 1025 13.54 863 14.41 713 15.27 576 16.13 453
11.83 1197 12.69 1023 13.56 861 14.42 711 15.28 574 16.15 451
11.84 1195 12.71 1020 13.57 858 14.43 709 15.30 573 16.16 449
11.86 1192 12.72 1018 13.58 856 14.44 707 15.31 571 16.17 448
11.87 1190 12.73 1016 13.59 854 14.46 705 15.32 569 16.18 446
11.88 1187 12.74 1013 13.61 852 14.47 703 15.33 567 16.20 444
11.89 1184 12.76 1011 13.62 850 14.48 701 15.34 565 16.21 443
11.90 1182 12.77 1008 13.63 847 14.49 699 15.36 563 16.22 441
11.92 1179 12.78 1006 13.64 845 14.51 697 15.37 562 16.23 439
11.93 1177 12.79 1004 13.66 843 14.52 695 15.38 560 16.24 438
11.94 1174 12.80 1001 13.67 841 14.53 693 15.39 558 16.26 436
11.95 1172 12.82 999 13.68 838 14.54 691 15.41 556 16.27 434
11.97 1169 12.83 996 13.69 836 14.56 689 15.42 554 16.28 433
11.98 1166 12.84 994 13.70 834 14.57 687 15.43 552 16.29 431
11.99 1164 12.85 992 13.72 832 14.58 685 15.44 551 16.31 430
12.00 1161 12.87 989 13.73 830 14.59 683 15.46 549 16.32 428
12.02 1159 12.88 987 13.74 827 14.60 681 15.47 547 16.33 426
12.03 1156 12.89 985 13.75 825 14.62 679 15.48 545 16.34 425
12.04 1154 12.90 982 13.77 823 14.63 677 15.49 543 16.36 423
12.05 1151 12.92 980 13.78 821 14.64 675 15.50 541 16.37 421
12.07 1149 12.93 977 13.79 819 14.65 673 15.52 540 16.38 420
12.08 1146 12.94 975 13.80 817 14.67 671 15.53 538 16.39 418
12.09 1144 12.95 973 13.82 814 14.68 669 15.54 536 16.40 417
12.10 1141 12.97 970 13.83 812 14.69 667 15.55 534 16.42 415
12.11 1139 12.98 968 13.84 810 14.70 665 15.57 532 16.43 413
12.13 1136 12.99 966 13.85 808 14.72 663 15.58 531 16.44 412
12.14 1134 13.00 963 13.87 806 14.73 661 15.59 529 16.45 410
12.15 1131 13.01 961 13.88 804 14.74 659 15.60 527 16.47 409
12.16 1128 13.03 959 13.89 801 14.75 657 15.62 525 16.48 407
12.18 1126 13.04 956 13.90 799 14.77 655 15.63 523 16.49 405
12.19 1123 13.05 954 13.91 797 14.78 653 15.64 522 16.50 404
12.20 1121 13.06 952 13.93 795 14.79 651 15.65 520 16.52 402
12.21 1118 13.08 949 13.94 793 14.80 649 15.67 518 16.53 401
12.23 1116 13.09 947 13.95 791 14.81 647 15.68 516 16.54 399
12.24 1113 13.10 945 13.96 789 14.83 645 15.69 515 16.55 397
12.25 1111 13.11 942 13.98 786 14.84 643 15.70 513 16.57 396
12.26 1108 13.13 940 13.99 784 14.85 641 15.71 511 16.58 394
12.27 1106 13.14 938 14.00 782 14.86 639 15.73 509 16.59 393
12.29 1103 13.15 935 14.01 780 14.88 637 15.74 508 16.60 391
12.30 1101 13.16 933 14.03 778 14.89 635 15.75 506 16.61 390
12.31 1099 13.17 931 14.04 776 14.90 633 15.76 504 16.63 388
12.32 1096 13.19 929 14.05 774 14.91 631 15.78 502 16.64 387
12.34 1094 13.20 926 14.06 771 14.93 629 15.79 501 16.65 385
12.35 1091 13.21 924 14.07 769 14.94 628 15.80 499 16.66 383
12.36 1089 13.22 922 14.09 767 14.95 626 15.81 497 16.68 382
12.37 1086 13.24 919 14.10 765 14.96 624 15.83 495 16.69 380
12.39 1084 13.25 917 14.11 763 14.97 622 15.84 494 16.70 379
12.40 1081 13.26 915 14.12 761 14.99 620 15.85 492 16.71 377
12.41 1079 13.27 912 14.14 759 15.00 618 15.86 490 16.73 376
12.42 1076 13.29 910 14.15 757 15.01 616 15.87 488 16.74 374
12.43 1074 13.30 908 14.16 755 15.02 614 15.89 487 16.75 373
12.45 1071 13.31 906 14.17 753 15.04 612 15.90 485 16.76 371
12.46 1069 13.32 903 14.19 750 15.05 610 15.91 483 16.77 370
12.47 1066 13.33 901 14.20 748 15.06 608 15.92 481 16.79 368
12.48 1064 13.35 899 14.21 746 15.07 606 15.94 480 16.80 367
12.50 1062 13.36 897 14.22 744 15.09 605 15.95 478 16.81 365
12.51 1059 13.37 894 14.23 742 15.10 603 15.96 476 16.82 363
12.52 1057 13.38 892 14.25 740 15.11 601 15.97 475 16.84 362
12.53 1054 13.40 890 14.26 738 15.12 599 15.99 473 16.85 360
12.55 1052 13.41 888 14.27 736 15.13 597 16.00 471 16.86 359
12.56 1049 13.42 885 14.28 734 15.15 595 16.01 470 16.87 357
16.89 356 17.54 280 18.19 213 18.85 154 19.54 101 20.42 48
16.90 354 17.55 279 18.20 212 18.86 153 19.55 100 20.45 47
16.91 353 17.56 278 18.22 211 18.87 152 19.57 99 20.47 46
16.92 351 17.58 276 18.23 209 18.88 151 19.59 98 20.49 45
16.93 350 17.59 275 18.24 208 18.90 150 19.60 97 20.51 44
16.95 348 17.60 274 18.25 207 18.91 149 19.61 96 20.54 43
16.96 347 17.61 272 18.27 206 18.92 148 19.62 95 20.56 42
16.97 346 17.63 271 18.28 205 18.93 147 19.65 94 20.57 41
16.98 344 17.64 270 18.29 204 18.94 146 19.66 93 20.60 40
17.00 343 17.65 268 18.30 202 18.96 145 19.67 92 20.62 39
17.01 341 17.66 267 18.32 201 18.97 144 19.68 91 20.65 38
17.02 340 17.67 266 18.33 200 18.98 143 19.70 90 20.66 37
17.03 338 17.69 264 18.34 199 18.99 142 19.72 89 20.68 36
17.05 337 17.70 263 18.35 198 19.01 141 19.73 88 20.71 35
17.06 335 17.71 262 18.37 197 19.02 140 19.75 87 20.73 34
17.07 334 17.72 261 18.38 195 19.03 139 19.76 86 20.76 33
17.08 332 17.74 259 18.39 194 19.04 138 19.78 85 20.78 32
17.10 331 17.75 258 18.40 193 19.06 137 19.80 84 20.81 31
17.11 329 17.76 257 18.41 192 19.07 136 19.81 83 20.83 30
17.12 328 17.77 255 18.43 191 19.08 135 19.83 82 20.86 29
17.13 327 17.79 254 18.44 190 19.09 134 19.84 81 20.88 28
17.14 325 17.80 253 18.45 189 19.10 133 19.86 80 20.90 27
17.16 324 17.81 251 18.46 188 19.12 132 19.87 79 20.93 26
17.17 322 17.82 250 18.48 186 19.13 131 19.89 78 20.95 25
17.18 321 17.83 249 18.49 185 19.14 130 19.91 77 20.99 24
17.19 319 17.85 248 18.50 184 19.15 129 19.92 76 21.02 23
17.21 318 17.86 246 18.51 183 19.17 128 19.94 75 21.04 22
17.22 316 17.87 245 18.53 182 19.18 127 19.96 74 21.08 21
17.23 315 17.88 244 18.54 181 19.19 126 19.97 73 21.10 20
17.24 314 17.90 243 18.55 180 19.20 125 19.99 72 21.13 19
17.26 312 17.91 241 18.56 179 19.23 124 20.00 71 21.16 18
17.27 311 17.92 240 18.57 178 19.24 123 20.03 70 21.19 17
17.28 309 17.93 239 18.59 176 19.25 122 20.04 69 21.23 16
17.29 308 17.95 238 18.60 175 19.27 121 20.05 68 21.26 15
17.30 307 17.96 236 18.61 174 19.28 120 20.08 67 21.30 14
17.32 305 17.97 235 18.62 173 19.29 119 20.09 66 21.32 13
17.33 304 17.98 234 18.64 172 19.30 118 20.12 65 21.36 12
17.34 302 18.00 233 18.65 171 19.31 117 20.13 64 21.41 11
17.35 301 18.01 231 18.66 170 19.33 116 20.14 63 21.45 10
17.37 300 18.02 230 18.67 169 19.34 115 20.17 62 21.48 9
17.38 298 18.03 229 18.69 168 19.35 114 20.18 61 21.53 8
17.39 297 18.04 228 18.70 167 19.38 113 20.20 60 21.57 7
17.40 295 18.06 226 18.71 166 19.39 112 20.21 59 21.62 6
17.42 294 18.07 225 18.72 165 19.40 111 20.24 58 21.68 5
17.43 293 18.08 224 18.73 163 19.41 110 20.25 57 21.74 4
17.44 291 18.09 223 18.75 162 19.43 109 20.28 56 21.80 3
17.45 290 18.11 221 18.76 161 19.44 108 20.29 55 21.88 2
17.47 289 18.12 220 18.77 160 19.45 107 20.31 54 21.98 1
17.48 287 18.13 219 18.78 159 19.46 106 20.33 53
17.49 286 18.14 218 18.80 158 19.49 105 20.35 52
17.50 284 18.16 217 18.81 157 19.50 104 20.37 51
17.51 283 18.17 215 18.82 156 19.51 103 20.39 50
17.53 282 18.18 214 18.83 155 19.52 102 20.41 49
