12.20 1223 13.10 1047 14.00 883 14.90 732 15.80 593 16.70 468
12.22 1221 13.12 1044 14.01 881 14.91 730 15.81 591 16.71 466
12.23 1218 13.13 1042 14.03 878 14.93 728 15.83 589 16.73 464
12.24 1215 13.14 1040 14.04 876 14.94 725 15.84 588 16.74 463
12.25 1213 13.15 1037 14.05 874 14.95 723 15.85 586 16.75 461
12.27 1210 13.17 1035 14.07 872 14.97 721 15.86 584 16.76 459
12.28 1208 13.18 1032 14.08 870 14.98 719 15.88 582 16.78 458
12.29 1205 13.19 1030 14.09 867 14.99 717 15.89 580 16.79 456
12.31 1202 13.20 1028 14.10 865 15.00 715 15.90 578 16.80 454
12.32 1200 13.22 1025 14.12 863 15.02 713 15.92 576 16.82 453
12.33 1197 13.23 1023 14.13 861 15.03 711 15.93 574 16.83 451
12.34 1195 13.24 1020 14.14 858 15.04 709 15.94 573 16.84 449
12.36 1192 13.26 1018 14.16 856 15.06 707 15.95 571 16.85 448
12.37 1190 13.27 1016 14.17 854 15.07 705 15.97 569 16.87 446
12.38 1187 13.28 1013 14.18 852 15.08 703 15.98 567 16.88 444
12.40 1184 13.29 1011 14.19 850 15.09 701 15.99 565 16.89 443
12.41 1182 13.31 1008 14.21 847 15.11 699 16.01 563 16.91 441
12.42 1179 13.32 1006 14.22 845 15.12 697 16.02 562 16.92 439
12.43 1177 13.33 1004 14.23 843 15.13 695 16.03 560 16.93 438
12.45 1174 13.35 1001 14.25 841 15.15 693 16.04 558 16.94 436
12.46 1172 13.36 999 14.26 838 15.16 691 16.06 556 16.96 434
12.47 1169 13.37 996 14.27 836 15.17 689 16.07 554 16.97 433
12.49 1166 13.38 994 14.28 834 15.18 687 16.08 552 16.98 431
12.50 1164 13.40 992 14.30 832 15.20 685 16.10 551 17.00 430
12.51 1161 13.41 989 14.31 830 15.21 683 16.11 549 17.01 428
12.52 1159 13.42 987 14.32 827 15.22 681 16.12 547 17.02 426
12.54 1156 13.44 985 14.34 825 15.24 679 16.13 545 17.03 425
12.55 1154 13.45 982 14.35 823 15.25 677 16.15 543 17.05 423
12.56 1151 13.46 980 14.36 821 15.26 675 16.16 541 17.06 421
12.58 1149 13.47 977 14.37 819 15.27 673 16.17 540 17.07 420
12.59 1146 13.49 975 14.39 817 15.29 671 16.19 538 17.09 418
12.60 1144 13.50 973 14.40 814 15.30 669 16.20 536 17.10 417
12.61 1141 13.51 970 14.41 812 15.31 667 16.21 534 17.11 415
12.63 1139 13.53 968 14.43 810 15.33 665 16.22 532 17.12 413
12.64 1136 13.54 966 14.44 808 15.34 663 16.24 531 17.14 412
12.65 1134 13.55 963 14.45 806 15.35 661 16.25 529 17.15 410
12.67 1131 13.56 961 14.46 804 15.36 659 16.26 527 17.16 409
12.68 1128 13.58 959 14.48 801 15.38 657 16.28 525 17.18 407
12.69 1126 13.59 956 14.49 799 15.39 655 16.29 523 17.19 405
12.70 1123 13.60 954 14.50 797 15.40 653 16.30 522 17.20 404
12.72 1121 13.62 952 14.52 795 15.42 651 16.31 520 17.21 402
12.73 1118 13.63 949 14.53 793 15.43 649 16.33 518 17.23 401
12.74 1116 13.64 947 14.54 791 15.44 647 16.34 516 17.24 399
12.76 1113 13.65 945 14.55 789 15.45 645 16.35 515 17.25 397
12.77 1111 13.67 942 14.57 786 15.47 643 16.37 513 17.27 396
12.78 1108 13.68 940 14.58 784 15.48 641 16.38 511 17.28 394
12.79 1106 13.69 938 14.59 782 15.49 639 16.39 509 17.29 393
12.81 1103 13.71 935 14.61 780 15.51 637 16.40 508 17.30 391
12.82 1101 13.72 933 14.62 778 15.52 635 16.42 506 17.32 390
12.83 1099 13.73 931 14.63 776 15.53 633 16.43 504 17.33 388
12.85 1096 13.74 929 14.64 774 15.54 631 16.44 502 17.34 387
12.86 1094 13.76 926 14.66 771 15.56 629 16.46 501 17.36 385
12.87 1091 13.77 924 14.67 769 15.57 628 16.47 499 17.37 383
12.88 1089 13.78 922 14.68 767 15.58 626 16.48 497 17.38 382
12.90 1086 13.80 919 14.70 765 15.60 624 16.49 495 17.39 380
12.91 1084 13.81 917 14.71 763 15.61 622 16.51 494 17.41 379
12.92 1081 13.82 915 14.72 761 15.62 620 16.52 492 17.42 377
12.94 1079 13.83 912 14.73 759 15.63 618 16.53 490 17.43 376
12.95 1076 13.85 910 14.75 757 15.65 616 16.55 488 17.45 374
12.96 1074 13.86 908 14.76 755 15.66 614 16.56 487 17.46 373
12.97 1071 13.87 906 14.77 753 15.67 612 16.57 485 17.47 371
12.99 1069 13.89 903 14.79 750 15.69 610 16.58 483 17.48 370
13.00 1066 13.90 901 14.80 748 15.70 608 16.60 481 17.50 368
13.01 1064 13.91 899 14.81 746 15.71 606 16.61 480 17.51 367
13.03 1062 13.92 897 14.82 744 15.72 605 16.62 478 17.52 365
13.04 1059 13.94 894 14.84 742 15.74 603 16.64 476 17.54 363
13.05 1057 13.95 892 14.85 740 15.75 601 16.65 475 17.55 362
13.06 1054 13.96 890 14.86 738 15.76 599 16.66 473 17.56 360
13.08 1052 13.98 888 14.88 736 15.78 597 16.67 471 17.57 359
13.09 1049 13.99 885 14.89 734 15.79 595 16.69 470 17.59 357
17.60 356 18.28 280 18.96 213 19.64 154 20.36 101 21.29 48
17.61 354 18.29 279 18.97 212 19.66 153 20.38 100 21.31 47
17.63 353 18.31 278 18.99 211 19.67 152 20.40 99 21.34 46
17.64 351 18.32 276 19.00 209 19.68 151 20.41 98 21.35 45
17.65 350 18.33 275 19.01 208 19.69 150 20.43 97 21.38 44
17.66 348 18.35 274 19.03 207 19.71 149 20.44 96 21.40 43
17.68 347 18.36 272 19.04 206 19.72 148 20.45 95 21.43 42
17.69 346 18.37 271 19.05 205 19.73 147 20.48 94 21.44 41
17.70 344 18.38 270 19.06 204 19.75 146 20.49 93 21.47 40
17.72 343 18.40 268 19.08 202 19.76 145 20.50 92 21.49 39
17.73 341 18.41 267 19.09 201 19.77 144 20.52 91 21.52 38
17.74 340 18.42 266 19.10 200 19.78 143 20.53 90 21.53 37
17.75 338 18.43 264 19.12 199 19.80 142 20.56 89 21.56 36
17.77 337 18.45 263 19.13 198 19.81 141 20.57 88 21.58 35
17.78 335 18.46 262 19.14 197 19.82 140 20.58 87 21.61 34
17.79 334 18.47 261 19.15 195 19.84 139 20.59 86 21.63 33
17.81 332 18.49 259 19.17 194 19.85 138 20.62 85 21.66 32
17.82 331 18.50 258 19.18 193 19.86 137 20.63 84 21.69 31
17.83 329 18.51 257 19.19 192 19.87 136 20.65 83 21.71 30
17.84 328 18.52 255 19.21 191 19.89 135 20.67 82 21.74 29
17.86 327 18.54 254 19.22 190 19.90 134 20.68 81 21.76 28
17.87 325 18.55 253 19.23 189 19.91 133 20.70 80 21.79 27
17.88 324 18.56 251 19.24 188 19.93 132 20.71 79 21.81 26
17.90 322 18.58 250 19.26 186 19.94 131 20.74 78 21.84 25
17.91 321 18.59 249 19.27 185 19.95 130 20.75 77 21.88 24
17.92 319 18.60 248 19.28 184 19.96 129 20.76 76 21.90 23
17.93 318 18.61 246 19.30 183 19.98 128 20.79 75 21.93 22
17.95 316 18.63 245 19.31 182 19.99 127 20.80 74 21.97 21
17.96 315 18.64 244 19.32 181 20.00 126 20.81 73 21.99 20
17.97 314 18.65 243 19.33 180 20.02 125 20.84 72 22.02 19
17.99 312 18.67 241 19.35 179 20.04 124 20.85 71 22.06 18
18.00 311 18.68 240 19.36 178 20.05 123 20.88 70 22.08 17
18.01 309 18.69 239 19.37 176 20.07 122 20.89 69 22.12 16
18.02 308 18.70 238 19.39 175 20.08 121 20.90 68 22.16 15
18.04 307 18.72 236 19.40 174 20.09 120 20.93 67 22.20 14
18.05 305 18.73 235 19.41 173 20.11 119 20.94 66 22.23 13
18.06 304 18.74 234 19.42 172 20.12 118 20.97 65 22.26 12
18.08 302 18.76 233 19.44 171 20.13 117 20.98 64 22.32 11
18.09 301 18.77 231 19.45 170 20.14 116 20.99 63 22.35 10
18.10 300 18.78 230 19.46 169 20.16 115 21.02 62 22.39 9
18.11 298 18.79 229 19.48 168 20.17 114 21.03 61 22.44 8
18.13 297 18.81 228 19.49 167 20.20 113 21.06 60 22.48 7
18.14 295 18.82 226 19.50 166 20.21 112 21.07 59 22.53 6
18.15 294 18.83 225 19.51 165 20.22 111 21.09 58 22.60 5
18.17 293 18.85 224 19.53 163 20.23 110 21.11 57 22.66 4
18.18 291 18.86 223 19.54 162 20.25 109 21.13 56 22.73 3
18.19 290 18.87 221 19.55 161 20.26 108 21.15 55 22.80 2
18.20 289 18.88 220 19.57 160 20.27 107 21.17 54 22.91 1
18.22 287 18.90 219 19.58 159 20.29 106 21.18 53
18.23 286 18.91 218 19.59 158 20.31 105 21.21 52
18.24 284 18.92 217 19.60 157 20.32 104 21.24 51
18.26 283 18.94 215 19.62 156 20.34 103 21.25 50
18.27 282 18.95 214 19.63 155 20.35 102 21.27 49
