12.82 1223 13.76 1047 14.71 883 15.65 732 16.60 593 17.54 468
12.83 1221 13.78 1044 14.72 881 15.67 730 16.61 591 17.55 466
12.84 1218 13.79 1042 14.73 878 15.68 728 16.62 589 17.57 464
12.86 1215 13.80 1040 14.75 876 15.69 725 16.64 588 17.58 463
12.87 1213 13.82 1037 14.76 874 15.71 723 16.65 586 17.60 461
12.88 1210 13.83 1035 14.77 872 15.72 721 16.66 584 17.61 459
12.90 1208 13.84 1032 14.79 870 15.73 719 16.68 582 17.62 458
12.91 1205 13.86 1030 14.80 867 15.75 717 16.69 580 17.64 456
12.93 1202 13.87 1028 14.81 865 15.76 715 16.70 578 17.65 454
12.94 1200 13.88 1025 14.83 863 15.77 713 16.72 576 17.66 453
12.95 1197 13.90 1023 14.84 861 15.79 711 16.73 574 17.68 451
12.97 1195 13.91 1020 14.86 858 15.80 709 16.74 573 17.69 449
12.98 1192 13.92 1018 14.87 856 15.81 707 16.76 571 17.70 448
12.99 1190 13.94 1016 14.88 854 15.83 705 16.77 569 17.72 446
13.01 1187 13.95 1013 14.90 852 15.84 703 16.79 567 17.73 444
13.02 1184 13.96 1011 14.91 850 15.85 701 16.80 565 17.74 443
13.03 1182 13.98 1008 14.92 847 15.87 699 16.81 563 17.76 441
13.05 1179 13.99 1006 14.94 845 15.88 697 16.83 562 17.77 439
13.06 1177 14.00 1004 14.95 843 15.89 695 16.84 560 17.78 438
13.07 1174 14.02 1001 14.96 841 15.91 693 16.85 558 17.80 436
13.09 1172 14.03 999 14.98 838 15.92 691 16.87 556 17.81 434
13.10 1169 14.05 996 14.99 836 15.94 689 16.88 554 17.82 433
13.11 1166 14.06 994 15.00 834 15.95 687 16.89 552 17.84 431
13.13 1164 14.07 992 15.02 832 15.96 685 16.91 551 17.85 430
13.14 1161 14.09 989 15.03 830 15.98 683 16.92 549 17.87 428
13.15 1159 14.10 987 15.04 827 15.99 681 16.93 547 17.88 426
13.17 1156 14.11 985 15.06 825 16.00 679 16.95 545 17.89 425
13.18 1154 14.13 982 15.07 823 16.02 677 16.96 543 17.91 423
13.20 1151 14.14 980 15.08 821 16.03 675 16.97 541 17.92 421
13.21 1149 14.15 977 15.10 819 16.04 673 16.99 540 17.93 420
13.22 1146 14.17 975 15.11 817 16.06 671 17.00 538 17.95 418
13.24 1144 14.18 973 15.13 814 16.07 669 17.01 536 17.96 417
13.25 1141 14.19 970 15.14 812 16.08 667 17.03 534 17.97 415
13.26 1139 14.21 968 15.15 810 16.10 665 17.04 532 17.99 413
13.28 1136 14.22 966 15.17 808 16.11 663 17.06 531 18.00 412
13.29 1134 14.23 963 15.18 806 16.12 661 17.07 529 18.01 410
13.30 1131 14.25 961 15.19 804 16.14 659 17.08 527 18.03 409
13.32 1128 14.26 959 15.21 801 16.15 657 17.10 525 18.04 407
13.33 1126 14.27 956 15.22 799 16.16 655 17.11 523 18.05 405
13.34 1123 14.29 954 15.23 797 16.18 653 17.12 522 18.07 404
13.36 1121 14.30 952 15.25 795 16.19 651 17.14 520 18.08 402
13.37 1118 14.32 949 15.26 793 16.21 649 17.15 518 18.09 401
13.38 1116 14.33 947 15.27 791 16.22 647 17.16 516 18.11 399
13.40 1113 14.34 945 15.29 789 16.23 645 17.18 515 18.12 397
13.41 1111 14.36 942 15.30 786 16.25 643 17.19 513 18.14 396
13.42 1108 14.37 940 15.31 784 16.26 641 17.20 511 18.15 394
13.44 1106 14.38 938 15.33 782 16.27 639 17.22 509 18.16 393
13.45 1103 14.40 935 15.34 780 16.29 637 17.23 508 18.18 391
13.47 1101 14.41 933 15.35 778 16.30 635 17.24 506 18.19 390
13.48 1099 14.42 931 15.37 776 16.31 633 17.26 504 18.20 388
13.49 1096 14.44 929 15.38 774 16.33 631 17.27 502 18.22 387
13.51 1094 14.45 926 15.40 771 16.34 629 17.28 501 18.23 385
13.52 1091 14.46 924 15.41 769 16.35 628 17.30 499 18.24 383
13.53 1089 14.48 922 15.42 767 16.37 626 17.31 497 18.26 382
13.55 1086 14.49 919 15.44 765 16.38 624 17.33 495 18.27 380
13.56 1084 14.50 917 15.45 763 16.39 622 17.34 494 18.28 379
13.57 1081 14.52 915 15.46 761 16.41 620 17.35 492 18.30 377
13.59 1079 14.53 912 15.48 759 16.42 618 17.37 490 18.31 376
13.60 1076 14.54 910 15.49 757 16.43 616 17.38 488 18.32 374
13.61 1074 14.56 908 15.50 755 16.45 614 17.39 487 18.34 373
13.63 1071 14.57 906 15.52 753 16.46 612 17.41 485 18.35 371
13.64 1069 14.59 903 15.53 750 16.47 610 17.42 483 18.36 370
13.65 1066 14.60 901 15.54 748 16.49 608 17.43 481 18.38 368
13.67 1064 14.61 899 15.56 746 16.50 606 17.45 480 18.39 367
13.68 1062 14.63 897 15.57 744 16.52 605 17.46 478 18.41 365
13.69 1059 14.64 894 15.58 742 16.53 603 17.47 476 18.42 363
13.71 1057 14.65 892 15.60 740 16.54 601 17.49 475 18.43 362
13.72 1054 14.67 890 15.61 738 16.56 599 17.50 473 18.45 360
13.74 1052 14.68 888 15.62 736 16.57 597 17.51 471 18.46 359
13.75 1049 14.69 885 15.64 734 16.58 595 17.53 470 18.47 357
18.49 356 19.20 280 19.92 213 20.63 154 21.39 101 22.36 48
18.50 354 19.21 279 19.93 212 20.65 153 21.40 100 22.39 47
18.51 353 19.23 278 19.94 211 20.66 152 21.43 99 22.41 46
18.53 351 19.24 276 19.96 209 20.67 151 21.44 98 22.43 45
18.54 350 19.26 275 19.97 208 20.69 150 21.46 97 22.45 44
18.55 348 19.27 274 19.98 207 20.70 149 21.47 96 22.48 43
18.57 347 19.28 272 20.00 206 20.71 148 21.48 95 22.51 42
18.58 346 19.30 271 20.01 205 20.73 147 21.51 94 22.52 41
18.59 344 19.31 270 20.02 204 20.74 146 21.52 93 22.55 40
18.61 343 19.32 268 20.04 202 20.75 145 21.54 92 22.58 39
18.62 341 19.34 267 20.05 201 20.77 144 21.55 91 22.60 38
18.63 340 19.35 266 20.07 200 20.78 143 21.56 90 22.62 37
18.65 338 19.36 264 20.08 199 20.79 142 21.59 89 22.64 36
18.66 337 19.38 263 20.09 198 20.81 141 21.60 88 22.67 35
18.67 335 19.39 262 20.11 197 20.82 140 21.62 87 22.70 34
18.69 334 19.40 261 20.12 195 20.83 139 21.63 86 22.72 33
18.70 332 19.42 259 20.13 194 20.85 138 21.66 85 22.75 32
18.72 331 19.43 258 20.15 193 20.86 137 21.67 84 22.78 31
18.73 329 19.44 257 20.16 192 20.88 136 21.68 83 22.81 30
18.74 328 19.46 255 20.17 191 20.89 135 21.71 82 22.83 29
18.76 327 19.47 254 20.19 190 20.90 134 21.73 81 22.86 28
18.77 325 19.48 253 20.20 189 20.92 133 21.74 80 22.89 27
18.78 324 19.50 251 20.21 188 20.93 132 21.75 79 22.91 26
18.80 322 19.51 250 20.23 186 20.94 131 21.78 78 22.94 25
18.81 321 19.53 249 20.24 185 20.96 130 21.79 77 22.98 24
18.82 319 19.54 248 20.25 184 20.97 129 21.81 76 23.01 23
18.84 318 19.55 246 20.27 183 20.98 128 21.83 75 23.03 22
18.85 316 19.57 245 20.28 182 21.00 127 21.85 74 23.08 21
18.86 315 19.58 244 20.29 181 21.01 126 21.86 73 23.10 20
18.88 314 19.59 243 20.31 180 21.02 125 21.89 72 23.13 19
18.89 312 19.61 241 20.32 179 21.05 124 21.90 71 23.17 18
18.90 311 19.62 240 20.34 178 21.06 123 21.93 70 23.20 17
18.92 309 19.63 239 20.35 176 21.08 122 21.94 69 23.24 16
18.93 308 19.65 238 20.36 175 21.09 121 21.95 68 23.28 15
18.94 307 19.66 236 20.38 174 21.10 120 21.98 67 23.32 14
18.96 305 19.67 235 20.39 173 21.12 119 22.00 66 23.34 13
18.97 304 19.69 234 20.40 172 21.13 118 22.02 65 23.39 12
18.99 302 19.70 233 20.42 171 21.14 117 22.04 64 23.44 11
19.00 301 19.71 231 20.43 170 21.16 116 22.05 63 23.48 10
19.01 300 19.73 230 20.44 169 21.17 115 22.08 62 23.52 9
19.03 298 19.74 229 20.46 168 21.19 114 22.09 61 23.57 8
19.04 297 19.75 228 20.47 167 21.21 113 22.12 60 23.61 7
19.05 295 19.77 226 20.48 166 21.23 112 22.13 59 23.67 6
19.07 294 19.78 225 20.50 165 21.24 111 22.16 58 23.74 5
19.08 293 19.80 224 20.51 163 21.25 110 22.17 57 23.80 4
19.09 291 19.81 223 20.52 162 21.27 109 22.20 56 23.87 3
19.11 290 19.82 221 20.54 161 21.28 108 22.21 55 23.95 2
19.12 289 19.84 220 20.55 160 21.29 107 22.24 54 24.06 1
19.13 287 19.85 219 20.56 159 21.31 106 22.25 53
19.15 286 19.86 218 20.58 158 21.33 105 22.28 52
19.16 284 19.88 217 20.59 157 21.35 104 22.31 51
19.17 283 19.89 215 20.61 156 21.36 103 22.32 50
19.19 282 19.90 214 20.62 155 21.37 102 22.35 49
