13.63 1223 14.64 1047 15.64 883 16.64 732 17.65 593 18.65 468
13.65 1221 14.65 1044 15.65 881 16.66 730 17.66 591 18.67 466
13.66 1218 14.66 1042 15.67 878 16.67 728 17.68 589 18.68 464
13.67 1215 14.68 1040 15.68 876 16.69 725 17.69 588 18.70 463
13.69 1213 14.69 1037 15.70 874 16.70 723 17.71 586 18.71 461
13.70 1210 14.71 1035 15.71 872 16.72 721 17.72 584 18.73 459
13.72 1208 14.72 1032 15.73 870 16.73 719 17.74 582 18.74 458
13.73 1205 14.74 1030 15.74 867 16.75 717 17.75 580 18.75 456
13.75 1202 14.75 1028 15.76 865 16.76 715 17.76 578 18.77 454
13.76 1200 14.76 1025 15.77 863 16.77 713 17.78 576 18.78 453
13.77 1197 14.78 1023 15.78 861 16.79 711 17.79 574 18.80 451
13.79 1195 14.79 1020 15.80 858 16.80 709 17.81 573 18.81 449
13.80 1192 14.81 1018 15.81 856 16.82 707 17.82 571 18.83 448
13.82 1190 14.82 1016 15.83 854 16.83 705 17.84 569 18.84 446
13.83 1187 14.84 1013 15.84 852 16.85 703 17.85 567 18.86 444
13.85 1184 14.85 1011 15.86 850 16.86 701 17.86 565 18.87 443
13.86 1182 14.87 1008 15.87 847 16.87 699 17.88 563 18.88 441
13.87 1179 14.88 1006 15.88 845 16.89 697 17.89 562 18.90 439
13.89 1177 14.89 1004 15.90 843 16.90 695 17.91 560 18.91 438
13.90 1174 14.91 1001 15.91 841 16.92 693 17.92 558 18.93 436
13.92 1172 14.92 999 15.93 838 16.93 691 17.94 556 18.94 434
13.93 1169 14.94 996 15.94 836 16.95 689 17.95 554 18.96 433
13.95 1166 14.95 994 15.96 834 16.96 687 17.97 552 18.97 431
13.96 1164 14.97 992 15.97 832 16.98 685 17.98 551 18.98 430
13.98 1161 14.98 989 15.98 830 16.99 683 17.99 549 19.00 428
13.99 1159 14.99 987 16.00 827 17.00 681 18.01 547 19.01 426
14.00 1156 15.01 985 16.01 825 17.02 679 18.02 545 19.03 425
14.02 1154 15.02 982 16.03 823 17.03 677 18.04 543 19.04 423
14.03 1151 15.04 980 16.04 821 17.05 675 18.05 541 19.06 421
14.05 1149 15.05 977 16.06 819 17.06 673 18.07 540 19.07 420
14.06 1146 15.07 975 16.07 817 17.08 671 18.08 538 19.08 418
14.08 1144 15.08 973 16.09 814 17.09 669 18.09 536 19.10 417
14.09 1141 15.09 970 16.10 812 17.10 667 18.11 534 19.11 415
14.10 1139 15.11 968 16.11 810 17.12 665 18.12 532 19.13 413
14.12 1136 15.12 966 16.13 808 17.13 663 18.14 531 19.14 412
14.13 1134 15.14 963 16.14 806 17.15 661 18.15 529 19.16 410
14.15 1131 15.15 961 16.16 804 17.16 659 18.17 527 19.17 409
14.16 1128 15.17 959 16.17 801 17.18 657 18.18 525 19.19 407
14.18 1126 15.18 956 16.19 799 17.19 655 18.20 523 19.20 405
14.19 1123 15.20 954 16.20 797 17.20 653 18.21 522 19.21 404
14.20 1121 15.21 952 16.21 795 17.22 651 18.22 520 19.23 402
14.22 1118 15.22 949 16.23 793 17.23 649 18.24 518 19.24 401
14.23 1116 15.24 947 16.24 791 17.25 647 18.25 516 19.26 399
14.25 1113 15.25 945 16.26 789 17.26 645 18.27 515 19.27 397
14.26 1111 15.27 942 16.27 786 17.28 643 18.28 513 19.29 396
14.28 1108 15.28 940 16.29 784 17.29 641 18.30 511 19.30 394
14.29 1106 15.30 938 16.30 782 17.31 639 18.31 509 19.31 393
14.31 1103 15.31 935 16.31 780 17.32 637 18.32 508 19.33 391
14.32 1101 15.32 933 16.33 778 17.33 635 18.34 506 19.34 390
14.33 1099 15.34 931 16.34 776 17.35 633 18.35 504 19.36 388
14.35 1096 15.35 929 16.36 774 17.36 631 18.37 502 19.37 387
14.36 1094 15.37 926 16.37 771 17.38 629 18.38 501 19.39 385
14.38 1091 15.38 924 16.39 769 17.39 628 18.40 499 19.40 383
14.39 1089 15.40 922 16.40 767 17.41 626 18.41 497 19.42 382
14.41 1086 15.41 919 16.42 765 17.42 624 18.42 495 19.43 380
14.42 1084 15.42 917 16.43 763 17.43 622 18.44 494 19.44 379
14.43 1081 15.44 915 16.44 761 17.45 620 18.45 492 19.46 377
14.45 1079 15.45 912 16.46 759 17.46 618 18.47 490 19.47 376
14.46 1076 15.47 910 16.47 757 17.48 616 18.48 488 19.49 374
14.48 1074 15.48 908 16.49 755 17.49 614 18.50 487 19.50 373
14.49 1071 15.50 906 16.50 753 17.51 612 18.51 485 19.52 371
14.51 1069 15.51 903 16.52 750 17.52 610 18.53 483 19.53 370
14.52 1066 15.53 901 16.53 748 17.53 608 18.54 481 19.54 368
14.53 1064 15.54 899 16.54 746 17.55 606 18.55 480 19.56 367
14.55 1062 15.55 897 16.56 744 17.56 605 18.57 478 19.57 365
14.56 1059 15.57 894 16.57 742 17.58 603 18.58 476 19.59 363
14.58 1057 15.58 892 16.59 740 17.59 601 18.60 475 19.60 362
14.59 1054 15.60 890 16.60 738 17.61 599 18.61 473 19.62 360
14.61 1052 15.61 888 16.62 736 17.62 597 18.63 471 19.63 359
14.62 1049 15.63 885 16.63 734 17.64 595 18.64 470 19.64 357
19.66 356 20.42 280 21.18 213 21.94 154 22.75 101 23.78 48
19.67 354 20.43 279 21.19 212 21.96 153 22.76 100 23.81 47
19.69 353 20.45 278 21.21 211 21.97 152 22.79 99 23.84 46
19.70 351 20.46 276 21.22 209 21.98 151 22.80 98 23.85 45
19.72 350 20.48 275 21.24 208 22.00 150 22.82 97 23.88 44
19.73 348 20.49 274 21.25 207 22.01 149 22.83 96 23.91 43
19.75 347 20.51 272 21.27 206 22.03 148 22.85 95 23.94 42
19.76 346 20.52 271 21.28 205 22.04 147 22.87 94 23.95 41
19.77 344 20.53 270 21.30 204 22.06 146 22.89 93 23.98 40
19.79 343 20.55 268 21.31 202 22.07 145 22.90 92 24.01 39
19.80 341 20.56 267 21.32 201 22.08 144 22.92 91 24.04 38
19.82 340 20.58 266 21.34 200 22.10 143 22.93 90 24.05 37
19.83 338 20.59 264 21.35 199 22.11 142 22.96 89 24.08 36
19.85 337 20.61 263 21.37 198 22.13 141 22.97 88 24.11 35
19.86 335 20.62 262 21.38 197 22.14 140 22.99 87 24.14 34
19.87 334 20.64 261 21.40 195 22.16 139 23.00 86 24.17 33
19.89 332 20.65 259 21.41 194 22.17 138 23.03 85 24.19 32
19.90 331 20.66 258 21.42 193 22.19 137 23.05 84 24.22 31
19.92 329 20.68 257 21.44 192 22.20 136 23.06 83 24.25 30
19.93 328 20.69 255 21.45 191 22.21 135 23.09 82 24.28 29
19.95 327 20.71 254 21.47 190 22.23 134 23.10 81 24.31 28
19.96 325 20.72 253 21.48 189 22.24 133 23.12 80 24.34 27
19.97 324 20.74 251 21.50 188 22.26 132 23.13 79 24.37 26
19.99 322 20.75 250 21.51 186 22.27 131 23.16 78 24.40 25
20.00 321 20.76 249 21.53 185 22.29 130 23.18 77 24.44 24
20.02 319 20.78 248 21.54 184 22.30 129 23.19 76 24.47 23
20.03 318 20.79 246 21.55 183 22.31 128 23.22 75 24.50 22
20.05 316 20.81 245 21.57 182 22.33 127 23.23 74 24.54 21
20.06 315 20.82 244 21.58 181 22.34 126 23.25 73 24.57 20
20.08 314 20.84 243 21.60 180 22.36 125 23.28 72 24.60 19
20.09 312 20.85 241 21.61 179 22.39 124 23.29 71 24.64 18
20.10 311 20.86 240 21.63 178 22.40 123 23.32 70 24.67 17
20.12 309 20.88 239 21.64 176 22.41 122 23.33 69 24.71 16
20.13 308 20.89 238 21.65 175 22.43 121 23.35 68 24.75 15
20.15 307 20.91 236 21.67 174 22.44 120 23.38 67 24.80 14
20.16 305 20.92 235 21.68 173 22.46 119 23.39 66 24.83 13
20.18 304 20.94 234 21.70 172 22.47 118 23.42 65 24.87 12
20.19 302 20.95 233 21.71 171 22.49 117 23.43 64 24.93 11
20.20 301 20.97 231 21.73 170 22.50 116 23.45 63 24.97 10
20.22 300 20.98 230 21.74 169 22.52 115 23.48 62 25.01 9
20.23 298 20.99 229 21.75 168 22.53 114 23.49 61 25.07 8
20.25 297 21.01 228 21.77 167 22.56 113 23.52 60 25.11 7
20.26 295 21.02 226 21.78 166 22.57 112 23.53 59 25.17 6
20.28 294 21.04 225 21.80 165 22.59 111 23.56 58 25.24 5
20.29 293 21.05 224 21.81 163 22.60 110 23.58 57 25.31 4
20.31 291 21.07 223 21.83 162 22.62 109 23.61 56 25.39 3
20.32 290 21.08 221 21.84 161 22.63 108 23.62 55 25.47 2
20.33 289 21.09 220 21.86 160 22.64 107 23.65 54 25.59 1
20.35 287 21.11 219 21.87 159 22.66 106 23.66 53
20.36 286 21.12 218 21.88 158 22.69 105 23.69 52
20.38 284 21.14 217 21.90 157 22.70 104 23.72 51
20.39 283 21.15 215 21.91 156 22.72 103 23.74 50
20.41 282 21.17 214 21.93 155 22.73 102 23.76 49
