14.79 1223 15.88 1047 16.97 883 18.06 732 19.14 593 20.23 468
14.80 1221 15.89 1044 16.98 881 18.07 730 19.16 591 20.25 466
14.82 1218 15.91 1042 17.00 878 18.09 728 19.18 589 20.27 464
14.83 1215 15.92 1040 17.01 876 18.10 725 19.19 588 20.28 463
14.85 1213 15.94 1037 17.03 874 18.12 723 19.21 586 20.30 461
14.86 1210 15.95 1035 17.04 872 18.13 721 19.22 584 20.31 459
14.88 1208 15.97 1032 17.06 870 18.15 719 19.24 582 20.33 458
14.89 1205 15.98 1030 17.07 867 18.16 717 19.25 580 20.34 456
14.91 1202 16.00 1028 17.09 865 18.18 715 19.27 578 20.36 454
14.93 1200 16.02 1025 17.11 863 18.20 713 19.29 576 20.37 453
14.94 1197 16.03 1023 17.12 861 18.21 711 19.30 574 20.39 451
14.96 1195 16.05 1020 17.14 858 18.23 709 19.32 573 20.41 449
14.97 1192 16.06 1018 17.15 856 18.24 707 19.33 571 20.42 448
14.99 1190 16.08 1016 17.17 854 18.26 705 19.35 569 20.44 446
15.00 1187 16.09 1013 17.18 852 18.27 703 19.36 567 20.45 444
15.02 1184 16.11 1011 17.20 850 18.29 701 19.38 565 20.47 443
15.03 1182 16.12 1008 17.21 847 18.30 699 19.39 563 20.48 441
15.05 1179 16.14 1006 17.23 845 18.32 697 19.41 562 20.50 439
15.07 1177 16.16 1004 17.25 843 18.34 695 19.43 560 20.52 438
15.08 1174 16.17 1001 17.26 841 18.35 693 19.44 558 20.53 436
15.10 1172 16.19 999 17.28 838 18.37 691 19.46 556 20.55 434
15.11 1169 16.20 996 17.29 836 18.38 689 19.47 554 20.56 433
15.13 1166 16.22 994 17.31 834 18.40 687 19.49 552 20.58 431
15.14 1164 16.23 992 17.32 832 18.41 685 19.50 551 20.59 430
15.16 1161 16.25 989 17.34 830 18.43 683 19.52 549 20.61 428
15.17 1159 16.26 987 17.35 827 18.44 681 19.53 547 20.62 426
15.19 1156 16.28 985 17.37 825 18.46 679 19.55 545 20.64 425
15.21 1154 16.30 982 17.39 823 18.48 677 19.57 543 20.66 423
15.22 1151 16.31 980 17.40 821 18.49 675 19.58 541 20.67 421
15.24 1149 16.33 977 17.42 819 18.51 673 19.60 540 20.69 420
15.25 1146 16.34 975 17.43 817 18.52 671 19.61 538 20.70 418
15.27 1144 16.36 973 17.45 814 18.54 669 19.63 536 20.72 417
15.28 1141 16.37 970 17.46 812 18.55 667 19.64 534 20.73 415
15.30 1139 16.39 968 17.48 810 18.57 665 19.66 532 20.75 413
15.31 1136 16.40 966 17.49 808 18.58 663 19.67 531 20.76 412
15.33 1134 16.42 963 17.51 806 18.60 661 19.69 529 20.78 410
15.35 1131 16.44 961 17.53 804 18.62 659 19.71 527 20.80 409
15.36 1128 16.45 959 17.54 801 18.63 657 19.72 525 20.81 407
15.38 1126 16.47 956 17.56 799 18.65 655 19.74 523 20.83 405
15.39 1123 16.48 954 17.57 797 18.66 653 19.75 522 20.84 404
15.41 1121 16.50 952 17.59 795 18.68 651 19.77 520 20.86 402
15.42 1118 16.51 949 17.60 793 18.69 649 19.78 518 20.87 401
15.44 1116 16.53 947 17.62 791 18.71 647 19.80 516 20.89 399
15.46 1113 16.54 945 17.63 789 18.72 645 19.81 515 20.90 397
15.47 1111 16.56 942 17.65 786 18.74 643 19.83 513 20.92 396
15.49 1108 16.58 940 17.67 784 18.76 641 19.85 511 20.94 394
15.50 1106 16.59 938 17.68 782 18.77 639 19.86 509 20.95 393
15.52 1103 16.61 935 17.70 780 18.79 637 19.88 508 20.97 391
15.53 1101 16.62 933 17.71 778 18.80 635 19.89 506 20.98 390
15.55 1099 16.64 931 17.73 776 18.82 633 19.91 504 21.00 388
15.56 1096 16.65 929 17.74 774 18.83 631 19.92 502 21.01 387
15.58 1094 16.67 926 17.76 771 18.85 629 19.94 501 21.03 385
15.60 1091 16.69 924 17.77 769 18.86 628 19.95 499 21.04 383
15.61 1089 16.70 922 17.79 767 18.88 626 19.97 497 21.06 382
15.63 1086 16.72 919 17.81 765 18.90 624 19.99 495 21.08 380
15.64 1084 16.73 917 17.82 763 18.91 622 20.00 494 21.09 379
15.66 1081 16.75 915 17.84 761 18.93 620 20.02 492 21.11 377
15.67 1079 16.76 912 17.85 759 18.94 618 20.03 490 21.12 376
15.69 1076 16.78 910 17.87 757 18.96 616 20.05 488 21.14 374
15.70 1074 16.79 908 17.88 755 18.97 614 20.06 487 21.15 373
15.72 1071 16.81 906 17.90 753 18.99 612 20.08 485 21.17 371
15.74 1069 16.83 903 17.91 750 19.00 610 20.09 483 21.18 370
15.75 1066 16.84 901 17.93 748 19.02 608 20.11 481 21.20 368
15.77 1064 16.86 899 17.95 746 19.04 606 20.13 480 21.22 367
15.78 1062 16.87 897 17.96 744 19.05 605 20.14 478 21.23 365
15.80 1059 16.89 894 17.98 742 19.07 603 20.16 476 21.25 363
15.81 1057 16.90 892 17.99 740 19.08 601 20.17 475 21.26 362
15.83 1054 16.92 890 18.01 738 19.10 599 20.19 473 21.28 360
15.84 1052 16.93 888 18.02 736 19.11 597 20.20 471 21.29 359
15.86 1049 16.95 885 18.04 734 19.13 595 20.22 470 21.31 357
21.32 356 22.15 280 22.97 213 23.80 154 24.67 101 25.79 48
21.34 354 22.17 279 22.99 212 23.82 153 24.69 100 25.82 47
21.36 353 22.18 278 23.01 211 23.83 152 24.72 99 25.86 46
21.37 351 22.20 276 23.02 209 23.85 151 24.73 98 25.87 45
21.39 350 22.21 275 23.04 208 23.86 150 24.75 97 25.90 44
21.40 348 22.23 274 23.05 207 23.88 149 24.77 96 25.93 43
21.42 347 22.24 272 23.07 206 23.89 148 24.78 95 25.96 42
21.43 346 22.26 271 23.08 205 23.91 147 24.81 94 25.98 41
21.45 344 22.27 270 23.10 204 23.92 146 24.83 93 26.01 40
21.46 343 22.29 268 23.12 202 23.94 145 24.84 92 26.04 39
21.48 341 22.31 267 23.13 201 23.96 144 24.86 91 26.07 38
21.50 340 22.32 266 23.15 200 23.97 143 24.87 90 26.09 37
21.51 338 22.34 264 23.16 199 23.99 142 24.91 89 26.12 36
21.53 337 22.35 263 23.18 198 24.00 141 24.92 88 26.15 35
21.54 335 22.37 262 23.19 197 24.02 140 24.94 87 26.18 34
21.56 334 22.38 261 23.21 195 24.03 139 24.95 86 26.21 33
21.57 332 22.40 259 23.22 194 24.05 138 24.98 85 26.24 32
21.59 331 22.41 258 23.24 193 24.06 137 25.00 84 26.28 31
21.60 329 22.43 257 23.26 192 24.08 136 25.01 83 26.31 30
21.62 328 22.45 255 23.27 191 24.10 135 25.05 82 26.34 29
21.64 327 22.46 254 23.29 190 24.11 134 25.06 81 26.37 28
21.65 325 22.48 253 23.30 189 24.13 133 25.08 80 26.40 27
21.67 324 22.49 251 23.32 188 24.14 132 25.09 79 26.43 26
21.68 322 22.51 250 23.33 186 24.16 131 25.12 78 26.46 25
21.70 321 22.52 249 23.35 185 24.17 130 25.14 77 26.51 24
21.71 319 22.54 248 23.36 184 24.19 129 25.15 76 26.54 23
21.73 318 22.55 246 23.38 183 24.20 128 25.19 75 26.57 22
21.74 316 22.57 245 23.40 182 24.22 127 25.20 74 26.62 21
21.76 315 22.59 244 23.41 181 24.24 126 25.22 73 26.65 20
21.78 314 22.60 243 23.43 180 24.25 125 25.25 72 26.68 19
21.79 312 22.62 241 23.44 179 24.28 124 25.26 71 26.73 18
21.81 311 22.63 240 23.46 178 24.30 123 25.29 70 26.76 17
21.82 309 22.65 239 23.47 176 24.31 122 25.31 69 26.80 16
21.84 308 22.66 238 23.49 175 24.33 121 25.33 68 26.85 15
21.85 307 22.68 236 23.50 174 24.34 120 25.36 67 26.90 14
21.87 305 22.69 235 23.52 173 24.36 119 25.37 66 26.93 13
21.89 304 22.71 234 23.54 172 24.38 118 25.40 65 26.98 12
21.90 302 22.73 233 23.55 171 24.39 117 25.42 64 27.04 11
21.92 301 22.74 231 23.57 170 24.41 116 25.43 63 27.09 10
21.93 300 22.76 230 23.58 169 24.42 115 25.47 62 27.13 9
21.95 298 22.77 229 23.60 168 24.44 114 25.48 61 27.19 8
21.96 297 22.79 228 23.61 167 24.47 113 25.51 60 27.24 7
21.98 295 22.80 226 23.63 166 24.49 112 25.53 59 27.30 6
21.99 294 22.82 225 23.64 165 24.50 111 25.56 58 27.38 5
22.01 293 22.83 224 23.66 163 24.52 110 25.57 57 27.46 4
22.03 291 22.85 223 23.68 162 24.53 109 25.61 56 27.54 3
22.04 290 22.87 221 23.69 161 24.55 108 25.62 55 27.63 2
22.06 289 22.88 220 23.71 160 24.56 107 25.65 54 27.75 1
22.07 287 22.90 219 23.72 159 24.58 106 25.67 53
22.09 286 22.91 218 23.74 158 24.61 105 25.70 52
22.10 284 22.93 217 23.75 157 24.63 104 25.73 51
22.12 283 22.94 215 23.77 156 24.64 103 25.75 50
22.13 282 22.96 214 23.78 155 24.66 102 25.78 49
