16.56 1223 17.78 1047 19.00 883 20.22 732 21.44 593 22.66 468
16.58 1221 17.80 1044 19.02 881 20.24 730 21.46 591 22.68 466
16.59 1218 17.82 1042 19.04 878 20.26 728 21.48 589 22.70 464
16.61 1215 17.83 1040 19.05 876 20.27 725 21.49 588 22.72 463
16.63 1213 17.85 1037 19.07 874 20.29 723 21.51 586 22.73 461
16.65 1210 17.87 1035 19.09 872 20.31 721 21.53 584 22.75 459
16.66 1208 17.89 1032 19.11 870 20.33 719 21.55 582 22.77 458
16.68 1205 17.90 1030 19.12 867 20.34 717 21.56 580 22.78 456
16.70 1202 17.92 1028 19.14 865 20.36 715 21.58 578 22.80 454
16.72 1200 17.94 1025 19.16 863 20.38 713 21.60 576 22.82 453
16.73 1197 17.95 1023 19.18 861 20.40 711 21.62 574 22.84 451
16.75 1195 17.97 1020 19.19 858 20.41 709 21.63 573 22.85 449
16.77 1192 17.99 1018 19.21 856 20.43 707 21.65 571 22.87 448
16.79 1190 18.01 1016 19.23 854 20.45 705 21.67 569 22.89 446
16.80 1187 18.02 1013 19.25 852 20.47 703 21.69 567 22.91 444
16.82 1184 18.04 1011 19.26 850 20.48 701 21.70 565 22.92 443
16.84 1182 18.06 1008 19.28 847 20.50 699 21.72 563 22.94 441
16.86 1179 18.08 1006 19.30 845 20.52 697 21.74 562 22.96 439
16.87 1177 18.09 1004 19.31 843 20.54 695 21.76 560 22.98 438
16.89 1174 18.11 1001 19.33 841 20.55 693 21.77 558 22.99 436
16.91 1172 18.13 999 19.35 838 20.57 691 21.79 556 23.01 434
16.93 1169 18.15 996 19.37 836 20.59 689 21.81 554 23.03 433
16.94 1166 18.16 994 19.38 834 20.61 687 21.83 552 23.05 431
16.96 1164 18.18 992 19.40 832 20.62 685 21.84 551 23.06 430
16.98 1161 18.20 989 19.42 830 20.64 683 21.86 549 23.08 428
17.00 1159 18.22 987 19.44 827 20.66 681 21.88 547 23.10 426
17.01 1156 18.23 985 19.45 825 20.68 679 21.90 545 23.12 425
17.03 1154 18.25 982 19.47 823 20.69 677 21.91 543 23.13 423
17.05 1151 18.27 980 19.49 821 20.71 675 21.93 541 23.15 421
17.07 1149 18.29 977 19.51 819 20.73 673 21.95 540 23.17 420
17.08 1146 18.30 975 19.52 817 20.74 671 21.97 538 23.19 418
17.10 1144 18.32 973 19.54 814 20.76 669 21.98 536 23.20 417
17.12 1141 18.34 970 19.56 812 20.78 667 22.00 534 23.22 415
17.14 1139 18.36 968 19.58 810 20.80 665 22.02 532 23.24 413
17.15 1136 18.37 966 19.59 808 20.81 663 22.04 531 23.26 412
17.17 1134 18.39 963 19.61 806 20.83 661 22.05 529 23.27 410
17.19 1131 18.41 961 19.63 804 20.85 659 22.07 527 23.29 409
17.21 1128 18.43 959 19.65 801 20.87 657 22.09 525 23.31 407
17.22 1126 18.44 956 19.66 799 20.88 655 22.10 523 23.33 405
17.24 1123 18.46 954 19.68 797 20.90 653 22.12 522 23.34 404
17.26 1121 18.48 952 19.70 795 20.92 651 22.14 520 23.36 402
17.27 1118 18.50 949 19.72 793 20.94 649 22.16 518 23.38 401
17.29 1116 18.51 947 19.73 791 20.95 647 22.17 516 23.40 399
17.31 1113 18.53 945 19.75 789 20.97 645 22.19 515 23.41 397
17.33 1111 18.55 942 19.77 786 20.99 643 22.21 513 23.43 396
17.34 1108 18.57 940 19.79 784 21.01 641 22.23 511 23.45 394
17.36 1106 18.58 938 19.80 782 21.02 639 22.24 509 23.46 393
17.38 1103 18.60 935 19.82 780 21.04 637 22.26 508 23.48 391
17.40 1101 18.62 933 19.84 778 21.06 635 22.28 506 23.50 390
17.41 1099 18.63 931 19.86 776 21.08 633 22.30 504 23.52 388
17.43 1096 18.65 929 19.87 774 21.09 631 22.31 502 23.53 387
17.45 1094 18.67 926 19.89 771 21.11 629 22.33 501 23.55 385
17.47 1091 18.69 924 19.91 769 21.13 628 22.35 499 23.57 383
17.48 1089 18.70 922 19.93 767 21.15 626 22.37 497 23.59 382
17.50 1086 18.72 919 19.94 765 21.16 624 22.38 495 23.60 380
17.52 1084 18.74 917 19.96 763 21.18 622 22.40 494 23.62 379
17.54 1081 18.76 915 19.98 761 21.20 620 22.42 492 23.64 377
17.55 1079 18.77 912 20.00 759 21.22 618 22.44 490 23.66 376
17.57 1076 18.79 910 20.01 757 21.23 616 22.45 488 23.67 374
17.59 1074 18.81 908 20.03 755 21.25 614 22.47 487 23.69 373
17.61 1071 18.83 906 20.05 753 21.27 612 22.49 485 23.71 371
17.62 1069 18.84 903 20.06 750 21.29 610 22.51 483 23.73 370
17.64 1066 18.86 901 20.08 748 21.30 608 22.52 481 23.74 368
17.66 1064 18.88 899 20.10 746 21.32 606 22.54 480 23.76 367
17.68 1062 18.90 897 20.12 744 21.34 605 22.56 478 23.78 365
17.69 1059 18.91 894 20.13 742 21.36 603 22.58 476 23.80 363
17.71 1057 18.93 892 20.15 740 21.37 601 22.59 475 23.81 362
17.73 1054 18.95 890 20.17 738 21.39 599 22.61 473 23.83 360
17.75 1052 18.97 888 20.19 736 21.41 597 22.63 471 23.85 359
17.76 1049 18.98 885 20.20 734 21.42 595 22.65 470 23.87 357
23.88 356 24.81 280 25.73 213 26.66 154 27.63 101 28.89 48
23.90 354 24.82 279 25.75 212 26.67 153 27.65 100 28.92 47
23.92 353 24.84 278 25.77 211 26.69 152 27.68 99 28.96 46
23.94 351 24.86 276 25.78 209 26.71 151 27.70 98 28.97 45
23.95 350 24.88 275 25.80 208 26.73 150 27.72 97 29.01 44
23.97 348 24.89 274 25.82 207 26.74 149 27.74 96 29.04 43
23.99 347 24.91 272 25.84 206 26.76 148 27.75 95 29.08 42
24.01 346 24.93 271 25.85 205 26.78 147 27.79 94 29.10 41
24.02 344 24.95 270 25.87 204 26.80 146 27.81 93 29.13 40
24.04 343 24.96 268 25.89 202 26.81 145 27.82 92 29.17 39
24.06 341 24.98 267 25.91 201 26.83 144 27.84 91 29.20 38
24.08 340 25.00 266 25.92 200 26.85 143 27.86 90 29.22 37
24.09 338 25.02 264 25.94 199 26.87 142 27.89 89 29.25 36
24.11 337 25.03 263 25.96 198 26.88 141 27.91 88 29.29 35
24.13 335 25.05 262 25.98 197 26.90 140 27.93 87 29.32 34
24.14 334 25.07 261 25.99 195 26.92 139 27.95 86 29.36 33
24.16 332 25.09 259 26.01 194 26.93 138 27.98 85 29.39 32
24.18 331 25.10 258 26.03 193 26.95 137 28.00 84 29.43 31
24.20 329 25.12 257 26.05 192 26.97 136 28.02 83 29.46 30
24.21 328 25.14 255 26.06 191 26.99 135 28.05 82 29.50 29
24.23 327 25.16 254 26.08 190 27.00 134 28.07 81 29.53 28
24.25 325 25.17 253 26.10 189 27.02 133 28.09 80 29.57 27
24.27 324 25.19 251 26.12 188 27.04 132 28.10 79 29.60 26
24.28 322 25.21 250 26.13 186 27.06 131 28.14 78 29.64 25
24.30 321 25.23 249 26.15 185 27.07 130 28.16 77 29.69 24
24.32 319 25.24 248 26.17 184 27.09 129 28.17 76 29.72 23
24.34 318 25.26 246 26.19 183 27.11 128 28.21 75 29.76 22
24.35 316 25.28 245 26.20 182 27.13 127 28.23 74 29.81 21
24.37 315 25.30 244 26.22 181 27.14 126 28.24 73 29.85 20
24.39 314 25.31 243 26.24 180 27.16 125 28.28 72 29.88 19
24.41 312 25.33 241 26.25 179 27.20 124 28.29 71 29.93 18
24.42 311 25.35 240 26.27 178 27.21 123 28.33 70 29.97 17
24.44 309 25.37 239 26.29 176 27.23 122 28.35 69 30.02 16
24.46 308 25.38 238 26.31 175 27.25 121 28.36 68 30.07 15
24.48 307 25.40 236 26.32 174 27.27 120 28.40 67 30.13 14
24.49 305 25.42 235 26.34 173 27.28 119 28.42 66 30.16 13
24.51 304 25.44 234 26.36 172 27.30 118 28.45 65 30.21 12
24.53 302 25.45 233 26.38 171 27.32 117 28.47 64 30.28 11
24.55 301 25.47 231 26.39 170 27.34 116 28.49 63 30.34 10
24.56 300 25.49 230 26.41 169 27.35 115 28.52 62 30.39 9
24.58 298 25.51 229 26.43 168 27.37 114 28.54 61 30.46 8
24.60 297 25.52 228 26.45 167 27.41 113 28.57 60 30.51 7
24.62 295 25.54 226 26.46 166 27.42 112 28.59 59 30.58 6
24.63 294 25.56 225 26.48 165 27.44 111 28.63 58 30.67 5
24.65 293 25.57 224 26.50 163 27.46 110 28.64 57 30.75 4
24.67 291 25.59 223 26.52 162 27.48 109 28.68 56 30.84 3
24.69 290 25.61 221 26.53 161 27.49 108 28.70 55 30.95 2
24.70 289 25.63 220 26.55 160 27.51 107 28.73 54 31.08 1
24.72 287 25.64 219 26.57 159 27.53 106 28.75 53
24.74 286 25.66 218 26.59 158 27.56 105 28.78 52
24.76 284 25.68 217 26.60 157 27.58 104 28.82 51
24.77 283 25.70 215 26.62 156 27.60 103 28.84 50
24.79 282 25.71 214 26.64 155 27.61 102 28.87 49
