9.50 1223
9.51 1221
9.52 1218
9.53 1215
9.54 1213
9.55 1210
9.56 1208
9.57 1205
9.58 1202
9.59 1200
9.60 1197
9.61 1195
9.62 1192
9.63 1190
9.64 1187
9.65 1184
9.66 1182
9.67 1179
9.68 1177
9.69 1174
9.70 1172
9.71 1169
9.72 1166
9.73 1164
9.74 1161
9.75 1159
9.76 1156
9.77 1154
9.78 1151
9.79 1149
9.80 1146
9.81 1144
9.82 1141
9.83 1139
9.84 1136
9.85 1134
9.86 1131
9.87 1128
9.88 1126
9.89 1123
9.90 1121
9.91 1118
9.92 1116
9.93 1113
9.94 1111
9.95 1108
9.96 1106
9.97 1103
9.98 1101
9.99 1099

10.00 1096
10.01 1094
10.02 1091
10.03 1089
10.04 1086
10.05 1084
10.06 1081
10.07 1079
10.08 1076
10.09 1074
10.10 1071
10.11 1069
10.12 1066
10.13 1064
10.14 1062
10.15 1059
10.16 1057
10.17 1054
10.18 1052
10.19 1049
10.20 1047
10.21 1044
10.22 1042
10.23 1040
10.24 1037
10.25 1035
10.26 1032
10.27 1030
10.28 1028
10.29 1025
10.30 1023
10.31 1020
10.32 1018
10.33 1016
10.34 1013
10.35 1011
10.36 1008
10.37 1006
10.38 1004
10.39 1001
10.40 999
10.41 996
10.42 994
10.43 992
10.44 989
10.45 987
10.46 985
10.47 982
10.48 980
10.49 977

10.50 975
10.51 973
10.52 970
10.53 968
10.54 966
10.55 963
10.56 961
10.57 959
10.58 956
10.59 954
10.60 952
10.61 949
10.62 947
10.63 945
10.64 942
10.65 940
10.66 938
10.67 935
10.68 933
10.69 931
10.70 929
10.71 926
10.72 924
10.73 922
10.74 919
10.75 917
10.76 915
10.77 912
10.78 910
10.79 908
10.80 906
10.81 903
10.82 901
10.83 899
10.84 897
10.85 894
10.86 892
10.87 890
10.88 888
10.89 885
10.90 883
10.91 881
10.92 878
10.93 876
10.94 874
10.95 872
10.96 870
10.97 867
10.98 865
10.99 863

11.00 861
11.01 858
11.02 856
11.03 854
11.04 852
11.05 850
11.06 847
11.07 845
11.08 843
11.09 841
11.10 838
11.11 836
11.12 834
11.13 832
11.14 830
11.15 827
11.16 825
11.17 823
11.18 821
11.19 819
11.20 817
11.21 814
11.22 812
11.23 810
11.24 808
11.25 806
11.26 804
11.27 801
11.28 799
11.29 797
11.30 795
11.31 793
11.32 791
11.33 789
11.34 786
11.35 784
11.36 782
11.37 780
11.38 778
11.39 776
11.40 774
11.41 771
11.42 769
11.43 767
11.44 765
11.45 763
11.46 761
11.47 759
11.48 757
11.49 755

11.50 753
11.51 750
11.52 748
11.53 746
11.54 744
11.55 742
11.56 740
11.57 738
11.58 736
11.59 734
11.60 732
11.61 730
11.62 728
11.63 725
11.64 723
11.65 721
11.66 719
11.67 717
11.68 715
11.69 713
11.70 711
11.71 709
11.72 707
11.73 705
11.74 703
11.75 701
11.76 699
11.77 697
11.78 695
11.79 693
11.80 691
11.81 689
11.82 687
11.83 685
11.84 683
11.85 681
11.86 679
11.87 677
11.88 675
11.89 673
11.90 671
11.91 669
11.92 667
11.93 665
11.94 663
11.95 661
11.96 659
11.97 657
11.98 655
11.99 653
12.00 651
12.01 649
12.02 647
12.03 645
12.04 643
12.05 641
12.06 639
12.07 637
12.08 635
12.09 633
12.10 631
12.11 629
12.12 628
12.13 626
12.14 624
12.15 622
12.16 620
12.17 618
12.18 616
12.19 614
12.20 612
12.21 610
12.22 608
12.23 606
12.24 605
12.25 603
12.26 601
12.27 599
12.28 597
12.29 595
12.30 593
12.31 591
12.32 589
12.33 588
12.34 586
12.35 584
12.36 582
12.37 580
12.38 578
12.39 576
12.40 574
12.41 573
12.42 571
12.43 569
12.44 567
12.45 565
12.46 563
12.47 562
12.48 560
12.49 558

12.50 556
12.51 554
12.52 552
12.53 551
12.54 549
12.55 547
12.56 545
12.57 543
12.58 541
12.59 540
12.60 538
12.61 536
12.62 534
12.63 532
12.64 531
12.65 529
12.66 527
12.67 525
12.68 523
12.69 522
12.70 520
12.71 518
12.72 516
12.73 515
12.74 513
12.75 511
12.76 509
12.77 508
12.78 506
12.79 504
12.80 502
12.81 501
12.82 499
12.83 497
12.84 495
12.85 494
12.86 492
12.87 490
12.88 488
12.89 487
12.90 485
12.91 483
12.92 481
12.93 480
12.94 478
12.95 476
12.96 475
12.97 473
12.98 471
12.99 470

13.00 468
13.01 466
13.02 464
13.03 463
13.04 461
13.05 459
13.06 458
13.07 456
13.08 454
13.09 453
13.10 451
13.11 449
13.12 448
13.13 446
13.14 444
13.15 443
13.16 441
13.17 439
13.18 438
13.19 436
13.20 434
13.21 433
13.22 431
13.23 430
13.24 428
13.25 426
13.26 425
13.27 423
13.28 421
13.29 420
13.30 418
13.31 417
13.32 415
13.33 413
13.34 412
13.35 410
13.36 409
13.37 407
13.38 405
13.39 404
13.40 402
13.41 401
13.42 399
13.43 397
13.44 396
13.45 394
13.46 393
13.47 391
13.48 390
13.49 388

13.50 387
13.51 385
13.52 383
13.53 382
13.54 380
13.55 379
13.56 377
13.57 376
13.58 374
13.59 373
13.60 371
13.61 370
13.62 368
13.63 367
13.64 365
13.65 363
13.66 362
13.67 360
13.68 359
13.69 357
13.70 356
13.71 354
13.72 353
13.73 351
13.74 350
13.75 348
13.76 347
13.77 346
13.78 344
13.79 343
13.80 341
13.81 340
13.82 338
13.83 337
13.84 335
13.85 334
13.86 332
13.87 331
13.88 329
13.89 328
13.90 327
13.91 325
13.92 324
13.93 322
13.94 321
13.95 319
13.96 318
13.97 316
13.98 315
13.99 314

14.00 312
14.01 311
14.02 309
14.03 308
14.04 307
14.05 305
14.06 304
14.07 302
14.08 301
14.09 300
14.10 298
14.11 297
14.12 295
14.13 294
14.14 293
14.15 291
14.16 290
14.17 289
14.18 287
14.19 286
14.20 284
14.21 283
14.22 282
14.23 280
14.24 279
14.25 278
14.26 276
14.27 275
14.28 274
14.29 272
14.30 271
14.31 270
14.32 268
14.33 267
14.34 266
14.35 264
14.36 263
14.37 262
14.38 261
14.39 259
14.40 258
14.41 257
14.42 255
14.43 254
14.44 253
14.45 251
14.46 250
14.47 249
14.48 248
14.49 246
14.50 245
14.51 244
14.52 243
14.53 241
14.54 240
14.55 239
14.56 238
14.57 236
14.58 235
14.59 234
14.60 233
14.61 231
14.62 230
14.63 229
14.64 228
14.65 226
14.66 225
14.67 224
14.68 223
14.69 221
14.70 220
14.71 219
14.72 218
14.73 217
14.74 215
14.75 214
14.76 213
14.77 212
14.78 211
14.79 209
14.80 208
14.81 207
14.82 206
14.83 205
14.84 204
14.85 202
14.86 201
14.87 200
14.88 199
14.89 198
14.90 197
14.91 195
14.92 194
14.93 193
14.94 192
14.95 191
14.96 190
14.97 189
14.98 188
14.99 186

15.00 185
15.01 184
15.02 183
15.03 182
15.04 181
15.05 180
15.06 179
15.07 178
15.08 176
15.09 175
15.10 174
15.11 173
15.12 172
15.13 171
15.14 170
15.15 169
15.16 168
15.17 167
15.18 166
15.19 165
15.20 163
15.21 162
15.22 161
15.23 160
15.24 159
15.25 158
15.26 157
15.27 156
15.28 155
15.29 154
15.30 153
15.31 152
15.32 151
15.33 150
15.34 149
15.35 148
15.36 147
15.37 146
15.38 145
15.39 144
15.40 143
15.41 142
15.42 141
15.43 140
15.44 139
15.45 138
15.46 137
15.47 136
15.48 135
15.49 134

15.50 133
15.51 132
15.52 131
15.53 130
15.54 129
15.55 128
15.56 127
15.57 126
15.58 125
15.60 124
15.61 123
15.62 122
15.63 121
15.64 120
15.65 119
15.66 118
15.67 117
15.68 116
15.69 115
15.70 114
15.72 113
15.73 112
15.74 111
15.75 110
15.76 109
15.77 108
15.78 107
15.79 106
15.81 105
15.82 104
15.83 103
15.84 102
15.85 101
15.86 100
15.88 99
15.89 98
15.90 97
15.91 96
15.92 95
15.94 94
15.95 93
15.96 92
15.97 91
15.98 90
16.00 89
16.01 88
16.02 87
16.03 86
16.05 85
16.06 84

16.07 83
16.09 82
16.10 81
16.11 80
16.12 79
16.14 78
16.15 77
16.16 76
16.18 75
16.19 74
16.20 73
16.22 72
16.23 71
16.25 70
16.26 69
16.27 68
16.29 67
16.30 66
16.32 65
16.33 64
16.34 63
16.36 62
16.37 61
16.39 60
16.40 59
16.42 58
16.43 57
16.45 56
16.46 55
16.48 54
16.49 53
16.51 52
16.53 51
16.54 50
16.56 49
16.57 48
16.59 47
16.61 46
16.62 45
16.64 44
16.66 43
16.68 42
16.69 41
16.71 40
16.73 39
16.75 38
16.76 37
16.78 36
16.80 35
16.82 34

16.84 33
16.86 32
16.88 31
16.90 30
16.92 29
16.94 28
16.96 27
16.98 26
17.00 25
17.03 24
17.05 23
17.07 22
17.10 21
17.12 20
17.14 19
17.17 18
17.19 17
17.22 16
17.25 15
17.28 14
17.30 13
17.33 12
17.37 11
17.40 10
17.43 9
17.47 8
17.50 7
17.54 6
17.59 5
17.64 4
17.69 3
17.75 2
17.83 1
