23.54 1500 22.53 1428 21.54 1358 20.51 1285 19.51 1214 18.51 1144
23.53 1499 22.52 1427 21.53 1357 20.50 1284 19.50 1213 18.50 1143
23.51 1498 22.50 1426 21.51 1356 20.48 1283 19.48 1212 18.48 1142
23.50 1497 22.49 1425 21.50 1355 20.47 1282 19.47 1211 18.46 1140
23.48 1496 22.47 1424 21.48 1354 20.46 1281 19.45 1210 18.45 1139
23.47 1495 22.46 1423 21.47 1353 20.44 1280 19.44 1209 18.44 1138
23.45 1494 22.45 1422 21.46 1352 20.43 1279 19.42 1208 18.42 1137
23.44 1493 22.43 1421 21.45 1351 20.41 1278 19.41 1207 18.41 1136
23.42 1492 22.42 1420 21.43 1350 20.40 1277 19.40 1206 18.39 1135
23.41 1491 22.40 1419 21.42 1349 20.39 1276 19.38 1205 18.38 1134
23.40 1490 22.39 1418 21.41 1348 20.38 1275 19.37 1204 18.36 1133
23.38 1489 22.37 1417 21.39 1347 20.36 1274 19.35 1203 18.35 1132
23.37 1488 22.36 1416 21.38 1346 20.35 1273 19.34 1202 18.33 1131
23.36 1487 22.34 1415 21.36 1345 20.33 1272 19.32 1201 18.32 1130
23.35 1486 22.33 1414 21.35 1344 20.32 1271 19.31 1200 18.30 1129
23.33 1485 22.31 1413 21.33 1343 20.30 1270 19.30 1199 18.29 1128
23.32 1484 22.30 1412 21.32 1342 20.29 1269 19.29 1198 18.27 1127
23.30 1483 22.29 1411 21.30 1341 20.27 1268 19.27 1197 18.26 1126
23.29 1482 22.28 1410 21.29 1340 20.26 1267 19.26 1196 18.24 1125
23.27 1481 22.27 1409 21.27 1339 20.25 1266 19.24 1195 18.23 1124
23.26 1480 22.25 1408 21.26 1338 20.23 1265 19.23 1194 18.21 1123
23.25 1479 22.24 1407 21.24 1337 20.22 1264 19.21 1193 18.19 1121
23.23 1478 22.22 1406 21.23 1336 20.20 1263 19.20 1192 18.18 1120
23.22 1477 22.21 1405 21.22 1335 20.19 1262 19.18 1191 18.17 1119
23.20 1476 22.19 1404 21.20 1334 20.17 1261 19.17 1190 18.15 1118
23.19 1475 22.18 1403 21.18 1332 20.16 1260 19.16 1189 18.14 1117
23.17 1474 22.16 1402 21.17 1331 20.14 1259 19.14 1188 18.12 1116
23.16 1473 22.15 1401 21.15 1330 20.13 1258 19.13 1187 18.11 1115
23.14 1472 22.13 1400 21.14 1329 20.11 1257 19.11 1186 18.09 1114
23.13 1471 22.12 1399 21.12 1328 20.09 1255 19.10 1185 18.08 1113
23.11 1470 22.11 1398 21.11 1327 20.08 1254 19.08 1184 18.06 1112
23.10 1469 22.09 1397 21.09 1326 20.07 1253 19.07 1183 18.05 1111
23.08 1467 22.08 1396 21.08 1325 20.05 1252 19.05 1182 18.03 1110
23.07 1466 22.06 1395 21.06 1324 20.04 1251 19.04 1181 18.02 1109
23.05 1465 22.05 1394 21.05 1323 20.02 1250 19.03 1180 18.00 1108
23.04 1464 22.03 1393 21.04 1322 20.01 1249 19.02 1179 17.99 1107
23.02 1463 22.02 1392 21.02 1321 19.99 1248 19.00 1178 17.97 1106
23.01 1462 22.01 1391 21.01 1320 19.98 1247 18.99 1177 17.96 1105
22.99 1461 22.00 1390 20.99 1319 19.96 1246 18.97 1176 17.94 1104
22.98 1460 21.98 1389 20.98 1318 19.95 1245 18.96 1175 17.92 1102
22.96 1459 21.97 1388 20.96 1317 19.93 1244 18.94 1174 17.91 1101
22.95 1458 21.95 1387 20.95 1316 19.92 1243 18.93 1173 17.89 1100
22.94 1457 21.94 1386 20.93 1315 19.90 1242 18.92 1172 17.88 1099
22.92 1456 21.93 1385 20.91 1313 19.89 1241 18.90 1171 17.87 1098
22.91 1455 21.91 1384 20.90 1312 19.87 1240 18.89 1170 17.85 1097
22.89 1454 21.90 1383 20.88 1311 19.86 1239 18.87 1169 17.84 1096
22.88 1453 21.88 1382 20.87 1310 19.85 1238 18.86 1168 17.82 1095
22.86 1452 21.87 1381 20.86 1309 19.84 1237 18.84 1167 17.81 1094
22.85 1451 21.85 1380 20.84 1308 19.83 1236 18.83 1166 17.79 1093
22.83 1450 21.84 1379 20.83 1307 19.81 1235 18.81 1165 17.78 1092
22.81 1448 21.82 1378 20.81 1306 19.80 1234 18.80 1164 17.76 1091
22.80 1447 21.81 1377 20.80 1305 19.78 1233 18.78 1163 17.75 1090
22.78 1446 21.79 1376 20.78 1304 19.77 1232 18.77 1162 17.73 1089
22.77 1445 21.78 1375 20.77 1303 19.75 1231 18.76 1161 17.72 1088
22.76 1444 21.77 1374 20.75 1302 19.74 1230 18.75 1160 17.70 1087
22.74 1443 21.75 1373 20.74 1301 19.72 1229 18.73 1159 17.69 1086
22.73 1442 21.74 1372 20.72 1300 19.71 1228 18.72 1158 17.67 1085
22.71 1441 21.73 1371 20.71 1299 19.69 1227 18.70 1157 17.65 1083
22.70 1440 21.72 1370 20.69 1298 19.68 1226 18.69 1156 17.64 1082
22.68 1439 21.70 1369 20.68 1297 19.66 1225 18.68 1155 17.62 1081
22.67 1438 21.69 1368 20.66 1296 19.65 1224 18.66 1154 17.61 1080
22.65 1437 21.67 1367 20.65 1294 19.63 1223 18.65 1153 17.59 1079
22.64 1436 21.66 1366 20.63 1293 19.62 1222 18.63 1152 17.58 1078
22.62 1435 21.64 1365 20.62 1292 19.61 1221 18.62 1151 17.57 1077
22.61 1434 21.63 1364 20.60 1291 19.59 1220 18.60 1150 17.55 1076
22.60 1433 21.61 1363 20.59 1290 19.58 1219 18.59 1149 17.54 1075
22.58 1432 21.60 1362 20.57 1289 19.57 1218 18.57 1148 17.52 1074
22.57 1431 21.59 1361 20.56 1288 19.56 1217 18.56 1147 17.51 1073
22.56 1430 21.57 1360 20.54 1287 19.54 1216 18.54 1146 17.49 1072
22.55 1429 21.56 1359 20.53 1286 19.53 1215 18.53 1145 17.48 1071
17.46 1070 16.45 999 15.44 928 14.41 857 13.39 786 12.35 714
17.45 1069 16.44 998 15.42 927 14.40 856 13.37 785 12.33 713
17.43 1068 16.42 997 15.41 926 14.39 855 13.36 784 12.32 712
17.42 1067 16.41 996 15.39 925 14.37 854 13.34 783 12.30 711
17.40 1066 16.39 995 15.38 924 14.36 853 13.33 782 12.29 710
17.38 1064 16.38 994 15.36 923 14.34 852 13.32 781 12.27 709
17.37 1063 16.36 993 15.35 922 14.33 851 13.31 780 12.26 708
17.35 1062 16.35 992 15.33 921 14.31 850 13.29 779 12.24 707
17.34 1061 16.33 991 15.32 920 14.30 849 13.28 778 12.23 706
17.32 1060 16.32 990 15.30 919 14.28 848 13.26 777 12.22 705
17.31 1059 16.31 989 15.29 918 14.27 847 13.25 776 12.20 704
17.29 1058 16.30 988 15.27 917 14.26 846 13.23 775 12.19 703
17.28 1057 16.28 987 15.26 916 14.24 845 13.22 774 12.17 702
17.27 1056 16.27 986 15.24 915 14.23 844 13.20 773 12.16 701
17.25 1055 16.25 985 15.23 914 14.21 843 13.19 772 12.14 700
17.24 1054 16.24 984 15.22 913 14.20 842 13.17 771 12.13 699
17.22 1053 16.22 983 15.21 912 14.18 841 13.16 770 12.11 698
17.21 1052 16.21 982 15.19 911 14.17 840 13.14 769 12.10 697
17.19 1051 16.19 981 15.18 910 14.15 839 13.13 768 12.08 696
17.18 1050 16.18 980 15.16 909 14.14 838 13.11 767 12.07 695
17.16 1049 16.16 979 15.15 908 14.13 837 13.10 766 12.05 694
17.15 1048 16.15 978 15.13 907 14.12 836 13.08 765 12.04 693
17.13 1047 16.14 977 15.12 906 14.10 835 13.07 764 12.02 692
17.12 1046 16.12 976 15.11 905 14.09 834 13.05 763 12.01 691
17.11 1045 16.11 975 15.09 904 14.07 833 13.03 761 11.99 690
17.10 1044 16.09 974 15.08 903 14.06 832 13.02 760 11.98 689
17.08 1043 16.08 973 15.06 902 14.04 831 13.00 759 11.96 688
17.07 1042 16.06 972 15.05 901 14.03 830 12.99 758 11.94 686
17.05 1041 16.05 971 15.03 900 14.01 829 12.97 757 11.93 685
17.04 1040 16.04 970 15.02 899 14.00 828 12.96 756 11.91 684
17.02 1039 16.03 969 15.00 898 13.98 827 12.94 755 11.90 683
17.01 1038 16.01 968 14.99 897 13.97 826 12.93 754 11.88 682
16.99 1037 16.00 967 14.97 896 13.95 825 12.91 753 11.87 681
16.98 1036 15.98 966 14.96 895 13.94 824 12.90 752 11.85 680
16.96 1035 15.97 965 14.95 894 13.92 823 12.88 751 11.84 679
16.95 1034 15.95 964 14.94 893 13.91 822 12.87 750 11.82 678
16.93 1033 15.94 963 14.92 892 13.89 821 12.85 749 11.81 677
16.92 1032 15.92 962 14.91 891 13.88 820 12.84 748 11.79 676
16.91 1031 15.91 961 14.89 890 13.86 819 12.82 747 11.78 675
16.89 1030 15.89 960 14.88 889 13.84 817 12.81 746 11.76 674
16.88 1029 15.88 959 14.86 888 13.83 816 12.79 745 11.75 673
16.86 1028 15.86 958 14.85 887 13.81 815 12.78 744 11.73 672
16.85 1027 15.85 957 14.83 886 13.80 814 12.77 743 11.72 671
16.84 1026 15.83 956 14.82 885 13.78 813 12.76 742 11.70 670
16.83 1025 15.82 955 14.80 884 13.77 812 12.74 741 11.69 669
16.81 1024 15.80 954 14.79 883 13.75 811 12.73 740 11.68 668
16.80 1023 15.79 953 14.77 882 13.74 810 12.71 739 11.67 667
16.78 1022 15.77 952 14.76 881 13.72 809 12.70 738 11.65 666
16.77 1021 15.75 950 14.74 880 13.71 808 12.68 737 11.64 665
16.75 1020 15.74 949 14.73 879 13.69 807 12.67 736 11.62 664
16.74 1019 15.72 948 14.71 878 13.68 806 12.65 735 11.61 663
16.72 1018 15.71 947 14.70 877 13.66 805 12.64 734 11.59 662
16.71 1017 15.69 946 14.68 876 13.65 804 12.62 733 11.58 661
16.69 1016 15.68 945 14.66 874 13.63 803 12.61 732 11.56 660
16.68 1015 15.67 944 14.65 873 13.62 802 12.59 731 11.55 659
16.66 1014 15.65 943 14.63 872 13.60 801 12.58 730 11.53 658
16.65 1013 15.64 942 14.62 871 13.59 800 12.56 729 11.52 657
16.63 1012 15.62 941 14.60 870 13.58 799 12.55 728 11.50 656
16.62 1011 15.61 940 14.59 869 13.57 798 12.53 727 11.49 655
16.60 1010 15.59 939 14.57 868 13.55 797 12.52 726 11.47 654
16.59 1009 15.58 938 14.56 867 13.54 796 12.50 725 11.45 653
16.58 1008 15.56 937 14.54 866 13.52 795 12.48 723 11.44 652
16.57 1007 15.55 936 14.53 865 13.51 794 12.47 722 11.42 651
16.56 1006 15.53 935 14.51 864 13.49 793 12.45 721 11.40 649
16.54 1005 15.52 934 14.50 863 13.48 792 12.44 720 11.39 648
16.53 1004 15.50 933 14.48 862 13.46 791 12.42 719 11.37 647
16.51 1003 15.49 932 14.47 861 13.45 790 12.41 718 11.36 646
16.50 1002 15.48 931 14.45 860 13.43 789 12.39 717 11.34 645
16.48 1001 15.47 930 14.44 859 13.42 788 12.38 716 11.33 644
16.47 1000 15.45 929 14.42 858 13.40 787 12.36 715 11.31 643
11.30 642 10.28 572 9.23 501 8.17 430 7.13 360 6.07 290
11.28 641 10.26 571 9.22 500 8.16 429 7.11 359 6.06 289
11.27 640 10.25 570 9.20 499 8.15 428 7.10 358 6.04 288
11.25 639 10.23 569 9.19 498 8.13 427 7.08 357 6.02 287
11.24 638 10.22 568 9.17 497 8.12 426 7.07 356 6.01 286
11.22 637 10.20 567 9.16 496 8.10 425 7.06 355 5.99 285
11.21 636 10.18 566 9.14 495 8.09 424 7.04 354 5.98 284
11.19 635 10.17 565 9.12 494 8.07 423 7.03 353 5.97 283
11.18 634 10.15 564 9.11 493 8.06 422 7.01 352 5.96 282
11.16 633 10.14 563 9.09 492 8.04 421 7.00 351 5.94 281
11.15 632 10.12 562 9.08 491 8.03 420 6.98 350 5.92 280
11.14 631 10.11 561 9.06 490 8.01 419 6.97 349 5.91 279
11.13 630 10.09 560 9.05 489 8.00 418 6.95 348 5.89 278
11.11 629 10.08 559 9.03 488 7.98 417 6.93 347 5.88 277
11.10 628 10.06 558 9.02 487 7.96 416 6.92 346 5.86 276
11.08 627 10.04 556 9.00 486 7.95 415 6.90 345 5.85 275
11.07 626 10.03 555 8.99 485 7.93 414 6.89 344 5.83 274
11.05 625 10.01 554 8.97 484 7.92 413 6.87 343 5.81 273
11.04 624 10.00 553 8.95 482 7.90 412 6.86 342 5.80 272
11.02 623 9.98 552 8.94 481 7.89 411 6.84 341 5.78 271
11.01 622 9.97 551 8.92 480 7.88 410 6.82 340 5.77 270
10.99 621 9.95 550 8.90 479 7.87 409 6.81 339 5.75 269
10.98 620 9.94 549 8.89 478 7.85 408 6.80 338 5.74 268
10.96 619 9.92 548 8.87 477 7.84 407 6.79 337 5.72 267
10.94 618 9.91 547 8.86 476 7.82 406 6.77 336 5.71 266
10.93 617 9.89 546 8.84 475 7.80 405 6.76 335 5.70 265
10.91 616 9.87 545 8.83 474 7.79 404 6.74 334 5.68 264
10.90 615 9.86 544 8.81 473 7.77 403 6.73 333 5.67 263
10.88 614 9.84 543 8.80 472 7.76 402 6.71 332 5.65 262
10.87 613 9.83 542 8.78 471 7.74 401 6.69 331 5.63 261
10.86 612 9.81 541 8.77 470 7.73 400 6.68 330 5.62 260
10.85 611 9.80 540 8.75 469 7.71 399 6.66 329 5.60 259
10.83 610 9.79 539 8.74 468 7.70 398 6.65 328 5.59 258
10.82 609 9.78 538 8.72 467 7.68 397 6.63 327 5.57 257
10.80 608 9.76 537 8.71 466 7.67 396 6.62 326 5.56 256
10.79 607 9.75 536 8.70 465 7.65 395 6.60 325 5.54 255
10.77 606 9.73 535 8.68 464 7.63 394 6.58 324 5.52 254
10.76 605 9.72 534 8.67 463 7.62 393 6.57 323 5.51 253
10.74 604 9.70 533 8.65 462 7.61 392 6.55 322 5.49 252
10.73 603 9.69 532 8.64 461 7.60 391 6.54 321 5.48 251
10.71 602 9.67 531 8.62 460 7.58 390 6.53 320 5.46 250
10.70 601 9.66 530 8.61 459 7.57 389 6.52 319 5.44 249
10.68 600 9.64 529 8.59 458 7.55 388 6.50 318 5.42 247
10.67 599 9.63 528 8.58 457 7.54 387 6.49 317 5.41 246
10.65 598 9.61 527 8.56 456 7.52 386 6.47 316 5.39 245
10.64 597 9.59 526 8.55 455 7.50 385 6.45 315 5.38 244
10.62 596 9.58 525 8.53 454 7.49 384 6.44 314 5.36 243
10.61 595 9.56 524 8.52 453 7.47 383 6.42 313 5.34 242
10.60 594 9.55 523 8.50 452 7.46 382 6.41 312 5.33 241
10.59 593 9.53 522 8.48 451 7.44 381 6.39 311 5.31 240
10.57 592 9.52 521 8.47 450 7.43 380 6.38 310 5.30 239
10.55 591 9.51 520 8.45 449 7.41 379 6.36 309 5.28 238
10.54 590 9.50 519 8.44 448 7.40 378 6.34 308 5.26 237
10.52 589 9.48 518 8.43 447 7.38 377 6.33 307 5.25 236
10.51 588 9.47 517 8.42 446 7.37 376 6.31 306 5.23 235
10.49 587 9.45 516 8.40 445 7.35 375 6.30 305 5.22 234
10.48 586 9.44 515 8.39 444 7.34 374 6.28 304 5.20 233
10.46 585 9.42 514 8.37 443 7.33 373 6.27 303 5.19 232
10.45 584 9.41 513 8.36 442 7.31 372 6.25 302 5.17 231
10.43 583 9.39 512 8.34 441 7.30 371 6.24 301 5.16 230
10.42 582 9.38 511 8.32 440 7.28 370 6.23 300 5.15 229
10.40 581 9.36 510 8.31 439 7.27 369 6.21 299 5.13 228
10.39 580 9.34 509 8.29 438 7.25 368 6.20 298 5.12 227
10.37 579 9.33 508 8.28 437 7.24 367 6.18 297 5.10 226
10.36 578 9.31 507 8.26 436 7.22 366 6.17 296 5.08 225
10.34 577 9.30 506 8.25 435 7.20 365 6.15 295 5.07 224
10.33 576 9.28 505 8.23 434 7.19 364 6.13 294 5.05 223
10.32 575 9.27 504 8.22 433 7.17 363 6.12 293 5.04 222
10.31 574 9.25 503 8.20 432 7.16 362 6.10 292 5.02 221
10.29 573 9.24 502 8.19 431 7.14 361 6.09 291 5.00 220
4.99 219 4.42 182 3.82 144 3.25 107 2.65 70 2.04 33
4.97 218 4.40 181 3.81 143 3.23 106 2.63 69 2.02 32
4.96 217 4.38 180 3.80 142 3.21 105 2.62 68 2.00 31
4.94 216 4.37 179 3.78 141 3.20 104 2.60 67 1.99 30
4.92 215 4.35 178 3.77 140 3.18 103 2.58 66 1.97 29
4.91 214 4.33 176 3.75 139 3.16 102 2.57 65 1.95 28
4.90 213 4.31 175 3.73 138 3.15 101 2.55 64 1.93 27
4.89 212 4.30 174 3.72 137 3.13 100 2.53 63 1.92 26
4.87 211 4.28 173 3.70 136 3.11 99 2.52 62 1.91 25
4.85 210 4.27 172 3.69 135 3.10 98 2.50 61 1.89 24
4.84 209 4.25 171 3.67 134 3.08 97 2.48 60 1.87 23
4.82 208 4.23 170 3.65 133 3.07 96 2.47 59 1.86 22
4.81 207 4.22 169 3.64 132 3.05 95 2.45 58 1.84 21
4.79 206 4.20 168 3.62 131 3.03 94 2.44 57 1.82 20
4.78 205 4.18 167 3.60 130 3.02 93 2.42 56 1.80 19
4.76 204 4.17 166 3.59 129 3.00 92 2.41 55 1.78 18
4.74 203 4.15 165 3.57 128 2.99 91 2.39 54 1.77 17
4.73 202 4.14 164 3.56 127 2.98 90 2.37 53 1.75 16
4.71 201 4.12 163 3.54 126 2.96 89 2.36 52 1.73 15
4.70 200 4.10 162 3.53 125 2.94 88 2.34 51 1.71 14
4.68 199 4.09 161 3.52 124 2.93 87 2.32 50 1.69 13
4.66 198 4.08 160 3.50 123 2.91 86 2.31 49 1.68 12
4.65 197 4.07 159 3.48 122 2.89 85 2.29 48 1.66 11
4.63 196 4.05 158 3.47 121 2.88 84 2.27 47 1.64 10
4.62 195 4.03 157 3.45 120 2.86 83 2.25 46 1.63 9
4.61 194 4.02 156 3.43 119 2.84 82 2.24 45 1.61 8
4.59 193 4.00 155 3.42 118 2.83 81 2.22 44 1.59 7
4.58 192 3.98 154 3.40 117 2.81 80 2.20 43 1.57 6
4.56 191 3.97 153 3.39 116 2.79 79 2.19 42 1.56 5
4.54 190 3.95 152 3.37 115 2.78 78 2.18 41 1.54 4
4.53 189 3.94 151 3.35 114 2.76 77 2.16 40 1.52 3
4.51 188 3.92 150 3.34 113 2.74 76 2.14 39 1.50 2
4.50 187 3.90 149 3.32 112 2.73 75 2.13 38 1.49 1
4.48 186 3.89 148 3.30 111 2.72 74 2.11 37
4.46 185 3.87 147 3.29 110 2.70 73 2.09 36
4.45 184 3.85 146 3.27 109 2.68 72 2.07 35
4.43 183 3.84 145 3.26 108 2.67 71 2.06 34
