21.99 1500 21.03 1427 20.09 1355 19.12 1282 18.16 1209 17.17 1134
21.98 1499 21.01 1426 20.07 1354 19.11 1281 18.14 1208 17.15 1133
21.96 1498 21.00 1425 20.06 1353 19.10 1280 18.13 1207 17.14 1132
21.95 1497 20.99 1424 20.04 1352 19.09 1279 18.12 1206 17.12 1131
21.93 1496 20.98 1423 20.03 1351 19.07 1278 18.10 1205 17.11 1130
21.92 1495 20.97 1422 20.01 1350 19.06 1277 18.08 1203 17.10 1129
21.91 1494 20.95 1421 20.00 1349 19.04 1276 18.07 1202 17.09 1128
21.90 1493 20.94 1420 19.98 1347 19.03 1275 18.05 1201 17.07 1127
21.88 1492 20.92 1419 19.97 1346 19.01 1274 18.04 1200 17.06 1126
21.87 1491 20.91 1418 19.95 1345 19.00 1273 18.02 1199 17.04 1125
21.86 1490 20.90 1417 19.94 1344 18.99 1272 18.01 1198 17.03 1124
21.84 1489 20.89 1416 19.92 1343 18.98 1271 18.00 1197 17.01 1123
21.83 1488 20.87 1415 19.91 1342 18.96 1270 17.99 1196 17.00 1122
21.82 1487 20.86 1414 19.90 1341 18.95 1269 17.97 1195 16.99 1121
21.81 1486 20.84 1413 19.89 1340 18.93 1268 17.96 1194 16.98 1120
21.79 1485 20.83 1412 19.87 1339 18.92 1267 17.94 1193 16.97 1119
21.78 1484 20.82 1411 19.86 1338 18.91 1266 17.93 1192 16.95 1118
21.76 1483 20.81 1410 19.84 1337 18.90 1265 17.91 1191 16.94 1117
21.75 1482 20.80 1409 19.83 1336 18.89 1264 17.90 1189 16.92 1116
21.73 1481 20.78 1408 19.82 1335 18.87 1263 17.88 1188 16.91 1115
21.72 1479 20.77 1407 19.81 1334 18.86 1262 17.87 1187 16.90 1114
21.70 1478 20.75 1406 19.80 1333 18.84 1261 17.85 1186 16.89 1113
21.69 1477 20.74 1405 19.78 1332 18.83 1260 17.84 1185 16.87 1112
21.67 1476 20.73 1404 19.77 1331 18.82 1259 17.82 1184 16.86 1111
21.66 1475 20.72 1403 19.75 1330 18.81 1258 17.80 1182 16.84 1110
21.64 1474 20.70 1402 19.74 1329 18.79 1257 17.79 1181 16.83 1109
21.62 1472 20.69 1401 19.73 1328 18.78 1256 17.77 1180 16.82 1108
21.61 1471 20.67 1400 19.72 1327 18.76 1255 17.76 1179 16.81 1107
21.59 1470 20.66 1399 19.70 1326 18.75 1254 17.74 1178 16.79 1106
21.58 1469 20.65 1398 19.69 1325 18.74 1253 17.73 1177 16.78 1105
21.57 1468 20.64 1397 19.67 1324 18.73 1252 17.72 1176 16.76 1104
21.55 1467 20.63 1396 19.66 1323 18.72 1251 17.71 1175 16.75 1103
21.53 1465 20.61 1395 19.65 1322 18.70 1250 17.69 1174 16.73 1102
21.52 1464 20.60 1394 19.64 1321 18.69 1249 17.68 1173 16.71 1100
21.50 1463 20.58 1393 19.63 1320 18.67 1248 17.67 1172 16.70 1099
21.49 1462 20.57 1392 19.61 1319 18.66 1247 17.65 1171 16.69 1098
21.47 1461 20.55 1391 19.60 1318 18.64 1246 17.64 1170 16.67 1097
21.46 1460 20.53 1389 19.58 1317 18.62 1244 17.63 1169 16.66 1096
21.45 1459 20.52 1388 19.57 1316 18.61 1243 17.62 1168 16.64 1095
21.44 1458 20.50 1387 19.55 1315 18.59 1242 17.60 1167 16.62 1093
21.43 1457 20.49 1386 19.53 1313 18.58 1241 17.59 1166 16.61 1092
21.41 1456 20.48 1385 19.52 1312 18.56 1240 17.57 1165 16.59 1091
21.40 1455 20.46 1384 19.50 1311 18.55 1239 17.56 1164 16.58 1090
21.38 1454 20.44 1382 19.49 1310 18.53 1237 17.55 1163 16.56 1089
21.37 1453 20.43 1381 19.48 1309 18.52 1236 17.54 1162 16.55 1088
21.36 1452 20.41 1380 19.46 1308 18.50 1235 17.52 1161 16.54 1087
21.35 1451 20.40 1379 19.44 1306 18.49 1234 17.51 1160 16.53 1086
21.33 1450 20.38 1378 19.43 1305 18.47 1233 17.49 1159 16.51 1085
21.32 1449 20.37 1377 19.41 1304 18.46 1232 17.48 1158 16.50 1084
21.30 1448 20.36 1376 19.40 1303 18.45 1231 17.46 1157 16.48 1083
21.29 1447 20.35 1375 19.38 1302 18.44 1230 17.45 1155 16.47 1082
21.28 1446 20.34 1374 19.37 1301 18.42 1229 17.43 1154 16.46 1081
21.27 1445 20.32 1373 19.36 1300 18.41 1228 17.42 1153 16.45 1080
21.26 1444 20.31 1372 19.35 1299 18.39 1227 17.40 1152 16.43 1079
21.24 1443 20.29 1371 19.33 1298 18.38 1226 17.39 1151 16.42 1078
21.23 1442 20.28 1370 19.32 1297 18.37 1225 17.37 1150 16.41 1077
21.21 1441 20.27 1369 19.30 1296 18.36 1224 17.35 1148 16.39 1076
21.20 1440 20.26 1368 19.29 1295 18.34 1223 17.34 1147 16.38 1075
21.19 1439 20.24 1367 19.28 1294 18.33 1222 17.32 1146 16.37 1074
21.18 1438 20.23 1366 19.27 1293 18.32 1221 17.31 1145 16.36 1073
21.16 1437 20.21 1365 19.26 1292 18.30 1220 17.29 1144 16.34 1072
21.15 1436 20.20 1364 19.24 1291 18.29 1219 17.28 1143 16.33 1071
21.13 1435 20.19 1363 19.23 1290 18.28 1218 17.27 1142 16.31 1070
21.12 1434 20.18 1362 19.21 1289 18.27 1217 17.26 1141 16.30 1069
21.11 1433 20.17 1361 19.20 1288 18.25 1216 17.24 1140 16.28 1068
21.10 1432 20.15 1360 19.19 1287 18.24 1215 17.23 1139 16.26 1066
21.09 1431 20.14 1359 19.18 1286 18.22 1214 17.22 1138 16.25 1065
21.07 1430 20.12 1358 19.16 1285 18.21 1213 17.20 1137 16.23 1064
21.06 1429 20.11 1357 19.15 1284 18.19 1212 17.19 1136 16.22 1063
21.04 1428 20.10 1356 19.13 1283 18.17 1210 17.18 1135 16.20 1062
16.19 1061 15.22 988 14.23 914 13.27 842 12.27 768 11.25 693
16.18 1060 15.20 987 14.21 913 13.25 841 12.25 767 11.23 692
16.17 1059 15.19 986 14.20 912 13.24 840 12.24 766 11.22 691
16.15 1058 15.18 985 14.19 911 13.22 839 12.22 765 11.20 690
16.14 1057 15.17 984 14.18 910 13.21 838 12.21 764 11.19 689
16.13 1056 15.15 983 14.16 909 13.19 837 12.19 763 11.18 688
16.11 1055 15.14 982 14.15 908 13.17 835 12.17 761 11.17 687
16.10 1054 15.12 981 14.13 907 13.16 834 12.16 760 11.15 686
16.09 1053 15.11 980 14.12 906 13.14 833 12.14 759 11.14 685
16.08 1052 15.10 979 14.11 905 13.13 832 12.13 758 11.12 684
16.06 1051 15.09 978 14.10 904 13.11 831 12.11 757 11.11 683
16.05 1050 15.08 977 14.09 903 13.10 830 12.10 756 11.10 682
16.03 1049 15.06 976 14.07 902 13.09 829 12.09 755 11.09 681
16.02 1048 15.05 975 14.06 901 13.08 828 12.08 754 11.07 680
16.00 1047 15.03 974 14.04 900 13.06 827 12.06 753 11.06 679
15.98 1045 15.02 973 14.03 899 13.05 826 12.05 752 11.04 678
15.97 1044 15.00 972 14.01 898 13.03 825 12.03 751 11.03 677
15.95 1043 14.98 970 14.00 897 13.02 824 12.02 750 11.01 676
15.94 1042 14.97 969 13.99 896 13.00 823 12.00 749 11.00 675
15.92 1041 14.95 968 13.98 895 12.98 821 11.98 747 10.99 674
15.91 1040 14.94 967 13.96 894 12.97 820 11.97 746 10.98 673
15.90 1039 14.92 966 13.95 893 12.95 819 11.95 745 10.96 672
15.89 1038 14.91 965 13.93 892 12.94 818 11.94 744 10.95 671
15.87 1037 14.90 964 13.92 891 12.92 817 11.92 743 10.93 670
15.86 1036 14.89 963 13.91 890 12.91 816 11.91 742 10.92 669
15.84 1035 14.87 962 13.90 889 12.90 815 11.90 741 10.91 668
15.83 1034 14.86 961 13.88 888 12.89 814 11.89 740 10.90 667
15.82 1033 14.84 960 13.87 887 12.87 813 11.87 739 10.88 666
15.81 1032 14.83 959 13.85 886 12.86 812 11.86 738 10.87 665
15.80 1031 14.82 958 13.84 885 12.84 811 11.84 737 10.85 664
15.78 1030 14.81 957 13.82 884 12.83 810 11.83 736 10.84 663
15.77 1029 14.79 956 13.80 882 12.82 809 11.82 735 10.82 662
15.75 1028 14.78 955 13.79 881 12.81 808 11.81 734 10.80 660
15.74 1027 14.76 954 13.77 880 12.79 807 11.79 733 10.79 659
15.73 1026 14.75 953 13.76 879 12.78 806 11.78 732 10.77 658
15.72 1025 14.73 952 13.74 878 12.76 805 11.76 731 10.76 657
15.70 1024 14.71 950 13.73 877 12.75 804 11.75 730 10.74 656
15.69 1023 14.70 949 13.72 876 12.73 803 11.73 729 10.73 655
15.67 1022 14.68 948 13.71 875 12.71 801 11.71 727 10.72 654
15.66 1021 14.67 947 13.69 874 12.70 800 11.70 726 10.70 653
15.64 1020 14.65 946 13.68 873 12.68 799 11.68 725 10.69 652
15.62 1018 14.64 945 13.66 872 12.67 798 11.67 724 10.67 651
15.61 1017 14.62 943 13.65 871 12.65 797 11.65 723 10.66 650
15.59 1016 14.61 942 13.64 870 12.64 796 11.64 722 10.64 649
15.58 1015 14.59 941 13.63 869 12.63 795 11.63 721 10.62 647
15.56 1014 14.58 940 13.61 868 12.62 794 11.62 720 10.61 646
15.55 1013 14.56 939 13.60 867 12.60 793 11.60 719 10.59 645
15.54 1012 14.55 938 13.58 866 12.59 792 11.59 718 10.58 644
15.53 1011 14.54 937 13.57 865 12.57 791 11.57 717 10.56 643
15.51 1010 14.53 936 13.55 864 12.56 790 11.56 716 10.55 642
15.50 1009 14.51 935 13.53 862 12.55 789 11.55 715 10.54 641
15.48 1008 14.50 934 13.52 861 12.54 788 11.54 714 10.53 640
15.47 1007 14.48 933 13.50 860 12.52 787 11.52 713 10.51 639
15.46 1006 14.47 932 13.49 859 12.51 786 11.51 712 10.50 638
15.45 1005 14.46 931 13.47 858 12.49 785 11.49 711 10.48 637
15.44 1004 14.45 930 13.46 857 12.48 784 11.48 710 10.47 636
15.42 1003 14.43 929 13.45 856 12.46 783 11.46 709 10.46 635
15.41 1002 14.42 928 13.44 855 12.44 781 11.44 707 10.45 634
15.39 1001 14.40 927 13.42 854 12.43 780 11.42 706 10.43 633
15.38 1000 14.39 926 13.41 853 12.41 779 11.41 705 10.42 632
15.37 999 14.37 925 13.39 852 12.40 778 11.39 704 10.40 631
15.36 998 14.35 923 13.38 851 12.38 777 11.38 703 10.39 630
15.34 997 14.34 922 13.37 850 12.37 776 11.37 702 10.37 629
15.33 996 14.32 921 13.36 849 12.36 775 11.36 701 10.35 627
15.31 995 14.31 920 13.34 848 12.35 774 11.34 700 10.34 626
15.30 994 14.29 919 13.33 847 12.33 773 11.33 699 10.32 625
15.28 993 14.28 918 13.32 846 12.32 772 11.31 698 10.31 624
15.26 991 14.27 917 13.30 845 12.30 771 11.30 697 10.29 623
15.25 990 14.26 916 13.29 844 12.29 770 11.28 696 10.28 622
15.23 989 14.24 915 13.28 843 12.28 769 11.26 694 10.27 621
10.26 620 9.22 545 8.18 469 7.18 397 6.11 321 5.09 249
10.24 619 9.21 544 8.17 468 7.17 396 6.10 320 5.08 248
10.22 618 9.19 543 8.15 467 7.15 395 6.09 319 5.06 247
10.21 617 9.17 541 8.14 466 7.13 394 6.07 318 5.05 246
10.19 616 9.16 540 8.12 465 7.12 393 6.06 317 5.03 245
10.17 614 9.14 539 8.10 464 7.10 392 6.04 316 5.02 244
10.16 613 9.13 538 8.08 462 7.08 390 6.02 315 5.00 243
10.14 612 9.11 537 8.07 461 7.07 389 6.01 314 4.99 242
10.13 611 9.10 536 8.05 460 7.05 388 6.00 313 4.98 241
10.11 610 9.09 535 8.04 459 7.04 387 5.99 312 4.96 240
10.10 609 9.08 534 8.02 458 7.02 386 5.97 311 4.95 239
10.09 608 9.06 533 8.01 457 7.00 385 5.96 310 4.93 238
10.08 607 9.05 532 8.00 456 6.98 383 5.94 309 4.91 237
10.06 606 9.03 531 7.99 455 6.97 382 5.92 308 4.89 235
10.05 605 9.02 530 7.97 454 6.95 381 5.91 307 4.88 234
10.03 604 9.00 529 7.96 453 6.94 380 5.90 306 4.86 233
10.02 603 8.98 527 7.94 452 6.92 379 5.89 305 4.85 232
10.00 602 8.96 526 7.92 451 6.91 378 5.87 304 4.83 231
9.98 600 8.95 525 7.91 450 6.90 377 5.86 303 4.82 230
9.97 599 8.93 524 7.90 449 6.89 376 5.84 302 4.81 229
9.95 598 8.92 523 7.89 448 6.87 375 5.82 301 4.79 228
9.94 597 8.91 522 7.87 447 6.85 374 5.80 299 4.78 227
9.92 596 8.90 521 7.86 446 6.84 373 5.79 298 4.76 226
9.91 595 8.88 520 7.84 445 6.82 372 5.77 297 4.74 225
9.90 594 8.87 519 7.83 444 6.80 370 5.76 296 4.73 224
9.89 593 8.85 518 7.82 443 6.79 369 5.74 295 4.72 223
9.87 592 8.84 517 7.81 442 6.77 368 5.73 294 4.71 222
9.85 591 8.82 516 7.79 441 6.76 367 5.72 293 4.69 221
9.84 590 8.80 514 7.77 440 6.74 366 5.70 292 4.67 220
9.82 589 8.79 513 7.76 439 6.73 365 5.69 291 4.66 219
9.80 587 8.77 512 7.74 438 6.72 364 5.67 290 4.64 218
9.79 586 8.76 511 7.73 437 6.70 363 5.66 289 4.62 216
9.77 585 8.74 510 7.72 436 6.69 362 5.64 288 4.60 215
9.76 584 8.73 509 7.71 435 6.67 361 5.63 287 4.59 214
9.74 583 8.72 508 7.69 434 6.66 360 5.62 286 4.57 213
9.73 582 8.70 507 7.68 433 6.64 359 5.60 285 4.56 212
9.72 581 8.69 506 7.66 432 6.62 357 5.59 284 4.55 211
9.71 580 8.67 505 7.65 431 6.60 356 5.57 283 4.53 210
9.69 579 8.66 504 7.64 430 6.59 355 5.56 282 4.52 209
9.68 578 8.64 503 7.63 429 6.57 354 5.55 281 4.50 208
9.66 577 8.62 501 7.61 428 6.56 353 5.53 280 4.49 207
9.65 576 8.61 500 7.59 427 6.55 352 5.52 279 4.47 206
9.64 575 8.59 499 7.58 426 6.54 351 5.50 278 4.46 205
9.63 574 8.58 498 7.56 425 6.52 350 5.49 277 4.45 204
9.61 573 8.56 497 7.55 424 6.51 349 5.47 276 4.43 203
9.60 572 8.55 496 7.54 423 6.49 348 5.46 275 4.42 202
9.58 571 8.54 495 7.53 422 6.47 347 5.45 274 4.40 201
9.57 570 8.52 494 7.51 421 6.46 346 5.43 273 4.39 200
9.55 569 8.51 493 7.50 420 6.45 345 5.42 272 4.37 199
9.53 567 8.49 492 7.48 419 6.44 344 5.40 271 4.36 198
9.51 566 8.48 491 7.47 418 6.42 343 5.39 270 4.35 197
9.50 565 8.46 490 7.46 417 6.41 342 5.37 269 4.33 196
9.48 564 8.44 488 7.44 416 6.39 341 5.35 267 4.32 195
9.47 563 8.43 487 7.43 415 6.37 340 5.33 266 4.30 194
9.46 562 8.41 486 7.41 414 6.35 338 5.32 265 4.28 193
9.45 561 8.40 485 7.40 413 6.34 337 5.30 264 4.26 191
9.43 560 8.38 484 7.38 412 6.32 336 5.29 263 4.24 190
9.42 559 8.37 483 7.37 411 6.31 335 5.28 262 4.23 189
9.40 558 8.36 482 7.36 410 6.29 334 5.26 261 4.21 188
9.39 557 8.35 481 7.35 409 6.28 333 5.25 260 4.20 187
9.37 556 8.33 480 7.33 408 6.27 332 5.23 259 4.19 186
9.35 554 8.31 479 7.32 407 6.25 331 5.22 258 4.17 185
9.34 553 8.30 478 7.30 406 6.24 330 5.20 257 4.16 184
9.32 552 8.28 477 7.28 405 6.22 329 5.19 256 4.14 183
9.31 551 8.26 475 7.26 403 6.21 328 5.18 255 4.13 182
9.29 550 8.25 474 7.25 402 6.19 327 5.16 254 4.11 181
9.28 549 8.23 473 7.23 401 6.17 325 5.15 253 4.10 180
9.27 548 8.22 472 7.22 400 6.15 324 5.13 252 4.09 179
9.26 547 8.20 471 7.20 399 6.14 323 5.12 251 4.07 178
9.24 546 8.19 470 7.19 398 6.12 322 5.10 250 4.06 177
4.04 176 3.60 146 3.18 117 2.74 88 2.31 59 1.84 29
4.02 175 3.59 145 3.17 116 2.73 87 2.29 58 1.82 28
4.01 174 3.57 144 3.15 115 2.72 86 2.28 57 1.81 27
4.00 173 3.56 143 3.13 114 2.70 85 2.26 56 1.80 26
3.99 172 3.55 142 3.12 113 2.69 84 2.25 55 1.78 25
3.97 171 3.53 141 3.10 112 2.67 83 2.23 54 1.76 24
3.95 170 3.52 140 3.09 111 2.65 82 2.21 53 1.74 23
3.94 169 3.50 139 3.08 110 2.64 81 2.20 52 1.73 22
3.92 168 3.48 138 3.06 109 2.63 80 2.19 51 1.72 21
3.91 167 3.47 137 3.04 108 2.61 79 2.17 50 1.70 20
3.90 166 3.46 136 3.03 107 2.60 78 2.16 49 1.68 19
3.88 165 3.45 135 3.01 106 2.58 77 2.14 48 1.66 18
3.87 164 3.43 134 3.00 105 2.56 76 2.12 47 1.65 17
3.85 163 3.41 133 2.99 104 2.55 75 2.10 46 1.64 16
3.83 162 3.40 132 2.97 103 2.54 74 2.08 44 1.62 15
3.82 161 3.38 131 2.95 102 2.52 73 2.06 43 1.60 14
3.81 160 3.37 130 2.94 101 2.50 72 2.05 42 1.58 13
3.80 159 3.36 129 2.92 100 2.49 71 2.03 41 1.57 12
3.78 158 3.34 128 2.91 99 2.47 70 2.01 40 1.55 11
3.76 157 3.33 127 2.90 98 2.46 69 2.00 39 1.54 10
3.75 156 3.31 126 2.88 97 2.45 68 1.99 38 1.52 9
3.73 155 3.29 125 2.87 96 2.43 67 1.97 37 1.50 8
3.72 154 3.28 124 2.85 95 2.41 66 1.95 36 1.48 7
3.71 153 3.27 123 2.83 94 2.40 65 1.93 35 1.46 6
3.69 152 3.25 122 2.82 93 2.38 64 1.92 34 1.44 4
3.68 151 3.24 121 2.81 92 2.37 63 1.91 33 1.42 3
3.66 150 3.22 120 2.79 91 2.36 62 1.89 32 1.40 2
3.64 149 3.20 119 2.78 90 2.34 61 1.87 31 1.39 1
3.62 147 3.19 118 2.76 89 2.32 60 1.86 30
