20.44 1500 19.51 1424 18.58 1348 17.64 1271 16.67 1192 15.70 1114
20.43 1499 19.50 1423 18.57 1347 17.62 1270 16.65 1191 15.68 1112
20.41 1498 19.49 1422 18.56 1346 17.61 1269 16.64 1190 15.67 1111
20.40 1497 19.47 1421 18.54 1345 17.60 1268 16.63 1189 15.65 1110
20.39 1496 19.46 1420 18.53 1344 17.59 1267 16.62 1188 15.63 1108
20.38 1495 19.45 1419 18.52 1343 17.58 1266 16.61 1187 15.62 1107
20.36 1494 19.44 1418 18.51 1342 17.56 1265 16.59 1186 15.60 1106
20.35 1493 19.42 1417 18.49 1341 17.54 1263 16.58 1185 15.58 1104
20.33 1492 19.41 1416 18.48 1340 17.53 1262 16.57 1184 15.57 1103
20.32 1490 19.40 1415 18.47 1339 17.51 1261 16.56 1183 15.55 1102
20.30 1489 19.39 1414 18.46 1338 17.50 1260 16.54 1182 15.53 1100
20.29 1488 19.37 1413 18.44 1337 17.49 1259 16.53 1181 15.52 1099
20.28 1487 19.36 1412 18.43 1336 17.48 1258 16.52 1180 15.51 1098
20.27 1486 19.35 1411 18.41 1334 17.46 1257 16.51 1179 15.50 1097
20.25 1485 19.34 1410 18.40 1333 17.45 1256 16.49 1178 15.49 1096
20.24 1484 19.33 1409 18.38 1332 17.44 1255 16.48 1177 15.47 1095
20.23 1483 19.31 1408 18.36 1330 17.43 1254 16.47 1176 15.46 1094
20.22 1482 19.29 1406 18.35 1329 17.42 1253 16.46 1175 15.45 1093
20.20 1481 19.28 1405 18.33 1328 17.40 1252 16.44 1174 15.44 1092
20.19 1480 19.26 1404 18.31 1326 17.38 1250 16.43 1173 15.42 1091
20.18 1479 19.25 1403 18.30 1325 17.37 1249 16.42 1172 15.41 1090
20.17 1478 19.24 1402 18.28 1324 17.35 1248 16.41 1171 15.39 1089
20.16 1477 19.23 1401 18.27 1322 17.33 1246 16.40 1170 15.37 1087
20.14 1476 19.21 1400 18.25 1321 17.32 1245 16.38 1169 15.36 1086
20.13 1475 19.20 1399 18.24 1320 17.30 1244 16.37 1168 15.34 1085
20.12 1474 19.18 1397 18.22 1319 17.28 1242 16.36 1167 15.32 1083
20.11 1473 19.17 1396 18.20 1317 17.27 1241 16.35 1166 15.31 1082
20.09 1472 19.15 1395 18.19 1316 17.25 1240 16.33 1165 15.29 1081
20.08 1471 19.13 1393 18.17 1315 17.24 1238 16.32 1164 15.27 1079
20.07 1470 19.12 1392 18.15 1313 17.22 1237 16.31 1163 15.26 1078
20.06 1469 19.10 1391 18.14 1312 17.21 1236 16.30 1162 15.25 1077
20.05 1468 19.08 1389 18.12 1311 17.19 1235 16.28 1161 15.24 1076
20.03 1467 19.07 1388 18.11 1309 17.17 1233 16.27 1160 15.23 1075
20.01 1465 19.05 1387 18.09 1308 17.16 1232 16.26 1159 15.21 1074
20.00 1464 19.04 1385 18.08 1307 17.14 1231 16.25 1158 15.20 1073
19.98 1463 19.02 1384 18.07 1306 17.12 1229 16.23 1157 15.19 1072
19.97 1462 19.01 1383 18.06 1305 17.11 1228 16.22 1156 15.18 1071
19.96 1461 19.00 1382 18.04 1304 17.09 1227 16.20 1154 15.16 1070
19.95 1460 18.99 1381 18.03 1303 17.07 1225 16.19 1153 15.15 1069
19.93 1459 18.97 1380 18.02 1302 17.06 1224 16.17 1152 15.14 1068
19.92 1458 18.96 1379 18.01 1301 17.04 1223 16.15 1150 15.13 1067
19.90 1456 18.94 1378 17.99 1300 17.03 1221 16.14 1149 15.11 1066
19.89 1455 18.92 1376 17.98 1299 17.01 1220 16.12 1148 15.10 1065
19.87 1454 18.91 1375 17.97 1298 17.00 1219 16.11 1147 15.08 1064
19.85 1452 18.90 1374 17.96 1297 16.99 1218 16.10 1146 15.06 1062
19.84 1451 18.89 1373 17.94 1296 16.98 1217 16.09 1145 15.05 1061
19.82 1450 18.88 1372 17.93 1295 16.96 1216 16.07 1144 15.03 1060
19.80 1448 18.86 1371 17.92 1294 16.95 1215 16.06 1143 15.01 1058
19.79 1447 18.85 1370 17.91 1293 16.94 1214 16.05 1142 15.00 1057
19.77 1446 18.84 1369 17.90 1292 16.93 1213 16.04 1141 14.99 1056
19.76 1444 18.83 1368 17.88 1291 16.91 1212 16.02 1140 14.98 1055
19.74 1443 18.81 1367 17.87 1290 16.90 1211 16.01 1139 14.97 1054
19.73 1442 18.80 1366 17.86 1289 16.89 1210 15.99 1137 14.95 1053
19.72 1441 18.79 1365 17.85 1288 16.88 1209 15.98 1136 14.94 1052
19.71 1440 18.78 1364 17.83 1287 16.86 1208 15.96 1135 14.93 1051
19.69 1439 18.76 1363 17.82 1286 16.85 1207 15.94 1133 14.92 1050
19.68 1438 18.75 1362 17.81 1285 16.84 1206 15.93 1132 14.90 1049
19.67 1437 18.74 1361 17.80 1284 16.83 1205 15.91 1131 14.89 1048
19.66 1436 18.73 1360 17.78 1283 16.82 1204 15.89 1129 14.88 1047
19.64 1435 18.72 1359 17.77 1282 16.80 1203 15.88 1128 14.87 1046
19.63 1434 18.70 1358 17.76 1281 16.79 1202 15.86 1127 14.85 1045
19.62 1433 18.69 1357 17.75 1280 16.78 1201 15.84 1125 14.84 1044
19.61 1432 18.68 1356 17.74 1279 16.77 1200 15.83 1124 14.83 1043
19.60 1431 18.67 1355 17.72 1278 16.75 1199 15.81 1123 14.82 1042
19.58 1430 18.65 1354 17.71 1277 16.74 1198 15.79 1121 14.80 1041
19.57 1429 18.64 1353 17.70 1276 16.73 1197 15.78 1120 14.79 1040
19.56 1428 18.63 1352 17.69 1275 16.72 1196 15.77 1119 14.78 1039
19.55 1427 18.62 1351 17.67 1274 16.70 1195 15.75 1118 14.77 1038
19.53 1426 18.60 1350 17.66 1273 16.69 1194 15.73 1116 14.75 1037
19.52 1425 18.59 1349 17.65 1272 16.68 1193 15.72 1115 14.74 1036
14.72 1035 13.85 964 12.87 886 11.91 809 10.96 733 10.05 661
14.70 1033 13.84 963 12.85 884 11.90 808 10.95 732 10.04 660
14.69 1032 13.82 962 12.84 883 11.89 807 10.93 731 10.03 659
14.68 1031 13.81 961 12.82 882 11.88 806 10.92 730 10.01 658
14.67 1030 13.80 960 12.80 880 11.86 805 10.91 729 10.00 657
14.66 1029 13.79 959 12.79 879 11.85 804 10.90 728 9.99 656
14.64 1028 13.77 958 12.77 878 11.84 803 10.88 727 9.98 655
14.63 1027 13.76 957 12.75 876 11.83 802 10.87 726 9.96 654
14.62 1026 13.75 956 12.74 875 11.81 801 10.86 725 9.94 653
14.61 1025 13.74 955 12.72 874 11.80 800 10.85 724 9.92 651
14.59 1024 13.72 954 12.70 872 11.79 799 10.83 723 9.91 650
14.58 1023 13.71 953 12.69 871 11.78 798 10.82 722 9.89 649
14.57 1022 13.70 952 12.67 870 11.76 797 10.81 721 9.87 647
14.56 1021 13.69 951 12.65 868 11.75 796 10.80 720 9.86 646
14.54 1020 13.67 950 12.64 867 11.74 795 10.78 719 9.84 645
14.53 1019 13.66 949 12.62 866 11.73 794 10.77 718 9.82 643
14.52 1018 13.64 948 12.61 865 11.71 793 10.76 717 9.81 642
14.51 1017 13.62 946 12.60 864 11.70 792 10.75 716 9.79 641
14.49 1016 13.61 945 12.59 863 11.69 791 10.73 715 9.78 640
14.48 1015 13.60 944 12.57 862 11.68 790 10.72 714 9.77 639
14.47 1014 13.59 943 12.56 861 11.66 789 10.71 713 9.76 638
14.46 1013 13.58 942 12.55 860 11.65 788 10.70 712 9.74 637
14.44 1012 13.56 941 12.54 859 11.64 787 10.68 711 9.73 636
14.43 1011 13.55 940 12.52 858 11.63 786 10.67 710 9.72 635
14.42 1010 13.54 939 12.51 857 11.61 785 10.66 709 9.71 634
14.41 1009 13.53 938 12.50 856 11.60 784 10.65 708 9.69 633
14.39 1008 13.51 937 12.49 855 11.59 783 10.63 707 9.68 632
14.38 1007 13.50 936 12.47 854 11.58 782 10.61 706 9.67 631
14.37 1006 13.49 935 12.46 853 11.56 781 10.59 704 9.66 630
14.36 1005 13.48 934 12.45 852 11.55 780 10.58 703 9.64 629
14.35 1004 13.46 933 12.44 851 11.53 779 10.56 702 9.63 628
14.33 1003 13.45 932 12.42 850 11.51 777 10.54 700 9.62 627
14.32 1002 13.44 931 12.41 849 11.50 776 10.53 699 9.61 626
14.31 1001 13.43 930 12.40 848 11.48 775 10.51 698 9.59 625
14.30 1000 13.41 929 12.39 847 11.46 773 10.50 697 9.58 624
14.28 999 13.40 928 12.38 846 11.45 772 10.49 696 9.57 623
14.27 998 13.39 927 12.36 845 11.43 771 10.48 695 9.56 622
14.26 997 13.38 926 12.34 843 11.41 769 10.46 694 9.54 621
14.25 996 13.36 925 12.33 842 11.40 768 10.45 693 9.53 620
14.23 995 13.35 924 12.31 841 11.38 767 10.44 692 9.52 619
14.22 994 13.33 923 12.29 839 11.36 765 10.43 691 9.50 618
14.21 993 13.31 921 12.28 838 11.35 764 10.41 690 9.49 617
14.20 992 13.30 920 12.26 837 11.33 763 10.40 689 9.47 616
14.18 991 13.28 919 12.25 836 11.31 761 10.39 688 9.45 614
14.17 990 13.26 917 12.24 835 11.30 760 10.38 687 9.44 613
14.16 989 13.25 916 12.23 834 11.28 759 10.36 686 9.42 612
14.15 988 13.23 915 12.21 833 11.26 757 10.35 685 9.40 610
14.13 987 13.21 913 12.20 832 11.25 756 10.34 684 9.39 609
14.12 986 13.20 912 12.19 831 11.23 755 10.33 683 9.37 608
14.11 985 13.18 911 12.18 830 11.22 754 10.31 682 9.35 606
14.10 984 13.16 909 12.16 829 11.21 753 10.30 681 9.34 605
14.08 983 13.15 908 12.15 828 11.20 752 10.29 680 9.32 604
14.07 982 13.13 907 12.14 827 11.18 751 10.28 679 9.30 602
14.06 981 13.12 905 12.13 826 11.17 750 10.26 678 9.29 601
14.05 980 13.10 904 12.11 825 11.16 749 10.25 677 9.27 600
14.03 979 13.09 903 12.10 824 11.15 748 10.24 676 9.25 598
14.02 978 13.08 902 12.09 823 11.13 747 10.23 675 9.24 597
14.01 977 13.07 901 12.08 822 11.12 746 10.21 674 9.22 596
14.00 976 13.05 900 12.06 821 11.11 745 10.20 673 9.20 594
13.99 975 13.04 899 12.05 820 11.10 744 10.19 672 9.19 593
13.97 974 13.03 898 12.04 819 11.08 743 10.18 671 9.17 592
13.96 973 13.02 897 12.03 818 11.07 742 10.16 670 9.16 591
13.95 972 13.00 896 12.01 817 11.06 741 10.15 669 9.15 590
13.94 971 12.99 895 12.00 816 11.05 740 10.14 668 9.13 589
13.92 970 12.97 894 11.99 815 11.03 739 10.13 667 9.12 588
13.91 969 12.95 892 11.98 814 11.02 738 10.11 666 9.11 587
13.90 968 12.94 891 11.96 813 11.01 737 10.10 665 9.10 586
13.89 967 12.92 890 11.95 812 11.00 736 10.09 664 9.08 585
13.87 966 12.90 888 11.94 811 10.98 735 10.08 663 9.07 584
13.86 965 12.89 887 11.93 810 10.97 734 10.06 662 9.06 583
9.05 582 8.13 510 7.12 432 6.18 359 5.17 282 4.20 209
9.03 581 8.11 509 7.11 431 6.17 358 5.15 281 4.18 208
9.02 580 8.10 508 7.10 430 6.15 357 5.14 280 4.17 207
9.01 579 8.09 507 7.09 429 6.13 356 5.13 279 4.16 206
9.00 578 8.08 506 7.07 428 6.11 354 5.11 278 4.15 205
8.98 577 8.06 505 7.06 427 6.10 353 5.10 277 4.13 204
8.97 576 8.05 504 7.05 426 6.08 352 5.09 276 4.12 203
8.96 575 8.03 503 7.03 425 6.06 350 5.08 275 4.11 202
8.95 574 8.01 501 7.02 424 6.05 349 5.06 274 4.09 201
8.93 573 8.00 500 7.00 423 6.03 348 5.05 273 4.08 200
8.92 572 7.98 499 6.98 421 6.02 347 5.04 272 4.07 199
8.91 571 7.96 497 6.97 420 6.01 346 5.02 271 4.05 198
8.90 570 7.95 496 6.95 419 5.99 345 5.01 270 4.04 197
8.88 569 7.93 495 6.93 417 5.98 344 5.00 269 4.02 196
8.87 568 7.92 494 6.91 416 5.97 343 4.99 268 4.00 194
8.86 567 7.91 493 6.90 415 5.96 342 4.97 267 3.98 193
8.84 566 7.89 492 6.89 414 5.94 341 4.95 266 3.97 192
8.83 565 7.88 491 6.88 413 5.92 340 4.93 264 3.96 191
8.81 564 7.87 490 6.86 412 5.90 338 4.92 263 3.94 190
8.79 562 7.86 489 6.85 411 5.89 337 4.90 262 3.93 189
8.78 561 7.84 488 6.84 410 5.87 336 4.89 261 3.92 188
8.76 560 7.83 487 6.83 409 5.85 334 4.88 260 3.91 187
8.75 559 7.82 486 6.81 408 5.84 333 4.86 259 3.89 186
8.74 558 7.81 485 6.80 407 5.82 332 4.85 258 3.87 185
8.73 557 7.79 484 6.79 406 5.81 331 4.84 257 3.85 183
8.71 556 7.78 483 6.77 405 5.80 330 4.83 256 3.84 182
8.70 555 7.77 482 6.76 404 5.78 329 4.81 255 3.82 181
8.69 554 7.76 481 6.75 403 5.77 328 4.79 254 3.81 180
8.68 553 7.74 480 6.74 402 5.76 327 4.77 252 3.80 179
8.66 552 7.73 479 6.72 401 5.75 326 4.76 251 3.78 178
8.65 551 7.72 478 6.71 400 5.73 325 4.74 250 3.77 177
8.64 550 7.70 477 6.70 399 5.72 324 4.73 249 3.76 176
8.63 549 7.69 476 6.69 398 5.71 323 4.72 248 3.74 175
8.61 548 7.67 475 6.67 397 5.69 322 4.70 247 3.73 174
8.60 547 7.65 473 6.66 396 5.68 321 4.69 246 3.71 173
8.59 546 7.64 472 6.64 395 5.67 320 4.68 245 3.69 171
8.57 545 7.62 471 6.63 394 5.66 319 4.67 244 3.67 170
8.56 544 7.60 469 6.62 393 5.64 318 4.65 243 3.66 169
8.55 543 7.59 468 6.60 392 5.63 317 4.64 242 3.65 168
8.54 542 7.57 467 6.59 391 5.61 316 4.63 241 3.63 167
8.52 541 7.55 465 6.58 390 5.60 315 4.61 240 3.62 166
8.51 540 7.53 464 6.57 389 5.59 314 4.60 239 3.61 165
8.50 539 7.52 463 6.55 388 5.57 313 4.59 238 3.60 164
8.49 538 7.51 462 6.54 387 5.56 312 4.57 237 3.58 163
8.47 537 7.50 461 6.53 386 5.55 311 4.56 236 3.56 162
8.46 536 7.48 460 6.51 385 5.54 310 4.54 235 3.54 160
8.45 535 7.47 459 6.50 384 5.52 309 4.53 234 3.53 159
8.44 534 7.46 458 6.49 383 5.51 308 4.52 233 3.51 158
8.42 533 7.45 457 6.48 382 5.50 307 4.51 232 3.50 157
8.41 532 7.43 456 6.46 381 5.48 306 4.49 231 3.49 156
8.39 531 7.42 455 6.45 380 5.47 305 4.48 230 3.47 155
8.37 529 7.41 454 6.44 379 5.46 304 4.47 229 3.45 154
8.36 528 7.40 453 6.43 378 5.45 303 4.45 228 3.43 152
8.34 527 7.38 452 6.41 377 5.43 302 4.44 227 3.42 151
8.33 526 7.36 451 6.40 376 5.41 301 4.43 226 3.40 150
8.32 525 7.34 449 6.39 375 5.39 299 4.41 225 3.39 149
8.30 524 7.33 448 6.37 374 5.38 298 4.40 224 3.38 148
8.29 523 7.31 447 6.36 373 5.36 297 4.38 223 3.36 147
8.28 522 7.29 445 6.34 372 5.34 295 4.36 221 3.35 146
8.27 521 7.28 444 6.32 370 5.32 294 4.34 220 3.34 145
8.25 520 7.26 443 6.31 369 5.31 293 4.33 219 3.32 144
8.24 519 7.24 441 6.29 368 5.30 292 4.32 218 3.31 143
8.23 518 7.22 440 6.28 367 5.29 291 4.31 217 3.30 142
8.22 517 7.21 439 6.27 366 5.27 290 4.29 216 3.28 141
8.20 516 7.20 438 6.25 365 5.26 289 4.28 215 3.27 140
8.19 515 7.19 437 6.24 364 5.25 288 4.27 214 3.25 139
8.18 514 7.17 436 6.23 363 5.23 287 4.25 213 3.24 138
8.17 513 7.16 435 6.22 362 5.22 286 4.24 212 3.23 137
8.15 512 7.15 434 6.20 361 5.20 285 4.23 211 3.21 136
8.14 511 7.14 433 6.19 360 5.18 283 4.21 210 3.20 135
3.19 134 2.89 112 2.55 88 2.22 64 1.87 40 1.55 18
3.17 133 2.87 111 2.54 87 2.20 63 1.86 39 1.54 17
3.16 132 2.86 110 2.53 86 2.19 62 1.85 38 1.52 16
3.14 131 2.84 109 2.51 85 2.17 61 1.83 37 1.50 15
3.13 130 2.83 108 2.50 84 2.16 60 1.81 36 1.49 14
3.12 129 2.82 107 2.48 83 2.15 59 1.80 35 1.47 13
3.10 128 2.80 106 2.47 82 2.13 58 1.79 34 1.46 12
3.09 127 2.78 105 2.46 81 2.12 57 1.77 33 1.45 11
3.08 126 2.76 103 2.44 80 2.10 56 1.75 32 1.43 10
3.06 125 2.74 102 2.42 79 2.09 55 1.74 31 1.41 9
3.05 124 2.73 101 2.40 77 2.07 54 1.73 30 1.39 8
3.04 123 2.72 100 2.38 76 2.06 53 1.71 29 1.38 7
3.02 122 2.70 99 2.37 75 2.05 52 1.70 28 1.36 6
3.01 121 2.69 98 2.36 74 2.03 51 1.68 27 1.35 5
2.99 120 2.68 97 2.34 73 2.01 50 1.67 26 1.34 4
2.98 119 2.67 96 2.32 72 1.99 48 1.65 25 1.32 3
2.97 118 2.65 95 2.30 70 1.97 47 1.64 24 1.30 2
2.95 117 2.63 94 2.28 69 1.96 46 1.62 23 1.29 1
2.94 116 2.61 92 2.27 68 1.95 45 1.61 22
2.93 115 2.59 91 2.26 67 1.93 44 1.60 21
2.91 114 2.58 90 2.24 66 1.91 43 1.58 20
2.90 113 2.57 89 2.23 65 1.89 41 1.56 19
