19.36 1500 18.45 1421 17.54 1343 16.63 1264 15.71 1185 14.81 1108
19.35 1499 18.44 1420 17.53 1342 16.61 1263 15.69 1184 14.80 1107
19.34 1498 18.42 1419 17.52 1341 16.59 1261 15.67 1182 14.78 1106
19.33 1497 18.40 1417 17.51 1340 16.58 1260 15.66 1181 14.77 1105
19.31 1496 18.39 1416 17.50 1339 16.57 1259 15.65 1180 14.76 1104
19.30 1495 18.38 1415 17.49 1338 16.56 1258 15.64 1179 14.75 1103
19.29 1494 18.37 1414 17.47 1337 16.54 1257 15.62 1178 14.73 1102
19.28 1493 18.35 1413 17.46 1336 16.52 1255 15.60 1176 14.71 1100
19.26 1492 18.34 1412 17.44 1334 16.51 1254 15.59 1175 14.70 1099
19.25 1490 18.33 1411 17.43 1333 16.50 1253 15.58 1174 14.68 1097
19.23 1489 18.32 1410 17.42 1332 16.49 1252 15.57 1173 14.67 1096
19.22 1488 18.31 1409 17.41 1331 16.48 1251 15.56 1172 14.66 1095
19.21 1487 18.30 1408 17.39 1330 16.46 1250 15.54 1171 14.65 1094
19.20 1486 18.29 1407 17.38 1329 16.44 1248 15.52 1169 14.63 1093
19.18 1485 18.27 1406 17.37 1328 16.43 1247 15.51 1168 14.62 1092
19.16 1483 18.26 1405 17.36 1327 16.42 1246 15.50 1167 14.61 1091
19.15 1482 18.25 1404 17.34 1326 16.41 1245 15.49 1166 14.60 1090
19.14 1481 18.24 1403 17.32 1324 16.39 1244 15.47 1165 14.58 1089
19.13 1480 18.23 1402 17.31 1323 16.38 1243 15.46 1164 14.56 1087
19.12 1479 18.22 1401 17.30 1322 16.37 1242 15.45 1163 14.55 1086
19.11 1478 18.20 1400 17.29 1321 16.36 1241 15.44 1162 14.54 1085
19.10 1477 18.19 1399 17.28 1320 16.35 1240 15.43 1161 14.53 1084
19.08 1476 18.17 1397 17.27 1319 16.34 1239 15.42 1160 14.51 1083
19.07 1475 18.16 1396 17.26 1318 16.33 1238 15.40 1159 14.50 1082
19.06 1474 18.15 1395 17.24 1317 16.31 1237 15.39 1158 14.49 1081
19.05 1473 18.14 1394 17.23 1316 16.29 1235 15.38 1157 14.48 1080
19.03 1472 18.12 1393 17.22 1315 16.28 1234 15.37 1156 14.47 1079
19.01 1470 18.11 1392 17.21 1314 16.27 1233 15.36 1155 14.46 1078
19.00 1469 18.10 1391 17.19 1313 16.26 1232 15.35 1154 14.45 1077
18.99 1468 18.09 1390 17.17 1311 16.24 1231 15.34 1153 14.43 1076
18.98 1467 18.07 1389 17.16 1310 16.23 1230 15.32 1152 14.41 1074
18.97 1466 18.05 1387 17.15 1309 16.22 1229 15.31 1151 14.40 1073
18.95 1465 18.04 1386 17.14 1308 16.21 1228 15.30 1150 14.39 1072
18.93 1463 18.03 1385 17.13 1307 16.19 1227 15.29 1149 14.38 1071
18.92 1462 18.02 1384 17.11 1306 16.17 1225 15.27 1148 14.36 1070
18.91 1461 18.01 1383 17.09 1304 16.16 1224 15.25 1146 14.35 1069
18.90 1460 18.00 1382 17.08 1303 16.15 1223 15.24 1145 14.34 1068
18.88 1459 17.99 1381 17.07 1302 16.14 1222 15.23 1144 14.33 1067
18.87 1457 17.97 1380 17.06 1301 16.13 1221 15.22 1143 14.31 1066
18.85 1456 17.96 1379 17.04 1300 16.12 1220 15.20 1142 14.29 1064
18.84 1455 17.95 1378 17.02 1298 16.11 1219 15.19 1141 14.28 1063
18.83 1454 17.94 1377 17.01 1297 16.09 1218 15.18 1140 14.27 1062
18.82 1453 17.92 1376 17.00 1296 16.08 1217 15.17 1139 14.26 1061
18.80 1452 17.91 1374 16.99 1295 16.07 1216 15.16 1138 14.24 1060
18.78 1450 17.89 1373 16.98 1294 16.06 1215 15.15 1137 14.22 1058
18.77 1449 17.88 1372 16.96 1293 16.04 1214 15.14 1136 14.21 1057
18.76 1448 17.87 1371 16.94 1291 16.02 1212 15.12 1135 14.20 1056
18.75 1447 17.86 1370 16.93 1290 16.01 1211 15.10 1133 14.19 1055
18.73 1446 17.84 1369 16.92 1289 16.00 1210 15.09 1132 14.18 1054
18.72 1445 17.82 1367 16.91 1288 15.99 1209 15.08 1131 14.16 1053
18.70 1443 17.81 1366 16.89 1287 15.97 1208 15.07 1130 14.14 1051
18.69 1442 17.80 1365 16.88 1286 15.96 1207 15.05 1129 14.13 1050
18.68 1441 17.79 1364 16.87 1285 15.94 1205 15.04 1128 14.12 1049
18.67 1440 17.77 1363 16.86 1284 15.93 1204 15.03 1127 14.11 1048
18.65 1439 17.76 1362 16.84 1283 15.92 1203 15.02 1126 14.09 1047
18.63 1437 17.74 1360 16.83 1281 15.91 1202 15.00 1125 14.08 1046
18.62 1436 17.73 1359 16.81 1280 15.89 1201 14.98 1123 14.07 1045
18.61 1435 17.72 1358 16.79 1278 15.87 1199 14.97 1122 14.06 1044
18.60 1434 17.71 1357 16.78 1277 15.86 1198 14.96 1121 14.04 1043
18.59 1433 17.69 1356 16.77 1276 15.85 1197 14.95 1120 14.02 1041
18.57 1432 17.67 1354 16.76 1275 15.84 1196 14.94 1119 14.01 1040
18.55 1430 17.66 1353 16.74 1274 15.82 1195 14.93 1118 14.00 1039
18.54 1429 17.65 1352 16.73 1273 15.81 1194 14.92 1117 13.99 1038
18.53 1428 17.64 1351 16.72 1272 15.80 1193 14.90 1116 13.97 1037
18.52 1427 17.62 1350 16.71 1271 15.79 1192 14.89 1115 13.95 1035
18.50 1426 17.61 1349 16.69 1270 15.77 1191 14.88 1114 13.94 1034
18.49 1425 17.59 1347 16.67 1268 15.76 1189 14.87 1113 13.93 1033
18.48 1424 17.58 1346 16.66 1267 15.74 1188 14.85 1112 13.92 1032
18.47 1423 17.57 1345 16.65 1266 15.73 1187 14.83 1110 13.91 1031
18.46 1422 17.56 1344 16.64 1265 15.72 1186 14.82 1109 13.89 1030
13.87 1028 12.95 950 12.03 872 11.11 794 10.18 716 9.25 639
13.86 1027 12.94 949 12.02 871 11.09 793 10.17 715 9.23 637
13.85 1026 12.93 948 12.01 870 11.07 791 10.16 714 9.22 636
13.84 1025 12.92 947 12.00 869 11.06 790 10.14 713 9.21 635
13.82 1024 12.90 946 11.98 868 11.05 789 10.13 712 9.20 634
13.81 1023 12.89 945 11.97 867 11.04 788 10.12 711 9.18 633
13.80 1022 12.87 943 11.96 866 11.02 787 10.11 710 9.17 632
13.79 1021 12.86 942 11.95 865 11.01 786 10.09 709 9.16 631
13.78 1020 12.85 941 11.93 864 11.00 785 10.07 707 9.15 630
13.77 1019 12.84 940 11.91 862 10.99 784 10.05 706 9.13 629
13.75 1018 12.82 939 11.90 861 10.98 783 10.03 704 9.11 627
13.74 1017 12.80 937 11.89 860 10.97 782 10.02 703 9.10 626
13.73 1016 12.79 936 11.88 859 10.95 781 10.01 702 9.09 625
13.72 1015 12.78 935 11.86 858 10.94 780 10.00 701 9.08 624
13.70 1014 12.77 934 11.84 856 10.93 779 9.98 700 9.06 623
13.68 1012 12.75 933 11.83 855 10.92 778 9.96 698 9.04 621
13.67 1011 12.74 932 11.82 854 10.90 777 9.95 697 9.03 620
13.66 1010 12.73 931 11.81 853 10.88 775 9.94 696 9.02 619
13.65 1009 12.72 930 11.79 852 10.87 774 9.93 695 9.00 618
13.63 1008 12.70 929 11.78 851 10.86 773 9.91 694 8.99 617
13.62 1007 12.68 927 11.77 850 10.85 772 9.90 693 8.98 616
13.60 1005 12.67 926 11.76 849 10.83 771 9.89 692 8.97 615
13.59 1004 12.66 925 11.74 848 10.82 770 9.88 691 8.95 614
13.58 1003 12.65 924 11.73 846 10.81 769 9.86 690 8.94 613
13.57 1002 12.63 923 11.71 845 10.80 768 9.84 688 8.93 612
13.55 1001 12.62 922 11.70 844 10.78 767 9.83 687 8.92 611
13.53 999 12.61 921 11.69 843 10.76 765 9.82 686 8.90 610
13.52 998 12.60 920 11.68 842 10.75 764 9.81 685 8.88 608
13.51 997 12.59 919 11.67 841 10.74 763 9.79 684 8.87 607
13.50 996 12.58 918 11.66 840 10.73 762 9.77 682 8.86 606
13.48 995 12.56 917 11.64 839 10.71 761 9.76 681 8.85 605
13.47 994 12.55 916 11.63 838 10.69 759 9.75 680 8.83 604
13.46 993 12.54 915 11.62 837 10.68 758 9.74 679 8.81 602
13.45 992 12.53 914 11.61 836 10.67 757 9.72 678 8.80 601
13.43 991 12.51 913 11.59 835 10.66 756 9.71 677 8.79 600
13.41 989 12.49 911 11.57 833 10.64 755 9.70 676 8.78 599
13.40 988 12.48 910 11.56 832 10.63 754 9.69 675 8.76 598
13.39 987 12.47 909 11.55 831 10.62 753 9.67 674 8.75 597
13.38 986 12.46 908 11.54 830 10.61 752 9.65 672 8.74 596
13.36 985 12.44 907 11.52 829 10.59 751 9.64 671 8.73 595
13.35 984 12.43 906 11.51 828 10.57 749 9.63 670 8.71 594
13.34 983 12.41 904 11.50 827 10.56 748 9.62 669 8.69 592
13.33 982 12.40 903 11.49 826 10.55 747 9.60 668 8.67 591
13.32 981 12.39 902 11.47 825 10.54 746 9.59 667 8.65 589
13.31 980 12.38 901 11.45 823 10.52 745 9.58 666 8.64 588
13.29 979 12.36 900 11.44 822 10.50 743 9.57 665 8.63 587
13.28 978 12.34 898 11.43 821 10.49 742 9.56 664 8.62 586
13.26 976 12.33 897 11.42 820 10.48 741 9.55 663 8.60 585
13.25 975 12.32 896 11.40 819 10.47 740 9.53 662 8.58 583
13.24 974 12.31 895 11.38 817 10.45 739 9.52 661 8.57 582
13.23 973 12.29 894 11.37 816 10.44 738 9.51 660 8.56 581
13.21 972 12.28 893 11.36 815 10.43 737 9.50 659 8.55 580
13.20 971 12.27 892 11.35 814 10.42 736 9.48 658 8.53 579
13.19 970 12.26 891 11.33 813 10.40 735 9.46 656 8.52 578
13.18 969 12.24 890 11.32 812 10.38 733 9.45 655 8.51 577
13.16 968 12.22 888 11.31 811 10.37 732 9.44 654 8.50 576
13.14 966 12.21 887 11.30 810 10.36 731 9.42 653 8.48 575
13.13 965 12.20 886 11.28 809 10.35 730 9.41 652 8.46 573
13.12 964 12.19 885 11.26 807 10.33 729 9.40 651 8.45 572
13.11 963 12.17 884 11.25 806 10.32 728 9.39 650 8.44 571
13.09 962 12.16 883 11.24 805 10.31 727 9.37 649 8.43 570
13.07 960 12.15 882 11.23 804 10.30 726 9.36 648 8.41 569
13.06 959 12.14 881 11.21 803 10.29 725 9.35 647 8.39 567
13.05 958 12.13 880 11.19 801 10.28 724 9.34 646 8.37 566
13.04 957 12.12 879 11.18 800 10.26 723 9.33 645 8.35 564
13.02 956 12.10 878 11.17 799 10.25 722 9.32 644 8.34 563
13.01 955 12.09 877 11.16 798 10.24 721 9.30 643 8.33 562
13.00 954 12.08 876 11.14 797 10.23 720 9.29 642 8.32 561
12.99 953 12.07 875 11.13 796 10.21 719 9.28 641 8.30 560
12.97 952 12.05 874 11.12 795 10.19 717 9.27 640 8.29 559
8.28 558 7.32 479 6.36 400 5.39 322 4.45 247 3.50 171
8.27 557 7.31 478 6.34 399 5.38 321 4.43 245 3.48 170
8.25 556 7.29 477 6.33 398 5.37 320 4.42 244 3.47 169
8.23 554 7.27 475 6.32 397 5.36 319 4.41 243 3.46 168
8.22 553 7.26 474 6.31 396 5.34 318 4.39 242 3.44 167
8.21 552 7.25 473 6.30 395 5.32 316 4.38 241 3.43 166
8.20 551 7.24 472 6.28 394 5.30 315 4.37 240 3.42 165
8.18 550 7.22 471 6.27 393 5.28 313 4.36 239 3.41 164
8.16 548 7.20 469 6.26 392 5.27 312 4.34 238 3.39 163
8.15 547 7.19 468 6.25 391 5.26 311 4.33 237 3.38 162
8.14 546 7.18 467 6.23 390 5.25 310 4.32 236 3.37 161
8.12 545 7.17 466 6.22 389 5.23 309 4.30 235 3.35 160
8.11 544 7.15 465 6.21 388 5.22 308 4.28 233 3.34 159
8.10 543 7.14 464 6.20 387 5.21 307 4.27 232 3.33 158
8.09 542 7.13 463 6.18 386 5.19 306 4.26 231 3.31 157
8.07 541 7.11 462 6.17 385 5.18 305 4.24 230 3.30 156
8.06 540 7.10 461 6.16 384 5.17 304 4.23 229 3.29 155
8.05 539 7.09 460 6.14 383 5.16 303 4.22 228 3.27 154
8.04 538 7.08 459 6.12 381 5.15 302 4.21 227 3.25 152
8.02 537 7.06 458 6.11 380 5.13 301 4.19 226 3.24 151
8.00 535 7.04 456 6.10 379 5.12 300 4.18 225 3.23 150
7.99 534 7.03 455 6.09 378 5.11 299 4.17 224 3.21 149
7.98 533 7.02 454 6.07 377 5.10 298 4.15 223 3.20 148
7.97 532 7.01 453 6.05 375 5.08 297 4.13 221 3.19 147
7.95 531 6.99 452 6.03 374 5.07 296 4.11 220 3.17 146
7.93 529 6.98 451 6.01 372 5.06 295 4.09 218 3.16 145
7.92 528 6.97 450 6.00 371 5.04 294 4.08 217 3.15 144
7.91 527 6.95 449 5.99 370 5.03 293 4.07 216 3.14 143
7.89 526 6.93 447 5.98 369 5.02 292 4.05 215 3.12 142
7.88 525 6.92 446 5.96 368 5.01 291 4.04 214 3.11 141
7.87 524 6.91 445 5.95 367 4.99 290 4.03 213 3.10 140
7.86 523 6.90 444 5.94 366 4.97 288 4.02 212 3.08 139
7.84 522 6.88 443 5.92 365 4.95 287 4.00 211 3.07 138
7.83 521 6.87 442 5.91 364 4.93 285 3.99 210 3.06 137
7.82 520 6.86 441 5.90 363 4.92 284 3.98 209 3.04 136
7.81 519 6.84 440 5.89 362 4.91 283 3.96 208 3.02 134
7.79 518 6.83 439 5.87 361 4.90 282 3.94 206 3.00 133
7.77 516 6.82 438 5.85 359 4.88 281 3.93 205 2.98 131
7.76 515 6.81 437 5.84 358 4.87 280 3.92 204 2.96 130
7.75 514 6.79 436 5.83 357 4.86 279 3.90 203 2.94 128
7.74 513 6.77 434 5.81 356 4.84 278 3.89 202 2.93 127
7.72 512 6.76 433 5.80 355 4.82 276 3.88 201 2.92 126
7.70 510 6.75 432 5.79 354 4.81 275 3.87 200 2.90 125
7.68 509 6.74 431 5.78 353 4.80 274 3.85 199 2.89 124
7.66 507 6.72 430 5.76 352 4.78 273 3.84 198 2.88 123
7.65 506 6.70 428 5.74 350 4.77 272 3.83 197 2.86 122
7.64 505 6.68 427 5.73 349 4.76 271 3.81 196 2.85 121
7.63 504 6.66 425 5.72 348 4.75 270 3.80 195 2.84 120
7.61 503 6.65 424 5.70 347 4.73 269 3.79 194 2.82 119
7.60 502 6.64 423 5.69 346 4.72 268 3.77 193 2.81 118
7.59 501 6.63 422 5.68 345 4.71 267 3.76 192 2.80 117
7.58 500 6.61 421 5.67 344 4.69 266 3.75 191 2.79 116
7.56 499 6.60 420 5.65 343 4.68 265 3.73 190 2.77 115
7.54 497 6.59 419 5.64 342 4.67 264 3.71 188 2.76 114
7.53 496 6.58 418 5.63 341 4.66 263 3.70 187 2.75 113
7.52 495 6.56 417 5.61 340 4.65 262 3.69 186 2.73 112
7.50 494 6.55 416 5.59 338 4.63 261 3.67 185 2.72 111
7.49 493 6.54 415 5.58 337 4.62 260 3.66 184 2.71 110
7.48 492 6.53 414 5.57 336 4.61 259 3.65 183 2.69 109
7.47 491 6.52 413 5.56 335 4.60 258 3.64 182 2.68 108
7.45 490 6.50 412 5.54 334 4.58 257 3.62 181 2.67 107
7.43 488 6.49 411 5.53 333 4.57 256 3.61 180 2.65 106
7.42 487 6.48 410 5.52 332 4.56 255 3.60 179 2.64 105
7.41 486 6.47 409 5.50 331 4.54 254 3.58 178 2.63 104
7.40 485 6.45 408 5.49 330 4.53 253 3.57 177 2.61 103
7.38 484 6.43 406 5.48 329 4.52 252 3.56 176 2.60 102
7.37 483 6.41 405 5.47 328 4.51 251 3.54 175 2.59 101
7.36 482 6.39 403 5.45 327 4.49 250 3.53 174 2.58 100
7.35 481 6.38 402 5.43 325 4.48 249 3.52 173 2.56 99
7.33 480 6.37 401 5.41 324 4.47 248 3.51 172 2.55 98
2.54 97 2.33 81 2.11 65 1.87 47 1.62 29 1.37 11
2.53 96 2.31 80 2.10 64 1.85 46 1.61 28 1.35 10
2.51 95 2.30 79 2.08 63 1.83 44 1.59 27 1.34 9
2.50 94 2.29 78 2.06 61 1.81 43 1.58 26 1.32 8
2.49 93 2.27 77 2.04 60 1.79 41 1.57 25 1.31 7
2.47 92 2.26 76 2.02 58 1.77 40 1.55 24 1.29 6
2.46 91 2.25 75 2.00 57 1.76 39 1.54 23 1.28 5
2.45 90 2.23 74 1.99 56 1.75 38 1.53 22 1.27 4
2.43 89 2.22 73 1.98 55 1.73 37 1.51 21 1.25 3
2.42 88 2.20 72 1.96 54 1.72 36 1.50 20 1.23 2
2.41 87 2.19 71 1.95 53 1.70 35 1.48 19 1.22 1
2.39 86 2.18 70 1.94 52 1.69 34 1.46 18
2.38 85 2.16 69 1.92 51 1.68 33 1.44 16
2.37 84 2.15 68 1.91 50 1.66 32 1.42 15
2.35 83 2.14 67 1.90 49 1.65 31 1.41 14
2.34 82 2.12 66 1.88 48 1.64 30 1.39 13
