17.81 1500 16.95 1419 16.07 1337 15.18 1253 14.28 1169 13.39 1087
17.80 1499 16.94 1418 16.06 1336 15.17 1252 14.27 1168 13.37 1085
17.79 1498 16.92 1417 16.04 1334 15.16 1251 14.25 1167 13.36 1084
17.78 1497 16.90 1415 16.03 1333 15.14 1250 14.23 1165 13.35 1083
17.76 1496 16.88 1413 16.02 1332 15.12 1248 14.21 1163 13.34 1082
17.74 1494 16.87 1412 16.01 1331 15.10 1246 14.20 1162 13.33 1081
17.73 1493 16.86 1411 16.00 1330 15.09 1245 14.19 1161 13.32 1080
17.72 1492 16.85 1410 15.99 1329 15.08 1244 14.18 1160 13.31 1079
17.71 1491 16.84 1409 15.98 1328 15.07 1243 14.17 1159 13.30 1078
17.69 1489 16.83 1408 15.97 1327 15.06 1242 14.16 1158 13.29 1077
17.68 1488 16.82 1407 15.95 1326 15.05 1241 14.14 1157 13.28 1076
17.67 1487 16.81 1406 15.93 1324 15.03 1240 14.13 1155 13.27 1075
17.66 1486 16.80 1405 15.92 1322 15.02 1238 14.12 1154 13.25 1074
17.65 1485 16.79 1404 15.90 1321 15.01 1237 14.11 1153 13.23 1072
17.64 1484 16.78 1403 15.88 1319 15.00 1236 14.09 1152 13.21 1070
17.63 1483 16.76 1402 15.87 1318 14.98 1235 14.07 1150 13.20 1069
17.62 1482 16.74 1400 15.86 1317 14.96 1233 14.06 1149 13.19 1068
17.60 1481 16.73 1399 15.85 1316 14.95 1232 14.05 1148 13.18 1067
17.59 1479 16.71 1397 15.84 1315 14.94 1231 14.04 1147 13.17 1066
17.57 1478 16.69 1395 15.83 1314 14.93 1230 14.03 1146 13.16 1065
17.55 1476 16.68 1394 15.82 1313 14.92 1229 14.02 1145 13.15 1064
17.54 1475 16.67 1393 15.81 1312 14.91 1228 14.01 1144 13.14 1063
17.53 1474 16.66 1392 15.79 1311 14.90 1227 14.00 1143 13.12 1062
17.52 1473 16.65 1391 15.78 1309 14.89 1226 13.98 1142 13.10 1060
17.51 1472 16.64 1390 15.76 1308 14.87 1225 13.96 1140 13.09 1059
17.50 1471 16.63 1389 15.74 1306 14.85 1223 13.95 1138 13.08 1058
17.49 1470 16.62 1388 15.72 1304 14.84 1221 13.93 1137 13.07 1057
17.48 1469 16.60 1387 15.71 1303 14.82 1220 13.91 1135 13.06 1056
17.47 1468 16.59 1385 15.70 1302 14.80 1218 13.90 1134 13.05 1055
17.46 1467 16.57 1384 15.69 1301 14.79 1217 13.89 1133 13.04 1054
17.45 1466 16.55 1382 15.68 1300 14.78 1216 13.88 1132 13.03 1053
17.44 1465 16.53 1380 15.67 1299 14.77 1215 13.87 1131 13.02 1052
17.43 1464 16.52 1379 15.66 1298 14.76 1214 13.86 1130 13.01 1051
17.41 1463 16.51 1378 15.65 1297 14.75 1213 13.85 1129 13.00 1050
17.39 1461 16.50 1377 15.63 1296 14.74 1212 13.84 1128 12.98 1049
17.38 1460 16.49 1376 15.62 1294 14.73 1211 13.82 1127 12.96 1047
17.37 1459 16.48 1375 15.60 1293 14.71 1210 13.80 1125 12.94 1045
17.36 1458 16.47 1374 15.58 1291 14.69 1208 13.79 1124 12.93 1044
17.34 1456 16.46 1373 15.57 1290 14.68 1207 13.78 1123 12.92 1043
17.33 1455 16.45 1372 15.56 1289 14.66 1205 13.77 1122 12.91 1042
17.32 1454 16.44 1371 15.55 1288 14.64 1203 13.76 1121 12.90 1041
17.31 1453 16.43 1370 15.54 1287 14.63 1202 13.75 1120 12.89 1040
17.30 1452 16.41 1369 15.53 1286 14.62 1201 13.74 1119 12.88 1039
17.29 1451 16.39 1367 15.52 1285 14.61 1200 13.73 1118 12.87 1038
17.27 1450 16.38 1366 15.51 1284 14.60 1199 13.72 1117 12.85 1037
17.25 1448 16.37 1365 15.49 1283 14.59 1198 13.71 1116 12.83 1035
17.23 1446 16.36 1364 15.48 1281 14.58 1197 13.70 1115 12.82 1034
17.22 1445 16.35 1363 15.47 1280 14.57 1196 13.69 1114 12.81 1033
17.20 1443 16.34 1362 15.46 1279 14.55 1195 13.68 1113 12.80 1032
17.19 1442 16.33 1361 15.44 1278 14.53 1193 13.66 1112 12.78 1030
17.18 1441 16.32 1360 15.42 1276 14.52 1192 13.64 1110 12.77 1029
17.17 1440 16.31 1359 15.41 1275 14.51 1191 13.63 1109 12.76 1028
17.16 1439 16.30 1358 15.40 1274 14.50 1190 13.62 1108 12.75 1027
17.15 1438 16.29 1357 15.39 1273 14.48 1188 13.61 1107 12.74 1026
17.14 1437 16.28 1356 15.38 1272 14.47 1187 13.60 1106 12.73 1025
17.13 1436 16.27 1355 15.37 1271 14.46 1186 13.59 1105 12.71 1024
17.11 1435 16.25 1354 15.36 1270 14.45 1185 13.58 1104 12.69 1022
17.10 1433 16.23 1352 15.35 1269 14.44 1184 13.57 1103 12.67 1020
17.09 1432 16.22 1351 15.33 1268 14.43 1183 13.55 1102 12.66 1019
17.08 1431 16.21 1350 15.32 1266 14.41 1182 13.53 1100 12.65 1018
17.06 1430 16.20 1349 15.30 1265 14.39 1180 13.52 1099 12.64 1017
17.04 1428 16.19 1348 15.28 1263 14.37 1178 13.50 1097 12.63 1016
17.03 1427 16.18 1347 15.26 1261 14.36 1177 13.48 1095 12.62 1015
17.02 1426 16.17 1346 15.25 1260 14.35 1176 13.47 1094 12.61 1014
17.01 1425 16.16 1345 15.24 1259 14.34 1175 13.46 1093 12.60 1013
17.00 1424 16.15 1344 15.23 1258 14.33 1174 13.45 1092 12.58 1012
16.99 1423 16.14 1343 15.22 1257 14.32 1173 13.44 1091 12.56 1010
16.98 1422 16.13 1342 15.21 1256 14.31 1172 13.43 1090 12.55 1009
16.97 1421 16.11 1341 15.20 1255 14.30 1171 13.42 1089 12.54 1008
16.96 1420 16.09 1339 15.19 1254 14.29 1170 13.41 1088 12.53 1007
12.51 1005 11.66 927 10.79 846 9.90 765 9.03 686 8.15 606
12.50 1004 11.64 925 10.77 845 9.89 764 9.02 685 8.14 605
12.49 1003 11.63 924 10.75 843 9.88 763 9.01 684 8.13 604
12.48 1002 11.62 923 10.74 842 9.87 762 9.00 683 8.12 603
12.47 1001 11.61 922 10.73 841 9.85 761 8.99 682 8.10 602
12.46 1000 11.60 921 10.72 840 9.83 759 8.98 681 8.08 600
12.44 999 11.59 920 10.71 839 9.81 757 8.96 680 8.07 599
12.42 997 11.58 919 10.70 838 9.80 756 8.94 678 8.06 598
12.40 995 11.57 918 10.69 837 9.79 755 8.92 676 8.05 597
12.39 994 11.55 917 10.68 836 9.78 754 8.91 675 8.04 596
12.38 993 11.53 915 10.66 835 9.77 753 8.90 674 8.03 595
12.37 992 11.51 913 10.64 833 9.76 752 8.89 673 8.02 594
12.36 991 11.50 912 10.62 831 9.75 751 8.88 672 8.01 593
12.35 990 11.49 911 10.61 830 9.74 750 8.87 671 7.99 592
12.34 989 11.48 910 10.60 829 9.72 749 8.86 670 7.98 591
12.33 988 11.47 909 10.59 828 9.70 747 8.85 669 7.97 590
12.31 987 11.46 908 10.58 827 9.69 746 8.83 668 7.96 589
12.29 985 11.45 907 10.57 826 9.68 745 8.81 666 7.95 588
12.28 984 11.44 906 10.56 825 9.67 744 8.80 665 7.94 587
12.27 983 11.43 905 10.55 824 9.66 743 8.79 664 7.93 586
12.26 982 11.42 904 10.53 823 9.65 742 8.78 663 7.91 585
12.25 981 11.41 903 10.51 821 9.64 741 8.77 662 7.89 583
12.24 980 11.39 902 10.50 820 9.63 740 8.76 661 7.88 582
12.23 979 11.37 900 10.49 819 9.61 739 8.75 660 7.87 581
12.22 978 11.36 899 10.48 818 9.59 737 8.74 659 7.86 580
12.21 977 11.35 898 10.47 817 9.58 736 8.72 658 7.85 579
12.20 976 11.34 897 10.46 816 9.57 735 8.70 656 7.84 578
12.19 975 11.33 896 10.45 815 9.56 734 8.69 655 7.83 577
12.17 974 11.32 895 10.44 814 9.55 733 8.68 654 7.82 576
12.15 972 11.31 894 10.42 813 9.54 732 8.67 653 7.80 575
12.13 970 11.30 893 10.40 811 9.53 731 8.66 652 7.78 573
12.12 969 11.28 892 10.39 810 9.52 730 8.64 651 7.76 571
12.11 968 11.26 890 10.38 809 9.50 729 8.62 649 7.75 570
12.10 967 11.24 888 10.37 808 9.48 727 8.61 648 7.74 569
12.09 966 11.23 887 10.36 807 9.46 725 8.60 647 7.73 568
12.08 965 11.22 886 10.35 806 9.45 724 8.59 646 7.72 567
12.07 964 11.21 885 10.34 805 9.44 723 8.58 645 7.70 566
12.06 963 11.20 884 10.33 804 9.43 722 8.57 644 7.68 564
12.04 962 11.19 883 10.31 803 9.42 721 8.56 643 7.67 563
12.02 960 11.18 882 10.29 801 9.41 720 8.55 642 7.66 562
12.01 959 11.17 881 10.27 799 9.40 719 8.53 641 7.65 561
12.00 958 11.15 880 10.26 798 9.39 718 8.51 639 7.64 560
11.99 957 11.13 878 10.25 797 9.37 717 8.50 638 7.63 559
11.98 956 11.12 877 10.24 796 9.35 715 8.49 637 7.61 558
11.97 955 11.11 876 10.23 795 9.34 714 8.48 636 7.59 556
11.96 954 11.10 875 10.22 794 9.33 713 8.47 635 7.57 554
11.95 953 11.09 874 10.20 793 9.32 712 8.46 634 7.56 553
11.93 952 11.08 873 10.18 791 9.31 711 8.45 633 7.55 552
11.91 950 11.07 872 10.16 789 9.30 710 8.44 632 7.54 551
11.90 949 11.06 871 10.15 788 9.29 709 8.42 631 7.53 550
11.89 948 11.04 870 10.14 787 9.28 708 8.40 629 7.52 549
11.88 947 11.02 868 10.13 786 9.26 707 8.38 627 7.51 548
11.87 946 11.01 867 10.12 785 9.25 706 8.37 626 7.50 547
11.86 945 11.00 866 10.11 784 9.24 705 8.36 625 7.48 546
11.85 944 10.99 865 10.10 783 9.23 704 8.35 624 7.47 545
11.84 943 10.98 864 10.09 782 9.22 703 8.34 623 7.46 544
11.83 942 10.97 863 10.07 781 9.21 702 8.33 622 7.45 543
11.82 941 10.96 862 10.05 779 9.20 701 8.32 621 7.44 542
11.81 940 10.95 861 10.04 778 9.18 700 8.31 620 7.43 541
11.80 939 10.93 860 10.03 777 9.16 698 8.29 619 7.42 540
11.79 938 10.91 858 10.02 776 9.15 697 8.28 618 7.40 539
11.77 937 10.89 856 10.01 775 9.14 696 8.27 617 7.38 537
11.75 935 10.88 855 10.00 774 9.13 695 8.26 616 7.37 536
11.74 934 10.87 854 9.99 773 9.12 694 8.25 615 7.36 535
11.73 933 10.86 853 9.98 772 9.11 693 8.23 614 7.35 534
11.72 932 10.85 852 9.96 771 9.10 692 8.21 612 7.34 533
11.71 931 10.84 851 9.94 769 9.09 691 8.19 610 7.33 532
11.70 930 10.83 850 9.93 768 9.07 690 8.18 609 7.32 531
11.69 929 10.82 849 9.92 767 9.05 688 8.17 608 7.31 530
11.68 928 10.80 848 9.91 766 9.04 687 8.16 607 7.29 529
7.27 527 6.40 449 5.44 364 4.56 287 3.66 209 2.73 130
7.26 526 6.39 448 5.43 363 4.55 286 3.65 208 2.72 129
7.25 525 6.37 447 5.42 362 4.54 285 3.64 207 2.70 128
7.24 524 6.35 445 5.40 361 4.53 284 3.62 206 2.68 126
7.23 523 6.33 443 5.38 359 4.51 283 3.60 204 2.67 125
7.21 522 6.32 442 5.37 358 4.49 281 3.59 203 2.66 124
7.19 520 6.31 441 5.36 357 4.48 280 3.58 202 2.65 123
7.18 519 6.29 440 5.35 356 4.47 279 3.57 201 2.63 122
7.17 518 6.27 438 5.34 355 4.46 278 3.56 200 2.62 121
7.16 517 6.25 436 5.32 354 4.45 277 3.54 199 2.61 120
7.15 516 6.24 435 5.30 352 4.43 276 3.53 198 2.60 119
7.14 515 6.23 434 5.29 351 4.41 274 3.52 197 2.59 118
7.13 514 6.22 433 5.28 350 4.40 273 3.51 196 2.57 117
7.12 513 6.21 432 5.27 349 4.39 272 3.50 195 2.55 115
7.10 512 6.20 431 5.26 348 4.38 271 3.49 194 2.54 114
7.08 510 6.18 430 5.24 347 4.37 270 3.47 193 2.53 113
7.07 509 6.16 428 5.22 345 4.35 269 3.46 192 2.51 112
7.06 508 6.15 427 5.21 344 4.33 267 3.45 191 2.50 111
7.05 507 6.14 426 5.20 343 4.32 266 3.43 190 2.49 110
7.04 506 6.13 425 5.19 342 4.31 265 3.41 188 2.48 109
7.02 505 6.12 424 5.18 341 4.30 264 3.40 187 2.46 108
7.00 503 6.10 423 5.16 340 4.29 263 3.39 186 2.44 106
6.99 502 6.08 421 5.14 338 4.27 262 3.38 185 2.43 105
6.98 501 6.06 419 5.13 337 4.26 261 3.37 184 2.42 104
6.97 500 6.05 418 5.12 336 4.25 260 3.35 183 2.41 103
6.96 499 6.04 417 5.11 335 4.24 259 3.33 181 2.39 102
6.95 498 6.02 416 5.10 334 4.23 258 3.32 180 2.38 101
6.94 497 6.00 414 5.09 333 4.21 257 3.31 179 2.37 100
6.93 496 5.98 412 5.08 332 4.19 255 3.30 178 2.35 99
6.91 495 5.97 411 5.06 331 4.18 254 3.29 177 2.33 97
6.90 494 5.96 410 5.05 330 4.17 253 3.27 176 2.31 95
6.89 493 5.95 409 5.04 329 4.16 252 3.26 175 2.30 94
6.88 492 5.94 408 5.03 328 4.15 251 3.25 174 2.29 93
6.87 491 5.93 407 5.02 327 4.13 250 3.24 173 2.27 92
6.86 490 5.91 406 5.01 326 4.12 249 3.23 172 2.26 91
6.85 489 5.90 405 5.00 325 4.11 248 3.22 171 2.25 90
6.83 488 5.89 404 4.98 324 4.10 247 3.20 170 2.24 89
6.81 486 5.88 403 4.97 323 4.09 246 3.19 169 2.22 88
6.80 485 5.87 402 4.96 322 4.08 245 3.18 168 2.20 86
6.79 484 5.86 401 4.95 321 4.07 244 3.16 167 2.19 85
6.78 483 5.85 400 4.94 320 4.05 243 3.14 165 2.18 84
6.77 482 5.83 399 4.93 319 4.04 242 3.12 163 2.16 83
6.76 481 5.81 397 4.92 318 4.03 241 3.11 162 2.15 82
6.75 480 5.79 395 4.91 317 4.02 240 3.10 161 2.14 81
6.73 479 5.78 394 4.89 316 4.01 239 3.08 160 2.13 80
6.72 478 5.77 393 4.88 315 4.00 238 3.06 158 2.11 79
6.71 477 5.75 392 4.87 314 3.98 237 3.05 157 2.09 77
6.70 476 5.73 390 4.86 313 3.97 236 3.04 156 2.08 76
6.69 475 5.71 388 4.85 312 3.96 235 3.03 155 2.07 75
6.68 474 5.70 387 4.84 311 3.95 234 3.01 154 2.06 74
6.67 473 5.69 386 4.83 310 3.94 233 3.00 153 2.04 73
6.66 472 5.67 385 4.81 309 3.93 232 2.99 152 2.03 72
6.64 471 5.65 383 4.80 308 3.92 231 2.98 151 2.02 71
6.62 469 5.64 382 4.79 307 3.90 230 2.97 150 2.00 70
6.60 467 5.63 381 4.78 306 3.89 229 2.95 149 1.99 69
6.59 466 5.62 380 4.77 305 3.88 228 2.93 147 1.98 68
6.58 465 5.61 379 4.75 304 3.87 227 2.92 146 1.97 67
6.56 464 5.60 378 4.73 302 3.86 226 2.91 145 1.95 66
6.54 462 5.59 377 4.72 301 3.84 225 2.89 144 1.93 64
6.53 461 5.58 376 4.71 300 3.82 223 2.87 142 1.92 63
6.52 460 5.56 375 4.70 299 3.81 222 2.86 141 1.91 62
6.51 459 5.55 374 4.69 298 3.80 221 2.85 140 1.89 61
6.50 458 5.54 373 4.67 297 3.78 220 2.84 139 1.88 60
6.49 457 5.53 372 4.65 295 3.76 218 2.82 138 1.87 59
6.48 456 5.52 371 4.64 294 3.74 216 2.81 137 1.86 58
6.47 455 5.51 370 4.63 293 3.73 215 2.80 136 1.84 57
6.45 454 5.50 369 4.62 292 3.72 214 2.79 135 1.83 56
6.43 452 5.48 368 4.61 291 3.70 213 2.78 134 1.82 55
6.42 451 5.46 366 4.59 290 3.68 211 2.76 133 1.81 54
6.41 450 5.45 365 4.57 288 3.67 210 2.74 131 1.79 53
1.77 51 1.66 42 1.56 34 1.44 25 1.33 16 1.22 8
1.76 50 1.65 41 1.54 33 1.43 24 1.31 15 1.20 7
1.75 49 1.63 40 1.53 32 1.41 23 1.30 14 1.19 6
1.73 48 1.62 39 1.52 31 1.39 21 1.28 13 1.18 5
1.72 47 1.61 38 1.51 30 1.38 20 1.27 12 1.17 4
1.70 46 1.60 37 1.49 29 1.36 19 1.26 11 1.15 3
1.68 44 1.58 36 1.48 28 1.35 18 1.25 10 1.14 2
1.67 43 1.57 35 1.46 27 1.34 17 1.23 9 1.13 1
