16.26 1500 15.46 1418 14.64 1334 13.80 1248 12.99 1165 12.15 1079
16.25 1499 15.45 1417 14.62 1332 13.78 1246 12.97 1163 12.14 1078
16.24 1498 15.44 1416 14.60 1330 13.76 1244 12.95 1161 12.13 1077
16.23 1497 15.43 1415 14.58 1328 13.74 1242 12.93 1159 12.12 1076
16.22 1496 15.42 1414 14.56 1326 13.72 1240 12.91 1157 12.11 1075
16.21 1495 15.41 1413 14.54 1324 13.71 1238 12.90 1155 12.10 1074
16.20 1494 15.40 1412 14.53 1322 13.70 1237 12.89 1154 12.09 1073
16.19 1493 15.39 1411 14.52 1321 13.69 1236 12.88 1153 12.08 1072
16.18 1492 15.38 1410 14.51 1320 13.68 1235 12.87 1152 12.07 1071
16.17 1491 15.36 1408 14.50 1319 13.67 1234 12.86 1151 12.06 1070
16.16 1490 15.34 1406 14.49 1318 13.66 1233 12.85 1150 12.05 1069
16.15 1489 15.32 1404 14.48 1317 13.65 1232 12.84 1149 12.04 1068
16.14 1488 15.30 1402 14.47 1316 13.64 1231 12.83 1148 12.03 1067
16.13 1487 15.28 1400 14.46 1315 13.63 1230 12.82 1147 12.02 1066
16.12 1486 15.27 1398 14.45 1314 13.62 1229 12.81 1146 12.01 1065
16.11 1485 15.26 1397 14.44 1313 13.61 1228 12.80 1145 12.00 1064
16.10 1484 15.25 1396 14.43 1312 13.60 1227 12.79 1144 11.99 1063
16.09 1483 15.24 1395 14.42 1311 13.59 1226 12.78 1143 11.98 1062
16.08 1482 15.23 1394 14.41 1310 13.58 1225 12.77 1142 11.97 1061
16.07 1481 15.22 1393 14.40 1309 13.57 1224 12.76 1141 11.96 1060
16.06 1480 15.21 1392 14.39 1308 13.56 1223 12.75 1140 11.95 1059
16.04 1478 15.20 1391 14.38 1307 13.55 1222 12.74 1139 11.94 1058
16.02 1476 15.19 1390 14.37 1306 13.54 1221 12.73 1138 11.93 1057
16.00 1474 15.18 1389 14.36 1305 13.53 1220 12.72 1137 11.91 1055
15.98 1472 15.17 1388 14.35 1304 13.52 1219 12.71 1136 11.89 1053
15.96 1470 15.16 1387 14.34 1303 13.51 1218 12.70 1135 11.87 1051
15.95 1468 15.15 1386 14.33 1302 13.50 1217 12.69 1134 11.85 1049
15.94 1467 15.14 1385 14.32 1301 13.49 1216 12.68 1133 11.83 1047
15.93 1466 15.13 1384 14.31 1300 13.48 1215 12.67 1132 11.81 1045
15.92 1465 15.12 1383 14.30 1299 13.47 1214 12.66 1131 11.79 1043
15.91 1464 15.11 1382 14.29 1298 13.46 1213 12.65 1130 11.77 1041
15.90 1463 15.10 1381 14.28 1297 13.45 1212 12.64 1129 11.75 1039
15.89 1462 15.09 1380 14.27 1296 13.44 1211 12.63 1128 11.73 1037
15.88 1461 15.08 1379 14.26 1295 13.43 1210 12.62 1127 11.71 1035
15.87 1460 15.07 1378 14.24 1293 13.42 1209 12.61 1126 11.69 1033
15.86 1459 15.06 1377 14.22 1291 13.41 1208 12.60 1125 11.68 1031
15.85 1458 15.05 1376 14.20 1289 13.40 1207 12.59 1124 11.67 1030
15.84 1457 15.04 1375 14.18 1287 13.38 1205 12.58 1123 11.66 1029
15.83 1456 15.02 1373 14.16 1285 13.36 1203 12.57 1122 11.65 1028
15.82 1455 15.00 1371 14.14 1283 13.34 1201 12.56 1121 11.64 1027
15.81 1454 14.98 1369 14.13 1281 13.33 1199 12.55 1120 11.63 1026
15.80 1453 14.96 1367 14.12 1280 13.32 1198 12.53 1118 11.62 1025
15.79 1452 14.94 1365 14.11 1279 13.31 1197 12.51 1116 11.61 1024
15.78 1451 14.92 1363 14.10 1278 13.30 1196 12.49 1114 11.60 1023
15.77 1450 14.91 1361 14.09 1277 13.29 1195 12.47 1112 11.59 1022
15.76 1449 14.90 1360 14.08 1276 13.28 1194 12.45 1110 11.58 1021
15.75 1448 14.89 1359 14.07 1275 13.27 1193 12.43 1108 11.57 1020
15.74 1447 14.88 1358 14.06 1274 13.26 1192 12.41 1106 11.56 1019
15.73 1446 14.87 1357 14.05 1273 13.25 1191 12.39 1104 11.55 1018
15.72 1445 14.86 1356 14.04 1272 13.24 1190 12.37 1102 11.54 1017
15.70 1443 14.85 1355 14.03 1271 13.23 1189 12.35 1100 11.53 1016
15.68 1441 14.84 1354 14.02 1270 13.22 1188 12.34 1098 11.52 1015
15.66 1439 14.83 1353 14.01 1269 13.21 1187 12.33 1097 11.51 1014
15.64 1437 14.82 1352 14.00 1268 13.20 1186 12.32 1096 11.50 1013
15.62 1435 14.81 1351 13.99 1267 13.19 1185 12.31 1095 11.49 1012
15.61 1433 14.80 1350 13.98 1266 13.18 1184 12.30 1094 11.48 1011
15.60 1432 14.79 1349 13.97 1265 13.17 1183 12.29 1093 11.47 1010
15.59 1431 14.78 1348 13.96 1264 13.16 1182 12.28 1092 11.46 1009
15.58 1430 14.77 1347 13.95 1263 13.15 1181 12.27 1091 11.45 1008
15.57 1429 14.76 1346 13.94 1262 13.14 1180 12.26 1090 11.44 1007
15.56 1428 14.75 1345 13.93 1261 13.13 1179 12.25 1089 11.43 1006
15.55 1427 14.74 1344 13.92 1260 13.12 1178 12.24 1088 11.42 1005
15.54 1426 14.73 1343 13.91 1259 13.11 1177 12.23 1087 11.41 1004
15.53 1425 14.72 1342 13.90 1258 13.10 1176 12.22 1086 11.40 1003
15.52 1424 14.71 1341 13.89 1257 13.09 1175 12.21 1085 11.39 1002
15.51 1423 14.70 1340 13.88 1256 13.08 1174 12.20 1084 11.38 1001
15.50 1422 14.69 1339 13.87 1255 13.07 1173 12.19 1083 11.37 1000
15.49 1421 14.68 1338 13.86 1254 13.05 1171 12.18 1082 11.36 999
15.48 1420 14.67 1337 13.84 1252 13.03 1169 12.17 1081 11.35 998
15.47 1419 14.66 1336 13.82 1250 13.01 1167 12.16 1080 11.34 997
11.33 996 10.47 909 9.70 831 9.00 761 8.14 676 7.33 595
11.32 995 10.46 908 9.69 830 8.99 760 8.12 674 7.32 594
11.31 994 10.45 907 9.68 829 8.98 759 8.10 672 7.31 593
11.30 993 10.44 906 9.67 828 8.97 758 8.08 670 7.30 592
11.29 992 10.43 905 9.66 827 8.96 757 8.06 668 7.28 591
11.28 991 10.42 904 9.65 826 8.95 756 8.04 666 7.26 589
11.27 990 10.41 903 9.64 825 8.94 755 8.02 664 7.24 587
11.26 989 10.40 902 9.63 824 8.93 754 8.00 662 7.22 585
11.25 988 10.39 901 9.62 823 8.92 753 7.98 660 7.20 583
11.24 987 10.38 900 9.61 822 8.91 752 7.96 658 7.18 581
11.23 986 10.37 899 9.60 821 8.90 751 7.94 656 7.16 579
11.22 985 10.36 898 9.59 820 8.89 750 7.92 654 7.14 577
11.21 984 10.35 897 9.58 819 8.88 749 7.91 653 7.12 575
11.20 983 10.34 896 9.57 818 8.87 748 7.90 652 7.10 573
11.19 982 10.33 895 9.56 817 8.86 747 7.89 651 7.08 571
11.18 981 10.32 894 9.55 816 8.85 746 7.88 650 7.06 569
11.17 980 10.31 893 9.54 815 8.84 745 7.87 649 7.04 567
11.16 979 10.30 892 9.53 814 8.83 744 7.86 648 7.03 566
11.15 978 10.29 891 9.52 813 8.82 743 7.85 647 7.02 565
11.13 976 10.28 890 9.51 812 8.81 742 7.84 646 7.01 564
11.11 974 10.27 889 9.50 811 8.80 741 7.83 645 7.00 563
11.09 972 10.26 888 9.49 810 8.79 740 7.82 644 6.99 562
11.07 970 10.25 887 9.48 809 8.78 739 7.81 643 6.98 561
11.05 968 10.24 886 9.47 808 8.77 738 7.80 642 6.97 560
11.03 966 10.23 885 9.46 807 8.76 737 7.79 641 6.96 559
11.01 964 10.22 884 9.45 806 8.75 736 7.78 640 6.95 558
10.99 962 10.21 883 9.44 805 8.74 735 7.77 639 6.94 557
10.97 960 10.20 882 9.43 804 8.73 734 7.76 638 6.93 556
10.95 958 10.19 881 9.42 803 8.72 733 7.75 637 6.92 555
10.93 956 10.18 880 9.41 802 8.71 732 7.74 636 6.91 554
10.91 954 10.17 879 9.40 801 8.70 731 7.73 635 6.90 553
10.89 952 10.16 878 9.39 800 8.69 730 7.72 634 6.89 552
10.87 950 10.15 877 9.38 799 8.68 729 7.71 633 6.88 551
10.85 948 10.14 876 9.37 798 8.67 728 7.70 632 6.87 550
10.83 946 10.13 875 9.36 797 8.66 727 7.69 631 6.86 549
10.82 944 10.12 874 9.35 796 8.65 726 7.68 630 6.85 548
10.81 943 10.11 873 9.34 795 8.64 725 7.67 629 6.84 547
10.80 942 10.10 872 9.33 794 8.63 724 7.66 628 6.83 546
10.79 941 10.09 871 9.32 793 8.62 723 7.65 627 6.82 545
10.78 940 10.08 870 9.31 792 8.61 722 7.64 626 6.81 544
10.77 939 10.07 869 9.30 791 8.60 721 7.63 625 6.80 543
10.76 938 10.06 868 9.29 790 8.59 720 7.62 624 6.79 542
10.75 937 10.05 867 9.28 789 8.58 719 7.61 623 6.78 541
10.74 936 10.04 866 9.27 788 8.57 718 7.60 622 6.77 540
10.73 935 10.03 865 9.26 787 8.56 717 7.59 621 6.76 539
10.72 934 10.02 864 9.25 786 8.55 716 7.58 620 6.75 538
10.71 933 10.01 863 9.24 785 8.54 715 7.57 619 6.74 537
10.70 932 10.00 862 9.23 784 8.53 714 7.56 618 6.73 536
10.69 931 9.98 860 9.22 783 8.52 713 7.55 617 6.72 535
10.68 930 9.96 858 9.21 782 8.51 712 7.54 616 6.71 534
10.67 929 9.94 856 9.20 781 8.50 711 7.53 615 6.70 533
10.66 928 9.92 854 9.19 780 8.49 710 7.52 614 6.69 532
10.65 927 9.90 852 9.18 779 8.48 709 7.51 613 6.68 531
10.64 926 9.88 850 9.17 778 8.47 708 7.50 612 6.67 530
10.63 925 9.86 848 9.16 777 8.46 707 7.49 611 6.66 529
10.62 924 9.85 846 9.15 776 8.44 706 7.48 610 6.65 528
10.61 923 9.84 845 9.14 775 8.42 704 7.47 609 6.64 527
10.60 922 9.83 844 9.13 774 8.40 702 7.46 608 6.63 526
10.59 921 9.82 843 9.12 773 8.38 700 7.45 607 6.62 525
10.58 920 9.81 842 9.11 772 8.36 698 7.44 606 6.61 524
10.57 919 9.80 841 9.10 771 8.34 696 7.43 605 6.60 523
10.56 918 9.79 840 9.09 770 8.32 694 7.42 604 6.59 522
10.55 917 9.78 839 9.08 769 8.30 692 7.41 603 6.58 521
10.54 916 9.77 838 9.07 768 8.28 690 7.40 602 6.57 520
10.53 915 9.76 837 9.06 767 8.26 688 7.39 601 6.56 519
10.52 914 9.75 836 9.05 766 8.24 686 7.38 600 6.55 518
10.51 913 9.74 835 9.04 765 8.22 684 7.37 599 6.54 517
10.50 912 9.73 834 9.03 764 8.20 682 7.36 598 6.53 516
10.49 911 9.72 833 9.02 763 8.18 680 7.35 597 6.52 515
10.48 910 9.71 832 9.01 762 8.16 678 7.34 596 6.51 514
6.50 513 5.65 430 4.79 347 3.92 264 3.08 185 2.23 106
6.49 512 5.64 429 4.78 346 3.91 263 3.06 183 2.22 105
6.48 511 5.63 428 4.77 345 3.90 262 3.04 181 2.21 104
6.47 510 5.61 427 4.76 344 3.89 261 3.03 180 2.20 103
6.45 509 5.59 425 4.75 343 3.88 260 3.02 179 2.18 102
6.43 507 5.57 423 4.74 342 3.87 259 3.01 178 2.16 100
6.41 505 5.55 421 4.73 341 3.86 258 3.00 177 2.15 99
6.39 503 5.53 419 4.71 340 3.85 257 2.99 176 2.14 98
6.37 501 5.51 417 4.69 338 3.84 256 2.98 175 2.13 97
6.35 499 5.50 416 4.67 336 3.83 255 2.97 174 2.12 96
6.33 497 5.49 415 4.65 334 3.81 254 2.96 173 2.11 95
6.31 495 5.48 414 4.63 332 3.79 252 2.95 172 2.10 94
6.30 494 5.47 413 4.62 331 3.77 250 2.94 171 2.09 93
6.29 493 5.46 412 4.61 330 3.76 249 2.92 170 2.08 92
6.28 492 5.45 411 4.60 329 3.75 248 2.90 168 2.06 91
6.27 491 5.44 410 4.59 328 3.74 247 2.89 167 2.04 89
6.26 490 5.43 409 4.58 327 3.73 246 2.88 166 2.03 88
6.25 489 5.42 408 4.57 326 3.72 245 2.87 165 2.02 87
6.24 488 5.41 407 4.56 325 3.71 244 2.86 164 2.01 86
6.23 487 5.40 406 4.55 324 3.70 243 2.85 163 2.00 85
6.22 486 5.39 405 4.54 323 3.69 242 2.84 162 1.99 84
6.21 485 5.38 404 4.53 322 3.68 241 2.83 161 1.98 83
6.20 484 5.37 403 4.52 321 3.67 240 2.82 160 1.96 82
6.19 483 5.36 402 4.51 320 3.66 239 2.81 159 1.94 80
6.18 482 5.35 401 4.50 319 3.65 238 2.80 158 1.93 79
6.17 481 5.34 400 4.49 318 3.63 237 2.78 157 1.92 78
6.16 480 5.33 399 4.48 317 3.61 235 2.76 155 1.91 77
6.15 479 5.32 398 4.47 316 3.59 233 2.75 154 1.90 76
6.14 478 5.31 397 4.45 315 3.57 231 2.74 153 1.89 75
6.13 477 5.30 396 4.43 313 3.56 230 2.73 152 1.88 74
6.12 476 5.29 395 4.41 311 3.55 229 2.72 151 1.86 73
6.11 475 5.27 394 4.39 309 3.54 228 2.71 150 1.85 72
6.10 474 5.25 392 4.38 308 3.53 227 2.70 149 1.84 71
6.09 473 5.23 390 4.37 307 3.52 226 2.69 148 1.83 70
6.08 472 5.21 388 4.36 306 3.51 225 2.68 147 1.82 69
6.07 471 5.19 386 4.35 305 3.50 224 2.66 146 1.81 68
6.06 470 5.18 385 4.34 304 3.49 223 2.64 144 1.80 67
6.05 469 5.17 384 4.33 303 3.48 222 2.62 142 1.78 66
6.04 468 5.16 383 4.32 302 3.47 221 2.61 141 1.76 64
6.03 467 5.15 382 4.31 301 3.45 220 2.60 140 1.75 63
6.02 466 5.14 381 4.30 300 3.43 218 2.59 139 1.74 62
6.01 465 5.13 380 4.29 299 3.41 216 2.58 138 1.73 61
5.99 464 5.12 379 4.28 298 3.40 215 2.57 137 1.72 60
5.97 462 5.11 378 4.27 297 3.39 214 2.56 136 1.71 59
5.95 460 5.10 377 4.26 296 3.38 213 2.55 135 1.70 58
5.93 458 5.09 376 4.25 295 3.37 212 2.54 134 1.68 57
5.91 456 5.08 375 4.23 294 3.36 211 2.52 133 1.67 56
5.89 454 5.07 374 4.21 292 3.35 210 2.50 131 1.66 55
5.87 452 5.06 373 4.19 290 3.34 209 2.49 130 1.65 54
5.86 451 5.05 372 4.17 288 3.33 208 2.48 129 1.64 53
5.85 450 5.04 371 4.16 287 3.32 207 2.47 128 1.63 52
5.84 449 5.03 370 4.15 286 3.31 206 2.46 127 1.62 51
5.83 448 5.02 369 4.14 285 3.30 205 2.45 126 1.60 50
5.82 447 5.01 368 4.13 284 3.29 204 2.44 125 1.58 48
5.81 446 5.00 367 4.12 283 3.28 203 2.43 124 1.57 47
5.80 445 4.99 366 4.11 282 3.27 202 2.42 123 1.56 46
5.79 444 4.97 365 4.10 281 3.26 201 2.40 122 1.55 45
5.78 443 4.95 363 4.09 280 3.25 200 2.38 120 1.54 44
5.77 442 4.93 361 4.08 279 3.24 199 2.37 119 1.52 43
5.76 441 4.91 359 4.07 278 3.22 198 2.36 118 1.50 41
5.75 440 4.89 357 4.06 277 3.20 196 2.35 117 1.49 40
5.74 439 4.88 356 4.05 276 3.18 194 2.34 116 1.48 39
5.73 438 4.87 355 4.04 275 3.17 193 2.33 115 1.47 38
5.72 437 4.86 354 4.03 274 3.16 192 2.32 114 1.46 37
5.71 436 4.85 353 4.01 273 3.15 191 2.31 113 1.44 36
5.70 435 4.84 352 3.99 271 3.14 190 2.30 112 1.43 35
5.69 434 4.83 351 3.97 269 3.13 189 2.28 111 1.42 34
5.68 433 4.82 350 3.95 267 3.12 188 2.26 109 1.41 33
5.67 432 4.81 349 3.94 266 3.11 187 2.25 108 1.40 32
5.66 431 4.80 348 3.93 265 3.10 186 2.24 107 1.38 31
1.36 29 1.30 24 1.24 19 1.18 14 1.12 9 1.05 3
1.35 28 1.29 23 1.23 18 1.17 13 1.11 8 1.04 2
1.34 27 1.28 22 1.22 17 1.16 12 1.10 7 1.03 1
1.33 26 1.27 21 1.21 16 1.15 11 1.08 6
1.32 25 1.26 20 1.20 15 1.14 10 1.06 4
