14.70 1500 13.93 1412 13.15 1323 12.35 1233 11.60 1148 10.81 1059
14.69 1498 13.92 1411 13.14 1322 12.34 1231 11.58 1146 10.80 1058
14.68 1497 13.91 1410 13.13 1321 12.33 1230 11.57 1144 10.79 1057
14.67 1496 13.90 1408 13.11 1319 12.32 1229 11.56 1143 10.78 1055
14.66 1495 13.89 1407 13.10 1317 12.31 1228 11.55 1142 10.77 1054
14.65 1494 13.88 1406 13.09 1316 12.30 1227 11.54 1141 10.76 1053
14.64 1493 13.87 1405 13.08 1315 12.29 1226 11.53 1140 10.75 1052
14.63 1492 13.86 1404 13.07 1314 12.28 1225 11.52 1139 10.74 1051
14.62 1490 13.85 1403 13.06 1313 12.26 1223 11.50 1137 10.73 1050
14.61 1489 13.84 1402 13.05 1312 12.25 1221 11.49 1135 10.72 1049
14.60 1488 13.82 1400 13.04 1311 12.24 1220 11.48 1134 10.70 1047
14.59 1487 13.81 1398 13.03 1309 12.23 1219 11.47 1133 10.69 1045
14.58 1486 13.80 1397 13.02 1308 12.22 1218 11.46 1132 10.68 1044
14.57 1485 13.79 1396 13.01 1307 12.20 1216 11.45 1131 10.67 1043
14.55 1483 13.78 1395 13.00 1306 12.19 1214 11.44 1130 10.66 1042
14.54 1481 13.76 1393 12.99 1305 12.18 1213 11.43 1129 10.65 1041
14.53 1480 13.75 1391 12.98 1304 12.17 1212 11.41 1127 10.64 1040
14.52 1479 13.74 1390 12.97 1303 12.16 1211 11.40 1125 10.63 1039
14.51 1478 13.73 1389 12.96 1302 12.15 1210 11.39 1124 10.61 1037
14.50 1477 13.72 1388 12.94 1300 12.14 1209 11.38 1123 10.60 1035
14.49 1476 13.71 1387 12.93 1298 12.13 1208 11.37 1122 10.59 1034
14.47 1474 13.70 1386 12.92 1297 12.12 1206 11.36 1121 10.58 1033
14.46 1472 13.69 1384 12.91 1296 12.11 1205 11.35 1120 10.57 1032
14.45 1471 13.68 1383 12.90 1295 12.10 1204 11.34 1118 10.55 1030
14.44 1470 13.67 1382 12.88 1293 12.09 1203 11.33 1117 10.54 1028
14.43 1469 13.66 1381 12.87 1291 12.08 1202 11.32 1116 10.53 1027
14.41 1467 13.65 1380 12.86 1290 12.07 1201 11.31 1115 10.52 1026
14.40 1465 13.64 1379 12.85 1289 12.05 1199 11.30 1114 10.51 1025
14.39 1464 13.63 1378 12.84 1288 12.04 1197 11.29 1113 10.50 1024
14.38 1463 13.61 1376 12.83 1287 12.03 1196 11.28 1112 10.49 1023
14.37 1462 13.60 1374 12.82 1286 12.02 1195 11.26 1110 10.48 1022
14.36 1461 13.59 1373 12.81 1285 12.01 1194 11.25 1108 10.47 1021
14.35 1460 13.58 1372 12.79 1283 12.00 1193 11.24 1107 10.46 1020
14.34 1459 13.57 1371 12.78 1281 11.99 1192 11.23 1106 10.44 1018
14.33 1457 13.55 1369 12.77 1280 11.98 1191 11.22 1105 10.43 1016
14.32 1456 13.54 1367 12.76 1279 11.97 1190 11.21 1104 10.42 1015
14.31 1455 13.53 1366 12.75 1278 11.96 1188 11.20 1103 10.41 1014
14.30 1454 13.52 1365 12.73 1276 11.95 1187 11.19 1102 10.40 1013
14.29 1453 13.51 1364 12.72 1274 11.94 1186 11.17 1100 10.39 1012
14.28 1452 13.50 1363 12.71 1273 11.93 1185 11.16 1098 10.38 1011
14.26 1450 13.49 1362 12.70 1272 11.92 1184 11.15 1097 10.37 1010
14.25 1448 13.47 1360 12.69 1271 11.91 1183 11.14 1096 10.35 1008
14.24 1447 13.46 1358 12.68 1270 11.90 1182 11.13 1095 10.34 1006
14.23 1446 13.45 1357 12.67 1269 11.88 1180 11.11 1093 10.33 1005
14.22 1445 13.44 1356 12.66 1268 11.87 1178 11.10 1091 10.32 1004
14.20 1443 13.43 1355 12.65 1266 11.86 1177 11.09 1090 10.31 1003
14.19 1441 13.42 1354 12.64 1265 11.85 1176 11.08 1089 10.29 1001
14.18 1440 13.41 1353 12.63 1264 11.84 1175 11.07 1088 10.28 999
14.17 1439 13.40 1352 12.62 1263 11.83 1174 11.06 1087 10.27 998
14.16 1438 13.38 1350 12.61 1262 11.82 1173 11.05 1086 10.26 997
14.15 1437 13.37 1348 12.60 1261 11.81 1171 11.04 1085 10.25 996
14.14 1436 13.36 1347 12.58 1259 11.80 1170 11.02 1083 10.24 995
14.13 1435 13.35 1346 12.57 1257 11.79 1169 11.01 1081 10.23 994
14.12 1433 13.34 1345 12.56 1256 11.78 1168 11.00 1080 10.22 993
14.11 1432 13.32 1343 12.55 1255 11.77 1167 10.99 1079 10.20 991
14.10 1431 13.31 1341 12.54 1254 11.76 1166 10.98 1078 10.19 989
14.09 1430 13.30 1340 12.52 1252 11.75 1165 10.97 1077 10.18 988
14.08 1429 13.29 1339 12.50 1250 11.73 1163 10.96 1076 10.17 987
14.07 1428 13.28 1338 12.49 1248 11.72 1161 10.94 1074 10.16 986
14.05 1426 13.27 1337 12.48 1247 11.71 1160 10.93 1072 10.15 985
14.04 1424 13.26 1336 12.47 1246 11.70 1159 10.92 1071 10.14 984
14.03 1423 13.25 1334 12.46 1245 11.69 1158 10.91 1070 10.13 983
14.02 1422 13.24 1333 12.45 1244 11.68 1157 10.90 1069 10.11 981
14.01 1421 13.23 1332 12.44 1243 11.67 1156 10.89 1068 10.10 979
14.00 1420 13.22 1331 12.43 1242 11.66 1154 10.88 1067 10.09 978
13.99 1419 13.21 1330 12.41 1240 11.65 1153 10.87 1066 10.08 977
13.97 1417 13.20 1329 12.40 1238 11.64 1152 10.85 1064 10.07 976
13.96 1415 13.19 1328 12.39 1237 11.63 1151 10.84 1062 10.05 974
13.95 1414 13.17 1326 12.38 1236 11.62 1150 10.83 1061 10.04 972
13.94 1413 13.16 1324 12.37 1235 11.61 1149 10.82 1060 10.03 971
10.02 970 9.24 883 8.47 798 7.68 710 6.91 626 6.14 542
10.01 969 9.23 882 8.46 797 7.67 709 6.90 625 6.13 541
10.00 968 9.22 881 8.44 795 7.66 708 6.88 623 6.11 539
9.99 967 9.21 880 8.43 793 7.65 707 6.87 621 6.10 537
9.98 966 9.20 879 8.42 792 7.64 706 6.86 620 6.09 536
9.97 965 9.19 878 8.41 791 7.63 705 6.85 619 6.08 535
9.96 964 9.17 876 8.40 790 7.62 704 6.84 618 6.07 534
9.94 962 9.16 874 8.39 789 7.61 703 6.83 617 6.06 533
9.93 960 9.15 873 8.38 788 7.60 702 6.82 616 6.05 532
9.92 959 9.14 872 8.37 787 7.58 700 6.81 615 6.04 531
9.91 958 9.13 871 8.35 785 7.57 698 6.80 614 6.02 529
9.90 957 9.12 870 8.34 783 7.56 697 6.79 613 6.01 527
9.89 956 9.11 869 8.33 782 7.55 696 6.78 612 5.99 526
9.88 955 9.10 868 8.32 781 7.54 695 6.76 610 5.97 524
9.87 954 9.08 866 8.31 780 7.53 694 6.75 608 5.96 522
9.85 952 9.07 864 8.30 779 7.52 693 6.74 607 5.95 521
9.84 950 9.06 863 8.29 778 7.51 692 6.73 606 5.94 520
9.83 949 9.05 862 8.28 777 7.50 691 6.72 605 5.93 519
9.82 948 9.04 861 8.26 775 7.49 690 6.71 604 5.92 518
9.81 947 9.03 860 8.25 773 7.47 688 6.70 603 5.91 517
9.80 946 9.02 859 8.24 772 7.46 686 6.69 602 5.90 516
9.79 945 9.01 858 8.23 771 7.45 685 6.67 600 5.88 514
9.78 943 9.00 857 8.22 770 7.44 684 6.66 598 5.87 512
9.77 942 8.99 856 8.21 769 7.43 683 6.65 597 5.86 511
9.76 941 8.97 854 8.20 768 7.42 682 6.64 596 5.85 510
9.75 940 8.96 852 8.19 767 7.41 681 6.63 595 5.84 509
9.74 939 8.95 851 8.17 765 7.40 680 6.62 594 5.83 508
9.73 938 8.94 850 8.16 763 7.38 678 6.61 593 5.82 507
9.72 937 8.93 849 8.15 762 7.37 676 6.60 592 5.81 506
9.70 935 8.92 848 8.14 761 7.36 675 6.59 591 5.80 505
9.69 933 8.91 847 8.13 760 7.35 674 6.58 590 5.79 504
9.68 932 8.90 845 8.12 759 7.34 673 6.57 589 5.78 503
9.67 931 8.89 844 8.11 758 7.33 672 6.55 587 5.76 501
9.66 930 8.88 843 8.10 757 7.32 671 6.54 585 5.75 499
9.65 929 8.87 842 8.08 755 7.31 670 6.53 584 5.74 498
9.64 928 8.86 841 8.07 753 7.29 668 6.52 583 5.73 497
9.63 927 8.85 840 8.06 752 7.28 666 6.51 582 5.72 496
9.61 925 8.84 839 8.05 751 7.27 665 6.50 581 5.71 495
9.60 923 8.82 837 8.04 750 7.26 664 6.49 580 5.70 494
9.59 922 8.81 835 8.03 749 7.25 663 6.48 579 5.69 493
9.58 921 8.80 834 8.02 748 7.24 662 6.47 578 5.68 492
9.57 920 8.79 833 8.01 747 7.23 661 6.46 577 5.67 491
9.56 919 8.78 832 8.00 746 7.22 660 6.44 575 5.66 490
9.55 918 8.77 831 7.99 745 7.20 658 6.43 573 5.64 488
9.54 917 8.76 830 7.97 743 7.19 656 6.42 572 5.63 486
9.52 915 8.75 829 7.96 741 7.18 655 6.41 571 5.62 485
9.50 913 8.73 827 7.95 740 7.17 654 6.40 570 5.61 484
9.49 911 8.72 825 7.94 739 7.16 653 6.39 569 5.60 483
9.48 910 8.71 824 7.93 738 7.15 652 6.38 568 5.59 482
9.47 909 8.70 823 7.92 737 7.14 651 6.37 567 5.58 481
9.46 908 8.69 822 7.91 736 7.13 650 6.36 566 5.57 480
9.45 907 8.68 821 7.90 735 7.12 649 6.35 565 5.56 479
9.44 906 8.67 820 7.88 733 7.11 648 6.34 564 5.55 478
9.43 904 8.66 819 7.87 731 7.10 647 6.32 562 5.54 477
9.42 903 8.64 817 7.86 730 7.08 645 6.31 560 5.52 475
9.41 902 8.63 815 7.85 729 7.07 643 6.30 559 5.51 473
9.40 901 8.62 814 7.84 728 7.06 642 6.29 558 5.50 472
9.39 900 8.61 813 7.83 727 7.05 641 6.28 557 5.49 471
9.38 899 8.60 812 7.82 726 7.04 640 6.27 556 5.48 470
9.37 898 8.59 811 7.81 725 7.03 639 6.26 555 5.47 469
9.35 896 8.58 810 7.79 723 7.02 638 6.25 554 5.46 468
9.34 894 8.57 809 7.78 721 7.01 637 6.23 552 5.45 467
9.33 893 8.55 807 7.77 720 7.00 636 6.22 550 5.44 466
9.32 892 8.54 805 7.76 719 6.99 635 6.21 549 5.43 465
9.31 891 8.53 804 7.75 718 6.97 633 6.20 548 5.42 464
9.30 890 8.52 803 7.74 717 6.96 631 6.19 547 5.41 463
9.29 889 8.51 802 7.73 716 6.95 630 6.18 546 5.40 462
9.28 888 8.50 801 7.72 715 6.94 629 6.17 545 5.38 460
9.26 886 8.49 800 7.70 713 6.93 628 6.16 544 5.37 458
9.25 884 8.48 799 7.69 711 6.92 627 6.15 543 5.36 457
5.35 456 4.63 379 3.88 299 3.14 221 2.41 146 1.66 70
5.34 455 4.61 377 3.87 298 3.13 220 2.40 145 1.64 69
5.33 454 4.60 375 3.86 297 3.12 219 2.39 144 1.63 67
5.32 453 4.58 374 3.85 296 3.11 218 2.38 143 1.61 66
5.31 452 4.57 372 3.84 295 3.10 217 2.37 142 1.60 64
5.30 451 4.56 371 3.83 294 3.09 216 2.36 141 1.58 63
5.29 450 4.55 370 3.82 293 3.08 215 2.35 140 1.57 61
5.28 449 4.54 369 3.81 292 3.07 214 2.34 139 1.55 60
5.26 447 4.53 368 3.79 290 3.06 213 2.33 138 1.54 58
5.25 445 4.52 367 3.78 288 3.05 212 2.32 137 1.52 57
5.24 444 4.51 366 3.76 287 3.04 211 2.31 136 1.51 56
5.23 443 4.50 365 3.75 285 3.03 210 2.29 134 1.49 54
5.22 442 4.49 364 3.74 284 3.02 209 2.28 133 1.48 53
5.21 441 4.48 363 3.73 283 3.01 208 2.26 131 1.47 52
5.20 440 4.47 362 3.72 282 2.99 206 2.25 130 1.46 51
5.19 439 4.46 361 3.71 281 2.97 204 2.23 128 1.45 50
5.18 438 4.44 359 3.70 280 2.96 203 2.22 126 1.44 49
5.17 437 4.43 357 3.69 279 2.94 201 2.20 125 1.43 48
5.16 436 4.41 356 3.68 278 2.93 199 2.19 123 1.42 47
5.14 434 4.40 354 3.67 277 2.91 198 2.17 122 1.41 46
5.13 432 4.39 353 3.66 276 2.90 196 2.16 120 1.40 45
5.12 431 4.38 352 3.64 274 2.89 195 2.14 119 1.39 44
5.11 430 4.37 351 3.63 273 2.88 194 2.13 117 1.38 43
5.10 429 4.36 350 3.61 271 2.87 193 2.12 116 1.37 42
5.09 428 4.35 349 3.60 269 2.86 192 2.11 115 1.36 41
5.08 427 4.34 348 3.59 268 2.85 191 2.10 114 1.35 40
5.07 426 4.33 347 3.58 267 2.84 190 2.09 113 1.34 39
5.06 425 4.32 346 3.57 266 2.83 189 2.08 112 1.33 38
5.05 424 4.31 345 3.56 265 2.82 188 2.07 111 1.32 37
5.04 423 4.29 343 3.55 264 2.81 187 2.06 110 1.31 36
5.02 421 4.28 341 3.54 263 2.80 186 2.05 109 1.29 35
5.01 419 4.26 340 3.53 262 2.79 185 2.04 108 1.28 33
5.00 418 4.25 338 3.52 261 2.78 184 2.03 107 1.26 32
4.99 417 4.24 337 3.51 260 2.77 183 2.02 106 1.25 31
4.97 416 4.23 336 3.50 259 2.76 182 2.00 105 1.23 29
4.96 414 4.22 335 3.49 258 2.75 181 1.99 103 1.22 28
4.95 413 4.21 334 3.48 257 2.74 180 1.97 102 1.21 27
4.94 412 4.20 333 3.47 256 2.73 179 1.96 100 1.20 26
4.93 411 4.19 332 3.46 255 2.72 178 1.94 99 1.19 25
4.92 410 4.18 331 3.45 254 2.70 176 1.93 97 1.18 24
4.91 409 4.17 330 3.44 253 2.69 175 1.92 96 1.17 23
4.90 408 4.16 329 3.43 252 2.67 173 1.91 95 1.16 22
4.88 406 4.14 327 3.41 250 2.66 171 1.90 94 1.15 21
4.87 405 4.13 325 3.40 249 2.64 170 1.89 93 1.14 20
4.85 403 4.11 324 3.38 247 2.63 168 1.88 92 1.13 19
4.84 401 4.10 322 3.37 245 2.61 167 1.87 91 1.11 18
4.83 400 4.09 321 3.36 244 2.60 165 1.86 90 1.10 16
4.82 399 4.08 320 3.35 243 2.59 164 1.85 89 1.08 15
4.81 398 4.07 319 3.34 242 2.58 163 1.84 88 1.07 14
4.80 397 4.06 318 3.33 241 2.57 162 1.83 87 1.06 13
4.79 396 4.05 317 3.32 240 2.56 161 1.82 86 1.05 12
4.78 395 4.04 316 3.31 239 2.55 160 1.81 85 1.04 11
4.77 394 4.03 315 3.30 238 2.54 159 1.80 84 1.03 10
4.76 393 4.02 314 3.29 237 2.53 158 1.79 83 1.02 9
4.75 392 4.01 313 3.28 236 2.52 157 1.78 82 1.00 8
4.73 390 4.00 312 3.27 235 2.51 156 1.77 81 0.99 7
4.72 388 3.99 311 3.26 234 2.50 155 1.76 80 0.98 6
4.71 387 3.97 309 3.25 233 2.49 154 1.75 79 0.97 5
4.70 386 3.96 308 3.23 231 2.48 153 1.74 78 0.96 4
4.69 385 3.94 306 3.22 230 2.47 152 1.73 77 0.95 3
4.68 384 3.93 304 3.20 228 2.46 151 1.72 76 0.94 2
4.67 383 3.92 303 3.19 226 2.45 150 1.71 75 0.93 1
4.66 382 3.91 302 3.17 225 2.44 149 1.70 74
4.65 381 3.90 301 3.16 223 2.43 148 1.69 73
4.64 380 3.89 300 3.15 222 2.42 147 1.67 72
