13.15 1500 12.45 1411 11.72 1318 11.00 1227 10.26 1133 9.53 1041
13.14 1498 12.44 1409 11.71 1317 10.99 1225 10.25 1132 9.52 1040
13.13 1497 12.43 1408 11.70 1315 10.98 1224 10.24 1131 9.51 1039
13.12 1496 12.42 1407 11.69 1314 10.97 1223 10.23 1129 9.50 1038
13.11 1495 12.41 1406 11.68 1313 10.96 1222 10.22 1128 9.49 1037
13.10 1494 12.40 1404 11.67 1311 10.95 1220 10.21 1127 9.48 1035
13.09 1492 12.39 1403 11.66 1310 10.94 1219 10.20 1126 9.47 1034
13.08 1491 12.38 1402 11.65 1309 10.93 1218 10.19 1125 9.46 1033
13.07 1489 12.37 1400 11.64 1308 10.92 1216 10.18 1123 9.45 1031
13.06 1488 12.36 1399 11.63 1306 10.91 1215 10.17 1122 9.44 1030
13.05 1487 12.35 1398 11.62 1305 10.90 1214 10.16 1121 9.43 1029
13.04 1486 12.34 1397 11.61 1304 10.89 1213 10.15 1119 9.42 1028
13.03 1485 12.33 1395 11.60 1302 10.88 1212 10.14 1118 9.41 1026
13.02 1483 12.32 1394 11.59 1301 10.87 1210 10.13 1117 9.40 1025
13.01 1482 12.31 1393 11.58 1300 10.86 1209 10.12 1116 9.39 1024
13.00 1481 12.30 1391 11.57 1299 10.85 1208 10.11 1114 9.38 1022
12.99 1479 12.29 1390 11.56 1298 10.84 1206 10.10 1113 9.37 1021
12.98 1478 12.28 1389 11.55 1296 10.83 1205 10.09 1112 9.36 1020
12.97 1477 12.27 1388 11.54 1295 10.82 1204 10.08 1110 9.35 1019
12.96 1476 12.26 1387 11.53 1293 10.81 1203 10.07 1109 9.34 1018
12.95 1474 12.25 1385 11.52 1292 10.80 1201 10.06 1108 9.33 1016
12.94 1473 12.24 1384 11.51 1291 10.79 1200 10.05 1107 9.32 1015
12.93 1472 12.23 1382 11.50 1290 10.78 1199 10.04 1106 9.31 1014
12.92 1470 12.22 1381 11.49 1289 10.77 1197 10.03 1104 9.29 1012
12.91 1469 12.21 1380 11.48 1287 10.76 1196 10.02 1103 9.28 1010
12.90 1468 12.20 1379 11.47 1286 10.75 1195 10.01 1102 9.27 1009
12.89 1467 12.19 1378 11.46 1285 10.74 1194 9.99 1100 9.26 1008
12.88 1465 12.18 1376 11.45 1284 10.73 1193 9.98 1098 9.25 1006
12.87 1464 12.17 1375 11.44 1283 10.72 1191 9.97 1097 9.24 1005
12.86 1463 12.16 1373 11.43 1281 10.71 1190 9.96 1095 9.22 1003
12.85 1461 12.15 1372 11.42 1280 10.70 1188 9.95 1094 9.21 1001
12.84 1460 12.14 1371 11.41 1278 10.69 1187 9.94 1093 9.20 1000
12.83 1459 12.13 1370 11.40 1277 10.68 1186 9.92 1091 9.19 999
12.82 1458 12.12 1369 11.39 1276 10.67 1185 9.91 1089 9.18 997
12.81 1456 12.11 1367 11.38 1275 10.66 1184 9.90 1088 9.17 996
12.80 1455 12.10 1366 11.37 1274 10.65 1182 9.89 1087 9.16 995
12.79 1454 12.09 1365 11.36 1272 10.64 1181 9.88 1085 9.15 994
12.78 1452 12.07 1363 11.35 1271 10.63 1180 9.87 1084 9.14 993
12.77 1451 12.06 1361 11.34 1270 10.61 1178 9.86 1083 9.13 991
12.76 1450 12.05 1360 11.33 1268 10.60 1176 9.85 1082 9.12 990
12.75 1449 12.04 1358 11.32 1267 10.59 1175 9.84 1081 9.11 989
12.74 1448 12.03 1357 11.31 1266 10.58 1174 9.83 1079 9.09 987
12.73 1446 12.02 1356 11.30 1265 10.57 1172 9.82 1078 9.08 985
12.72 1445 12.00 1354 11.29 1263 10.56 1171 9.81 1076 9.07 984
12.71 1443 11.99 1352 11.28 1262 10.54 1169 9.80 1075 9.06 983
12.70 1442 11.98 1351 11.27 1261 10.53 1167 9.79 1074 9.05 981
12.69 1441 11.97 1350 11.26 1259 10.52 1166 9.78 1073 9.04 980
12.68 1440 11.96 1348 11.25 1258 10.51 1165 9.77 1072 9.03 979
12.67 1439 11.95 1347 11.24 1257 10.50 1163 9.76 1070 9.02 978
12.66 1437 11.93 1345 11.23 1256 10.49 1162 9.75 1069 9.01 976
12.65 1436 11.92 1343 11.22 1255 10.48 1161 9.74 1068 9.00 975
12.64 1435 11.91 1342 11.21 1253 10.47 1160 9.73 1066 8.99 974
12.63 1434 11.90 1341 11.20 1252 10.46 1159 9.72 1065 8.98 972
12.62 1432 11.89 1339 11.19 1250 10.45 1157 9.71 1064 8.97 971
12.61 1431 11.88 1338 11.18 1249 10.44 1156 9.70 1063 8.96 970
12.60 1430 11.87 1337 11.17 1248 10.43 1154 9.69 1062 8.95 969
12.59 1428 11.86 1336 11.16 1247 10.42 1153 9.68 1060 8.94 968
12.58 1427 11.85 1334 11.15 1246 10.41 1152 9.67 1059 8.93 966
12.57 1426 11.84 1333 11.14 1244 10.40 1151 9.66 1058 8.92 965
12.56 1425 11.83 1332 11.13 1243 10.39 1150 9.65 1056 8.91 964
12.55 1424 11.82 1330 11.12 1242 10.38 1148 9.64 1055 8.90 962
12.54 1422 11.81 1329 11.10 1240 10.37 1147 9.63 1054 8.89 961
12.53 1421 11.80 1328 11.09 1238 10.36 1146 9.62 1053 8.88 960
12.52 1419 11.79 1327 11.08 1237 10.34 1144 9.61 1051 8.87 959
12.51 1418 11.78 1326 11.07 1235 10.33 1142 9.60 1050 8.86 958
12.50 1417 11.77 1324 11.06 1234 10.32 1141 9.59 1049 8.85 956
12.49 1416 11.76 1323 11.05 1233 10.31 1140 9.57 1047 8.84 955
12.48 1415 11.75 1321 11.03 1231 10.30 1138 9.56 1045 8.83 954
12.47 1413 11.74 1320 11.02 1229 10.29 1137 9.55 1044 8.81 952
12.46 1412 11.73 1319 11.01 1228 10.27 1135 9.54 1043 8.80 950
8.79 949 8.06 858 7.32 766 6.58 675 5.83 583 5.09 493
8.78 948 8.04 856 7.31 765 6.57 674 5.82 582 5.08 492
8.77 946 8.03 854 7.30 763 6.56 672 5.81 581 5.06 490
8.76 945 8.02 853 7.29 762 6.55 671 5.80 579 5.05 488
8.74 943 8.01 852 7.28 761 6.54 670 5.79 578 5.04 487
8.73 941 8.00 850 7.27 760 6.52 668 5.78 577 5.03 486
8.72 940 7.99 849 7.26 759 6.51 666 5.77 575 5.02 484
8.71 939 7.98 848 7.25 757 6.50 665 5.76 574 5.01 483
8.70 937 7.97 847 7.24 756 6.49 664 5.75 573 5.00 482
8.69 936 7.96 845 7.23 755 6.48 662 5.74 572 4.99 481
8.68 935 7.95 844 7.21 753 6.47 661 5.73 571 4.98 480
8.67 934 7.94 843 7.20 751 6.46 660 5.72 569 4.97 479
8.66 933 7.93 841 7.19 750 6.45 659 5.71 568 4.96 477
8.65 931 7.92 840 7.18 749 6.44 658 5.70 567 4.95 476
8.64 930 7.91 839 7.17 747 6.43 656 5.69 566 4.94 475
8.63 929 7.90 838 7.16 746 6.42 655 5.68 565 4.92 473
8.62 927 7.89 837 7.15 745 6.41 654 5.67 564 4.91 471
8.61 926 7.88 835 7.14 744 6.40 653 5.66 562 4.90 470
8.60 925 7.87 834 7.13 743 6.38 651 5.65 561 4.89 469
8.59 924 7.86 833 7.12 741 6.37 649 5.64 560 4.88 467
8.58 923 7.84 831 7.11 740 6.36 648 5.62 558 4.87 466
8.57 921 7.83 829 7.10 739 6.35 647 5.61 556 4.86 465
8.56 920 7.82 828 7.09 737 6.34 645 5.60 555 4.85 464
8.55 919 7.81 827 7.08 736 6.33 644 5.59 554 4.84 463
8.53 917 7.80 825 7.07 735 6.32 643 5.58 552 4.83 462
8.52 915 7.79 824 7.06 734 6.31 642 5.57 551 4.82 460
8.51 914 7.78 823 7.05 733 6.30 641 5.56 550 4.81 459
8.50 913 7.77 822 7.04 731 6.29 639 5.55 549 4.80 458
8.49 911 7.76 821 7.03 730 6.28 638 5.54 548 4.78 456
8.48 910 7.75 819 7.02 729 6.27 637 5.53 546 4.77 454
8.47 909 7.74 818 7.00 727 6.26 635 5.52 545 4.76 453
8.46 908 7.73 817 6.99 725 6.25 634 5.51 544 4.75 452
8.45 907 7.72 815 6.98 724 6.24 633 5.50 543 4.74 451
8.44 905 7.71 814 6.97 723 6.23 632 5.48 541 4.73 449
8.43 904 7.70 813 6.96 721 6.22 631 5.47 539 4.72 448
8.42 902 7.69 812 6.95 720 6.21 629 5.46 538 4.71 447
8.41 901 7.68 811 6.94 719 6.20 628 5.45 537 4.70 446
8.40 900 7.67 809 6.93 718 6.19 627 5.44 535 4.69 445
8.39 899 7.66 808 6.92 717 6.17 625 5.43 534 4.68 443
8.38 898 7.65 807 6.91 715 6.16 623 5.42 533 4.67 442
8.37 896 7.63 805 6.90 714 6.15 622 5.41 532 4.66 441
8.36 895 7.62 803 6.89 713 6.14 621 5.40 531 4.65 440
8.35 894 7.61 802 6.87 711 6.13 619 5.39 529 4.64 439
8.34 892 7.60 801 6.86 709 6.12 618 5.38 528 4.63 438
8.33 891 7.59 799 6.85 708 6.11 617 5.37 527 4.62 436
8.32 890 7.58 798 6.84 707 6.10 616 5.36 526 4.61 435
8.31 889 7.57 797 6.83 706 6.09 615 5.34 524 4.60 434
8.30 888 7.56 796 6.82 704 6.08 614 5.33 522 4.58 432
8.29 886 7.55 795 6.81 703 6.07 612 5.32 521 4.57 430
8.28 885 7.54 793 6.80 702 6.06 611 5.31 520 4.56 429
8.27 884 7.53 792 6.79 701 6.05 610 5.30 518 4.55 428
8.25 882 7.52 791 6.78 700 6.03 608 5.29 517 4.54 427
8.24 880 7.51 789 6.77 698 6.02 606 5.28 516 4.53 425
8.23 879 7.50 788 6.76 697 6.01 605 5.27 515 4.52 424
8.22 878 7.49 787 6.75 696 6.00 604 5.26 514 4.51 423
8.21 876 7.48 786 6.73 694 5.99 602 5.25 512 4.50 422
8.20 875 7.47 785 6.72 692 5.98 601 5.24 511 4.49 421
8.19 874 7.46 783 6.71 691 5.97 600 5.23 510 4.48 419
8.18 873 7.45 782 6.70 690 5.96 599 5.22 509 4.47 418
8.17 872 7.44 781 6.69 688 5.95 598 5.20 507 4.46 417
8.16 870 7.42 779 6.68 687 5.94 596 5.19 505 4.45 416
8.15 869 7.41 777 6.67 686 5.93 595 5.18 504 4.44 415
8.14 868 7.40 776 6.66 685 5.92 594 5.17 503 4.43 414
8.13 866 7.39 775 6.65 684 5.91 592 5.16 501 4.42 412
8.12 865 7.38 773 6.64 682 5.89 591 5.15 500 4.41 411
8.11 864 7.37 772 6.63 681 5.88 589 5.14 499 4.40 410
8.10 863 7.36 771 6.62 680 5.87 588 5.13 498 4.39 408
8.09 862 7.35 770 6.61 678 5.86 587 5.12 497 4.38 407
8.08 860 7.34 769 6.60 677 5.85 585 5.11 495 4.37 406
8.07 859 7.33 767 6.59 676 5.84 584 5.10 494 4.36 405
4.35 404 3.75 332 3.17 264 2.58 194 1.94 122 1.35 56
4.34 403 3.74 331 3.16 262 2.56 193 1.93 120 1.34 54
4.33 401 3.73 330 3.15 261 2.55 191 1.92 119 1.33 53
4.32 400 3.72 329 3.14 260 2.54 190 1.91 118 1.32 52
4.31 399 3.71 327 3.13 259 2.53 189 1.90 117 1.31 51
4.30 398 3.70 326 3.12 258 2.52 188 1.89 115 1.30 50
4.29 397 3.69 325 3.11 257 2.51 186 1.87 114 1.29 49
4.28 395 3.68 324 3.10 255 2.49 185 1.86 112 1.28 48
4.27 394 3.67 323 3.09 254 2.48 183 1.85 111 1.27 47
4.26 393 3.66 322 3.08 253 2.47 182 1.84 110 1.26 46
4.25 392 3.65 320 3.07 252 2.46 181 1.83 109 1.24 44
4.23 390 3.64 319 3.05 250 2.45 180 1.82 108 1.23 43
4.22 388 3.63 318 3.04 249 2.44 178 1.80 106 1.22 41
4.21 387 3.62 316 3.03 247 2.43 177 1.79 105 1.21 40
4.20 386 3.60 315 3.02 246 2.42 176 1.78 103 1.20 39
4.19 385 3.59 313 3.01 245 2.41 175 1.77 102 1.19 38
4.18 383 3.58 312 3.00 243 2.40 174 1.76 101 1.18 37
4.17 382 3.57 311 2.98 242 2.39 173 1.75 100 1.17 36
4.16 381 3.56 309 2.97 240 2.38 171 1.74 99 1.16 35
4.15 380 3.55 308 2.96 239 2.37 170 1.73 98 1.15 34
4.14 379 3.54 307 2.95 238 2.36 169 1.72 97 1.14 33
4.13 377 3.53 306 2.94 237 2.35 168 1.71 95 1.13 32
4.12 376 3.52 305 2.93 235 2.34 167 1.70 94 1.12 31
4.11 375 3.51 304 2.92 234 2.33 166 1.69 93 1.11 30
4.10 374 3.50 302 2.91 233 2.32 165 1.68 92 1.10 29
4.09 373 3.49 301 2.90 232 2.31 163 1.67 91 1.09 28
4.08 372 3.48 300 2.89 231 2.29 162 1.66 90 1.08 27
4.07 370 3.47 299 2.88 230 2.28 160 1.65 89 1.07 25
4.06 369 3.46 298 2.87 228 2.27 159 1.64 88 1.06 24
4.05 368 3.45 297 2.86 227 2.26 158 1.63 86 1.04 23
4.04 366 3.44 295 2.85 226 2.25 157 1.62 85 1.03 21
4.02 365 3.43 294 2.84 225 2.24 155 1.61 84 1.02 20
4.01 363 3.42 293 2.83 224 2.22 154 1.60 83 1.01 19
4.00 362 3.41 292 2.82 223 2.21 152 1.59 82 1.00 18
3.99 361 3.40 291 2.81 221 2.20 151 1.58 81 0.99 17
3.98 359 3.39 290 2.80 220 2.19 150 1.57 80 0.98 16
3.97 358 3.38 288 2.79 219 2.18 149 1.56 79 0.97 15
3.96 357 3.37 287 2.78 218 2.17 147 1.55 77 0.96 14
3.95 356 3.36 286 2.77 217 2.15 146 1.54 76 0.95 13
3.94 355 3.35 285 2.76 216 2.14 144 1.53 75 0.94 12
3.93 354 3.33 283 2.75 215 2.13 143 1.52 74 0.93 11
3.92 352 3.32 281 2.74 213 2.12 142 1.51 73 0.92 10
3.91 351 3.31 280 2.73 212 2.11 141 1.50 72 0.91 9
3.90 350 3.30 279 2.72 211 2.10 139 1.49 71 0.90 8
3.88 348 3.29 278 2.71 210 2.08 138 1.48 70 0.89 7
3.87 347 3.28 276 2.70 209 2.07 136 1.47 69 0.88 6
3.86 345 3.27 275 2.69 208 2.06 135 1.45 67 0.87 5
3.85 344 3.26 274 2.68 206 2.05 134 1.44 66 0.86 4
3.84 343 3.25 273 2.67 205 2.04 133 1.43 64 0.85 3
3.83 341 3.24 272 2.66 204 2.03 131 1.42 63 0.84 2
3.81 340 3.23 271 2.65 203 2.01 130 1.41 62 0.83 1
3.80 338 3.22 269 2.63 201 2.00 128 1.40 61
3.79 337 3.21 268 2.62 199 1.99 127 1.39 60
3.78 336 3.20 267 2.61 198 1.98 126 1.38 59
3.77 334 3.19 266 2.60 197 1.97 125 1.37 58
3.76 333 3.18 265 2.59 196 1.96 123 1.36 57
