9.98 1500 9.28 1383 8.58 1266 7.88 1150 7.18 1033 6.48 918
9.97 1499 9.27 1382 8.57 1264 7.87 1148 7.17 1032 6.47 917
9.96 1498 9.26 1380 8.56 1263 7.86 1146 7.16 1030 6.46 915
9.95 1496 9.25 1378 8.55 1261 7.85 1144 7.15 1028 6.45 913
9.94 1494 9.24 1376 8.54 1259 7.84 1143 7.14 1027 6.44 911
9.93 1492 9.23 1375 8.53 1258 7.83 1141 7.13 1025 6.43 910
9.92 1491 9.22 1373 8.52 1256 7.82 1140 7.12 1024 6.42 908
9.91 1489 9.21 1371 8.51 1255 7.81 1137 7.11 1022 6.41 907
9.90 1487 9.20 1370 8.50 1252 7.80 1136 7.10 1020 6.40 904
9.89 1485 9.19 1368 8.49 1251 7.79 1135 7.09 1018 6.39 903
9.88 1484 9.18 1367 8.48 1249 7.78 1133 7.08 1017 6.38 902
9.87 1482 9.17 1365 8.47 1248 7.77 1131 7.07 1015 6.37 900
9.86 1481 9.16 1363 8.46 1246 7.76 1129 7.06 1014 6.36 898
9.85 1479 9.15 1361 8.45 1244 7.75 1128 7.05 1012 6.35 896
9.84 1477 9.14 1360 8.44 1243 7.74 1126 7.04 1010 6.34 895
9.83 1476 9.13 1358 8.43 1241 7.73 1125 7.03 1009 6.33 893
9.82 1474 9.12 1356 8.42 1240 7.72 1123 7.02 1007 6.32 892
9.81 1472 9.11 1355 8.41 1237 7.71 1121 7.01 1005 6.31 890
9.80 1470 9.10 1353 8.40 1236 7.70 1120 7.00 1003 6.30 888
9.79 1469 9.09 1352 8.39 1234 7.69 1118 6.99 1002 6.29 887
9.78 1467 9.08 1350 8.38 1233 7.68 1116 6.98 1000 6.28 885
9.77 1465 9.07 1348 8.37 1231 7.67 1114 6.97 999 6.27 884
9.76 1464 9.06 1346 8.36 1229 7.66 1113 6.96 997 6.26 882
9.75 1462 9.05 1345 8.35 1228 7.65 1111 6.95 995 6.25 880
9.74 1461 9.04 1343 8.34 1226 7.64 1110 6.94 994 6.24 878
9.73 1459 9.03 1341 8.33 1225 7.63 1108 6.93 992 6.23 877
9.72 1457 9.02 1340 8.32 1223 7.62 1106 6.92 991 6.22 875
9.71 1455 9.01 1338 8.31 1221 7.61 1105 6.91 989 6.21 874
9.70 1454 9.00 1337 8.30 1219 7.60 1103 6.90 987 6.20 872
9.69 1452 8.99 1334 8.29 1218 7.59 1102 6.89 985 6.19 870
9.68 1450 8.98 1333 8.28 1216 7.58 1100 6.88 984 6.18 869
9.67 1449 8.97 1331 8.27 1214 7.57 1098 6.87 982 6.17 867
9.66 1447 8.96 1330 8.26 1213 7.56 1096 6.86 981 6.16 866
9.65 1446 8.95 1328 8.25 1211 7.55 1095 6.85 979 6.15 864
9.64 1443 8.94 1326 8.24 1210 7.54 1093 6.84 977 6.14 862
9.63 1442 8.93 1324 8.23 1208 7.53 1091 6.83 976 6.13 860
9.62 1440 8.92 1323 8.22 1206 7.52 1089 6.82 974 6.12 859
9.61 1439 8.91 1321 8.21 1204 7.51 1088 6.81 972 6.11 857
9.60 1437 8.90 1319 8.20 1203 7.50 1087 6.80 970 6.10 856
9.59 1435 8.89 1318 8.19 1201 7.49 1085 6.79 969 6.09 854
9.58 1434 8.88 1316 8.18 1199 7.48 1083 6.78 967 6.08 852
9.57 1432 8.87 1315 8.17 1198 7.47 1081 6.77 966 6.07 851
9.56 1430 8.86 1313 8.16 1196 7.46 1080 6.76 964 6.06 849
9.55 1428 8.85 1311 8.15 1195 7.45 1078 6.75 962 6.05 848
9.54 1427 8.84 1309 8.14 1193 7.44 1076 6.74 961 6.04 845
9.53 1425 8.83 1308 8.13 1191 7.43 1074 6.73 959 6.03 844
9.52 1424 8.82 1306 8.12 1189 7.42 1073 6.72 958 6.02 842
9.51 1421 8.81 1304 8.11 1188 7.41 1072 6.71 956 6.01 841
9.50 1420 8.80 1303 8.10 1186 7.40 1070 6.70 954 6.00 839
9.49 1419 8.79 1301 8.09 1184 7.39 1068 6.69 952 5.99 837
9.48 1417 8.78 1300 8.08 1183 7.38 1066 6.68 951 5.98 836
9.47 1415 8.77 1298 8.07 1181 7.37 1065 6.67 950 5.97 834
9.46 1413 8.76 1296 8.06 1180 7.36 1063 6.66 948 5.96 833
9.45 1412 8.75 1294 8.05 1178 7.35 1062 6.65 946 5.95 831
9.44 1410 8.74 1293 8.04 1176 7.34 1060 6.64 944 5.94 829
9.43 1408 8.73 1291 8.03 1174 7.33 1058 6.63 943 5.93 827
9.42 1406 8.72 1289 8.02 1173 7.32 1057 6.62 941 5.92 826
9.41 1405 8.71 1288 8.01 1171 7.31 1055 6.61 939 5.91 825
9.40 1403 8.70 1286 8.00 1169 7.30 1053 6.60 937 5.90 823
9.39 1402 8.69 1285 7.99 1167 7.29 1051 6.59 936 5.89 821
9.38 1400 8.68 1283 7.98 1166 7.28 1050 6.58 934 5.88 819
9.37 1398 8.67 1281 7.97 1165 7.27 1048 6.57 933 5.87 818
9.36 1397 8.66 1279 7.96 1163 7.26 1047 6.56 931 5.86 816
9.35 1395 8.65 1278 7.95 1161 7.25 1045 6.55 929 5.85 815
9.34 1393 8.64 1276 7.94 1159 7.24 1043 6.54 928 5.84 813
9.33 1391 8.63 1274 7.93 1158 7.23 1042 6.53 926 5.83 811
9.32 1390 8.62 1273 7.92 1156 7.22 1040 6.52 925 5.82 810
9.31 1388 8.61 1271 7.91 1154 7.21 1039 6.51 923 5.81 808
9.30 1387 8.60 1270 7.90 1152 7.20 1037 6.50 921 5.80 807
9.29 1385 8.59 1268 7.89 1151 7.19 1035 6.49 919 5.79 805
5.78 803 5.08 689 4.38 576 3.68 464 2.98 354 2.28 244
5.77 801 5.07 688 4.37 575 3.67 462 2.97 352 2.27 243
5.76 800 5.06 686 4.36 573 3.66 461 2.96 350 2.26 241
5.75 798 5.05 684 4.35 571 3.65 460 2.95 348 2.25 240
5.74 797 5.04 683 4.34 569 3.64 458 2.94 347 2.24 238
5.73 795 5.03 681 4.33 568 3.63 456 2.93 345 2.23 237
5.72 793 5.02 680 4.32 567 3.62 454 2.92 344 2.22 235
5.71 792 5.01 678 4.31 565 3.61 453 2.91 343 2.21 233
5.70 790 5.00 676 4.30 564 3.60 451 2.90 341 2.20 232
5.69 789 4.99 674 4.29 562 3.59 450 2.89 340 2.19 230
5.68 787 4.98 673 4.28 560 3.58 448 2.88 338 2.18 229
5.67 785 4.97 672 4.27 558 3.57 447 2.87 336 2.17 227
5.66 783 4.96 670 4.26 557 3.56 445 2.86 334 2.16 226
5.65 782 4.95 668 4.25 555 3.55 443 2.85 333 2.15 225
5.64 780 4.94 666 4.24 554 3.54 442 2.84 331 2.14 223
5.63 779 4.93 665 4.23 552 3.53 440 2.83 330 2.13 221
5.62 777 4.92 663 4.22 550 3.52 439 2.82 328 2.12 220
5.61 775 4.91 662 4.21 549 3.51 437 2.81 327 2.11 218
5.60 774 4.90 660 4.20 547 3.50 436 2.80 325 2.10 216
5.59 772 4.89 658 4.19 546 3.49 434 2.79 324 2.09 215
5.58 771 4.88 657 4.18 544 3.48 432 2.78 322 2.08 213
5.57 769 4.87 655 4.17 543 3.47 431 2.77 320 2.07 212
5.56 767 4.86 654 4.16 541 3.46 429 2.76 319 2.06 211
5.55 765 4.85 652 4.15 539 3.45 428 2.75 317 2.05 209
5.54 764 4.84 651 4.14 537 3.44 426 2.74 316 2.04 208
5.53 763 4.83 649 4.13 536 3.43 425 2.73 314 2.03 206
5.52 761 4.82 647 4.12 535 3.42 423 2.72 313 2.02 204
5.51 759 4.81 645 4.11 533 3.41 421 2.71 311 2.01 203
5.50 757 4.80 644 4.10 531 3.40 419 2.70 309 2.00 201
5.49 756 4.79 643 4.09 529 3.39 418 2.69 308 1.99 199
5.48 754 4.78 641 4.08 528 3.38 417 2.68 306 1.98 198
5.47 753 4.77 639 4.07 526 3.37 415 2.67 305 1.97 197
5.46 751 4.76 637 4.06 525 3.36 414 2.66 303 1.96 195
5.45 749 4.75 636 4.05 523 3.35 412 2.65 302 1.95 194
5.44 748 4.74 634 4.04 522 3.34 410 2.64 300 1.94 192
5.43 746 4.73 633 4.03 520 3.33 408 2.63 299 1.93 191
5.42 745 4.72 631 4.02 518 3.32 407 2.62 297 1.92 189
5.41 743 4.71 629 4.01 517 3.31 405 2.61 295 1.91 188
5.40 741 4.70 627 4.00 515 3.30 404 2.60 294 1.90 186
5.39 739 4.69 626 3.99 514 3.29 402 2.59 292 1.89 185
5.38 738 4.68 625 3.98 512 3.28 401 2.58 291 1.88 183
5.37 736 4.67 623 3.97 510 3.27 399 2.57 289 1.87 181
5.36 735 4.66 621 3.96 509 3.26 397 2.56 288 1.86 180
5.35 733 4.65 619 3.95 507 3.25 396 2.55 286 1.85 178
5.34 731 4.64 618 3.94 506 3.24 394 2.54 285 1.84 177
5.33 730 4.63 616 3.93 504 3.23 393 2.53 283 1.83 175
5.32 728 4.62 615 3.92 503 3.22 391 2.52 281 1.82 174
5.31 727 4.61 613 3.91 501 3.21 390 2.51 280 1.81 172
5.30 725 4.60 612 3.90 499 3.20 388 2.50 278 1.80 171
5.29 723 4.59 610 3.89 497 3.19 386 2.49 277 1.79 169
5.28 721 4.58 608 3.88 496 3.18 385 2.48 275 1.78 168
5.27 720 4.57 607 3.87 494 3.17 383 2.47 274 1.77 167
5.26 719 4.56 605 3.86 493 3.16 382 2.46 272 1.76 165
5.25 717 4.55 604 3.85 492 3.15 380 2.45 271 1.75 163
5.24 715 4.54 602 3.84 490 3.14 379 2.44 269 1.74 162
5.23 713 4.53 600 3.83 488 3.13 377 2.43 267 1.73 160
5.22 712 4.52 598 3.82 486 3.12 375 2.42 266 1.72 158
5.21 710 4.51 597 3.81 485 3.11 374 2.41 264 1.71 157
5.20 709 4.50 596 3.80 483 3.10 372 2.40 263 1.70 155
5.19 707 4.49 594 3.79 482 3.09 371 2.39 261 1.69 154
5.18 706 4.48 592 3.78 480 3.08 369 2.38 260 1.68 153
5.17 704 4.47 591 3.77 479 3.07 368 2.37 258 1.67 151
5.16 702 4.46 589 3.76 477 3.06 366 2.36 257 1.66 150
5.15 701 4.45 587 3.75 475 3.05 365 2.35 255 1.65 148
5.14 699 4.44 586 3.74 474 3.04 363 2.34 254 1.64 147
5.13 698 4.43 584 3.73 472 3.03 361 2.33 252 1.63 145
5.12 696 4.42 583 3.72 471 3.02 359 2.32 250 1.62 144
5.11 694 4.41 581 3.71 469 3.01 358 2.31 249 1.61 142
5.10 692 4.40 579 3.70 467 3.00 357 2.30 247 1.60 141
5.09 691 4.39 578 3.69 465 2.99 355 2.29 246 1.59 139
1.58 138 1.42 114 1.26 90 1.10 67 0.94 43 0.78 21
1.57 136 1.41 112 1.25 88 1.09 65 0.93 42 0.77 20
1.56 134 1.40 111 1.24 87 1.08 64 0.92 41 0.76 18
1.55 133 1.39 109 1.23 85 1.07 62 0.91 39 0.75 17
1.54 131 1.38 108 1.22 84 1.06 61 0.90 38 0.74 16
1.53 130 1.37 106 1.21 83 1.05 59 0.89 36 0.73 14
1.52 128 1.36 105 1.20 81 1.04 58 0.88 35 0.72 13
1.51 127 1.35 103 1.19 80 1.03 57 0.87 33 0.71 11
1.50 126 1.34 102 1.18 78 1.02 55 0.86 32 0.70 10
1.49 124 1.33 100 1.17 77 1.01 54 0.85 31 0.69 9
1.48 123 1.32 99 1.16 75 1.00 52 0.84 29 0.68 8
1.47 121 1.31 97 1.15 74 0.99 51 0.83 28 0.67 6
1.46 120 1.30 96 1.14 72 0.98 49 0.82 27 0.66 5
1.45 118 1.29 94 1.13 71 0.97 48 0.81 25 0.65 4
1.44 117 1.28 93 1.12 70 0.96 46 0.80 24 0.64 2
1.43 115 1.27 91 1.11 68 0.95 45 0.79 23 0.63 1
