8.45 1500 7.75 1360 7.05 1223 6.35 1085 5.65 949 4.95 813
8.44 1498 7.74 1359 7.04 1220 6.34 1083 5.64 947 4.94 811
8.43 1496 7.73 1357 7.03 1218 6.33 1081 5.63 945 4.93 809
8.42 1494 7.72 1355 7.02 1217 6.32 1079 5.62 943 4.92 807
8.41 1492 7.71 1353 7.01 1215 6.31 1078 5.61 941 4.91 805
8.40 1489 7.70 1351 7.00 1213 6.30 1076 5.60 939 4.90 803
8.39 1487 7.69 1349 6.99 1211 6.29 1074 5.59 937 4.89 802
8.38 1485 7.68 1347 6.98 1209 6.28 1072 5.58 935 4.88 800
8.37 1483 7.67 1345 6.97 1207 6.27 1070 5.57 933 4.87 798
8.36 1482 7.66 1343 6.96 1205 6.26 1068 5.56 931 4.86 796
8.35 1480 7.65 1341 6.95 1203 6.25 1066 5.55 929 4.85 794
8.34 1478 7.64 1339 6.94 1201 6.24 1064 5.54 927 4.84 792
8.33 1476 7.63 1337 6.93 1199 6.23 1062 5.53 925 4.83 790
8.32 1474 7.62 1335 6.92 1197 6.22 1060 5.52 923 4.82 788
8.31 1472 7.61 1333 6.91 1195 6.21 1058 5.51 922 4.81 786
8.30 1470 7.60 1331 6.90 1193 6.20 1056 5.50 920 4.80 785
8.29 1467 7.59 1329 6.89 1191 6.19 1054 5.49 918 4.79 783
8.28 1465 7.58 1327 6.88 1189 6.18 1052 5.48 916 4.78 781
8.27 1464 7.57 1325 6.87 1187 6.17 1050 5.47 914 4.77 779
8.26 1462 7.56 1324 6.86 1185 6.16 1048 5.46 912 4.76 777
8.25 1460 7.55 1321 6.85 1184 6.15 1046 5.45 910 4.75 775
8.24 1458 7.54 1319 6.84 1182 6.14 1044 5.44 908 4.74 773
8.23 1456 7.53 1317 6.83 1180 6.13 1043 5.43 906 4.73 771
8.22 1454 7.52 1315 6.82 1178 6.12 1041 5.42 904 4.72 769
8.21 1452 7.51 1313 6.81 1176 6.11 1039 5.41 902 4.71 767
8.20 1450 7.50 1311 6.80 1174 6.10 1037 5.40 900 4.70 765
8.19 1448 7.49 1309 6.79 1171 6.09 1035 5.39 898 4.69 763
8.18 1446 7.48 1307 6.78 1169 6.08 1033 5.38 896 4.68 761
8.17 1444 7.47 1306 6.77 1167 6.07 1030 5.37 894 4.67 759
8.16 1442 7.46 1304 6.76 1166 6.06 1028 5.36 892 4.66 757
8.15 1440 7.45 1302 6.75 1164 6.05 1026 5.35 890 4.65 755
8.14 1438 7.44 1300 6.74 1162 6.04 1025 5.34 888 4.64 753
8.13 1436 7.43 1298 6.73 1160 6.03 1023 5.33 887 4.63 751
8.12 1434 7.42 1296 6.72 1158 6.02 1021 5.32 885 4.62 750
8.11 1432 7.41 1293 6.71 1156 6.01 1019 5.31 883 4.61 748
8.10 1430 7.40 1291 6.70 1154 6.00 1017 5.30 881 4.60 746
8.09 1428 7.39 1289 6.69 1152 5.99 1015 5.29 879 4.59 744
8.08 1426 7.38 1288 6.68 1150 5.98 1013 5.28 877 4.58 742
8.07 1424 7.37 1286 6.67 1148 5.97 1011 5.27 875 4.57 740
8.06 1422 7.36 1284 6.66 1146 5.96 1010 5.26 873 4.56 738
8.05 1420 7.35 1282 6.65 1144 5.95 1008 5.25 871 4.55 736
8.04 1418 7.34 1280 6.64 1142 5.94 1005 5.24 870 4.54 734
8.03 1416 7.33 1278 6.63 1140 5.93 1003 5.23 868 4.53 733
8.02 1414 7.32 1276 6.62 1138 5.92 1001 5.22 866 4.52 731
8.01 1412 7.31 1274 6.61 1136 5.91 999 5.21 864 4.51 729
8.00 1411 7.30 1272 6.60 1134 5.90 997 5.20 862 4.50 727
7.99 1408 7.29 1270 6.59 1132 5.89 995 5.19 860 4.49 725
7.98 1406 7.28 1268 6.58 1131 5.88 993 5.18 858 4.48 723
7.97 1404 7.27 1266 6.57 1129 5.87 992 5.17 856 4.47 721
7.96 1402 7.26 1264 6.56 1127 5.86 990 5.16 854 4.46 719
7.95 1400 7.25 1262 6.55 1125 5.85 988 5.15 852 4.45 717
7.94 1398 7.24 1260 6.54 1123 5.84 986 5.14 850 4.44 715
7.93 1396 7.23 1258 6.53 1121 5.83 984 5.13 848 4.43 713
7.92 1394 7.22 1256 6.52 1118 5.82 982 5.12 846 4.42 711
7.91 1393 7.21 1254 6.51 1116 5.81 980 5.11 844 4.41 709
7.90 1391 7.20 1252 6.50 1114 5.80 978 5.10 842 4.40 707
7.89 1389 7.19 1250 6.49 1113 5.79 976 5.09 840 4.39 706
7.88 1387 7.18 1248 6.48 1111 5.78 974 5.08 838 4.38 704
7.87 1384 7.17 1246 6.47 1109 5.77 972 5.07 837 4.37 702
7.86 1382 7.16 1244 6.46 1107 5.76 970 5.06 835 4.36 700
7.85 1380 7.15 1242 6.45 1105 5.75 968 5.05 833 4.35 698
7.84 1378 7.14 1240 6.44 1103 5.74 966 5.04 831 4.34 696
7.83 1376 7.13 1238 6.43 1101 5.73 964 5.03 829 4.33 694
7.82 1375 7.12 1236 6.42 1099 5.72 962 5.02 827 4.32 692
7.81 1373 7.11 1235 6.41 1097 5.71 960 5.01 825 4.31 690
7.80 1371 7.10 1233 6.40 1095 5.70 958 5.00 823 4.30 688
7.79 1369 7.09 1231 6.39 1093 5.69 957 4.99 821 4.29 686
7.78 1367 7.08 1229 6.38 1091 5.68 955 4.98 819 4.28 684
7.77 1365 7.07 1227 6.37 1089 5.67 953 4.97 817 4.27 683
7.76 1363 7.06 1225 6.36 1087 5.66 951 4.96 815 4.26 681
4.25 679 3.62 559 2.99 440 2.36 323 1.73 208 1.10 95
4.24 677 3.61 557 2.98 438 2.35 321 1.72 206 1.09 94
4.23 675 3.60 555 2.97 436 2.34 319 1.71 204 1.08 92
4.22 673 3.59 553 2.96 434 2.33 317 1.70 202 1.07 90
4.21 671 3.58 551 2.95 432 2.32 315 1.69 201 1.06 89
4.20 669 3.57 549 2.94 430 2.31 314 1.68 199 1.05 87
4.19 667 3.56 547 2.93 429 2.30 312 1.67 197 1.04 85
4.18 666 3.55 546 2.92 427 2.29 310 1.66 195 1.03 83
4.17 664 3.54 544 2.91 425 2.28 308 1.65 193 1.02 82
4.16 662 3.53 542 2.90 423 2.27 306 1.64 191 1.01 80
4.15 660 3.52 540 2.89 421 2.26 304 1.63 190 1.00 78
4.14 658 3.51 538 2.88 419 2.25 302 1.62 188 0.99 76
4.13 656 3.50 536 2.87 417 2.24 301 1.61 186 0.98 74
4.12 654 3.49 534 2.86 416 2.23 299 1.60 185 0.97 73
4.11 652 3.48 532 2.85 414 2.22 297 1.59 183 0.96 72
4.10 650 3.47 530 2.84 412 2.21 295 1.58 181 0.95 70
4.09 649 3.46 529 2.83 410 2.20 294 1.57 179 0.94 68
4.08 647 3.45 527 2.82 408 2.19 292 1.56 177 0.93 66
4.07 645 3.44 525 2.81 406 2.18 290 1.55 175 0.92 64
4.06 643 3.43 523 2.80 405 2.17 288 1.54 173 0.91 63
4.05 641 3.42 521 2.79 403 2.16 286 1.53 171 0.90 61
4.04 639 3.41 519 2.78 401 2.15 284 1.52 170 0.89 59
4.03 637 3.40 517 2.77 399 2.14 282 1.51 168 0.88 58
4.02 635 3.39 515 2.76 397 2.13 281 1.50 167 0.87 56
4.01 633 3.38 514 2.75 395 2.12 279 1.49 165 0.86 54
4.00 631 3.37 512 2.74 394 2.11 277 1.48 163 0.85 53
3.99 629 3.36 510 2.73 392 2.10 275 1.47 161 0.84 51
3.98 627 3.35 508 2.72 390 2.09 273 1.46 159 0.83 49
3.97 625 3.34 506 2.71 388 2.08 271 1.45 157 0.82 47
3.96 623 3.33 504 2.70 386 2.07 269 1.44 155 0.81 46
3.95 621 3.32 502 2.69 384 2.06 267 1.43 154 0.80 44
3.94 619 3.31 500 2.68 382 2.05 266 1.42 152 0.79 43
3.93 618 3.30 498 2.67 380 2.04 264 1.41 150 0.78 41
3.92 616 3.29 497 2.66 379 2.03 262 1.40 149 0.77 39
3.91 614 3.28 495 2.65 377 2.02 261 1.39 147 0.76 37
3.90 612 3.27 493 2.64 375 2.01 259 1.38 145 0.75 36
3.89 610 3.26 491 2.63 373 2.00 257 1.37 143 0.74 34
3.88 608 3.25 489 2.62 371 1.99 255 1.36 141 0.73 32
3.87 606 3.24 487 2.61 369 1.98 253 1.35 139 0.72 31
3.86 604 3.23 485 2.60 367 1.97 251 1.34 138 0.71 29
3.85 602 3.22 483 2.59 365 1.96 249 1.33 136 0.70 28
3.84 600 3.21 481 2.58 364 1.95 248 1.32 134 0.69 26
3.83 598 3.20 480 2.57 362 1.94 246 1.31 133 0.68 24
3.82 597 3.19 478 2.56 360 1.93 244 1.30 131 0.67 23
3.81 595 3.18 476 2.55 358 1.92 242 1.29 129 0.66 21
3.80 593 3.17 474 2.54 356 1.91 240 1.28 127 0.65 19
3.79 591 3.16 472 2.53 354 1.90 238 1.27 125 0.64 18
3.78 589 3.15 470 2.52 352 1.89 237 1.26 123 0.63 16
3.77 587 3.14 468 2.51 350 1.88 235 1.25 122 0.62 15
3.76 585 3.13 466 2.50 348 1.87 233 1.24 120 0.61 13
3.75 583 3.12 464 2.49 347 1.86 231 1.23 119 0.60 11
3.74 581 3.11 463 2.48 345 1.85 230 1.22 117 0.59 10
3.73 580 3.10 461 2.47 343 1.84 228 1.21 115 0.58 8
3.72 578 3.09 459 2.46 341 1.83 226 1.20 113 0.57 7
3.71 576 3.08 457 2.45 340 1.82 224 1.19 111 0.56 5
3.70 574 3.07 455 2.44 338 1.81 222 1.18 109 0.55 3
3.69 572 3.06 453 2.43 336 1.80 220 1.17 108 0.54 2
3.68 570 3.05 451 2.42 334 1.79 218 1.16 106 0.53 1
3.67 568 3.04 449 2.41 332 1.78 216 1.15 105
3.66 566 3.03 447 2.40 331 1.77 215 1.14 103
3.65 564 3.02 446 2.39 329 1.76 213 1.13 101
3.64 563 3.01 444 2.38 327 1.75 211 1.12 99
3.63 561 3.00 442 2.37 325 1.74 210 1.11 97
