6.93 1500 6.23 1331 5.53 1163 4.83 996 4.13 830 3.43 666
6.92 1498 6.22 1328 5.52 1161 4.82 993 4.12 828 3.42 664
6.91 1495 6.21 1326 5.51 1158 4.81 991 4.11 825 3.41 662
6.90 1493 6.20 1324 5.50 1156 4.80 989 4.10 823 3.40 659
6.89 1490 6.19 1321 5.49 1153 4.79 987 4.09 821 3.39 657
6.88 1488 6.18 1319 5.48 1151 4.78 984 4.08 819 3.38 654
6.87 1485 6.17 1317 5.47 1148 4.77 982 4.07 816 3.37 652
6.86 1483 6.16 1314 5.46 1146 4.76 979 4.06 814 3.36 650
6.85 1481 6.15 1312 5.45 1144 4.75 977 4.05 811 3.35 647
6.84 1478 6.14 1309 5.44 1142 4.74 974 4.04 809 3.34 645
6.83 1476 6.13 1307 5.43 1139 4.73 972 4.03 807 3.33 643
6.82 1474 6.12 1304 5.42 1137 4.72 970 4.02 804 3.32 641
6.81 1471 6.11 1302 5.41 1134 4.71 967 4.01 802 3.31 638
6.80 1469 6.10 1300 5.40 1131 4.70 965 4.00 799 3.30 636
6.79 1466 6.09 1298 5.39 1129 4.69 962 3.99 797 3.29 633
6.78 1464 6.08 1295 5.38 1127 4.68 960 3.98 795 3.28 631
6.77 1461 6.07 1292 5.37 1125 4.67 958 3.97 793 3.27 629
6.76 1459 6.06 1290 5.36 1122 4.66 956 3.96 790 3.26 627
6.75 1456 6.05 1287 5.35 1120 4.65 953 3.95 788 3.25 624
6.74 1454 6.04 1285 5.34 1117 4.64 951 3.94 785 3.24 622
6.73 1452 6.03 1283 5.33 1115 4.63 948 3.93 783 3.23 619
6.72 1449 6.02 1280 5.32 1112 4.62 946 3.92 781 3.22 618
6.71 1447 6.01 1278 5.31 1110 4.61 943 3.91 779 3.21 615
6.70 1444 6.00 1276 5.30 1108 4.60 941 3.90 776 3.20 613
6.69 1442 5.99 1273 5.29 1106 4.59 939 3.89 774 3.19 610
6.68 1439 5.98 1271 5.28 1103 4.58 937 3.88 771 3.18 608
6.67 1437 5.97 1268 5.27 1101 4.57 934 3.87 769 3.17 606
6.66 1435 5.96 1266 5.26 1098 4.56 932 3.86 767 3.16 604
6.65 1432 5.95 1263 5.25 1096 4.55 929 3.85 765 3.15 601
6.64 1430 5.94 1261 5.24 1093 4.54 927 3.84 762 3.14 598
6.63 1428 5.93 1259 5.23 1091 4.53 925 3.83 760 3.13 596
6.62 1425 5.92 1257 5.22 1089 4.52 923 3.82 757 3.12 594
6.61 1423 5.91 1254 5.21 1087 4.51 920 3.81 755 3.11 592
6.60 1420 5.90 1252 5.20 1084 4.50 917 3.80 753 3.10 589
6.59 1418 5.89 1249 5.19 1082 4.49 915 3.79 750 3.09 587
6.58 1415 5.88 1247 5.18 1079 4.48 913 3.78 748 3.08 585
6.57 1413 5.87 1244 5.17 1076 4.47 911 3.77 745 3.07 583
6.56 1411 5.86 1242 5.16 1074 4.46 908 3.76 743 3.06 580
6.55 1408 5.85 1240 5.15 1072 4.45 906 3.75 741 3.05 578
6.54 1406 5.84 1237 5.14 1070 4.44 903 3.74 739 3.04 575
6.53 1403 5.83 1235 5.13 1067 4.43 901 3.73 736 3.03 573
6.52 1401 5.82 1232 5.12 1065 4.42 898 3.72 734 3.02 571
6.51 1398 5.81 1230 5.11 1062 4.41 896 3.71 731 3.01 569
6.50 1396 5.80 1227 5.10 1060 4.40 894 3.70 729 3.00 566
6.49 1393 5.79 1225 5.09 1058 4.39 892 3.69 727 2.99 564
6.48 1391 5.78 1223 5.08 1055 4.38 889 3.68 725 2.98 562
6.47 1389 5.77 1220 5.07 1053 4.37 887 3.67 722 2.97 560
6.46 1387 5.76 1218 5.06 1051 4.36 884 3.66 720 2.96 557
6.45 1384 5.75 1216 5.05 1048 4.35 882 3.65 717 2.95 555
6.44 1382 5.74 1213 5.04 1046 4.34 880 3.64 715 2.94 552
6.43 1379 5.73 1211 5.03 1043 4.33 878 3.63 713 2.93 550
6.42 1377 5.72 1208 5.02 1041 4.32 875 3.62 711 2.92 548
6.41 1374 5.71 1206 5.01 1039 4.31 873 3.61 708 2.91 545
6.40 1372 5.70 1203 5.00 1037 4.30 870 3.60 706 2.90 543
6.39 1369 5.69 1201 4.99 1034 4.29 868 3.59 704 2.89 541
6.38 1367 5.68 1199 4.98 1032 4.28 866 3.58 701 2.88 539
6.37 1365 5.67 1197 4.97 1029 4.27 863 3.57 699 2.87 536
6.36 1363 5.66 1194 4.96 1027 4.26 861 3.56 696 2.86 534
6.35 1360 5.65 1192 4.95 1024 4.25 858 3.55 694 2.85 531
6.34 1358 5.64 1189 4.94 1022 4.24 856 3.54 692 2.84 529
6.33 1355 5.63 1186 4.93 1020 4.23 854 3.53 690 2.83 527
6.32 1353 5.62 1184 4.92 1017 4.22 852 3.52 687 2.82 525
6.31 1350 5.61 1182 4.91 1015 4.21 849 3.51 685 2.81 522
6.30 1347 5.60 1180 4.90 1012 4.20 847 3.50 682 2.80 520
6.29 1345 5.59 1177 4.89 1010 4.19 844 3.49 680 2.79 518
6.28 1343 5.58 1175 4.88 1008 4.18 842 3.48 678 2.78 516
6.27 1341 5.57 1172 4.87 1005 4.17 839 3.47 676 2.77 513
6.26 1338 5.56 1170 4.86 1003 4.16 837 3.46 673 2.76 511
6.25 1336 5.55 1167 4.85 1001 4.15 835 3.45 671 2.75 509
6.24 1333 5.54 1165 4.84 998 4.14 833 3.44 668 2.74 507
2.73 504 2.34 415 1.95 326 1.56 239 1.17 154 0.78 70
2.72 502 2.33 412 1.94 324 1.55 237 1.16 151 0.77 68
2.71 499 2.32 410 1.93 322 1.54 235 1.15 149 0.76 66
2.70 497 2.31 408 1.92 320 1.53 232 1.14 147 0.75 64
2.69 495 2.30 406 1.91 317 1.52 230 1.13 145 0.74 61
2.68 492 2.29 403 1.90 315 1.51 228 1.12 142 0.73 60
2.67 490 2.28 401 1.89 313 1.50 226 1.11 140 0.72 57
2.66 488 2.27 399 1.88 311 1.49 223 1.10 138 0.71 56
2.65 486 2.26 397 1.87 308 1.48 221 1.09 136 0.70 53
2.64 483 2.25 394 1.86 306 1.47 219 1.08 134 0.69 51
2.63 481 2.24 392 1.85 304 1.46 217 1.07 131 0.68 49
2.62 479 2.23 390 1.84 302 1.45 215 1.06 130 0.67 47
2.61 477 2.22 387 1.83 299 1.44 213 1.05 127 0.66 45
2.60 474 2.21 385 1.82 297 1.43 210 1.04 125 0.65 43
2.59 472 2.20 383 1.81 295 1.42 208 1.03 123 0.64 41
2.58 469 2.19 381 1.80 292 1.41 206 1.02 121 0.63 39
2.57 467 2.18 378 1.79 290 1.40 204 1.01 119 0.62 37
2.56 465 2.17 376 1.78 288 1.39 201 1.00 117 0.61 35
2.55 463 2.16 374 1.77 286 1.38 199 0.99 114 0.60 33
2.54 460 2.15 372 1.76 283 1.37 197 0.98 112 0.59 31
2.53 458 2.14 369 1.75 281 1.36 195 0.97 110 0.58 29
2.52 456 2.13 367 1.74 279 1.35 193 0.96 108 0.57 27
2.51 454 2.12 365 1.73 277 1.34 190 0.95 106 0.56 25
2.50 451 2.11 363 1.72 274 1.33 188 0.94 104 0.55 23
2.49 449 2.10 360 1.71 273 1.32 186 0.93 102 0.54 21
2.48 447 2.09 358 1.70 270 1.31 184 0.92 100 0.53 19
2.47 444 2.08 356 1.69 268 1.30 181 0.91 97 0.52 17
2.46 442 2.07 354 1.68 266 1.29 180 0.90 95 0.51 15
2.45 440 2.06 351 1.67 264 1.28 177 0.89 93 0.50 13
2.44 438 2.05 349 1.66 261 1.27 175 0.88 91 0.49 11
2.43 435 2.04 347 1.65 259 1.26 173 0.87 89 0.48 9
2.42 433 2.03 345 1.64 257 1.25 171 0.86 86 0.47 7
2.41 430 2.02 342 1.63 255 1.24 168 0.85 85 0.46 6
2.40 428 2.01 340 1.62 252 1.23 167 0.84 82 0.45 3
2.39 426 2.00 338 1.61 250 1.22 164 0.83 80 0.44 1
2.38 424 1.99 335 1.60 248 1.21 162 0.82 78
2.37 421 1.98 333 1.59 246 1.20 160 0.81 76
2.36 419 1.97 331 1.58 243 1.19 158 0.80 74
2.35 417 1.96 329 1.57 241 1.18 155 0.79 72
