5.40 1498 4.70 1281 4.00 1066 3.30 854 2.60 643 1.90 436
5.39 1495 4.69 1278 3.99 1064 3.29 851 2.59 641 1.89 434
5.38 1492 4.68 1275 3.98 1060 3.28 848 2.58 637 1.88 430
5.37 1489 4.67 1272 3.97 1058 3.27 845 2.57 635 1.87 428
5.36 1485 4.66 1269 3.96 1054 3.26 841 2.56 631 1.86 425
5.35 1483 4.65 1266 3.95 1051 3.25 839 2.55 629 1.85 422
5.34 1479 4.64 1263 3.94 1048 3.24 835 2.54 625 1.84 419
5.33 1476 4.63 1260 3.93 1045 3.23 833 2.53 623 1.83 416
5.32 1473 4.62 1257 3.92 1042 3.22 829 2.52 619 1.82 413
5.31 1470 4.61 1254 3.91 1039 3.21 827 2.51 617 1.81 410
5.30 1467 4.60 1250 3.90 1036 3.20 823 2.50 614 1.80 407
5.29 1464 4.59 1248 3.89 1033 3.19 821 2.49 611 1.79 405
5.28 1461 4.58 1244 3.88 1030 3.18 817 2.48 608 1.78 401
5.27 1458 4.57 1242 3.87 1027 3.17 815 2.47 605 1.77 399
5.26 1454 4.56 1238 3.86 1024 3.16 811 2.46 602 1.76 395
5.25 1452 4.55 1235 3.85 1021 3.15 809 2.45 599 1.75 393
5.24 1448 4.54 1232 3.84 1018 3.14 805 2.44 596 1.74 390
5.23 1445 4.53 1229 3.83 1014 3.13 802 2.43 592 1.73 386
5.22 1442 4.52 1226 3.82 1012 3.12 799 2.42 590 1.72 384
5.21 1439 4.51 1223 3.81 1008 3.11 796 2.41 587 1.71 381
5.20 1436 4.50 1220 3.80 1005 3.10 793 2.40 584 1.70 378
5.19 1432 4.49 1216 3.79 1002 3.09 790 2.39 581 1.69 375
5.18 1430 4.48 1214 3.78 999 3.08 787 2.38 578 1.68 372
5.17 1426 4.47 1210 3.77 996 3.07 784 2.37 575 1.67 369
5.16 1424 4.46 1208 3.76 993 3.06 781 2.36 572 1.66 366
5.15 1420 4.45 1204 3.75 990 3.05 778 2.35 569 1.65 363
5.14 1417 4.44 1201 3.74 987 3.04 775 2.34 566 1.64 361
5.13 1414 4.43 1198 3.73 984 3.03 772 2.33 563 1.63 357
5.12 1411 4.42 1195 3.72 981 3.02 769 2.32 560 1.62 355
5.11 1408 4.41 1192 3.71 978 3.01 766 2.31 557 1.61 352
5.10 1405 4.40 1189 3.70 975 3.00 763 2.30 554 1.60 349
5.09 1402 4.39 1186 3.69 972 2.99 760 2.29 551 1.59 346
5.08 1399 4.38 1183 3.68 969 2.98 757 2.28 548 1.58 343
5.07 1395 4.37 1180 3.67 966 2.97 754 2.27 545 1.57 340
5.06 1393 4.36 1177 3.66 963 2.96 751 2.26 543 1.56 338
5.05 1389 4.35 1174 3.65 960 2.95 748 2.25 539 1.55 334
5.04 1387 4.34 1171 3.64 957 2.94 745 2.24 537 1.54 332
5.03 1383 4.33 1167 3.63 954 2.93 742 2.23 533 1.53 329
5.02 1380 4.32 1165 3.62 951 2.92 739 2.22 531 1.52 326
5.01 1377 4.31 1161 3.61 948 2.91 736 2.21 527 1.51 323
5.00 1374 4.30 1159 3.60 945 2.90 733 2.20 525 1.50 320
4.99 1371 4.29 1155 3.59 941 2.89 730 2.19 522 1.49 317
4.98 1368 4.28 1152 3.58 939 2.88 727 2.18 519 1.48 315
4.97 1365 4.27 1149 3.57 935 2.87 724 2.17 516 1.47 311
4.96 1362 4.26 1146 3.56 933 2.86 721 2.16 513 1.46 309
4.95 1358 4.25 1143 3.55 929 2.85 718 2.15 510 1.45 306
4.94 1356 4.24 1140 3.54 927 2.84 715 2.14 507 1.44 303
4.93 1352 4.23 1137 3.53 923 2.83 712 2.13 504 1.43 300
4.92 1350 4.22 1134 3.52 921 2.82 709 2.12 501 1.42 297
4.91 1346 4.21 1131 3.51 917 2.81 706 2.11 498 1.41 294
4.90 1343 4.20 1128 3.50 915 2.80 704 2.10 495 1.40 292
4.89 1340 4.19 1125 3.49 911 2.79 700 2.09 492 1.39 288
4.88 1337 4.18 1121 3.48 908 2.78 697 2.08 489 1.38 285
4.87 1334 4.17 1118 3.47 905 2.77 694 2.07 486 1.37 283
4.86 1330 4.16 1115 3.46 902 2.76 691 2.06 483 1.36 280
4.85 1328 4.15 1112 3.45 899 2.75 688 2.05 480 1.35 277
4.84 1324 4.14 1109 3.44 896 2.74 685 2.04 477 1.34 274
4.83 1321 4.13 1106 3.43 893 2.73 682 2.03 475 1.33 271
4.82 1318 4.12 1103 3.42 890 2.72 679 2.02 471 1.32 268
4.81 1315 4.11 1100 3.41 887 2.71 676 2.01 469 1.31 266
4.80 1312 4.10 1097 3.40 884 2.70 673 2.00 465 1.30 262
4.79 1309 4.09 1094 3.39 881 2.69 670 1.99 463 1.29 260
4.78 1306 4.08 1091 3.38 878 2.68 667 1.98 460 1.28 257
4.77 1303 4.07 1088 3.37 875 2.67 664 1.97 457 1.27 254
4.76 1300 4.06 1085 3.36 872 2.66 661 1.96 454 1.26 251
4.75 1297 4.05 1082 3.35 869 2.65 658 1.95 451 1.25 249
4.74 1293 4.04 1079 3.34 866 2.64 655 1.94 448 1.24 245
4.73 1291 4.03 1076 3.33 863 2.63 653 1.93 445 1.23 243
4.72 1287 4.02 1072 3.32 860 2.62 649 1.92 442 1.22 240
4.71 1285 4.01 1070 3.31 857 2.61 647 1.91 440 1.21 237
1.20 234 1.05 192 0.90 150 0.75 108 0.60 67 0.45 28
1.19 231 1.04 189 0.89 147 0.74 106 0.59 65 0.44 25
1.18 228 1.03 186 0.88 144 0.73 103 0.58 62 0.43 23
1.17 226 1.02 183 0.87 141 0.72 100 0.57 60 0.42 20
1.16 223 1.01 180 0.86 139 0.71 97 0.56 57 0.41 18
1.15 220 1.00 178 0.85 136 0.70 95 0.55 54 0.40 15
1.14 217 0.99 175 0.84 133 0.69 92 0.54 51 0.39 13
1.13 215 0.98 172 0.83 130 0.68 89 0.53 49 0.38 10
1.12 211 0.97 169 0.82 128 0.67 86 0.52 46 0.37 8
1.11 209 0.96 167 0.81 125 0.66 83 0.51 44 0.36 6
1.10 206 0.95 163 0.80 122 0.65 81 0.50 41 0.35 3
1.09 203 0.94 161 0.79 119 0.64 78 0.49 39 0.34 1
1.08 200 0.93 158 0.78 117 0.63 76 0.48 36
1.07 198 0.92 155 0.77 114 0.62 73 0.47 33
1.06 194 0.91 152 0.76 111 0.61 70 0.46 31
