24.40 1500
24.39 1499
24.37 1498
24.36 1497
24.34 1496
24.33 1495
24.31 1494
24.30 1493
24.28 1492
24.27 1491
24.26 1490
24.24 1489
24.23 1488
24.21 1487
24.20 1486
24.18 1485
24.17 1484
24.15 1483
24.14 1482
24.12 1481
24.11 1480
24.10 1479
24.08 1478
24.07 1477
24.05 1476
24.04 1475
24.02 1474
24.01 1473
23.99 1472
23.98 1471
23.96 1470
23.95 1469
23.94 1468
23.92 1467
23.91 1466
23.89 1465
23.88 1464
23.86 1463
23.85 1462
23.83 1461
23.82 1460
23.80 1459
23.79 1458
23.78 1457
23.76 1456
23.75 1455
23.73 1454
23.72 1453
23.70 1452
23.69 1451

23.67 1450
23.66 1449
23.64 1448
23.63 1447
23.61 1446
23.60 1445
23.59 1444
23.57 1443
23.56 1442
23.54 1441
23.53 1440
23.51 1439
23.50 1438
23.48 1437
23.47 1436
23.45 1435
23.44 1434
23.43 1433
23.41 1432
23.40 1431
23.38 1430
23.37 1429
23.35 1428
23.34 1427
23.32 1426
23.31 1425
23.29 1424
23.28 1423
23.27 1422
23.25 1421
23.24 1420
23.22 1419
23.21 1418
23.19 1417
23.18 1416
23.16 1415
23.15 1414
23.13 1413
23.12 1412
23.10 1411
23.09 1410
23.08 1409
23.06 1408
23.05 1407
23.03 1406
23.02 1405
23.00 1404
22.99 1403
22.97 1402
22.96 1401

22.94 1400
22.93 1399
22.92 1398
22.90 1397
22.89 1396
22.87 1395
22.86 1394
22.84 1393
22.83 1392
22.81 1391
22.80 1390
22.78 1389
22.77 1388
22.75 1387
22.74 1386
22.73 1385
22.71 1384
22.70 1383
22.68 1382
22.67 1381
22.65 1380
22.64 1379
22.62 1378
22.61 1377
22.59 1376
22.58 1375
22.57 1374
22.55 1373
22.54 1372
22.52 1371
22.51 1370
22.49 1369
22.48 1368
22.46 1367
22.45 1366
22.43 1365
22.42 1364
22.40 1363
22.39 1362
22.38 1361
22.36 1360
22.35 1359
22.33 1358
22.32 1357
22.30 1356
22.29 1355
22.27 1354
22.26 1353
22.24 1352
22.23 1351

22.21 1350
22.20 1349
22.19 1348
22.17 1347
22.16 1346
22.14 1345
22.13 1344
22.11 1343
22.10 1342
22.08 1341
22.07 1340
22.05 1339
22.04 1338
22.02 1337
22.01 1336
22.00 1335
21.98 1334
21.97 1333
21.95 1332
21.94 1331
21.92 1330
21.91 1329
21.89 1328
21.88 1327
21.86 1326
21.85 1325
21.83 1324
21.82 1323
21.81 1322
21.79 1321
21.78 1320
21.76 1319
21.75 1318
21.73 1317
21.72 1316
21.70 1315
21.69 1314
21.67 1313
21.66 1312
21.64 1311
21.63 1310
21.62 1309
21.60 1308
21.59 1307
21.57 1306
21.56 1305
21.54 1304
21.53 1303
21.51 1302
21.50 1301

21.48 1300
21.47 1299
21.45 1298
21.44 1297
21.42 1296
21.41 1295
21.40 1294
21.38 1293
21.37 1292
21.35 1291
21.34 1290
21.32 1289
21.31 1288
21.29 1287
21.28 1286
21.26 1285
21.25 1284
21.23 1283
21.22 1282
21.21 1281
21.19 1280
21.18 1279
21.16 1278
21.15 1277
21.13 1276
21.12 1275
21.10 1274
21.09 1273
21.07 1272
21.06 1271
21.04 1270
21.03 1269
21.01 1268
21.00 1267
20.99 1266
20.97 1265
20.96 1264
20.94 1263
20.93 1262
20.91 1261
20.90 1260
20.88 1259
20.87 1258
20.85 1257
20.84 1256
20.82 1255
20.81 1254
20.80 1253
20.78 1252
20.77 1251
20.75 1250
20.74 1249
20.72 1248
20.71 1247
20.69 1246
20.68 1245
20.66 1244
20.65 1243
20.63 1242
20.62 1241
20.60 1240
20.59 1239
20.58 1238
20.56 1237
20.55 1236
20.53 1235
20.52 1234
20.50 1233
20.49 1232
20.47 1231
20.46 1230
20.44 1229
20.43 1228
20.41 1227
20.40 1226
20.38 1225
20.37 1224
20.35 1223
20.34 1222
20.33 1221
20.31 1220
20.30 1219
20.28 1218
20.27 1217
20.25 1216
20.24 1215
20.22 1214
20.21 1213
20.19 1212
20.18 1211
20.16 1210
20.15 1209
20.13 1208
20.12 1207
20.11 1206
20.09 1205
20.08 1204
20.06 1203
20.05 1202
20.03 1201

20.02 1200
20.00 1199
19.99 1198
19.97 1197
19.96 1196
19.94 1195
19.93 1194
19.91 1193
19.90 1192
19.88 1191
19.87 1190
19.86 1189
19.84 1188
19.83 1187
19.81 1186
19.80 1185
19.78 1184
19.77 1183
19.75 1182
19.74 1181
19.72 1180
19.71 1179
19.69 1178
19.68 1177
19.66 1176
19.65 1175
19.63 1174
19.62 1173
19.61 1172
19.59 1171
19.58 1170
19.56 1169
19.55 1168
19.53 1167
19.52 1166
19.50 1165
19.49 1164
19.47 1163
19.46 1162
19.44 1161
19.43 1160
19.41 1159
19.40 1158
19.38 1157
19.37 1156
19.36 1155
19.34 1154
19.33 1153
19.31 1152
19.30 1151

19.28 1150
19.27 1149
19.25 1148
19.24 1147
19.22 1146
19.21 1145
19.19 1144
19.18 1143
19.16 1142
19.15 1141
19.13 1140
19.12 1139
19.11 1138
19.09 1137
19.08 1136
19.06 1135
19.05 1134
19.03 1133
19.02 1132
19.00 1131
18.99 1130
18.97 1129
18.96 1128
18.94 1127
18.93 1126
18.91 1125
18.90 1124
18.88 1123
18.87 1122
18.85 1121
18.84 1120
18.83 1119
18.81 1118
18.80 1117
18.78 1116
18.77 1115
18.75 1114
18.74 1113
18.72 1112
18.71 1111
18.69 1110
18.68 1109
18.66 1108
18.65 1107
18.63 1106
18.62 1105
18.60 1104
18.59 1103
18.57 1102
18.56 1101

18.54 1100
18.53 1099
18.52 1098
18.50 1097
18.49 1096
18.47 1095
18.46 1094
18.44 1093
18.43 1092
18.41 1091
18.40 1090
18.38 1089
18.37 1088
18.35 1087
18.34 1086
18.32 1085
18.31 1084
18.29 1083
18.28 1082
18.26 1081
18.25 1080
18.23 1079
18.22 1078
18.21 1077
18.19 1076
18.18 1075
18.16 1074
18.15 1073
18.13 1072
18.12 1071
18.10 1070
18.09 1069
18.07 1068
18.06 1067
18.04 1066
18.03 1065
18.01 1064
18.00 1063
17.98 1062
17.97 1061
17.95 1060
17.94 1059
17.92 1058
17.91 1057
17.90 1056
17.88 1055
17.87 1054
17.85 1053
17.84 1052
17.82 1051

17.81 1050
17.79 1049
17.78 1048
17.76 1047
17.75 1046
17.73 1045
17.72 1044
17.70 1043
17.69 1042
17.67 1041
17.66 1040
17.64 1039
17.63 1038
17.61 1037
17.60 1036
17.58 1035
17.57 1034
17.55 1033
17.54 1032
17.53 1031
17.51 1030
17.50 1029
17.48 1028
17.47 1027
17.45 1026
17.44 1025
17.42 1024
17.41 1023
17.39 1022
17.38 1021
17.36 1020
17.35 1019
17.33 1018
17.32 1017
17.30 1016
17.29 1015
17.27 1014
17.26 1013
17.24 1012
17.23 1011
17.21 1010
17.20 1009
17.18 1008
17.17 1007
17.16 1006
17.14 1005
17.13 1004
17.11 1003
17.10 1002
17.08 1001
17.07 1000
17.05 999
17.04 998
17.02 997
17.01 996
16.99 995
16.98 994
16.96 993
16.95 992
16.93 991
16.92 990
16.90 989
16.89 988
16.87 987
16.86 986
16.84 985
16.83 984
16.81 983
16.80 982
16.78 981
16.77 980
16.75 979
16.74 978
16.73 977
16.71 976
16.70 975
16.68 974
16.67 973
16.65 972
16.64 971
16.62 970
16.61 969
16.59 968
16.58 967
16.56 966
16.55 965
16.53 964
16.52 963
16.50 962
16.49 961
16.47 960
16.46 959
16.44 958
16.43 957
16.41 956
16.40 955
16.38 954
16.37 953
16.35 952
16.34 951

16.32 950
16.31 949
16.29 948
16.28 947
16.26 946
16.25 945
16.24 944
16.22 943
16.21 942
16.19 941
16.18 940
16.16 939
16.15 938
16.13 937
16.12 936
16.10 935
16.09 934
16.07 933
16.06 932
16.04 931
16.03 930
16.01 929
16.00 928
15.98 927
15.97 926
15.95 925
15.94 924
15.92 923
15.91 922
15.89 921
15.88 920
15.86 919
15.85 918
15.83 917
15.82 916
15.80 915
15.79 914
15.77 913
15.76 912
15.74 911
15.73 910
15.71 909
15.70 908
15.68 907
15.67 906
15.66 905
15.64 904
15.63 903
15.61 902
15.60 901

15.58 900
15.57 899
15.55 898
15.54 897
15.52 896
15.51 895
15.49 894
15.48 893
15.46 892
15.45 891
15.43 890
15.42 889
15.40 888
15.39 887
15.37 886
15.36 885
15.34 884
15.33 883
15.31 882
15.30 881
15.28 880
15.27 879
15.25 878
15.24 877
15.22 876
15.21 875
15.19 874
15.18 873
15.16 872
15.15 871
15.13 870
15.12 869
15.10 868
15.09 867
15.07 866
15.06 865
15.04 864
15.03 863
15.01 862
15.00 861
14.98 860
14.97 859
14.95 858
14.94 857
14.92 856
14.91 855
14.89 854
14.88 853
14.86 852
14.85 851

14.83 850
14.82 849
14.80 848
14.79 847
14.78 846
14.76 845
14.75 844
14.73 843
14.72 842
14.70 841
14.69 840
14.67 839
14.66 838
14.64 837
14.63 836
14.61 835
14.60 834
14.58 833
14.57 832
14.55 831
14.54 830
14.52 829
14.51 828
14.49 827
14.48 826
14.46 825
14.45 824
14.43 823
14.42 822
14.40 821
14.39 820
14.37 819
14.36 818
14.34 817
14.33 816
14.31 815
14.30 814
14.28 813
14.27 812
14.25 811
14.24 810
14.22 809
14.21 808
14.19 807
14.18 806
14.16 805
14.15 804
14.13 803
14.12 802
14.10 801

14.09 800
14.07 799
14.06 798
14.04 797
14.03 796
14.01 795
14.00 794
13.98 793
13.97 792
13.95 791
13.94 790
13.92 789
13.91 788
13.89 787
13.88 786
13.86 785
13.85 784
13.83 783
13.82 782
13.80 781
13.79 780
13.77 779
13.76 778
13.74 777
13.73 776
13.71 775
13.70 774
13.68 773
13.67 772
13.65 771
13.64 770
13.62 769
13.61 768
13.59 767
13.58 766
13.56 765
13.55 764
13.53 763
13.52 762
13.50 761
13.49 760
13.47 759
13.46 758
13.44 757
13.43 756
13.41 755
13.40 754
13.38 753
13.37 752
13.35 751
13.34 750
13.32 749
13.31 748
13.29 747
13.28 746
13.26 745
13.25 744
13.23 743
13.22 742
13.20 741
13.19 740
13.17 739
13.16 738
13.14 737
13.13 736
13.11 735
13.10 734
13.08 733
13.07 732
13.05 731
13.04 730
13.02 729
13.01 728
12.99 727
12.98 726
12.96 725
12.95 724
12.93 723
12.92 722
12.90 721
12.89 720
12.87 719
12.86 718
12.84 717
12.83 716
12.81 715
12.80 714
12.78 713
12.77 712
12.75 711
12.74 710
12.72 709
12.71 708
12.69 707
12.67 706
12.66 705
12.64 704
12.63 703
12.61 702
12.60 701

12.58 700
12.57 699
12.55 698
12.54 697
12.52 696
12.51 695
12.49 694
12.48 693
12.46 692
12.45 691
12.43 690
12.42 689
12.40 688
12.39 687
12.37 686
12.36 685
12.34 684
12.33 683
12.31 682
12.30 681
12.28 680
12.27 679
12.25 678
12.24 677
12.22 676
12.21 675
12.19 674
12.18 673
12.16 672
12.15 671
12.13 670
12.12 669
12.10 668
12.09 667
12.07 666
12.06 665
12.04 664
12.03 663
12.01 662
12.00 661
11.98 660
11.97 659
11.95 658
11.94 657
11.92 656
11.91 655
11.89 654
11.87 653
11.86 652
11.84 651

11.83 650
11.81 649
11.80 648
11.78 647
11.77 646
11.75 645
11.74 644
11.72 643
11.71 642
11.69 641
11.68 640
11.66 639
11.65 638
11.63 637
11.62 636
11.60 635
11.59 634
11.57 633
11.56 632
11.54 631
11.53 630
11.51 629
11.50 628
11.48 627
11.47 626
11.45 625
11.44 624
11.42 623
11.41 622
11.39 621
11.38 620
11.36 619
11.34 618
11.33 617
11.31 616
11.30 615
11.28 614
11.27 613
11.25 612
11.24 611
11.22 610
11.21 609
11.19 608
11.18 607
11.16 606
11.15 605
11.13 604
11.12 603
11.10 602
11.09 601

11.07 600
11.06 599
11.04 598
11.03 597
11.01 596
11.00 595
10.98 594
10.97 593
10.95 592
10.93 591
10.92 590
10.90 589
10.89 588
10.87 587
10.86 586
10.84 585
10.83 584
10.81 583
10.80 582
10.78 581
10.77 580
10.75 579
10.74 578
10.72 577
10.71 576
10.69 575
10.68 574
10.66 573
10.65 572
10.63 571
10.62 570
10.60 569
10.59 568
10.57 567
10.55 566
10.54 565
10.52 564
10.51 563
10.49 562
10.48 561
10.46 560
10.45 559
10.43 558
10.42 557
10.40 556
10.39 555
10.37 554
10.36 553
10.34 552
10.33 551

10.31 550
10.30 549
10.28 548
10.27 547
10.25 546
10.23 545
10.22 544
10.20 543
10.19 542
10.17 541
10.16 540
10.14 539
10.13 538
10.11 537
10.10 536
10.08 535
10.07 534
10.05 533
10.04 532
10.02 531
10.01 530
9.99 529
9.98 528
9.96 527
9.94 526
9.93 525
9.91 524
9.90 523
9.88 522
9.87 521
9.85 520
9.84 519
9.82 518
9.81 517
9.79 516
9.78 515
9.76 514
9.75 513
9.73 512
9.72 511
9.70 510
9.68 509
9.67 508
9.65 507
9.64 506
9.62 505
9.61 504
9.59 503
9.58 502
9.56 501
9.55 500
9.53 499
9.52 498
9.50 497
9.49 496
9.47 495
9.45 494
9.44 493
9.42 492
9.41 491
9.39 490
9.38 489
9.36 488
9.35 487
9.33 486
9.32 485
9.30 484
9.29 483
9.27 482
9.26 481
9.24 480
9.22 479
9.21 478
9.19 477
9.18 476
9.16 475
9.15 474
9.13 473
9.12 472
9.10 471
9.09 470
9.07 469
9.06 468
9.04 467
9.03 466
9.01 465
8.99 464
8.98 463
8.96 462
8.95 461
8.93 460
8.92 459
8.90 458
8.89 457
8.87 456
8.86 455
8.84 454
8.83 453
8.81 452
8.79 451

8.78 450
8.76 449
8.75 448
8.73 447
8.72 446
8.70 445
8.69 444
8.67 443
8.66 442
8.64 441
8.62 440
8.61 439
8.59 438
8.58 437
8.56 436
8.55 435
8.53 434
8.52 433
8.50 432
8.49 431
8.47 430
8.46 429
8.44 428
8.42 427
8.41 426
8.39 425
8.38 424
8.36 423
8.35 422
8.33 421
8.32 420
8.30 419
8.29 418
8.27 417
8.25 416
8.24 415
8.22 414
8.21 413
8.19 412
8.18 411
8.16 410
8.15 409
8.13 408
8.12 407
8.10 406
8.08 405
8.07 404
8.05 403
8.04 402
8.02 401

8.01 400
7.99 399
7.98 398
7.96 397
7.95 396
7.93 395
7.91 394
7.90 393
7.88 392
7.87 391
7.85 390
7.84 389
7.82 388
7.81 387
7.79 386
7.77 385
7.76 384
7.74 383
7.73 382
7.71 381
7.70 380
7.68 379
7.67 378
7.65 377
7.64 376
7.62 375
7.60 374
7.59 373
7.57 372
7.56 371
7.54 370
7.53 369
7.51 368
7.50 367
7.48 366
7.46 365
7.45 364
7.43 363
7.42 362
7.40 361
7.39 360
7.37 359
7.36 358
7.34 357
7.32 356
7.31 355
7.29 354
7.28 353
7.26 352
7.25 351

7.23 350
7.22 349
7.20 348
7.18 347
7.17 346
7.15 345
7.14 344
7.12 343
7.11 342
7.09 341
7.07 340
7.06 339
7.04 338
7.03 337
7.01 336
7.00 335
6.98 334
6.97 333
6.95 332
6.93 331
6.92 330
6.90 329
6.89 328
6.87 327
6.86 326
6.84 325
6.82 324
6.81 323
6.79 322
6.78 321
6.76 320
6.75 319
6.73 318
6.72 317
6.70 316
6.68 315
6.67 314
6.65 313
6.64 312
6.62 311
6.61 310
6.59 309
6.57 308
6.56 307
6.54 306
6.53 305
6.51 304
6.50 303
6.48 302
6.46 301

6.45 300
6.43 299
6.42 298
6.40 297
6.39 296
6.37 295
6.35 294
6.34 293
6.32 292
6.31 291
6.29 290
6.28 289
6.26 288
6.24 287
6.23 286
6.21 285
6.20 284
6.18 283
6.17 282
6.15 281
6.13 280
6.12 279
6.10 278
6.09 277
6.07 276
6.06 275
6.04 274
6.02 273
6.01 272
5.99 271
5.98 270
5.96 269
5.95 268
5.93 267
5.91 266
5.90 265
5.88 264
5.87 263
5.85 262
5.83 261
5.82 260
5.80 259
5.79 258
5.77 257
5.76 256
5.74 255
5.72 254
5.71 253
5.69 252
5.68 251
5.66 250
5.64 249
5.63 248
5.61 247
5.60 246
5.58 245
5.57 244
5.55 243
5.53 242
5.52 241
5.50 240
5.49 239
5.47 238
5.45 237
5.44 236
5.42 235
5.41 234
5.39 233
5.38 232
5.36 231
5.34 230
5.33 229
5.31 228
5.30 227
5.28 226
5.26 225
5.25 224
5.23 223
5.22 222
5.20 221
5.18 220
5.17 219
5.15 218
5.14 217
5.12 216
5.10 215
5.09 214
5.07 213
5.06 212
5.04 211
5.02 210
5.01 209
4.99 208
4.98 207
4.96 206
4.95 205
4.93 204
4.91 203
4.90 202
4.88 201

4.87 200
4.85 199
4.83 198
4.82 197
4.80 196
4.79 195
4.77 194
4.75 193
4.74 192
4.72 191
4.70 190
4.69 189
4.67 188
4.66 187
4.64 186
4.62 185
4.61 184
4.59 183
4.58 182
4.56 181
4.54 180
4.53 179
4.51 178
4.50 177
4.48 176
4.46 175
4.45 174
4.43 173
4.42 172
4.40 171
4.38 170
4.37 169
4.35 168
4.33 167
4.32 166
4.30 165
4.29 164
4.27 163
4.25 162
4.24 161
4.22 160
4.21 159
4.19 158
4.17 157
4.16 156
4.14 155
4.12 154
4.11 153
4.09 152
4.08 151

4.06 150
4.04 149
4.03 148
4.01 147
3.99 146
3.98 145
3.96 144
3.95 143
3.93 142
3.91 141
3.90 140
3.88 139
3.86 138
3.85 137
3.83 136
3.82 135
3.80 134
3.78 133
3.77 132
3.75 131
3.73 130
3.72 129
3.70 128
3.69 127
3.67 126
3.65 125
3.64 124
3.62 123
3.60 122
3.59 121
3.57 120
3.55 119
3.54 118
3.52 117
3.51 116
3.49 115
3.47 114
3.46 113
3.44 112
3.42 111
3.41 110
3.39 109
3.37 108
3.36 107
3.34 106
3.32 105
3.31 104
3.29 103
3.27 102
3.26 101

3.24 100
3.22 99
3.21 98
3.19 97
3.18 96
3.16 95
3.14 94
3.13 93
3.11 92
3.09 91
3.08 90
3.06 89
3.04 88
3.03 87
3.01 86
2.99 85
2.98 84
2.96 83
2.94 82
2.93 81
2.91 80
2.89 79
2.88 78
2.86 77
2.84 76
2.83 75
2.81 74
2.79 73
2.77 72
2.76 71
2.74 70
2.72 69
2.71 68
2.69 67
2.67 66
2.66 65
2.64 64
2.62 63
2.61 62
2.59 61
2.57 60
2.56 59
2.54 58
2.52 57
2.50 56
2.49 55
2.47 54
2.45 53
2.44 52
2.42 51

2.40 50
2.39 49
2.37 48
2.35 47
2.33 46
2.32 45
2.30 44
2.28 43
2.27 42
2.25 41
2.23 40
2.21 39
2.20 38
2.18 37
2.16 36
2.14 35
2.13 34
2.11 33
2.09 32
2.07 31
2.06 30
2.04 29
2.02 28
2.00 27
1.99 26
1.97 25
1.95 24
1.93 23
1.92 22
1.90 21
1.88 20
1.86 19
1.84 18
1.83 17
1.81 16
1.79 15
1.77 14
1.75 13
1.74 12
1.72 11
1.70 10
1.68 9
1.66 8
1.64 7
1.62 6
1.61 5
1.59 4
1.57 3
1.55 2
1.53 1
