23.13 1350 22.03 1278 20.94 1207 19.83 1135 18.72 1063 17.62 992
23.12 1349 22.02 1277 20.93 1206 19.82 1134 18.71 1062 17.60 991
23.11 1348 22.00 1276 20.91 1205 19.80 1133 18.69 1061 17.59 990
23.09 1347 21.99 1275 20.90 1204 19.79 1132 18.67 1060 17.57 989
23.07 1346 21.97 1274 20.88 1203 19.77 1131 18.66 1059 17.56 988
23.06 1345 21.96 1273 20.86 1202 19.75 1130 18.64 1058 17.54 987
23.04 1344 21.94 1272 20.85 1201 19.74 1129 18.62 1057 17.52 986
23.03 1343 21.92 1271 20.83 1200 19.72 1128 18.61 1056 17.51 985
23.01 1342 21.91 1270 20.82 1199 19.71 1127 18.59 1055 17.49 984
23.00 1341 21.89 1269 20.80 1198 19.69 1126 18.58 1054 17.48 983
22.98 1340 21.88 1268 20.78 1197 19.67 1125 18.56 1053 17.47 982
22.96 1339 21.86 1267 20.77 1196 19.66 1124 18.55 1052 17.45 981
22.95 1338 21.84 1266 20.75 1195 19.64 1123 18.54 1051 17.44 980
22.93 1337 21.83 1265 20.74 1194 19.63 1122 18.52 1050 17.42 979
22.92 1336 21.81 1264 20.72 1193 19.62 1121 18.51 1049 17.40 978
22.90 1335 21.80 1263 20.71 1192 19.60 1120 18.49 1048 17.39 977
22.88 1334 21.78 1262 20.70 1191 19.59 1119 18.47 1047 17.37 976
22.87 1333 21.77 1261 20.68 1190 19.57 1118 18.46 1046 17.36 975
22.85 1332 21.76 1260 20.67 1189 19.56 1117 18.44 1045 17.34 974
22.83 1330 21.74 1259 20.65 1188 19.54 1116 18.43 1044 17.32 973
22.82 1329 21.73 1258 20.64 1187 19.52 1115 18.41 1043 17.31 972
22.80 1328 21.71 1257 20.62 1186 19.51 1114 18.39 1042 17.29 971
22.78 1327 21.69 1256 20.60 1185 19.49 1113 18.38 1041 17.28 970
22.77 1326 21.68 1255 20.59 1184 19.48 1112 18.36 1040 17.26 969
22.75 1325 21.66 1254 20.57 1183 19.46 1111 18.35 1039 17.24 968
22.74 1324 21.65 1253 20.56 1182 19.44 1110 18.33 1038 17.23 967
22.72 1323 21.63 1252 20.54 1181 19.43 1109 18.31 1037 17.21 966
22.70 1322 21.62 1251 20.52 1180 19.41 1108 18.30 1036 17.19 964
22.69 1321 21.60 1250 20.51 1179 19.40 1107 18.28 1035 17.17 963
22.67 1320 21.58 1249 20.49 1178 19.38 1106 18.26 1033 17.16 962
22.66 1319 21.57 1248 20.48 1177 19.36 1105 18.24 1032 17.14 961
22.64 1318 21.55 1247 20.46 1176 19.34 1103 18.23 1031 17.12 960
22.62 1317 21.54 1246 20.44 1175 19.33 1102 18.21 1030 17.11 959
22.61 1316 21.52 1245 20.42 1173 19.31 1101 18.20 1029 17.09 958
22.59 1315 21.51 1244 20.41 1172 19.29 1100 18.18 1028 17.08 957
22.57 1313 21.50 1243 20.39 1171 19.28 1099 18.16 1027 17.06 956
22.56 1312 21.48 1242 20.37 1170 19.26 1098 18.15 1026 17.04 955
22.54 1311 21.47 1241 20.36 1169 19.25 1097 18.13 1025 17.03 954
22.52 1310 21.45 1240 20.34 1168 19.23 1096 18.12 1024 17.01 953
22.51 1309 21.43 1239 20.33 1167 19.21 1095 18.10 1023 17.00 952
22.49 1308 21.42 1238 20.31 1166 19.20 1094 18.08 1022 16.98 951
22.48 1307 21.40 1237 20.29 1165 19.18 1093 18.07 1021 16.96 950
22.46 1306 21.39 1236 20.28 1164 19.17 1092 18.05 1020 16.95 949
22.44 1305 21.37 1235 20.26 1163 19.15 1091 18.03 1019 16.94 948
22.43 1304 21.35 1234 20.25 1162 19.13 1090 18.02 1018 16.93 947
22.41 1303 21.34 1233 20.23 1161 19.12 1089 18.01 1017 16.91 946
22.40 1302 21.32 1232 20.21 1160 19.10 1088 18.00 1016 16.89 945
22.38 1301 21.31 1231 20.20 1159 19.09 1087 17.98 1015 16.88 944
22.36 1300 21.29 1230 20.18 1158 19.08 1086 17.96 1014 16.86 943
22.35 1299 21.27 1229 20.17 1157 19.06 1085 17.95 1013 16.84 942
22.33 1298 21.26 1228 20.16 1156 19.05 1084 17.93 1012 16.83 941
22.32 1297 21.24 1227 20.14 1155 19.03 1083 17.92 1011 16.81 940
22.31 1296 21.22 1225 20.13 1154 19.02 1082 17.90 1010 16.80 939
22.30 1295 21.21 1224 20.11 1153 19.00 1081 17.88 1009 16.78 938
22.28 1294 21.19 1223 20.10 1152 18.98 1080 17.87 1008 16.76 937
22.26 1293 21.17 1222 20.08 1151 18.97 1079 17.85 1007 16.75 936
22.25 1292 21.16 1221 20.06 1150 18.95 1078 17.84 1006 16.73 935
22.23 1291 21.14 1220 20.05 1149 18.94 1077 17.82 1005 16.72 934
22.22 1290 21.13 1219 20.03 1148 18.92 1076 17.80 1004 16.70 933
22.20 1289 21.11 1218 20.02 1147 18.90 1075 17.79 1003 16.68 932
22.18 1288 21.09 1217 20.00 1146 18.89 1074 17.77 1002 16.67 931
22.17 1287 21.08 1216 19.98 1145 18.87 1073 17.76 1001 16.66 930
22.15 1286 21.06 1215 19.97 1144 18.86 1072 17.75 1000 16.64 929
22.14 1285 21.05 1214 19.95 1143 18.84 1071 17.73 999 16.63 928
22.12 1284 21.03 1213 19.94 1142 18.82 1070 17.72 998 16.61 927
22.10 1283 21.01 1212 19.92 1141 18.80 1068 17.70 997 16.60 926
22.09 1282 21.00 1211 19.90 1140 18.79 1067 17.68 996 16.58 925
22.07 1281 20.98 1210 19.88 1138 18.77 1066 17.67 995 16.56 924
22.06 1280 20.97 1209 19.87 1137 18.75 1065 17.65 994 16.55 923
22.05 1279 20.96 1208 19.85 1136 18.74 1064 17.64 993 16.53 922
16.52 921 15.39 849 14.28 778 13.18 708 12.08 638 10.96 568
16.50 920 15.37 848 14.26 777 13.17 707 12.06 637 10.95 567
16.48 919 15.36 847 14.25 776 13.15 706 12.04 636 10.93 566
16.47 918 15.34 846 14.24 775 13.14 705 12.03 635 10.91 565
16.45 917 15.33 845 14.22 774 13.12 704 12.01 634 10.90 564
16.43 916 15.32 844 14.21 773 13.10 703 11.99 633 10.88 563
16.42 915 15.30 843 14.19 772 13.09 702 11.98 632 10.86 562
16.40 914 15.29 842 14.17 771 13.07 701 11.96 631 10.85 561
16.38 912 15.27 841 14.16 770 13.05 700 11.95 630 10.83 560
16.36 911 15.25 840 14.14 769 13.04 699 11.93 629 10.81 559
16.35 910 15.24 839 14.12 768 13.02 698 11.91 628 10.80 558
16.33 909 15.22 838 14.11 767 13.00 697 11.90 627 10.78 557
16.32 908 15.21 837 14.09 766 12.99 696 11.88 626 10.76 556
16.30 907 15.19 836 14.07 765 12.97 695 11.86 625 10.74 554
16.28 906 15.17 835 14.06 764 12.96 694 11.85 624 10.72 553
16.27 905 15.16 834 14.04 763 12.94 693 11.83 623 10.71 552
16.25 904 15.14 833 14.03 762 12.92 692 11.82 622 10.69 551
16.23 903 15.12 832 14.01 761 12.91 691 11.81 621 10.68 550
16.22 902 15.11 831 13.99 760 12.90 690 11.79 620 10.66 549
16.20 901 15.09 830 13.98 759 12.88 689 11.77 619 10.64 548
16.19 900 15.08 829 13.97 758 12.87 688 11.76 618 10.63 547
16.17 899 15.06 828 13.95 757 12.85 687 11.74 617 10.61 546
16.15 898 15.05 827 13.94 756 12.83 686 11.72 616 10.59 545
16.14 897 15.04 826 13.92 755 12.82 685 11.71 615 10.58 544
16.13 896 15.02 825 13.91 754 12.80 684 11.69 614 10.56 543
16.12 895 15.00 824 13.89 753 12.79 683 11.68 613 10.54 542
16.10 894 14.99 823 13.87 752 12.77 682 11.66 612 10.53 541
16.08 893 14.97 822 13.86 751 12.75 681 11.64 611 10.51 540
16.07 892 14.96 821 13.84 750 12.74 680 11.63 610 10.49 539
16.05 891 14.94 820 13.82 749 12.72 679 11.61 609 10.47 537
16.03 890 14.92 819 13.81 748 12.70 678 11.59 608 10.45 536
16.02 889 14.91 818 13.79 747 12.69 677 11.58 607 10.44 535
16.00 888 14.89 817 13.78 746 12.67 676 11.56 606 10.42 534
15.99 887 14.87 816 13.76 745 12.65 675 11.55 605 10.40 533
15.97 886 14.86 815 13.74 744 12.64 674 11.54 604 10.39 532
15.95 885 14.84 814 13.73 743 12.63 673 11.52 603 10.37 531
15.94 884 14.83 813 13.71 742 12.61 672 11.50 602 10.35 530
15.92 883 14.81 812 13.70 741 12.60 671 11.49 601 10.34 529
15.90 882 14.79 811 13.69 740 12.58 670 11.47 600 10.32 528
15.89 881 14.77 809 13.67 739 12.57 669 11.45 599 10.30 527
15.87 880 14.75 808 13.65 738 12.55 668 11.44 598 10.29 526
15.85 878 14.74 807 13.64 737 12.53 667 11.42 597 10.27 525
15.83 877 14.72 806 13.62 736 12.52 666 11.41 596 10.25 524
15.82 876 14.71 805 13.61 735 12.50 665 11.39 595 10.24 523
15.80 875 14.69 804 13.59 734 12.48 664 11.37 594 10.22 522
15.79 874 14.67 803 13.57 733 12.47 663 11.36 593 10.21 521
15.77 873 14.66 802 13.56 732 12.45 662 11.34 592 10.20 520
15.75 872 14.64 801 13.54 731 12.43 661 11.32 591 10.18 519
15.74 871 14.62 800 13.52 730 12.42 660 11.31 590 10.16 518
15.72 870 14.61 799 13.51 729 12.40 659 11.30 589 10.15 517
15.70 869 14.59 798 13.49 728 12.39 658 11.28 588 10.13 516
15.69 868 14.58 797 13.47 727 12.37 657 11.27 587 10.11 515
15.67 867 14.56 796 13.46 726 12.36 656 11.25 586 10.10 514
15.66 866 14.54 795 13.45 725 12.35 655 11.23 585 10.08 513
15.64 865 14.53 794 13.44 724 12.33 654 11.22 584 10.06 512
15.62 864 14.52 793 13.42 723 12.31 653 11.20 583 10.05 511
15.61 863 14.50 792 13.40 722 12.30 652 11.18 582 10.03 510
15.60 862 14.49 791 13.39 721 12.28 651 11.17 581 10.02 509
15.58 861 14.47 790 13.37 720 12.26 650 11.15 580 10.00 508
15.57 860 14.46 789 13.35 719 12.25 649 11.13 579 9.98 507
15.55 859 14.44 788 13.34 718 12.23 648 11.12 578 9.97 506
15.54 858 14.42 787 13.32 717 12.21 647 11.10 577 9.95 505
15.52 857 14.41 786 13.31 716 12.20 646 11.09 576 9.94 504
15.50 856 14.39 785 13.29 715 12.18 645 11.07 575 9.93 503
15.49 855 14.37 784 13.27 714 12.17 644 11.05 574 9.91 502
15.47 854 14.36 783 13.26 713 12.15 643 11.04 573 9.89 501
15.46 853 14.34 782 13.24 712 12.13 642 11.03 572 9.88 500
15.44 852 14.33 781 13.22 711 12.12 641 11.01 571 9.86 499
15.42 851 14.31 780 13.21 710 12.10 640 11.00 570 9.84 498
15.41 850 14.29 779 13.19 709 12.09 639 10.98 569 9.83 497
9.81 496 8.68 426 7.52 354 6.35 283 5.19 213 4.02 143
9.79 495 8.66 425 7.50 353 6.34 282 5.17 212 4.00 142
9.78 494 8.65 424 7.48 352 6.32 281 5.15 211 3.98 141
9.76 493 8.63 423 7.47 351 6.30 280 5.14 210 3.96 140
9.74 492 8.61 422 7.45 350 6.28 279 5.12 209 3.94 139
9.73 491 8.59 420 7.43 349 6.27 278 5.11 208 3.93 138
9.71 490 8.57 419 7.42 348 6.25 277 5.09 207 3.91 137
9.69 489 8.56 418 7.40 347 6.23 276 5.08 206 3.89 136
9.68 488 8.54 417 7.38 346 6.22 275 5.06 205 3.87 135
9.67 487 8.52 416 7.37 345 6.20 274 5.04 204 3.86 134
9.65 486 8.51 415 7.35 344 6.19 273 5.03 203 3.84 133
9.64 485 8.49 414 7.33 343 6.17 272 5.01 202 3.82 132
9.62 484 8.47 413 7.32 342 6.16 271 4.99 201 3.80 131
9.60 483 8.46 412 7.30 341 6.14 270 4.97 200 3.79 130
9.59 482 8.44 411 7.28 340 6.12 269 4.96 199 3.77 129
9.57 481 8.42 410 7.26 339 6.11 268 4.94 198 3.76 128
9.55 480 8.41 409 7.24 337 6.09 267 4.92 197 3.74 127
9.54 479 8.39 408 7.22 336 6.07 266 4.90 196 3.72 126
9.52 478 8.37 407 7.21 335 6.05 265 4.89 195 3.71 125
9.50 477 8.35 406 7.19 334 6.04 264 4.87 194 3.69 124
9.49 476 8.34 405 7.17 333 6.02 263 4.85 193 3.67 123
9.47 475 8.33 404 7.16 332 6.00 262 4.84 192 3.65 122
9.45 474 8.31 403 7.14 331 5.99 261 4.83 191 3.64 121
9.44 473 8.30 402 7.12 330 5.97 260 4.81 190 3.62 120
9.42 472 8.28 401 7.11 329 5.95 259 4.79 189 3.60 119
9.41 471 8.26 400 7.09 328 5.93 258 4.77 188 3.58 118
9.40 470 8.25 399 7.07 327 5.92 257 4.76 187 3.56 117
9.38 469 8.23 398 7.05 326 5.91 256 4.74 186 3.55 116
9.36 468 8.21 397 7.04 325 5.89 255 4.72 185 3.53 115
9.35 467 8.20 396 7.02 324 5.88 254 4.70 184 3.51 114
9.33 466 8.18 395 7.00 323 5.86 253 4.69 183 3.50 113
9.31 465 8.16 394 6.99 322 5.84 252 4.67 182 3.49 112
9.30 464 8.15 393 6.98 321 5.82 251 4.65 181 3.47 111
9.28 463 8.13 392 6.96 320 5.81 250 4.63 180 3.45 110
9.26 462 8.11 391 6.95 319 5.79 249 4.62 179 3.43 109
9.25 461 8.10 390 6.93 318 5.77 248 4.60 178 3.41 108
9.23 460 8.08 389 6.91 317 5.76 247 4.58 177 3.40 107
9.21 459 8.07 388 6.89 316 5.74 246 4.57 176 3.38 106
9.20 458 8.06 387 6.88 315 5.72 245 4.56 175 3.36 105
9.18 457 8.04 386 6.86 314 5.70 244 4.54 174 3.34 104
9.16 456 8.02 385 6.84 313 5.69 243 4.52 173 3.32 103
9.15 455 8.00 384 6.83 312 5.67 242 4.50 172 3.31 102
9.14 454 7.99 383 6.81 311 5.65 241 4.49 171 3.29 101
9.12 453 7.97 382 6.79 310 5.64 240 4.47 170 3.27 100
9.11 452 7.95 381 6.78 309 5.63 239 4.45 169 3.25 99
9.09 451 7.94 380 6.76 308 5.61 238 4.43 168 3.23 98
9.07 450 7.92 379 6.74 307 5.59 237 4.42 167 3.21 96
9.06 449 7.90 378 6.73 306 5.58 236 4.40 166 3.19 95
9.04 448 7.89 377 6.72 305 5.56 235 4.38 165 3.17 94
9.02 447 7.87 376 6.70 304 5.54 234 4.36 164 3.15 93
9.01 446 7.85 375 6.68 303 5.52 233 4.35 163 3.14 92
8.99 445 7.84 374 6.67 302 5.51 232 4.33 162 3.12 91
8.97 444 7.82 373 6.65 301 5.49 231 4.31 161 3.10 90
8.95 443 7.80 372 6.63 300 5.47 230 4.30 160 3.08 89
8.94 442 7.78 370 6.62 299 5.46 229 4.29 159 3.06 88
8.92 441 7.76 369 6.60 298 5.44 228 4.27 158 3.05 87
8.90 440 7.75 368 6.58 297 5.42 227 4.25 157 3.03 86
8.89 439 7.73 367 6.56 296 5.40 226 4.23 156 3.01 85
8.88 438 7.71 366 6.55 295 5.39 225 4.22 155 2.99 84
8.86 437 7.69 365 6.53 294 5.38 224 4.20 154 2.97 83
8.85 436 7.68 364 6.51 293 5.36 223 4.18 153 2.96 82
8.83 435 7.66 363 6.50 292 5.34 222 4.16 152 2.95 81
8.81 434 7.64 362 6.48 291 5.33 221 4.15 151 2.93 80
8.80 433 7.63 361 6.46 290 5.31 220 4.13 150 2.91 79
8.78 432 7.61 360 6.45 289 5.29 219 4.11 149 2.89 78
8.76 431 7.59 359 6.44 288 5.27 218 4.09 148 2.87 77
8.75 430 7.58 358 6.42 287 5.26 217 4.08 147 2.86 76
8.73 429 7.56 357 6.40 286 5.24 216 4.06 146 2.84 75
8.71 428 7.54 356 6.39 285 5.22 215 4.04 145 2.82 74
8.70 427 7.53 355 6.37 284 5.21 214 4.03 144 2.80 73
2.78 72 2.57 60 2.36 48 2.15 36 1.92 24 1.70 12
2.77 71 2.56 59 2.34 47 2.13 35 1.90 23 1.68 11
2.75 70 2.54 58 2.32 46 2.11 34 1.89 22 1.66 10
2.73 69 2.52 57 2.31 45 2.09 33 1.87 21 1.64 9
2.71 68 2.50 56 2.29 44 2.07 32 1.85 20 1.62 8
2.69 67 2.48 55 2.27 43 2.05 31 1.83 19 1.60 7
2.68 66 2.46 54 2.25 42 2.03 30 1.81 18 1.58 6
2.67 65 2.44 53 2.23 41 2.01 29 1.79 17 1.56 5
2.65 64 2.43 52 2.21 40 2.00 28 1.77 16 1.54 4
2.63 63 2.42 51 2.19 39 1.98 27 1.75 15 1.52 3
2.61 62 2.40 50 2.18 38 1.96 26 1.73 14 1.50 2
2.59 61 2.38 49 2.16 37 1.94 25 1.72 13 1.48 1
