21.53 1349 20.49 1276 19.44 1203 18.39 1130 17.33 1056 16.27 982
21.52 1348 20.48 1275 19.43 1202 18.37 1128 17.32 1055 16.25 981
21.50 1347 20.46 1274 19.42 1201 18.36 1127 17.31 1054 16.24 980
21.48 1346 20.45 1273 19.40 1200 18.34 1126 17.29 1053 16.22 979
21.47 1345 20.43 1272 19.39 1199 18.32 1125 17.27 1052 16.20 978
21.46 1344 20.41 1271 19.37 1198 18.31 1124 17.26 1051 16.19 977
21.45 1343 20.39 1269 19.35 1197 18.30 1123 17.24 1050 16.18 976
21.43 1342 20.38 1268 19.33 1195 18.29 1122 17.22 1048 16.17 975
21.42 1341 20.36 1267 19.32 1194 18.27 1121 17.20 1047 16.15 974
21.40 1340 20.34 1266 19.30 1193 18.25 1120 17.19 1046 16.13 973
21.38 1339 20.33 1265 19.29 1192 18.24 1119 17.17 1045 16.12 972
21.36 1337 20.32 1264 19.27 1191 18.22 1118 17.16 1044 16.10 971
21.35 1336 20.31 1263 19.26 1190 18.21 1117 17.15 1043 16.08 969
21.33 1335 20.29 1262 19.25 1189 18.20 1116 17.13 1042 16.06 968
21.31 1334 20.27 1261 19.23 1188 18.18 1115 17.12 1041 16.05 967
21.30 1333 20.26 1260 19.22 1187 18.17 1114 17.10 1040 16.03 966
21.29 1332 20.24 1259 19.20 1186 18.15 1113 17.09 1039 16.02 965
21.28 1331 20.23 1258 19.18 1185 18.14 1112 17.07 1038 16.01 964
21.26 1330 20.22 1257 19.16 1183 18.12 1111 17.06 1037 15.99 963
21.25 1329 20.20 1256 19.15 1182 18.11 1110 17.05 1036 15.98 962
21.23 1328 20.19 1255 19.13 1181 18.10 1109 17.03 1035 15.96 961
21.21 1327 20.17 1254 19.11 1180 18.08 1108 17.02 1034 15.94 960
21.20 1326 20.16 1253 19.10 1179 18.07 1107 17.00 1033 15.93 959
21.19 1325 20.15 1252 19.09 1178 18.05 1106 16.98 1032 15.92 958
21.18 1324 20.14 1251 19.08 1177 18.03 1105 16.96 1030 15.91 957
21.16 1323 20.12 1250 19.06 1176 18.01 1103 16.95 1029 15.89 956
21.14 1322 20.10 1249 19.04 1175 18.00 1102 16.93 1028 15.87 955
21.13 1321 20.09 1248 19.03 1174 17.98 1101 16.91 1027 15.86 954
21.11 1320 20.07 1247 19.01 1173 17.96 1100 16.90 1026 15.84 953
21.09 1318 20.06 1246 19.00 1172 17.95 1099 16.89 1025 15.82 951
21.07 1317 20.05 1245 18.99 1171 17.94 1098 16.88 1024 15.80 950
21.06 1316 20.03 1244 18.97 1170 17.93 1097 16.86 1023 15.79 949
21.04 1315 20.02 1243 18.96 1169 17.91 1096 16.84 1022 15.77 948
21.03 1314 20.00 1242 18.94 1168 17.89 1095 16.83 1021 15.76 947
21.02 1313 19.99 1241 18.93 1167 17.88 1094 16.81 1020 15.75 946
21.01 1312 19.97 1240 18.91 1166 17.86 1093 16.80 1019 15.73 945
20.99 1311 19.96 1239 18.90 1165 17.84 1091 16.79 1018 15.72 944
20.97 1310 19.95 1238 18.89 1164 17.82 1090 16.77 1017 15.70 943
20.96 1309 19.93 1237 18.87 1163 17.81 1089 16.76 1016 15.68 942
20.94 1308 19.92 1236 18.86 1162 17.79 1088 16.74 1015 15.67 941
20.92 1306 19.90 1235 18.84 1161 17.78 1087 16.72 1014 15.66 940
20.90 1305 19.88 1234 18.83 1160 17.77 1086 16.70 1012 15.65 939
20.89 1304 19.86 1232 18.82 1159 17.75 1085 16.69 1011 15.63 938
20.87 1303 19.85 1231 18.80 1158 17.74 1084 16.67 1010 15.61 937
20.86 1302 19.83 1230 18.79 1157 17.72 1083 16.65 1009 15.60 936
20.85 1301 19.81 1229 18.77 1156 17.71 1082 16.64 1008 15.58 935
20.83 1300 19.80 1228 18.75 1155 17.69 1081 16.63 1007 15.57 934
20.82 1299 19.79 1227 18.74 1154 17.68 1080 16.62 1006 15.56 933
20.80 1298 19.78 1226 18.73 1153 17.67 1079 16.60 1005 15.54 932
20.79 1297 19.76 1225 18.72 1152 17.65 1078 16.58 1004 15.53 931
20.77 1296 19.75 1224 18.70 1151 17.64 1077 16.57 1003 15.51 930
20.76 1295 19.73 1223 18.68 1150 17.62 1076 16.55 1002 15.49 929
20.75 1294 19.71 1222 18.67 1149 17.60 1075 16.54 1001 15.48 928
20.73 1293 19.69 1220 18.65 1148 17.58 1073 16.53 1000 15.47 927
20.72 1292 19.68 1219 18.63 1146 17.57 1072 16.51 999 15.46 926
20.70 1291 19.66 1218 18.61 1145 17.55 1071 16.50 998 15.44 925
20.69 1290 19.64 1217 18.60 1144 17.53 1070 16.48 997 15.42 924
20.67 1289 19.63 1216 18.58 1143 17.52 1069 16.46 996 15.41 923
20.66 1288 19.62 1215 18.57 1142 17.51 1068 16.45 995 15.40 922
20.65 1287 19.61 1214 18.56 1141 17.50 1067 16.44 994 15.39 921
20.63 1286 19.59 1213 18.54 1140 17.48 1066 16.43 993 15.37 920
20.62 1285 19.57 1212 18.53 1139 17.46 1065 16.41 992 15.35 919
20.60 1284 19.56 1211 18.51 1138 17.45 1064 16.39 991 15.34 918
20.59 1283 19.54 1210 18.50 1137 17.43 1063 16.38 990 15.32 917
20.58 1282 19.53 1209 18.48 1136 17.42 1062 16.36 989 15.31 916
20.56 1281 19.52 1208 18.47 1135 17.41 1061 16.34 987 15.30 915
20.55 1280 19.50 1207 18.46 1134 17.39 1060 16.32 986 15.28 914
20.53 1279 19.49 1206 18.44 1133 17.38 1059 16.31 985 15.27 913
20.51 1278 19.47 1205 18.43 1132 17.36 1058 16.29 984 15.25 912
20.50 1277 19.46 1204 18.41 1131 17.34 1057 16.28 983 15.23 911
15.22 910 14.15 836 13.10 764 12.07 694 11.02 623 9.95 551
15.21 909 14.13 835 13.08 763 12.05 693 11.00 622 9.94 550
15.20 908 14.12 834 13.07 762 12.04 692 10.98 620 9.93 549
15.18 907 14.10 833 13.05 761 12.03 691 10.96 619 9.91 548
15.16 906 14.08 832 13.03 760 12.01 690 10.95 618 9.90 547
15.15 905 14.06 830 13.02 759 11.99 689 10.93 617 9.88 546
15.13 904 14.05 829 13.01 758 11.98 688 10.91 616 9.86 545
15.12 903 14.03 828 12.99 757 11.97 687 10.89 614 9.84 543
15.11 902 14.01 827 12.98 756 11.95 686 10.88 613 9.82 542
15.09 901 14.00 826 12.96 755 11.94 685 10.86 612 9.81 541
15.08 900 13.99 825 12.95 754 11.92 684 10.84 611 9.79 540
15.06 899 13.97 824 12.93 753 11.91 683 10.83 610 9.77 539
15.04 898 13.96 823 12.92 752 11.89 682 10.82 609 9.75 537
15.02 896 13.94 822 12.91 751 11.88 681 10.80 608 9.73 536
15.01 895 13.93 821 12.89 750 11.87 680 10.79 607 9.72 535
14.99 894 13.91 820 12.87 749 11.85 679 10.77 606 9.70 534
14.97 893 13.90 819 12.86 748 11.83 678 10.75 605 9.68 533
14.96 892 13.89 818 12.85 747 11.82 677 10.74 604 9.66 531
14.95 891 13.87 817 12.84 746 11.80 676 10.73 603 9.64 530
14.93 890 13.85 816 12.82 745 11.79 675 10.71 602 9.63 529
14.92 889 13.84 815 12.80 744 11.78 674 10.70 601 9.61 528
14.90 888 13.82 814 12.79 743 11.76 673 10.68 600 9.59 527
14.89 887 13.81 813 12.77 742 11.74 672 10.66 599 9.57 525
14.87 886 13.80 812 12.76 741 11.73 671 10.65 598 9.55 524
14.86 885 13.78 811 12.75 740 11.71 670 10.64 597 9.54 523
14.85 884 13.77 810 12.73 739 11.70 669 10.63 596 9.52 522
14.83 883 13.75 809 12.71 738 11.69 668 10.61 595 9.50 521
14.81 882 13.73 808 12.70 737 11.67 667 10.59 594 9.48 519
14.80 881 13.71 806 12.68 736 11.66 666 10.58 593 9.46 518
14.78 880 13.70 805 12.67 735 11.64 665 10.56 592 9.45 517
14.76 878 13.68 804 12.66 734 11.62 664 10.55 591 9.43 516
14.74 877 13.66 803 12.64 733 11.61 663 10.54 590 9.42 515
14.73 876 13.65 802 12.63 732 11.60 662 10.52 589 9.41 514
14.71 875 13.64 801 12.61 731 11.58 661 10.50 588 9.39 513
14.70 874 13.62 800 12.59 730 11.57 660 10.49 587 9.37 512
14.69 873 13.61 799 12.58 729 11.55 659 10.47 586 9.36 511
14.67 872 13.59 798 12.57 728 11.54 658 10.46 585 9.34 510
14.66 871 13.58 797 12.55 727 11.53 657 10.45 584 9.33 509
14.64 870 13.56 796 12.54 726 11.51 656 10.43 583 9.32 508
14.62 869 13.55 795 12.52 725 11.50 655 10.41 582 9.30 507
14.61 868 13.54 794 12.51 724 11.48 654 10.40 581 9.29 506
14.60 867 13.52 793 12.49 723 11.46 653 10.38 580 9.27 505
14.59 866 13.50 792 12.48 722 11.45 652 10.37 579 9.25 504
14.57 865 13.49 791 12.47 721 11.44 651 10.36 578 9.24 503
14.55 864 13.47 790 12.45 720 11.42 650 10.34 577 9.23 502
14.54 863 13.46 789 12.43 719 11.41 649 10.33 576 9.21 501
14.52 862 13.45 788 12.42 718 11.39 648 10.31 575 9.20 500
14.51 861 13.43 787 12.41 717 11.37 647 10.30 574 9.18 499
14.50 860 13.42 786 12.40 716 11.36 646 10.29 573 9.16 498
14.48 859 13.40 785 12.38 715 11.35 645 10.27 572 9.15 497
14.47 858 13.38 784 12.36 714 11.34 644 10.25 571 9.14 496
14.45 857 13.37 783 12.35 713 11.32 643 10.24 570 9.12 495
14.43 856 13.36 782 12.33 712 11.30 642 10.22 569 9.11 494
14.41 854 13.35 781 12.32 711 11.29 641 10.21 568 9.09 493
14.40 853 13.33 780 12.31 710 11.27 640 10.20 567 9.07 492
14.38 852 13.31 779 12.29 709 11.26 639 10.18 566 9.06 491
14.36 851 13.30 778 12.27 708 11.25 638 10.16 565 9.05 490
14.35 850 13.29 777 12.26 707 11.23 637 10.15 564 9.03 489
14.34 849 13.27 776 12.24 706 11.21 636 10.13 563 9.02 488
14.32 848 13.26 775 12.23 705 11.20 635 10.12 562 9.00 487
14.31 847 13.24 774 12.22 704 11.18 634 10.11 561 8.98 486
14.29 846 13.23 773 12.20 703 11.17 633 10.09 560 8.96 484
14.28 845 13.21 772 12.19 702 11.16 632 10.07 559 8.94 483
14.26 844 13.20 771 12.17 701 11.14 631 10.06 558 8.93 482
14.25 843 13.19 770 12.15 700 11.13 630 10.04 557 8.91 481
14.24 842 13.17 769 12.14 699 11.11 629 10.03 556 8.89 480
14.22 841 13.15 768 12.13 698 11.09 628 10.02 555 8.87 478
14.20 840 13.14 767 12.11 697 11.07 626 10.00 554 8.85 477
14.19 839 13.12 766 12.10 696 11.05 625 9.98 553 8.84 476
14.17 838 13.11 765 12.08 695 11.04 624 9.97 552 8.82 475
8.80 474 7.71 401 6.62 329 5.53 258 4.43 187 3.29 115
8.78 472 7.69 400 6.60 328 5.52 257 4.41 186 3.27 114
8.76 471 7.68 399 6.59 327 5.50 256 4.40 185 3.26 113
8.75 470 7.66 398 6.57 326 5.48 255 4.38 184 3.25 112
8.73 469 7.65 397 6.56 325 5.47 254 4.37 183 3.23 111
8.71 468 7.64 396 6.54 324 5.46 253 4.35 182 3.21 110
8.69 466 7.62 395 6.52 323 5.44 252 4.33 181 3.19 109
8.67 465 7.60 394 6.51 322 5.42 251 4.31 180 3.17 108
8.66 464 7.59 393 6.50 321 5.41 250 4.29 178 3.15 106
8.64 463 7.57 392 6.48 320 5.39 249 4.27 177 3.13 105
8.62 462 7.56 391 6.47 319 5.37 248 4.25 176 3.11 104
8.60 460 7.55 390 6.45 318 5.35 246 4.24 175 3.09 103
8.58 459 7.53 389 6.43 317 5.33 245 4.23 174 3.08 102
8.57 458 7.51 388 6.42 316 5.31 244 4.21 173 3.07 101
8.55 457 7.50 387 6.41 315 5.30 243 4.19 172 3.05 100
8.54 456 7.48 386 6.39 314 5.28 242 4.18 171 3.03 99
8.53 455 7.47 385 6.37 313 5.27 241 4.16 170 3.01 98
8.51 454 7.45 384 6.36 312 5.25 240 4.14 169 3.00 97
8.49 453 7.44 383 6.34 311 5.24 239 4.13 168 2.99 96
8.48 452 7.42 382 6.33 310 5.22 238 4.12 167 2.97 95
8.46 451 7.40 381 6.32 309 5.20 237 4.10 166 2.95 94
8.45 450 7.39 380 6.30 308 5.19 236 4.08 165 2.93 93
8.44 449 7.38 379 6.28 307 5.18 235 4.06 164 2.92 92
8.42 448 7.36 378 6.26 306 5.16 234 4.05 163 2.91 91
8.40 447 7.35 377 6.25 305 5.14 233 4.04 162 2.89 90
8.39 446 7.33 376 6.24 304 5.13 232 4.02 161 2.87 89
8.37 445 7.31 375 6.22 303 5.11 231 4.00 160 2.85 88
8.36 444 7.30 374 6.21 302 5.10 230 3.99 159 2.84 87
8.34 443 7.29 373 6.19 301 5.09 229 3.97 158 2.82 86
8.33 442 7.27 372 6.17 300 5.07 228 3.96 157 2.81 85
8.31 441 7.26 371 6.16 299 5.05 227 3.94 156 2.79 84
8.29 440 7.24 370 6.15 298 5.03 226 3.93 155 2.77 83
8.28 439 7.22 369 6.13 297 5.02 225 3.91 154 2.76 82
8.27 438 7.20 367 6.11 296 5.01 224 3.89 153 2.74 81
8.25 437 7.18 366 6.10 295 4.99 223 3.87 152 2.73 80
8.24 436 7.16 365 6.08 294 4.97 222 3.85 150 2.71 79
8.22 435 7.15 364 6.07 293 4.96 221 3.83 149 2.69 78
8.20 434 7.13 363 6.06 292 4.94 220 3.81 148 2.67 77
8.19 433 7.12 362 6.04 291 4.93 219 3.80 147 2.66 76
8.18 432 7.11 361 6.02 290 4.91 218 3.79 146 2.64 75
8.16 431 7.09 360 6.00 289 4.90 217 3.77 145 2.63 74
8.15 430 7.07 359 5.99 288 4.88 216 3.75 144 2.61 73
8.13 429 7.06 358 5.98 287 4.86 215 3.74 143 2.59 72
8.11 428 7.04 357 5.96 286 4.85 214 3.72 142 2.58 71
8.10 427 7.03 356 5.95 285 4.84 213 3.70 141 2.56 70
8.09 426 7.02 355 5.93 284 4.82 212 3.69 140 2.55 69
8.07 425 7.00 354 5.91 283 4.80 211 3.67 139 2.53 68
8.06 424 6.98 353 5.90 282 4.79 210 3.66 138 2.51 67
8.04 423 6.96 352 5.89 281 4.77 209 3.64 137 2.49 66
8.02 422 6.95 351 5.87 280 4.75 208 3.62 136 2.48 65
8.01 421 6.94 350 5.85 279 4.74 207 3.61 135 2.47 64
8.00 420 6.92 349 5.84 278 4.73 206 3.60 134 2.45 63
7.98 419 6.91 348 5.82 277 4.71 205 3.58 133 2.43 62
7.97 418 6.89 347 5.81 276 4.69 204 3.56 132 2.41 61
7.95 417 6.87 346 5.80 275 4.68 203 3.54 131 2.39 60
7.93 416 6.85 344 5.78 274 4.67 202 3.53 130 2.38 59
7.92 415 6.83 343 5.76 273 4.65 201 3.52 129 2.37 58
7.91 414 6.82 342 5.74 272 4.63 200 3.50 128 2.35 57
7.89 413 6.80 341 5.73 271 4.62 199 3.48 127 2.33 56
7.88 412 6.78 340 5.72 270 4.60 198 3.46 126 2.31 55
7.86 411 6.77 339 5.70 269 4.58 197 3.45 125 2.29 54
7.84 410 6.76 338 5.69 268 4.57 196 3.44 124 2.28 53
7.83 409 6.74 337 5.67 267 4.56 195 3.42 123 2.27 52
7.82 408 6.72 336 5.65 266 4.54 194 3.40 122 2.25 51
7.80 407 6.71 335 5.63 265 4.52 193 3.39 121 2.23 50
7.78 406 6.69 334 5.61 263 4.50 192 3.37 120 2.21 49
7.77 405 6.68 333 5.59 262 4.49 191 3.35 119 2.20 48
7.75 404 6.67 332 5.58 261 4.48 190 3.34 118 2.18 47
7.74 403 6.65 331 5.56 260 4.46 189 3.32 117 2.16 46
7.73 402 6.63 330 5.55 259 4.44 188 3.31 116 2.15 45
2.13 44 2.00 36 1.86 28 1.72 20 1.59 12 1.43 4
2.12 43 1.98 35 1.85 27 1.70 19 1.57 11 1.41 3
2.10 42 1.96 34 1.83 26 1.68 18 1.55 10 1.40 2
2.08 41 1.94 33 1.81 25 1.67 17 1.53 9 1.38 1
2.06 40 1.93 32 1.79 24 1.65 16 1.51 8
2.04 39 1.91 31 1.77 23 1.63 15 1.49 7
2.03 38 1.89 30 1.76 22 1.61 14 1.47 6
2.02 37 1.87 29 1.74 21 1.60 13 1.45 5
