19.96 1350 18.98 1276 18.00 1202 17.01 1128 16.02 1053 15.01 978
19.94 1349 18.97 1275 17.99 1201 16.99 1126 16.00 1052 15.00 977
19.93 1348 18.95 1274 17.97 1200 16.97 1125 15.99 1051 14.98 976
19.92 1347 18.94 1273 17.96 1199 16.96 1124 15.97 1050 14.96 974
19.90 1346 18.93 1272 17.95 1198 16.95 1123 15.95 1048 14.94 973
19.89 1345 18.91 1271 17.93 1197 16.94 1122 15.93 1047 14.93 972
19.88 1344 18.90 1270 17.92 1196 16.92 1121 15.92 1046 14.92 971
19.87 1343 18.89 1269 17.90 1195 16.91 1120 15.91 1045 14.91 970
19.85 1342 18.88 1268 17.88 1193 16.90 1119 15.90 1044 14.89 969
19.84 1341 18.86 1267 17.87 1192 16.88 1118 15.88 1043 14.88 968
19.83 1340 18.84 1266 17.85 1191 16.87 1117 15.87 1042 14.87 967
19.81 1339 18.82 1264 17.84 1190 16.86 1116 15.86 1041 14.85 966
19.80 1338 18.81 1263 17.83 1189 16.84 1115 15.84 1040 14.84 965
19.78 1337 18.79 1262 17.81 1188 16.83 1114 15.83 1039 14.83 964
19.76 1335 18.78 1261 17.80 1187 16.81 1113 15.82 1038 14.81 963
19.74 1334 18.77 1260 17.79 1186 16.79 1111 15.80 1037 14.80 962
19.73 1333 18.75 1259 17.77 1185 16.77 1110 15.79 1036 14.79 961
19.72 1332 18.74 1258 17.76 1184 16.76 1109 15.77 1035 14.77 960
19.71 1331 18.73 1257 17.75 1183 16.75 1108 15.75 1033 14.76 959
19.69 1330 18.71 1256 17.74 1182 16.74 1107 15.73 1032 14.74 958
19.68 1329 18.70 1255 17.72 1181 16.72 1106 15.72 1031 14.72 956
19.67 1328 18.69 1254 17.70 1180 16.71 1105 15.71 1030 14.70 955
19.65 1327 18.68 1253 17.68 1178 16.70 1104 15.70 1029 14.69 954
19.64 1326 18.66 1252 17.67 1177 16.68 1103 15.68 1028 14.68 953
19.63 1325 18.65 1251 17.65 1176 16.67 1102 15.67 1027 14.67 952
19.62 1324 18.64 1250 17.64 1175 16.66 1101 15.66 1026 14.65 951
19.60 1323 18.62 1249 17.63 1174 16.64 1100 15.64 1025 14.64 950
19.58 1322 18.61 1248 17.61 1173 16.63 1099 15.63 1024 14.63 949
19.56 1320 18.59 1247 17.60 1172 16.61 1098 15.62 1023 14.61 948
19.55 1319 18.57 1245 17.59 1171 16.59 1096 15.60 1022 14.60 947
19.53 1318 18.55 1244 17.57 1170 16.57 1095 15.59 1021 14.59 946
19.52 1317 18.54 1243 17.56 1169 16.56 1094 15.58 1020 14.57 945
19.51 1316 18.53 1242 17.55 1168 16.55 1093 15.56 1019 14.56 944
19.49 1315 18.52 1241 17.54 1167 16.54 1092 15.55 1018 14.54 943
19.48 1314 18.50 1240 17.52 1166 16.52 1091 15.53 1017 14.53 942
19.47 1313 18.49 1239 17.50 1165 16.51 1090 15.51 1015 14.52 941
19.46 1312 18.48 1238 17.48 1163 16.50 1089 15.49 1014 14.50 940
19.44 1311 18.46 1237 17.47 1162 16.48 1088 15.48 1013 14.49 939
19.43 1310 18.45 1236 17.45 1161 16.47 1087 15.47 1012 14.48 938
19.42 1309 18.44 1235 17.44 1160 16.46 1086 15.46 1011 14.46 937
19.40 1308 18.42 1234 17.43 1159 16.44 1085 15.44 1010 14.45 936
19.39 1307 18.41 1233 17.41 1158 16.43 1084 15.43 1009 14.44 935
19.38 1306 18.39 1232 17.40 1157 16.42 1083 15.42 1008 14.43 934
19.36 1305 18.37 1230 17.39 1156 16.41 1082 15.40 1007 14.41 933
19.35 1304 18.35 1229 17.37 1155 16.39 1081 15.39 1006 14.39 932
19.33 1303 18.34 1228 17.36 1154 16.37 1080 15.38 1005 14.37 930
19.31 1301 18.33 1227 17.35 1153 16.35 1078 15.36 1004 14.35 929
19.29 1300 18.32 1226 17.34 1152 16.34 1077 15.35 1003 14.34 928
19.28 1299 18.30 1225 17.32 1151 16.32 1076 15.33 1002 14.33 927
19.27 1298 18.29 1224 17.31 1150 16.31 1075 15.31 1000 14.32 926
19.26 1297 18.28 1223 17.30 1149 16.30 1074 15.29 999 14.30 925
19.24 1296 18.26 1222 17.28 1148 16.28 1073 15.28 998 14.29 924
19.23 1295 18.25 1221 17.27 1147 16.27 1072 15.27 997 14.28 923
19.22 1294 18.24 1220 17.26 1146 16.26 1071 15.25 996 14.26 922
19.20 1293 18.23 1219 17.24 1145 16.24 1070 15.24 995 14.25 921
19.19 1292 18.21 1218 17.23 1144 16.23 1069 15.23 994 14.24 920
19.18 1291 18.20 1217 17.21 1143 16.22 1068 15.22 993 14.22 919
19.17 1290 18.19 1216 17.19 1141 16.21 1067 15.20 992 14.21 918
19.15 1289 18.17 1215 17.17 1140 16.19 1066 15.18 991 14.19 917
19.14 1288 18.16 1214 17.16 1139 16.17 1065 15.16 989 14.18 916
19.13 1287 18.15 1213 17.15 1138 16.15 1063 15.15 988 14.17 915
19.11 1286 18.13 1212 17.14 1137 16.14 1062 15.13 987 14.15 914
19.10 1285 18.12 1211 17.12 1136 16.12 1061 15.12 986 14.14 913
19.09 1284 18.10 1210 17.11 1135 16.11 1060 15.11 985 14.13 912
19.07 1283 18.08 1208 17.10 1134 16.10 1059 15.09 984 14.11 911
19.06 1282 18.06 1207 17.08 1133 16.08 1058 15.08 983 14.10 910
19.04 1281 18.05 1206 17.07 1132 16.07 1057 15.07 982 14.09 909
19.02 1279 18.04 1205 17.06 1131 16.06 1056 15.05 981 14.08 908
19.00 1278 18.03 1204 17.04 1130 16.04 1055 15.04 980 14.06 907
18.99 1277 18.01 1203 17.03 1129 16.03 1054 15.03 979 14.04 906
14.02 904 13.02 830 12.01 755 11.02 682 10.00 608 9.00 535
14.00 903 13.01 829 12.00 754 11.00 681 9.99 607 8.99 534
13.99 902 13.00 828 11.98 753 10.99 680 9.98 606 8.97 533
13.98 901 12.98 827 11.97 752 10.98 679 9.96 605 8.96 532
13.97 900 12.97 826 11.96 751 10.96 678 9.95 604 8.95 531
13.95 899 12.96 825 11.94 750 10.95 677 9.94 603 8.93 530
13.94 898 12.94 824 11.92 749 10.93 676 9.92 602 8.92 529
13.93 897 12.93 823 11.90 747 10.92 675 9.91 601 8.90 528
13.91 896 12.91 822 11.89 746 10.91 674 9.89 600 8.89 527
13.90 895 12.89 820 11.87 745 10.89 673 9.88 599 8.88 526
13.89 894 12.87 819 11.86 744 10.88 672 9.87 598 8.86 525
13.87 893 12.86 818 11.85 743 10.87 671 9.85 597 8.85 524
13.86 892 12.85 817 11.83 742 10.85 670 9.84 596 8.84 523
13.85 891 12.83 816 11.82 741 10.84 669 9.83 595 8.82 522
13.83 890 12.82 815 11.81 740 10.83 668 9.81 594 8.80 521
13.82 889 12.81 814 11.79 739 10.81 667 9.80 593 8.78 519
13.80 888 12.80 813 11.77 738 10.80 666 9.79 592 8.76 518
13.78 886 12.78 812 11.75 736 10.78 665 9.77 591 8.75 517
13.76 885 12.76 811 11.74 735 10.77 664 9.76 590 8.74 516
13.75 884 12.74 809 11.72 734 10.76 663 9.74 589 8.72 515
13.74 883 12.72 808 11.71 733 10.74 662 9.73 588 8.71 514
13.72 882 12.71 807 11.70 732 10.73 661 9.72 587 8.70 513
13.71 881 12.70 806 11.68 731 10.72 660 9.70 586 8.68 512
13.70 880 12.69 805 11.67 730 10.70 659 9.69 585 8.67 511
13.69 879 12.67 804 11.66 729 10.69 658 9.68 584 8.66 510
13.67 878 12.66 803 11.64 728 10.68 657 9.66 583 8.65 509
13.65 877 12.65 802 11.62 727 10.66 656 9.64 582 8.63 508
13.63 875 12.63 801 11.60 725 10.65 655 9.62 580 8.61 507
13.62 874 12.61 800 11.59 724 10.63 654 9.60 579 8.59 505
13.60 873 12.59 798 11.57 723 10.62 653 9.59 578 8.57 504
13.59 872 12.58 797 11.56 722 10.61 652 9.58 577 8.56 503
13.58 871 12.56 796 11.55 721 10.59 651 9.57 576 8.55 502
13.56 870 12.55 795 11.53 720 10.58 650 9.55 575 8.53 501
13.55 869 12.54 794 11.52 719 10.57 649 9.54 574 8.52 500
13.54 868 12.52 793 11.51 718 10.55 648 9.53 573 8.51 499
13.52 867 12.51 792 11.49 717 10.53 647 9.51 572 8.49 498
13.51 866 12.50 791 11.48 716 10.51 645 9.50 571 8.48 497
13.50 865 12.48 790 11.47 715 10.50 644 9.49 570 8.46 496
13.48 864 12.47 789 11.45 714 10.48 643 9.47 569 8.45 495
13.47 863 12.46 788 11.44 713 10.47 642 9.45 568 8.44 494
13.45 862 12.44 787 11.42 712 10.46 641 9.43 566 8.42 493
13.44 861 12.43 786 11.41 711 10.44 640 9.41 565 8.41 492
13.43 860 12.41 785 11.40 710 10.43 639 9.40 564 8.40 491
13.41 859 12.40 784 11.38 709 10.42 638 9.39 563 8.38 490
13.40 858 12.39 783 11.37 708 10.40 637 9.37 562 8.36 489
13.39 857 12.37 782 11.36 707 10.39 636 9.36 561 8.34 487
13.37 856 12.36 781 11.34 706 10.38 635 9.35 560 8.32 486
13.36 855 12.35 780 11.33 705 10.36 634 9.33 559 8.31 485
13.35 854 12.33 779 11.32 704 10.34 633 9.32 558 8.30 484
13.34 853 12.32 778 11.30 703 10.32 631 9.30 557 8.28 483
13.32 852 12.31 777 11.29 702 10.31 630 9.29 556 8.27 482
13.30 851 12.29 776 11.28 701 10.29 629 9.28 555 8.26 481
13.28 849 12.28 775 11.26 700 10.28 628 9.26 554 8.24 480
13.26 848 12.26 774 11.25 699 10.27 627 9.25 553 8.23 479
13.25 847 12.24 772 11.23 698 10.25 626 9.24 552 8.21 478
13.24 846 12.22 771 11.22 697 10.24 625 9.22 551 8.20 477
13.23 845 12.21 770 11.21 696 10.23 624 9.21 550 8.19 476
13.21 844 12.20 769 11.19 695 10.21 623 9.20 549 8.17 475
13.20 843 12.18 768 11.18 694 10.19 622 9.18 548 8.16 474
13.19 842 12.17 767 11.17 693 10.17 620 9.17 547 8.15 473
13.17 841 12.16 766 11.15 692 10.15 619 9.15 546 8.13 472
13.15 840 12.14 765 11.14 691 10.14 618 9.14 545 8.11 471
13.13 838 12.13 764 11.13 690 10.13 617 9.13 544 8.09 469
13.12 837 12.12 763 11.11 689 10.11 616 9.11 543 8.07 468
13.10 836 12.11 762 11.10 688 10.10 615 9.10 542 8.06 467
13.09 835 12.09 761 11.08 687 10.09 614 9.09 541 8.05 466
13.08 834 12.07 760 11.07 686 10.08 613 9.07 540 8.03 465
13.06 833 12.05 758 11.06 685 10.06 612 9.05 539 8.02 464
13.05 832 12.03 757 11.04 684 10.04 611 9.03 537 8.01 463
13.04 831 12.02 756 11.03 683 10.02 609 9.01 536 7.99 462
7.98 461 6.93 386 5.88 311 4.88 241 3.82 168 2.75 95
7.96 460 6.92 385 5.86 310 4.86 240 3.81 167 2.73 94
7.95 459 6.90 384 5.85 309 4.85 239 3.80 166 2.72 93
7.94 458 6.89 383 5.84 308 4.84 238 3.78 165 2.71 92
7.92 457 6.88 382 5.82 307 4.82 237 3.76 164 2.69 91
7.91 456 6.86 381 5.80 306 4.81 236 3.74 162 2.67 90
7.90 455 6.85 380 5.79 305 4.80 235 3.72 161 2.66 89
7.88 454 6.83 379 5.78 304 4.78 234 3.71 160 2.64 88
7.86 453 6.82 378 5.76 303 4.76 233 3.70 159 2.63 87
7.84 451 6.81 377 5.75 302 4.75 232 3.68 158 2.62 86
7.82 450 6.79 376 5.74 301 4.74 231 3.66 157 2.60 85
7.80 448 6.78 375 5.72 300 4.72 230 3.65 156 2.58 84
7.78 447 6.77 374 5.71 299 4.71 229 3.64 155 2.57 83
7.77 446 6.75 373 5.69 298 4.70 228 3.62 154 2.56 82
7.76 445 6.73 372 5.68 297 4.68 227 3.61 153 2.54 81
7.74 444 6.71 370 5.66 296 4.66 226 3.59 152 2.53 80
7.72 443 6.69 369 5.65 295 4.65 225 3.58 151 2.51 79
7.70 441 6.68 368 5.64 294 4.64 224 3.56 150 2.49 78
7.68 440 6.67 367 5.62 293 4.62 223 3.55 149 2.48 77
7.67 439 6.65 366 5.61 292 4.60 222 3.53 148 2.47 76
7.66 438 6.63 365 5.59 291 4.58 220 3.52 147 2.45 75
7.64 437 6.61 363 5.58 290 4.56 219 3.51 146 2.43 74
7.63 436 6.59 362 5.56 289 4.55 218 3.49 145 2.42 73
7.62 435 6.58 361 5.55 288 4.54 217 3.47 144 2.40 72
7.60 434 6.57 360 5.54 287 4.52 216 3.45 142 2.39 71
7.59 433 6.55 359 5.52 286 4.50 215 3.43 141 2.38 70
7.57 432 6.54 358 5.51 285 4.48 213 3.42 140 2.36 69
7.56 431 6.53 357 5.49 284 4.46 212 3.40 139 2.34 68
7.55 430 6.51 356 5.48 283 4.45 211 3.39 138 2.33 67
7.53 429 6.50 355 5.47 282 4.44 210 3.37 137 2.31 66
7.52 428 6.48 354 5.45 281 4.42 209 3.36 136 2.30 65
7.51 427 6.47 353 5.44 280 4.40 208 3.34 135 2.28 64
7.49 426 6.45 352 5.42 279 4.39 207 3.33 134 2.27 63
7.47 425 6.44 351 5.41 278 4.38 206 3.32 133 2.25 62
7.45 423 6.43 350 5.39 277 4.36 205 3.30 132 2.23 61
7.43 422 6.41 349 5.38 276 4.35 204 3.28 131 2.22 60
7.42 421 6.40 348 5.37 275 4.34 203 3.27 130 2.21 59
7.41 420 6.38 347 5.35 274 4.32 202 3.26 129 2.19 58
7.39 419 6.37 346 5.34 273 4.31 201 3.24 128 2.18 57
7.38 418 6.36 345 5.32 272 4.29 200 3.22 127 2.16 56
7.37 417 6.34 344 5.31 271 4.28 199 3.21 126 2.14 55
7.35 416 6.33 343 5.29 270 4.26 198 3.20 125 2.13 54
7.34 415 6.32 342 5.28 269 4.25 197 3.18 124 2.11 53
7.32 414 6.30 341 5.27 268 4.23 196 3.17 123 2.10 52
7.31 413 6.28 340 5.25 267 4.22 195 3.15 122 2.08 51
7.30 412 6.27 339 5.24 266 4.21 194 3.14 121 2.07 50
7.28 411 6.26 338 5.22 265 4.19 193 3.12 120 2.05 49
7.27 410 6.24 337 5.21 264 4.17 192 3.11 119 2.03 48
7.26 409 6.23 336 5.20 263 4.16 191 3.09 118 2.02 47
7.24 408 6.22 335 5.18 262 4.15 190 3.07 117 2.00 46
7.22 407 6.20 334 5.17 261 4.13 189 3.05 115 1.99 45
7.21 406 6.18 333 5.15 260 4.11 188 3.03 114 1.98 44
7.20 405 6.16 331 5.14 259 4.09 186 3.02 113 1.96 43
7.18 404 6.14 330 5.12 258 4.07 185 3.01 112 1.94 42
7.17 403 6.13 329 5.11 257 4.06 184 2.99 111 1.93 41
7.16 402 6.12 328 5.10 256 4.05 183 2.97 110 1.91 40
7.14 401 6.10 327 5.08 255 4.03 182 2.96 109 1.89 39
7.12 400 6.09 326 5.07 254 4.01 181 2.94 108 1.88 38
7.10 398 6.08 325 5.05 253 4.00 180 2.93 107 1.87 37
7.08 397 6.06 324 5.04 252 3.99 179 2.92 106 1.85 36
7.07 396 6.04 323 5.02 251 3.97 178 2.90 105 1.83 35
7.06 395 6.02 321 5.01 250 3.96 177 2.88 104 1.82 34
7.04 394 6.00 320 5.00 249 3.94 176 2.87 103 1.80 33
7.03 393 5.99 319 4.98 248 3.93 175 2.86 102 1.78 32
7.02 392 5.98 318 4.97 247 3.91 174 2.84 101 1.77 31
7.00 391 5.96 317 4.95 246 3.90 173 2.82 100 1.75 30
6.99 390 5.94 316 4.94 245 3.88 172 2.81 99 1.74 29
6.97 389 5.92 314 4.92 244 3.87 171 2.79 98 1.73 28
6.96 388 5.90 313 4.91 243 3.86 170 2.78 97 1.71 27
6.95 387 5.89 312 4.90 242 3.84 169 2.77 96 1.69 26
1.68 25 1.61 21 1.54 17 1.47 12 1.40 8 1.33 4
1.66 24 1.59 20 1.53 16 1.45 11 1.38 7 1.31 3
1.64 23 1.58 19 1.51 15 1.44 10 1.36 6 1.29 2
1.63 22 1.56 18 1.49 14 1.42 9 1.34 5 1.28 1
