20.47 1350 19.48 1277 18.48 1203 17.47 1129 16.45 1055 15.41 979
20.46 1349 19.47 1276 18.46 1202 17.45 1128 16.43 1053 15.40 978
20.45 1348 19.46 1275 18.45 1201 17.44 1127 16.41 1052 15.39 977
20.43 1347 19.44 1274 18.43 1200 17.43 1126 16.40 1051 15.37 976
20.41 1346 19.43 1273 18.42 1199 17.41 1125 16.39 1050 15.36 975
20.40 1345 19.41 1272 18.41 1198 17.40 1124 16.38 1049 15.34 974
20.39 1344 19.40 1271 18.39 1197 17.38 1123 16.36 1048 15.33 973
20.38 1343 19.39 1270 18.38 1196 17.36 1121 16.34 1047 15.32 972
20.36 1342 19.37 1269 18.37 1195 17.34 1120 16.33 1046 15.30 971
20.35 1341 19.36 1268 18.36 1194 17.33 1119 16.32 1045 15.29 970
20.34 1340 19.35 1267 18.34 1193 17.32 1118 16.31 1044 15.28 969
20.32 1339 19.33 1266 18.33 1192 17.31 1117 16.29 1043 15.26 968
20.31 1338 19.32 1265 18.31 1191 17.29 1116 16.27 1042 15.25 967
20.29 1337 19.30 1264 18.30 1190 17.27 1115 16.25 1040 15.23 966
20.28 1336 19.28 1262 18.29 1189 17.26 1114 16.24 1039 15.21 964
20.27 1335 19.26 1261 18.27 1188 17.25 1113 16.22 1038 15.19 963
20.25 1334 19.25 1260 18.26 1187 17.24 1112 16.21 1037 15.18 962
20.24 1333 19.24 1259 18.25 1186 17.22 1111 16.20 1036 15.17 961
20.23 1332 19.23 1258 18.23 1185 17.20 1110 16.18 1035 15.15 960
20.22 1331 19.21 1257 18.22 1184 17.18 1108 16.17 1034 15.14 959
20.20 1330 19.19 1256 18.20 1183 17.17 1107 16.16 1033 15.12 958
20.19 1329 19.18 1255 18.19 1182 17.15 1106 16.14 1032 15.11 957
20.17 1328 19.17 1254 18.18 1181 17.14 1105 16.13 1031 15.10 956
20.16 1327 19.16 1253 18.16 1180 17.13 1104 16.11 1030 15.08 955
20.15 1326 19.14 1252 18.15 1179 17.11 1103 16.10 1029 15.07 954
20.13 1325 19.13 1251 18.13 1178 17.10 1102 16.09 1028 15.05 953
20.12 1324 19.12 1250 18.11 1176 17.09 1101 16.07 1027 15.03 951
20.11 1323 19.10 1249 18.09 1175 17.07 1100 16.06 1026 15.01 950
20.09 1322 19.09 1248 18.08 1174 17.06 1099 16.04 1025 15.00 949
20.08 1321 19.07 1247 18.07 1173 17.04 1098 16.02 1023 14.99 948
20.06 1320 19.06 1246 18.06 1172 17.03 1097 16.00 1022 14.98 947
20.05 1319 19.05 1245 18.04 1171 17.02 1096 15.99 1021 14.96 946
20.04 1318 19.03 1244 18.02 1170 17.00 1095 15.98 1020 14.94 945
20.02 1317 19.02 1243 18.00 1168 16.99 1094 15.96 1019 14.92 943
20.01 1316 19.01 1242 17.99 1167 16.97 1093 15.95 1018 14.90 942
19.99 1315 19.00 1241 17.97 1166 16.95 1091 15.93 1017 14.89 941
19.97 1313 18.98 1240 17.96 1165 16.93 1090 15.91 1015 14.88 940
19.96 1312 18.96 1239 17.95 1164 16.92 1089 15.89 1014 14.87 939
19.94 1311 18.95 1238 17.93 1163 16.91 1088 15.88 1013 14.85 938
19.93 1310 18.94 1237 17.92 1162 16.90 1087 15.87 1012 14.83 937
19.92 1309 18.93 1236 17.90 1161 16.88 1086 15.86 1011 14.82 936
19.90 1308 18.91 1235 17.89 1160 16.86 1085 15.84 1010 14.81 935
19.89 1307 18.89 1234 17.88 1159 16.84 1083 15.82 1009 14.80 934
19.88 1306 18.87 1232 17.86 1158 16.83 1082 15.81 1008 14.78 933
19.86 1305 18.86 1231 17.85 1157 16.81 1081 15.80 1007 14.76 932
19.85 1304 18.84 1230 17.84 1156 16.80 1080 15.79 1006 14.74 930
19.83 1303 18.83 1229 17.82 1155 16.79 1079 15.77 1005 14.72 929
19.82 1302 18.82 1228 17.81 1154 16.77 1078 15.75 1004 14.71 928
19.81 1301 18.80 1227 17.79 1153 16.76 1077 15.73 1002 14.70 927
19.79 1300 18.79 1226 17.77 1151 16.74 1076 15.72 1001 14.69 926
19.78 1299 18.77 1225 17.75 1150 16.73 1075 15.70 1000 14.67 925
19.76 1298 18.75 1223 17.74 1149 16.72 1074 15.69 999 14.65 924
19.74 1296 18.73 1222 17.73 1148 16.70 1073 15.68 998 14.63 922
19.73 1295 18.72 1221 17.72 1147 16.69 1072 15.66 997 14.62 921
19.71 1294 18.71 1220 17.70 1146 16.68 1071 15.64 996 14.60 920
19.70 1293 18.70 1219 17.68 1145 16.66 1070 15.62 994 14.59 919
19.69 1292 18.68 1218 17.67 1144 16.65 1069 15.61 993 14.58 918
19.67 1291 18.66 1217 17.66 1143 16.63 1068 15.59 992 14.56 917
19.66 1290 18.64 1215 17.65 1142 16.62 1067 15.58 991 14.54 916
19.64 1289 18.63 1214 17.63 1141 16.61 1066 15.57 990 14.53 915
19.63 1288 18.61 1213 17.61 1140 16.59 1065 15.55 989 14.52 914
19.62 1287 18.60 1212 17.59 1138 16.58 1064 15.54 988 14.51 913
19.60 1286 18.59 1211 17.58 1137 16.57 1063 15.52 987 14.49 912
19.59 1285 18.57 1210 17.56 1136 16.56 1062 15.51 986 14.47 911
19.58 1284 18.56 1209 17.55 1135 16.54 1061 15.50 985 14.45 909
19.56 1283 18.54 1208 17.54 1134 16.52 1060 15.48 984 14.44 908
19.55 1282 18.53 1207 17.52 1133 16.51 1059 15.47 983 14.42 907
19.53 1281 18.52 1206 17.51 1132 16.50 1058 15.46 982 14.41 906
19.51 1279 18.50 1205 17.49 1131 16.48 1057 15.44 981 14.40 905
19.49 1278 18.49 1204 17.48 1130 16.47 1056 15.43 980 14.38 904
14.36 903 13.29 825 12.27 752 11.22 676 10.19 603 9.12 527
14.34 901 13.27 824 12.25 750 11.20 675 10.17 602 9.11 526
14.33 900 13.26 823 12.23 749 11.19 674 10.15 600 9.09 525
14.31 899 13.25 822 12.22 748 11.17 673 10.13 599 9.07 524
14.30 898 13.24 821 12.21 747 11.16 672 10.12 598 9.05 522
14.29 897 13.22 820 12.20 746 11.15 671 10.11 597 9.03 521
14.27 896 13.20 819 12.18 745 11.13 670 10.10 596 9.02 520
14.26 895 13.18 817 12.16 744 11.12 669 10.08 595 9.01 519
14.24 894 13.16 816 12.15 743 11.10 668 10.06 594 8.99 518
14.23 893 13.15 815 12.14 742 11.09 667 10.04 592 8.98 517
14.22 892 13.14 814 12.12 741 11.08 666 10.02 591 8.96 516
14.20 891 13.13 813 12.11 740 11.06 665 10.01 590 8.95 515
14.18 890 13.11 812 12.09 739 11.05 664 10.00 589 8.94 514
14.16 888 13.09 811 12.08 738 11.04 663 9.98 588 8.92 513
14.15 887 13.08 810 12.07 737 11.02 662 9.97 587 8.90 512
14.13 886 13.07 809 12.05 736 11.00 661 9.95 586 8.88 510
14.12 885 13.05 808 12.04 735 10.99 660 9.94 585 8.87 509
14.11 884 13.04 807 12.03 734 10.98 659 9.93 584 8.85 508
14.09 883 13.02 806 12.01 733 10.97 658 9.91 583 8.84 507
14.07 882 13.00 804 12.00 732 10.95 657 9.89 582 8.83 506
14.05 880 12.98 803 11.98 731 10.93 656 9.88 581 8.81 505
14.04 879 12.97 802 11.97 730 10.91 654 9.87 580 8.79 504
14.02 878 12.96 801 11.96 729 10.89 653 9.85 579 8.78 503
14.01 877 12.94 800 11.94 728 10.88 652 9.84 578 8.77 502
14.00 876 12.93 799 11.92 727 10.87 651 9.82 577 8.75 501
13.98 875 12.91 798 11.90 725 10.85 650 9.80 575 8.74 500
13.97 874 12.90 797 11.89 724 10.84 649 9.78 574 8.72 499
13.95 873 12.89 796 11.87 723 10.82 648 9.77 573 8.71 498
13.94 872 12.87 795 11.86 722 10.81 647 9.76 572 8.70 497
13.93 871 12.86 794 11.85 721 10.80 646 9.74 571 8.68 496
13.91 870 12.85 793 11.83 720 10.78 645 9.73 570 8.66 495
13.89 869 12.83 792 11.81 719 10.77 644 9.71 569 8.64 493
13.87 867 12.82 791 11.80 718 10.75 643 9.70 568 8.62 492
13.86 866 12.80 790 11.79 717 10.74 642 9.69 567 8.61 491
13.84 865 12.79 789 11.78 716 10.73 641 9.67 566 8.60 490
13.83 864 12.78 788 11.76 715 10.71 640 9.65 565 8.58 489
13.82 863 12.76 787 11.74 714 10.70 639 9.63 563 8.57 488
13.80 862 12.75 786 11.72 712 10.69 638 9.61 562 8.55 487
13.78 861 12.73 785 11.70 711 10.67 637 9.60 561 8.54 486
13.76 859 12.72 784 11.69 710 10.65 636 9.59 560 8.53 485
13.75 858 12.71 783 11.68 709 10.64 635 9.57 559 8.51 484
13.73 857 12.69 782 11.66 708 10.63 634 9.56 558 8.49 483
13.72 856 12.68 781 11.65 707 10.61 633 9.54 557 8.47 481
13.71 855 12.67 780 11.63 706 10.60 632 9.53 556 8.45 480
13.69 854 12.65 779 11.61 704 10.58 631 9.52 555 8.44 479
13.68 853 12.64 778 11.59 703 10.56 629 9.50 554 8.43 478
13.66 852 12.62 777 11.58 702 10.54 628 9.48 553 8.41 477
13.65 851 12.61 776 11.57 701 10.53 627 9.46 551 8.40 476
13.64 850 12.60 775 11.55 700 10.52 626 9.45 550 8.38 475
13.62 849 12.58 774 11.54 699 10.50 625 9.43 549 8.37 474
13.60 848 12.57 773 11.52 698 10.49 624 9.42 548 8.36 473
13.58 846 12.56 772 11.51 697 10.47 623 9.41 547 8.34 472
13.57 845 12.54 771 11.50 696 10.46 622 9.39 546 8.32 471
13.55 844 12.53 770 11.48 695 10.45 621 9.37 545 8.31 470
13.54 843 12.51 769 11.47 694 10.43 620 9.36 544 8.30 469
13.53 842 12.50 768 11.45 693 10.41 619 9.35 543 8.28 468
13.51 841 12.49 767 11.44 692 10.39 617 9.33 542 8.27 467
13.49 840 12.47 766 11.43 691 10.37 616 9.32 541 8.26 466
13.47 838 12.45 765 11.41 690 10.36 615 9.30 540 8.24 465
13.46 837 12.44 764 11.39 689 10.35 614 9.29 539 8.23 464
13.44 836 12.43 763 11.37 687 10.34 613 9.28 538 8.21 463
13.43 835 12.42 762 11.35 686 10.32 612 9.26 537 8.20 462
13.42 834 12.40 761 11.34 685 10.30 611 9.24 536 8.19 461
13.40 833 12.38 760 11.33 684 10.29 610 9.22 534 8.17 460
13.38 832 12.36 758 11.32 683 10.28 609 9.20 533 8.15 459
13.37 831 12.34 757 11.30 682 10.26 608 9.19 532 8.14 458
13.36 830 12.33 756 11.28 681 10.25 607 9.18 531 8.13 457
13.35 829 12.32 755 11.26 679 10.23 606 9.16 530 8.11 456
13.33 828 12.31 754 11.24 678 10.22 605 9.15 529 8.10 455
13.31 827 12.29 753 11.23 677 10.21 604 9.13 528 8.08 454
8.07 453 7.03 380 5.94 305 4.84 230 3.80 160 2.74 90
8.06 452 7.01 379 5.93 304 4.83 229 3.79 159 2.73 89
8.04 451 6.99 378 5.91 303 4.82 228 3.78 158 2.71 88
8.02 450 6.98 377 5.90 302 4.80 227 3.76 157 2.70 87
8.00 448 6.97 376 5.88 301 4.78 226 3.74 156 2.68 86
7.98 447 6.95 375 5.87 300 4.77 225 3.73 155 2.67 85
7.97 446 6.94 374 5.86 299 4.76 224 3.72 154 2.65 84
7.96 445 6.92 373 5.84 298 4.74 223 3.70 153 2.63 83
7.94 444 6.91 372 5.82 297 4.72 222 3.68 152 2.62 82
7.92 443 6.90 371 5.81 296 4.71 221 3.67 151 2.61 81
7.91 442 6.88 370 5.80 295 4.70 220 3.66 150 2.59 80
7.90 441 6.86 369 5.78 294 4.68 219 3.64 149 2.57 79
7.88 440 6.84 367 5.76 293 4.66 218 3.62 148 2.56 78
7.87 439 6.82 366 5.74 291 4.65 217 3.61 147 2.54 77
7.85 438 6.80 365 5.72 290 4.64 216 3.60 146 2.53 76
7.84 437 6.78 363 5.70 289 4.62 215 3.58 145 2.51 75
7.83 436 6.76 362 5.68 287 4.61 214 3.56 144 2.50 74
7.81 435 6.75 361 5.66 286 4.60 213 3.55 143 2.48 73
7.79 434 6.74 360 5.65 285 4.58 212 3.54 142 2.46 72
7.77 432 6.72 359 5.64 284 4.56 211 3.52 141 2.45 71
7.75 431 6.71 358 5.62 283 4.55 210 3.50 140 2.44 70
7.74 430 6.69 357 5.61 282 4.54 209 3.49 139 2.42 69
7.73 429 6.68 356 5.59 281 4.52 208 3.48 138 2.40 68
7.71 428 6.67 355 5.58 280 4.50 207 3.46 137 2.39 67
7.70 427 6.65 354 5.56 279 4.49 206 3.44 136 2.37 66
7.68 426 6.63 353 5.55 278 4.48 205 3.43 135 2.36 65
7.67 425 6.62 352 5.53 277 4.46 204 3.42 134 2.34 64
7.66 424 6.61 351 5.52 276 4.45 203 3.40 133 2.33 63
7.64 423 6.59 350 5.51 275 4.43 202 3.38 132 2.31 62
7.62 422 6.57 349 5.49 274 4.42 201 3.37 131 2.29 61
7.60 420 6.55 347 5.47 273 4.40 200 3.36 130 2.27 60
7.58 419 6.53 346 5.46 272 4.39 199 3.34 129 2.25 58
7.57 418 6.52 345 5.45 271 4.37 198 3.32 128 2.23 57
7.56 417 6.51 344 5.43 270 4.36 197 3.31 127 2.21 56
7.54 416 6.49 343 5.41 269 4.34 196 3.29 126 2.20 55
7.53 415 6.48 342 5.39 267 4.33 195 3.28 125 2.18 54
7.51 414 6.46 341 5.37 266 4.31 194 3.26 124 2.16 53
7.50 413 6.45 340 5.35 265 4.30 193 3.25 123 2.15 52
7.49 412 6.43 339 5.33 263 4.28 192 3.23 122 2.14 51
7.47 411 6.42 338 5.31 262 4.27 191 3.22 121 2.12 50
7.45 410 6.40 337 5.30 261 4.25 190 3.20 120 2.10 49
7.44 409 6.39 336 5.29 260 4.24 189 3.19 119 2.09 48
7.43 408 6.38 335 5.27 259 4.22 188 3.17 118 2.07 47
7.41 407 6.36 334 5.25 258 4.21 187 3.15 117 2.05 46
7.39 406 6.34 333 5.24 257 4.19 186 3.14 116 2.04 45
7.38 405 6.32 331 5.23 256 4.18 185 3.13 115 2.03 44
7.37 404 6.30 330 5.21 255 4.16 184 3.11 114 2.01 43
7.35 403 6.29 329 5.20 254 4.15 183 3.09 113 1.99 42
7.34 402 6.28 328 5.18 253 4.13 182 3.08 112 1.98 41
7.33 401 6.26 327 5.17 252 4.12 181 3.07 111 1.96 40
7.31 400 6.24 326 5.15 251 4.10 180 3.05 110 1.94 39
7.30 399 6.23 325 5.14 250 4.09 179 3.03 109 1.93 38
7.28 398 6.22 324 5.12 249 4.07 178 3.02 108 1.92 37
7.27 397 6.20 323 5.11 248 4.06 177 3.01 107 1.90 36
7.26 396 6.19 322 5.10 247 4.04 176 2.99 106 1.88 35
7.24 395 6.17 321 5.08 246 4.03 175 2.97 105 1.86 34
7.22 394 6.16 320 5.06 245 4.01 174 2.96 104 1.85 33
7.21 393 6.15 319 5.05 244 4.00 173 2.94 103 1.83 32
7.20 392 6.13 318 5.04 243 3.98 172 2.93 102 1.81 31
7.18 391 6.11 317 5.02 242 3.97 171 2.91 101 1.80 30
7.17 390 6.10 316 5.00 241 3.96 170 2.90 100 1.78 29
7.15 389 6.09 315 4.99 240 3.94 169 2.88 99 1.77 28
7.14 388 6.07 314 4.98 239 3.92 168 2.86 98 1.75 27
7.13 387 6.05 313 4.96 238 3.91 167 2.85 97 1.74 26
7.11 386 6.03 311 4.94 237 3.90 166 2.84 96 1.72 25
7.09 385 6.01 310 4.92 235 3.88 165 2.82 95 1.70 24
7.08 384 6.00 309 4.90 234 3.86 164 2.80 94 1.69 23
7.07 383 5.99 308 4.89 233 3.85 163 2.79 93 1.67 22
7.05 382 5.97 307 4.88 232 3.84 162 2.78 92 1.65 21
7.04 381 5.95 306 4.86 231 3.82 161 2.76 91 1.63 20
1.62 19 1.55 15 1.49 11 1.41 7 1.34 3
1.60 18 1.53 14 1.47 10 1.40 6 1.33 2
1.58 17 1.52 13 1.46 9 
1.38 5 1.31 1 1.57 16 1.51 12 1.44 8 1.36 4
