18.87 1349 17.91 1272 16.96 1196 16.01 1121 15.03 1043 14.05 966
18.86 1348 17.89 1271 16.94 1195 16.00 1120 15.01 1042 14.03 964
18.85 1347 17.87 1269 16.93 1194 15.99 1119 14.99 1040 14.01 963
18.83 1346 17.86 1268 16.92 1193 15.97 1118 14.98 1039 13.99 961
18.82 1345 17.85 1267 16.91 1192 15.95 1116 14.97 1038 13.97 960
18.81 1344 17.83 1266 16.89 1191 15.93 1115 14.95 1037 13.95 958
18.80 1343 17.82 1265 16.88 1190 15.91 1113 14.94 1036 13.94 957
18.78 1342 17.81 1264 16.87 1189 15.90 1112 14.93 1035 13.93 956
18.76 1340 17.80 1263 16.86 1188 15.89 1111 14.92 1034 13.91 955
18.74 1339 17.78 1262 16.85 1187 15.87 1110 14.90 1033 13.90 954
18.72 1337 17.77 1261 16.83 1186 15.86 1109 14.89 1032 13.89 953
18.71 1336 17.76 1260 16.82 1185 15.85 1108 14.88 1031 13.88 952
18.70 1335 17.74 1259 16.81 1184 15.84 1107 14.86 1030 13.86 951
18.68 1334 17.72 1257 16.79 1183 15.82 1106 14.84 1028 13.85 950
18.67 1333 17.71 1256 16.78 1182 15.81 1105 14.82 1027 13.84 949
18.66 1332 17.70 1255 16.77 1181 15.80 1104 14.80 1025 13.83 948
18.65 1331 17.68 1254 16.75 1180 15.78 1103 14.79 1024 13.82 947
18.63 1330 17.67 1253 16.73 1178 15.76 1101 14.78 1023 13.80 946
18.61 1328 17.66 1252 16.72 1177 15.75 1100 14.76 1022 13.79 945
18.59 1327 17.65 1251 16.71 1176 15.74 1099 14.75 1021 13.78 944
18.57 1325 17.63 1250 16.69 1175 15.72 1098 14.74 1020 13.76 943
18.56 1324 17.62 1249 16.68 1174 15.71 1097 14.72 1019 13.75 942
18.55 1323 17.61 1248 16.67 1173 15.70 1096 14.71 1018 13.74 941
18.53 1322 17.60 1247 16.66 1172 15.68 1095 14.70 1017 13.72 940
18.52 1321 17.59 1246 16.64 1171 15.67 1094 14.69 1016 13.70 938
18.51 1320 17.57 1245 16.63 1170 15.66 1093 14.68 1015 13.68 937
18.50 1319 17.56 1244 16.62 1169 15.65 1092 14.66 1014 13.66 935
18.48 1318 17.55 1243 16.60 1168 15.64 1091 14.65 1013 13.65 934
18.47 1317 17.53 1242 16.58 1166 15.62 1090 14.64 1012 13.64 933
18.46 1316 17.52 1241 16.56 1165 15.61 1089 14.63 1011 13.62 932
18.45 1315 17.51 1240 16.54 1163 15.60 1088 14.61 1010 13.61 931
18.44 1314 17.49 1239 16.53 1162 15.59 1087 14.60 1009 13.60 930
18.42 1313 17.48 1238 16.52 1161 15.57 1086 14.59 1008 13.58 929
18.41 1312 17.47 1237 16.50 1160 15.56 1085 14.57 1007 13.57 928
18.40 1311 17.46 1236 16.49 1159 15.55 1084 14.55 1005 13.56 927
18.38 1310 17.45 1235 16.48 1158 15.53 1083 14.53 1004 13.55 926
18.37 1309 17.43 1234 16.47 1157 15.51 1081 14.51 1002 13.53 925
18.36 1308 17.42 1233 16.45 1156 15.49 1080 14.50 1001 13.52 924
18.35 1307 17.41 1232 16.44 1155 15.47 1078 14.49 1000 13.51 923
18.33 1306 17.40 1231 16.43 1154 15.46 1077 14.47 999 13.49 922
18.32 1305 17.38 1230 16.41 1153 15.45 1076 14.46 998 13.47 920
18.31 1304 17.37 1229 16.39 1151 15.43 1075 14.45 997 13.46 919
18.30 1303 17.36 1228 16.38 1150 15.42 1074 14.43 996 13.45 918
18.29 1302 17.34 1227 16.37 1149 15.41 1073 14.42 995 13.43 917
18.27 1301 17.32 1225 16.35 1148 15.40 1072 14.41 994 13.42 916
18.26 1300 17.31 1224 16.34 1147 15.38 1071 14.40 993 13.41 915
18.25 1299 17.30 1223 16.33 1146 15.37 1070 14.38 992 13.39 914
18.23 1298 17.28 1222 16.31 1145 15.36 1069 14.37 991 13.38 913
18.22 1297 17.27 1221 16.30 1144 15.34 1068 14.36 990 13.37 912
18.21 1296 17.26 1220 16.29 1143 15.32 1066 14.34 989 13.35 911
18.20 1295 17.25 1219 16.28 1142 15.30 1065 14.32 987 13.33 909
18.19 1294 17.23 1218 16.27 1141 15.28 1063 14.31 986 13.32 908
18.17 1293 17.22 1217 16.25 1140 15.27 1062 14.30 985 13.31 907
18.16 1292 17.21 1216 16.24 1139 15.26 1061 14.28 984 13.29 906
18.15 1291 17.19 1215 16.23 1138 15.24 1060 14.27 983 13.28 905
18.14 1290 17.17 1213 16.22 1137 15.23 1059 14.26 982 13.27 904
18.12 1289 17.15 1212 16.20 1136 15.22 1058 14.24 981 13.25 903
18.11 1288 17.13 1210 16.19 1135 15.20 1057 14.23 980 13.24 902
18.10 1287 17.12 1209 16.18 1134 15.19 1056 14.22 979 13.23 901
18.08 1286 17.11 1208 16.16 1133 15.18 1055 14.20 978 13.22 900
18.06 1284 17.09 1207 16.15 1132 15.17 1054 14.18 976 13.20 899
18.04 1283 17.08 1206 16.14 1131 15.16 1053 14.17 975 13.19 898
18.02 1281 17.07 1205 16.12 1130 15.14 1052 14.16 974 13.18 897
18.01 1280 17.06 1204 16.10 1128 15.13 1051 14.14 973 13.16 896
18.00 1279 17.04 1203 16.09 1127 15.12 1050 14.13 972 13.14 894
17.98 1278 17.03 1202 16.08 1126 15.11 1049 14.12 971 13.12 893
17.97 1277 17.02 1201 16.06 1125 15.09 1048 14.11 970 13.10 891
17.96 1276 17.00 1200 16.05 1124 15.08 1047 14.09 969 13.09 890
17.95 1275 16.98 1198 16.04 1123 15.07 1046 14.08 968 13.08 889
17.93 1274 16.97 1197 16.03 1122 15.05 1045 14.07 967 13.06 888
13.05 887 12.08 811 11.12 736 10.17 662 9.17 585 8.21 512
13.04 886 12.07 810 11.11 735 10.15 661 9.16 584 8.19 510
13.02 885 12.05 809 11.09 734 10.14 660 9.14 583 8.18 509
13.01 884 12.04 808 11.08 733 10.13 659 9.13 582 8.17 508
13.00 883 12.03 807 11.07 732 10.12 658 9.12 581 8.15 507
12.98 882 12.02 806 11.05 731 10.10 657 9.10 580 8.14 506
12.96 880 12.01 805 11.04 730 10.09 656 9.09 579 8.13 505
12.95 879 11.99 804 11.03 729 10.08 655 9.08 578 8.11 504
12.94 878 11.98 803 11.02 728 10.06 654 9.06 577 8.10 503
12.92 877 11.97 802 11.00 727 10.05 653 9.04 575 8.09 502
12.91 876 11.95 801 10.99 726 10.04 652 9.02 574 8.07 501
12.90 875 11.94 800 10.98 725 10.02 651 9.00 572 8.06 500
12.89 874 11.93 799 10.97 724 10.01 650 8.99 571 8.05 499
12.87 873 11.91 798 10.95 723 10.00 649 8.98 570 8.03 498
12.86 872 11.90 797 10.94 722 9.98 648 8.96 569 8.02 497
12.85 871 11.89 796 10.93 721 9.97 647 8.95 568 8.01 496
12.83 870 11.87 795 10.91 720 9.96 646 8.94 567 7.99 495
12.82 869 11.85 793 10.90 719 9.95 645 8.92 566 7.97 493
12.81 868 11.83 792 10.89 718 9.94 644 8.91 565 7.95 492
12.79 867 11.81 790 10.87 717 9.92 643 8.90 564 7.93 490
12.77 865 11.80 789 10.85 715 9.91 642 8.88 563 7.91 489
12.75 864 11.79 788 10.83 714 9.90 641 8.87 562 7.89 487
12.73 862 11.77 787 10.81 712 9.88 640 8.86 561 7.88 486
12.72 861 11.76 786 10.80 711 9.87 639 8.84 560 7.87 485
12.71 860 11.75 785 10.79 710 9.86 638 8.83 559 7.85 484
12.69 859 11.73 784 10.77 709 9.84 637 8.82 558 7.84 483
12.68 858 11.72 783 10.76 708 9.83 636 8.80 557 7.83 482
12.67 857 11.71 782 10.75 707 9.82 635 8.79 556 7.81 481
12.65 856 11.70 781 10.73 706 9.80 634 8.78 555 7.80 480
12.64 855 11.68 780 10.72 705 9.79 633 8.76 554 7.79 479
12.63 854 11.67 779 10.71 704 9.78 632 8.75 553 7.77 478
12.62 853 11.66 778 10.69 703 9.76 631 8.74 552 7.76 477
12.61 852 11.65 777 10.68 702 9.74 629 8.73 551 7.75 476
12.59 851 11.63 776 10.67 701 9.72 628 8.72 550 7.73 475
12.58 850 11.62 775 10.65 700 9.70 626 8.70 549 7.72 474
12.57 849 11.61 774 10.63 698 9.69 625 8.69 548 7.71 473
12.55 848 11.60 773 10.61 697 9.68 624 8.68 547 7.69 472
12.54 847 11.58 772 10.59 695 9.66 623 8.66 546 7.68 471
12.53 846 11.57 771 10.58 694 9.65 622 8.65 545 7.67 470
12.52 845 11.56 770 10.57 693 9.64 621 8.64 544 7.65 469
12.50 844 11.54 769 10.55 692 9.62 620 8.62 543 7.64 468
12.49 843 11.53 768 10.54 691 9.61 619 8.61 542 7.63 467
12.48 842 11.52 767 10.53 690 9.60 618 8.60 541 7.62 466
12.46 841 11.50 766 10.51 689 9.58 617 8.58 540 7.60 465
12.45 840 11.49 765 10.50 688 9.57 616 8.57 539 7.59 464
12.44 839 11.48 764 10.49 687 9.56 615 8.56 538 7.58 463
12.42 838 11.46 763 10.47 686 9.54 614 8.54 537 7.56 462
12.40 836 11.44 761 10.46 685 9.52 612 8.53 536 7.55 461
12.38 835 11.42 760 10.45 684 9.50 611 8.52 535 7.54 460
12.36 833 11.40 758 10.44 683 9.48 609 8.50 534 7.52 459
12.35 832 11.39 757 10.43 682 9.47 608 8.49 533 7.51 458
12.34 831 11.38 756 10.41 681 9.46 607 8.48 532 7.50 457
12.32 830 11.36 755 10.40 680 9.44 606 8.47 531 7.48 456
12.31 829 11.35 754 10.39 679 9.43 605 8.45 530 7.47 455
12.30 828 11.34 753 10.37 678 9.42 604 8.44 529 7.46 454
12.28 827 11.32 752 10.36 677 9.40 603 8.43 528 7.44 453
12.27 826 11.31 751 10.35 676 9.39 602 8.41 527 7.43 452
12.26 825 11.30 750 10.33 675 9.38 601 8.40 526 7.42 451
12.24 824 11.28 749 10.32 674 9.36 600 8.39 525 7.40 450
12.22 822 11.26 747 10.31 673 9.35 599 8.37 524 7.38 448
12.21 821 11.25 746 10.29 672 9.34 598 8.36 523 7.36 447
12.20 820 11.24 745 10.28 671 9.32 597 8.35 522 7.34 445
12.18 819 11.22 744 10.27 670 9.30 595 8.33 521 7.32 444
12.17 818 11.21 743 10.26 669 9.28 594 8.32 520 7.31 443
12.16 817 11.20 742 10.24 668 9.26 592 8.31 519 7.30 442
12.14 816 11.18 741 10.23 667 9.24 591 8.29 518 7.29 441
12.13 815 11.17 740 10.22 666 9.22 589 8.28 517 7.27 440
12.12 814 11.16 739 10.20 665 9.21 588 8.27 516 7.26 439
12.11 813 11.14 738 10.19 664 9.20 587 8.25 515 7.25 438
12.09 812 11.13 737 10.18 663 9.18 586 8.23 513 7.23 437
7.22 436 6.21 360 5.24 287 4.24 213 3.23 140 2.22 68
7.21 435 6.20 359 5.22 286 4.22 212 3.22 139 2.20 67
7.19 434 6.19 358 5.20 284 4.21 211 3.21 138 2.19 66
7.18 433 6.18 357 5.18 283 4.20 210 3.19 137 2.18 65
7.17 432 6.16 356 5.16 281 4.18 209 3.18 136 2.16 64
7.15 431 6.15 355 5.14 280 4.17 208 3.16 135 2.15 63
7.14 430 6.14 354 5.13 279 4.15 207 3.15 134 2.13 62
7.13 429 6.12 353 5.12 278 4.14 206 3.14 133 2.11 61
7.11 428 6.10 352 5.10 277 4.13 205 3.12 132 2.10 60
7.10 427 6.08 350 5.09 276 4.11 204 3.11 131 2.09 59
7.09 426 6.07 349 5.08 275 4.09 202 3.10 130 2.07 58
7.07 425 6.06 348 5.07 274 4.07 201 3.08 129 2.06 57
7.06 424 6.04 347 5.05 273 4.06 200 3.07 128 2.04 56
7.05 423 6.03 346 5.03 272 4.05 199 3.05 127 2.03 55
7.03 422 6.02 345 5.01 270 4.03 198 3.04 126 2.01 54
7.01 420 6.00 344 4.99 269 4.02 197 3.03 125 2.00 53
6.99 419 5.99 343 4.97 267 4.00 196 3.01 124 1.99 52
6.97 417 5.98 342 4.96 266 3.98 194 3.00 123 1.97 51
6.95 416 5.96 341 4.94 265 3.96 193 2.98 122 1.96 50
6.93 414 5.95 340 4.93 264 3.95 192 2.97 121 1.94 49
6.92 413 5.93 339 4.92 263 3.94 191 2.96 120 1.93 48
6.91 412 5.92 338 4.90 262 3.92 190 2.94 119 1.91 47
6.89 411 5.91 337 4.89 261 3.91 189 2.92 118 1.89 46
6.88 410 5.89 336 4.88 260 3.89 188 2.91 117 1.87 44
6.87 409 5.88 335 4.86 259 3.87 186 2.90 116 1.85 43
6.85 408 5.87 334 4.85 258 3.85 185 2.89 115 1.84 42
6.84 407 5.85 333 4.84 257 3.84 184 2.87 114 1.82 41
6.82 406 5.84 332 4.82 256 3.83 183 2.85 113 1.81 40
6.81 405 5.83 331 4.81 255 3.81 182 2.83 111 1.79 39
6.80 404 5.81 330 4.80 254 3.80 181 2.81 110 1.78 38
6.78 403 5.79 328 4.78 253 3.78 180 2.80 109 1.77 37
6.77 402 5.77 327 4.77 252 3.77 179 2.78 108 1.75 36
6.76 401 5.76 326 4.75 251 3.76 178 2.76 106 1.74 35
6.74 400 5.75 325 4.74 250 3.74 177 2.74 105 1.72 34
6.73 399 5.73 324 4.73 249 3.73 176 2.73 104 1.70 33
6.72 398 5.72 323 4.71 248 3.72 175 2.71 103 1.69 32
6.70 397 5.71 322 4.70 247 3.70 174 2.70 102 1.67 31
6.69 396 5.70 321 4.69 246 3.69 173 2.69 101 1.66 30
6.68 395 5.68 320 4.67 245 3.67 172 2.67 100 1.64 29
6.66 394 5.67 319 4.66 244 3.66 171 2.66 99 1.63 28
6.64 392 5.66 318 4.65 243 3.65 170 2.64 98 1.62 27
6.62 391 5.64 317 4.63 242 3.63 169 2.63 97 1.60 26
6.60 389 5.62 316 4.62 241 3.62 168 2.62 96 1.59 25
6.58 388 5.60 314 4.60 240 3.61 167 2.60 95 1.57 24
6.56 386 5.59 313 4.59 239 3.59 166 2.59 94 1.56 23
6.55 385 5.58 312 4.58 238 3.58 165 2.57 93 1.54 22
6.53 384 5.56 311 4.56 237 3.56 164 2.56 92 1.52 21
6.52 383 5.55 310 4.55 236 3.55 163 2.55 91 1.51 20
6.51 382 5.54 309 4.54 235 3.54 162 2.53 90 1.49 19
6.49 381 5.52 308 4.52 234 3.52 161 2.52 89 1.48 18
6.48 380 5.51 307 4.51 233 3.51 160 2.50 88 1.46 17
6.47 379 5.49 306 4.50 232 3.50 159 2.49 87 1.45 16
6.45 378 5.48 305 4.48 231 3.48 158 2.48 86 1.43 15
6.44 377 5.47 304 4.47 230 3.47 157 2.46 85 1.41 14
6.43 376 5.45 303 4.46 229 3.45 156 2.44 84 1.39 12
6.41 375 5.44 302 4.44 228 3.44 155 2.43 83 1.37 11
6.40 374 5.43 301 4.43 227 3.43 154 2.42 82 1.36 10
6.39 373 5.41 300 4.41 226 3.41 153 2.41 81 1.34 9
6.37 372 5.40 299 4.40 225 3.40 152 2.39 80 1.33 8
6.36 371 5.39 298 4.39 224 3.39 151 2.37 79 1.30 7
6.35 370 5.37 297 4.37 223 3.37 150 2.36 78 1.29 6
6.33 369 5.36 296 4.36 222 3.36 149 2.34 77 1.27 5
6.32 368 5.35 295 4.35 221 3.34 148 2.33 76 1.26 4
6.31 367 5.33 294 4.33 220 3.33 147 2.32 75 1.24 3
6.29 366 5.32 293 4.32 219 3.32 146 2.30 74 1.22 2
6.28 365 5.31 292 4.30 218 3.30 145 2.29 73 1.21 1
6.27 364 5.29 291 4.29 217 3.29 144 2.27 72
6.25 363 5.28 290 4.28 216 3.28 143 2.26 71
6.24 362 5.26 289 4.26 215 3.26 142 2.25 70
6.23 361 5.25 288 4.25 214 3.25 141 2.23 69
