19.22 1350 18.25 1273 17.29 1198 16.30 1121 15.34 1046 14.35 969
19.21 1349 18.23 1272 17.27 1197 16.28 1120 15.32 1045 14.33 968
19.20 1348 18.22 1271 17.26 1196 16.26 1118 15.30 1043 14.32 967
19.18 1347 18.21 1270 17.25 1195 16.25 1117 15.28 1042 14.31 966
19.17 1346 18.19 1269 17.24 1194 16.24 1116 15.27 1041 14.30 965
19.16 1345 18.18 1268 17.22 1193 16.22 1115 15.26 1040 14.28 964
19.14 1344 18.17 1267 17.21 1192 16.21 1114 15.25 1039 14.27 963
19.12 1342 18.15 1266 17.20 1191 16.20 1113 15.23 1038 14.26 962
19.11 1341 18.14 1265 17.18 1190 16.19 1112 15.22 1037 14.24 961
19.10 1340 18.13 1264 17.17 1189 16.17 1111 15.21 1036 14.23 960
19.08 1339 18.12 1263 17.16 1188 16.16 1110 15.19 1035 14.22 959
19.07 1338 18.10 1262 17.15 1187 16.15 1109 15.17 1033 14.20 958
19.06 1337 18.09 1261 17.13 1186 16.13 1108 15.15 1032 14.19 957
19.05 1336 18.08 1260 17.12 1185 16.12 1107 15.13 1030 14.18 956
19.03 1335 18.06 1259 17.11 1184 16.11 1106 15.12 1029 14.16 955
19.02 1334 18.05 1258 17.09 1183 16.09 1105 15.11 1028 14.15 954
19.01 1333 18.04 1257 17.07 1181 16.08 1104 15.09 1027 14.14 953
18.99 1332 18.02 1256 17.05 1180 16.07 1103 15.08 1026 14.13 952
18.98 1331 18.01 1255 17.03 1178 16.06 1102 15.07 1025 14.11 951
18.97 1330 18.00 1254 17.02 1177 16.04 1101 15.06 1024 14.10 950
18.96 1329 17.99 1253 17.01 1176 16.03 1100 15.04 1023 14.09 949
18.94 1328 17.97 1252 16.99 1175 16.02 1099 15.03 1022 14.07 948
18.93 1327 17.95 1250 16.98 1174 16.00 1098 15.02 1021 14.05 946
18.92 1326 17.93 1249 16.97 1173 15.98 1096 15.00 1020 14.03 945
18.90 1325 17.91 1247 16.96 1172 15.96 1095 14.99 1019 14.01 943
18.88 1323 17.90 1246 16.94 1171 15.94 1093 14.98 1018 13.99 942
18.86 1322 17.89 1245 16.93 1170 15.93 1092 14.96 1017 13.97 940
18.84 1320 17.87 1244 16.92 1169 15.92 1091 14.95 1016 13.96 939
18.83 1319 17.86 1243 16.90 1168 15.90 1090 14.94 1015 13.95 938
18.82 1318 17.85 1242 16.89 1167 15.89 1089 14.92 1014 13.93 937
18.80 1317 17.84 1241 16.88 1166 15.88 1088 14.91 1013 13.92 936
18.79 1316 17.82 1240 16.86 1165 15.87 1087 14.90 1012 13.91 935
18.78 1315 17.81 1239 16.85 1164 15.85 1086 14.89 1011 13.90 934
18.77 1314 17.80 1238 16.84 1163 15.84 1085 14.87 1010 13.88 933
18.75 1313 17.78 1237 16.83 1162 15.83 1084 14.86 1009 13.86 932
18.74 1312 17.77 1236 16.81 1161 15.81 1083 14.85 1008 13.84 930
18.73 1311 17.76 1235 16.80 1160 15.80 1082 14.83 1007 13.82 929
18.71 1310 17.74 1234 16.79 1159 15.79 1081 14.81 1005 13.80 927
18.70 1309 17.73 1233 16.77 1158 15.77 1080 14.79 1004 13.79 926
18.69 1308 17.72 1232 16.75 1156 15.76 1079 14.77 1002 13.78 925
18.68 1307 17.71 1231 16.73 1155 15.75 1078 14.76 1001 13.76 924
18.66 1306 17.69 1230 16.71 1153 15.74 1077 14.75 1000 13.75 923
18.65 1305 17.68 1229 16.70 1152 15.72 1076 14.73 999 13.74 922
18.64 1304 17.67 1228 16.69 1151 15.71 1075 14.72 998 13.73 921
18.62 1303 17.65 1227 16.67 1150 15.70 1074 14.71 997 13.71 920
18.60 1301 17.63 1225 16.66 1149 15.68 1073 14.69 996 13.70 919
18.58 1300 17.62 1224 16.64 1148 15.66 1071 14.68 995 13.69 918
18.56 1298 17.61 1223 16.62 1146 15.64 1070 14.67 994 13.67 917
18.55 1297 17.59 1222 16.60 1145 15.62 1068 14.66 993 13.66 916
18.54 1296 17.58 1221 16.58 1143 15.61 1067 14.64 992 13.65 915
18.53 1295 17.57 1220 16.57 1142 15.60 1066 14.63 991 13.63 914
18.51 1294 17.56 1219 16.56 1141 15.58 1065 14.62 990 13.62 913
18.50 1293 17.54 1218 16.54 1140 15.57 1064 14.60 989 13.61 912
18.49 1292 17.53 1217 16.53 1139 15.56 1063 14.59 988 13.59 911
18.47 1291 17.52 1216 16.52 1138 15.55 1062 14.58 987 13.58 910
18.46 1290 17.50 1215 16.51 1137 15.53 1061 14.56 986 13.57 909
18.45 1289 17.49 1214 16.49 1136 15.52 1060 14.55 985 13.56 908
18.43 1288 17.48 1213 16.48 1135 15.51 1059 14.54 984 13.54 907
18.42 1287 17.46 1212 16.47 1134 15.49 1058 14.53 983 13.53 906
18.41 1286 17.45 1211 16.45 1133 15.48 1057 14.51 982 13.52 905
18.40 1285 17.44 1210 16.44 1132 15.47 1056 14.50 981 13.50 904
18.38 1284 17.43 1209 16.43 1131 15.45 1055 14.49 980 13.49 903
18.37 1283 17.41 1208 16.41 1130 15.44 1054 14.47 979 13.48 902
18.36 1282 17.40 1207 16.40 1129 15.43 1053 14.46 978 13.46 901
18.34 1281 17.39 1206 16.39 1128 15.41 1052 14.45 977 13.44 899
18.32 1279 17.37 1205 16.38 1127 15.40 1051 14.43 976 13.42 898
18.30 1278 17.35 1203 16.36 1126 15.39 1050 14.41 974 13.40 896
18.28 1276 17.33 1202 16.35 1125 15.38 1049 14.39 973 13.39 895
18.27 1275 17.31 1200 16.34 1124 15.36 1048 14.37 971 13.38 894
18.26 1274 17.30 1199 16.32 1123 15.35 1047 14.36 970 13.36 893
13.35 892 12.39 818 11.38 741 10.39 665 9.32 584 8.39 514
13.34 891 12.37 817 11.37 740 10.37 664 9.31 583 8.38 513
13.32 890 12.36 816 11.36 739 10.36 663 9.29 582 8.36 512
13.31 889 12.35 815 11.34 738 10.35 662 9.28 581 8.35 511
13.30 888 12.33 814 11.33 737 10.33 661 9.27 580 8.34 510
13.29 887 12.31 812 11.32 736 10.32 660 9.25 579 8.33 509
13.27 886 12.29 811 11.31 735 10.31 659 9.24 578 8.31 508
13.26 885 12.27 809 11.29 734 10.30 658 9.23 577 8.30 507
13.25 884 12.25 808 11.28 733 10.28 657 9.22 576 8.29 506
13.23 883 12.23 806 11.27 732 10.27 656 9.20 575 8.27 505
13.22 882 12.22 805 11.25 731 10.26 655 9.19 574 8.26 504
13.21 881 12.21 804 11.24 730 10.24 654 9.18 573 8.25 503
13.19 880 12.19 803 11.23 729 10.23 653 9.16 572 8.23 502
13.18 879 12.18 802 11.21 728 10.22 652 9.15 571 8.22 501
13.17 878 12.17 801 11.20 727 10.20 651 9.14 570 8.21 500
13.15 877 12.15 800 11.19 726 10.19 650 9.12 569 8.19 499
13.14 876 12.14 799 11.17 725 10.18 649 9.11 568 8.18 498
13.13 875 12.13 798 11.15 723 10.16 648 9.10 567 8.17 497
13.12 874 12.12 797 11.13 722 10.15 647 9.08 566 8.15 496
13.10 873 12.10 796 11.11 720 10.14 646 9.07 565 8.14 495
13.09 872 12.09 795 11.09 719 10.12 645 9.06 564 8.13 494
13.08 871 12.08 794 11.08 718 10.10 643 9.04 563 8.11 493
13.06 870 12.06 793 11.07 717 10.08 642 9.03 562 8.10 492
13.05 869 12.05 792 11.06 716 10.06 640 9.02 561 8.09 491
13.04 868 12.04 791 11.04 715 10.04 639 9.00 560 8.07 490
13.02 867 12.02 790 11.03 714 10.02 637 8.99 559 8.06 489
13.00 865 12.01 789 11.02 713 10.00 636 8.98 558 8.05 488
12.98 864 12.00 788 11.00 712 9.98 634 8.96 557 8.03 487
12.96 862 11.98 787 10.99 711 9.96 633 8.95 556 8.02 486
12.94 861 11.97 786 10.98 710 9.94 631 8.94 555 8.01 485
12.92 859 11.96 785 10.96 709 9.93 630 8.92 554 7.99 484
12.91 858 11.94 784 10.95 708 9.92 629 8.91 553 7.98 483
12.90 857 11.93 783 10.94 707 9.90 628 8.90 552 7.97 482
12.88 856 11.92 782 10.92 706 9.89 627 8.88 551 7.95 481
12.87 855 11.91 781 10.90 704 9.88 626 8.87 550 7.94 480
12.86 854 11.89 780 10.88 703 9.86 625 8.86 549 7.93 479
12.85 853 11.88 779 10.86 701 9.85 624 8.84 548 7.91 478
12.83 852 11.87 778 10.84 700 9.84 623 8.83 547 7.90 477
12.82 851 11.85 777 10.82 698 9.82 622 8.82 546 7.89 476
12.81 850 11.84 776 10.80 697 9.81 621 8.80 545 7.87 475
12.79 849 11.83 775 10.78 695 9.80 620 8.79 544 7.86 474
12.78 848 11.81 774 10.77 694 9.78 619 8.78 543 7.85 473
12.77 847 11.79 772 10.76 693 9.77 618 8.76 542 7.83 472
12.75 846 11.77 771 10.74 692 9.76 617 8.75 541 7.82 471
12.74 845 11.75 769 10.73 691 9.74 616 8.74 540 7.81 470
12.73 844 11.73 768 10.72 690 9.73 615 8.72 539 7.79 469
12.71 843 11.71 766 10.70 689 9.71 614 8.71 538 7.78 468
12.70 842 11.69 765 10.69 688 9.69 612 8.70 537 7.77 467
12.69 841 11.67 763 10.68 687 9.67 611 8.68 536 7.75 466
12.67 840 11.66 762 10.66 686 9.65 609 8.67 535 7.74 465
12.66 839 11.65 761 10.65 685 9.63 608 8.66 534 7.73 464
12.65 838 11.63 760 10.64 684 9.61 606 8.64 533 7.71 463
12.64 837 11.62 759 10.63 683 9.59 605 8.63 532 7.70 462
12.62 836 11.61 758 10.61 682 9.57 603 8.62 531 7.69 461
12.61 835 11.59 757 10.60 681 9.55 602 8.60 530 7.67 460
12.60 834 11.58 756 10.59 680 9.53 600 8.59 529 7.66 459
12.58 833 11.57 755 10.57 679 9.51 599 8.58 528 7.65 458
12.57 832 11.56 754 10.56 678 9.49 597 8.56 527 7.63 457
12.56 831 11.54 753 10.55 677 9.48 596 8.55 526 7.62 456
12.54 830 11.53 752 10.53 676 9.47 595 8.54 525 7.61 455
12.52 828 11.52 751 10.52 675 9.45 594 8.52 524 7.59 454
12.50 827 11.50 750 10.51 674 9.44 593 8.51 523 7.58 453
12.49 826 11.49 749 10.49 673 9.43 592 8.50 522 7.57 452
12.48 825 11.48 748 10.48 672 9.41 591 8.48 521 7.55 451
12.46 824 11.46 747 10.47 671 9.40 590 8.47 520 7.54 450
12.45 823 11.45 746 10.45 670 9.39 589 8.46 519 7.53 449
12.44 822 11.44 745 10.44 669 9.37 588 8.44 518 7.51 448
12.43 821 11.42 744 10.43 668 9.36 587 8.43 517 7.50 447
12.41 820 11.41 743 10.41 667 9.35 586 8.42 516 7.49 446
12.40 819 11.40 742 10.40 666 9.33 585 8.40 515 7.47 445
7.46 444 6.52 374 5.51 300 4.49 226 3.46 152 2.40 78
7.44 443 6.50 373 5.50 299 4.48 225 3.45 151 2.38 77
7.43 442 6.49 372 5.48 298 4.47 224 3.43 150 2.36 75
7.42 441 6.48 371 5.47 297 4.45 223 3.42 149 2.34 74
7.40 440 6.46 370 5.45 296 4.44 222 3.40 148 2.33 73
7.39 439 6.45 369 5.44 295 4.43 221 3.39 147 2.31 72
7.38 438 6.44 368 5.43 294 4.41 220 3.38 146 2.30 71
7.36 437 6.42 367 5.41 293 4.40 219 3.36 145 2.29 70
7.35 436 6.41 366 5.40 292 4.38 218 3.35 144 2.27 69
7.34 435 6.39 365 5.39 291 4.37 217 3.34 143 2.26 68
7.32 434 6.38 364 5.37 290 4.36 216 3.32 142 2.24 67
7.31 433 6.37 363 5.36 289 4.34 215 3.31 141 2.22 66
7.30 432 6.35 362 5.35 288 4.33 214 3.29 140 2.20 64
7.28 431 6.34 361 5.33 287 4.32 213 3.27 139 2.18 63
7.27 430 6.33 360 5.32 286 4.30 212 3.25 137 2.17 62
7.26 429 6.31 359 5.31 285 4.28 211 3.23 136 2.15 61
7.24 428 6.30 358 5.29 284 4.26 209 3.22 135 2.14 60
7.23 427 6.29 357 5.28 283 4.24 208 3.21 134 2.13 59
7.22 426 6.27 356 5.27 282 4.23 207 3.19 133 2.11 58
7.20 425 6.26 355 5.25 281 4.22 206 3.18 132 2.10 57
7.19 424 6.25 354 5.24 280 4.20 205 3.16 131 2.08 56
7.18 423 6.23 353 5.22 279 4.19 204 3.15 130 2.06 55
7.16 422 6.21 352 5.21 278 4.18 203 3.14 129 2.05 54
7.15 421 6.19 350 5.20 277 4.16 202 3.12 128 2.03 53
7.14 420 6.17 349 5.18 276 4.15 201 3.11 127 2.02 52
7.12 419 6.15 347 5.17 275 4.13 200 3.09 126 2.01 51
7.11 418 6.13 346 5.16 274 4.12 199 3.08 125 1.99 50
7.10 417 6.11 344 5.14 273 4.11 198 3.07 124 1.98 49
7.08 416 6.09 343 5.12 272 4.09 197 3.05 123 1.96 48
7.07 415 6.07 341 5.10 270 4.07 196 3.03 122 1.94 47
7.06 414 6.05 340 5.08 269 4.05 194 3.01 120 1.93 46
7.04 413 6.04 339 5.06 267 4.03 193 2.99 119 1.92 45
7.03 412 6.03 338 5.04 266 4.02 192 2.98 118 1.90 44
7.02 411 6.01 337 5.03 265 4.01 191 2.96 117 1.89 43
7.00 410 6.00 336 5.02 264 3.99 190 2.95 116 1.87 42
6.99 409 5.99 335 5.00 263 3.98 189 2.94 115 1.86 41
6.98 408 5.97 334 4.99 262 3.96 188 2.92 114 1.84 40
6.96 407 5.96 333 4.98 261 3.95 187 2.91 113 1.82 39
6.94 406 5.95 332 4.96 260 3.94 186 2.90 112 1.80 37
6.93 405 5.93 331 4.95 259 3.92 185 2.88 111 1.78 36
6.92 404 5.92 330 4.93 258 3.91 184 2.87 110 1.77 35
6.90 403 5.91 329 4.92 257 3.90 183 2.85 109 1.75 34
6.89 402 5.89 328 4.91 256 3.88 182 2.83 108 1.74 33
6.88 401 5.88 327 4.89 255 3.87 181 2.81 106 1.72 32
6.86 400 5.86 326 4.88 254 3.85 180 2.79 105 1.70 31
6.85 399 5.85 325 4.87 253 3.84 179 2.78 104 1.69 30
6.84 398 5.84 324 4.85 252 3.83 178 2.76 103 1.67 29
6.82 397 5.82 323 4.84 251 3.81 177 2.75 102 1.66 28
6.81 396 5.81 322 4.83 250 3.79 176 2.74 101 1.65 27
6.80 395 5.80 321 4.81 249 3.77 174 2.72 100 1.63 26
6.78 394 5.78 320 4.80 248 3.75 173 2.70 99 1.62 25
6.77 393 5.77 319 4.79 247 3.74 172 2.69 98 1.60 24
6.76 392 5.76 318 4.77 246 3.73 171 2.68 97 1.58 23
6.74 391 5.74 317 4.76 245 3.71 170 2.66 96 1.57 22
6.73 390 5.73 316 4.74 244 3.70 169 2.65 95 1.55 21
6.72 389 5.72 315 4.73 243 3.68 168 2.63 94 1.54 20
6.70 388 5.70 314 4.72 242 3.67 167 2.62 93 1.52 19
6.69 387 5.69 313 4.70 241 3.66 166 2.61 92 1.50 18
6.68 386 5.68 312 4.68 240 3.64 165 2.59 91 1.49 17
6.66 385 5.66 311 4.66 238 3.63 164 2.58 90 1.47 16
6.65 384 5.65 310 4.64 237 3.62 163 2.56 89 1.46 15
6.64 383 5.64 309 4.62 235 3.60 162 2.54 88 1.44 14
6.62 382 5.62 308 4.60 234 3.59 161 2.52 86 1.43 13
6.61 381 5.61 307 4.59 233 3.57 160 2.50 85 1.42 12
6.60 380 5.59 306 4.58 232 3.56 159 2.49 84 1.40 11
6.58 379 5.58 305 4.56 231 3.55 158 2.47 83 1.38 10
6.57 378 5.57 304 4.55 230 3.53 157 2.46 82 1.37 9
6.56 377 5.55 303 4.54 229 3.51 156 2.45 81 1.35 8
6.54 376 5.54 302 4.52 228 3.49 154 2.43 80 1.33 7
6.53 375 5.52 301 4.51 227 3.47 153 2.42 79 1.31 6
1.29 5 1.28 4 1.26 3 1.25 2 1.23 1
