17.62 1349 16.67 1267 15.74 1188 14.81 1109 13.90 1032 12.99 955
17.61 1348 16.65 1266 15.73 1187 14.80 1108 13.89 1031 12.98 954
17.60 1347 16.64 1265 15.72 1186 14.79 1107 13.88 1030 12.97 953
17.58 1346 16.63 1264 15.70 1185 14.78 1106 13.87 1029 12.96 952
17.56 1344 16.62 1263 15.68 1183 14.76 1105 13.86 1028 12.95 951
17.55 1343 16.61 1262 15.67 1182 14.75 1104 13.84 1027 12.93 950
17.54 1342 16.59 1261 15.66 1181 14.74 1103 13.82 1025 12.92 949
17.53 1341 16.58 1260 15.64 1180 14.73 1102 13.81 1024 12.91 948
17.52 1340 16.57 1259 15.62 1178 14.72 1101 13.80 1023 12.90 947
17.50 1339 16.56 1258 15.61 1177 14.70 1100 13.78 1022 12.89 946
17.48 1337 16.55 1257 15.60 1176 14.68 1098 13.76 1020 12.87 945
17.47 1336 16.53 1256 15.59 1175 14.67 1097 13.75 1019 12.85 943
17.46 1335 16.51 1254 15.58 1174 14.66 1096 13.74 1018 12.84 942
17.44 1334 16.50 1253 15.56 1173 14.64 1095 13.73 1017 12.83 941
17.42 1332 16.49 1252 15.54 1171 14.62 1093 13.72 1016 12.81 940
17.40 1330 16.48 1251 15.53 1170 14.60 1091 13.70 1015 12.79 938
17.39 1329 16.47 1250 15.52 1169 14.59 1090 13.69 1014 12.78 937
17.38 1328 16.45 1249 15.50 1168 14.58 1089 13.68 1013 12.77 936
17.36 1327 16.43 1247 15.48 1166 14.56 1088 13.67 1012 12.76 935
17.34 1325 16.42 1246 15.47 1165 14.54 1086 13.66 1011 12.75 934
17.33 1324 16.41 1245 15.46 1164 14.53 1085 13.65 1010 12.73 933
17.32 1323 16.39 1244 15.45 1163 14.52 1084 13.63 1009 12.72 932
17.30 1322 16.37 1242 15.44 1162 14.50 1083 13.62 1008 12.71 931
17.28 1320 16.36 1241 15.42 1161 14.48 1081 13.61 1007 12.70 930
17.26 1318 16.35 1240 15.41 1160 14.47 1080 13.60 1006 12.68 929
17.25 1317 16.33 1239 15.40 1159 14.46 1079 13.59 1005 12.67 928
17.24 1316 16.31 1237 15.39 1158 14.45 1078 13.57 1004 12.66 927
17.22 1315 16.29 1235 15.38 1157 14.44 1077 13.56 1003 12.65 926
17.20 1313 16.28 1234 15.36 1156 14.42 1076 13.55 1002 12.64 925
17.19 1312 16.27 1233 15.35 1155 14.41 1075 13.54 1001 12.62 924
17.18 1311 16.25 1232 15.34 1154 14.40 1074 13.53 1000 12.60 922
17.17 1310 16.23 1230 15.33 1153 14.39 1073 13.51 999 12.59 921
17.16 1309 16.22 1229 15.32 1152 14.38 1072 13.49 997 12.58 920
17.14 1308 16.21 1228 15.31 1151 14.37 1071 13.48 996 12.56 919
17.12 1306 16.20 1227 15.29 1150 14.35 1070 13.47 995 12.54 917
17.11 1305 16.19 1226 15.28 1149 14.34 1069 13.45 994 12.53 916
17.10 1304 16.17 1225 15.27 1148 14.33 1068 13.43 992 12.52 915
17.08 1303 16.15 1223 15.26 1147 14.32 1067 13.42 991 12.51 914
17.06 1301 16.14 1222 15.25 1146 14.31 1066 13.41 990 12.50 913
17.05 1300 16.13 1221 15.23 1145 14.29 1065 13.40 989 12.48 912
17.04 1299 16.11 1220 15.21 1143 14.28 1064 13.39 988 12.47 911
17.03 1298 16.09 1218 15.20 1142 14.27 1063 13.37 987 12.46 910
17.02 1297 16.08 1217 15.19 1141 14.26 1062 13.36 986 12.45 909
17.00 1296 16.07 1216 15.17 1140 14.25 1061 13.35 985 12.44 908
16.98 1294 16.06 1215 15.15 1138 14.23 1060 13.34 984 12.43 907
16.97 1293 16.05 1214 15.14 1137 14.21 1058 13.33 983 12.41 906
16.96 1292 16.03 1213 15.13 1136 14.20 1057 13.31 982 12.40 905
16.94 1291 16.02 1212 15.11 1135 14.19 1056 13.30 981 12.39 904
16.92 1289 16.01 1211 15.09 1133 14.17 1055 13.29 980 12.37 903
16.91 1288 16.00 1210 15.07 1131 14.15 1053 13.28 979 12.35 901
16.90 1287 15.99 1209 15.06 1130 14.14 1052 13.26 978 12.34 900
16.89 1286 15.97 1208 15.05 1129 14.13 1051 13.24 976 12.33 899
16.88 1285 15.96 1207 15.03 1128 14.12 1050 13.23 975 12.31 898
16.86 1284 15.95 1206 15.01 1126 14.11 1049 13.22 974 12.29 896
16.85 1283 15.94 1205 15.00 1125 14.09 1048 13.20 973 12.27 894
16.84 1282 15.93 1204 14.99 1124 14.08 1047 13.18 971 12.26 893
16.83 1281 15.92 1203 14.98 1123 14.07 1046 13.17 970 12.25 892
16.82 1280 15.90 1202 14.97 1122 14.06 1045 13.16 969 12.23 891
16.81 1279 15.89 1201 14.95 1121 14.05 1044 13.15 968 12.22 890
16.79 1278 15.88 1200 14.94 1120 14.03 1043 13.14 967 12.21 889
16.78 1277 15.87 1199 14.93 1119 14.02 1042 13.12 966 12.20 888
16.77 1276 15.86 1198 14.92 1118 14.01 1041 13.10 964 12.19 887
16.76 1275 15.84 1197 14.91 1117 14.00 1040 13.09 963 12.18 886
16.75 1274 15.82 1195 14.89 1116 13.99 1039 13.08 962 12.16 885
16.74 1273 15.81 1194 14.88 1115 13.98 1038 13.06 961 12.15 884
16.72 1272 15.80 1193 14.87 1114 13.96 1037 13.05 960 12.14 883
16.71 1271 15.79 1192 14.86 1113 13.95 1036 13.04 959 12.12 882
16.70 1270 15.78 1191 14.85 1112 13.94 1035 13.03 958 12.10 880
16.69 1269 15.76 1190 14.84 1111 13.93 1034 13.02 957 12.09 879
16.68 1268 15.75 1189 14.82 1110 13.92 1033 13.01 956 12.08 878
12.06 877 11.14 799 10.23 723 9.30 646 8.38 570 7.43 492
12.04 875 11.12 798 10.21 722 9.29 645 8.37 569 7.42 491
12.02 873 11.10 796 10.19 720 9.28 644 8.35 568 7.41 490
12.01 872 11.09 795 10.18 719 9.26 643 8.33 566 7.39 489
12.00 871 11.08 794 10.17 718 9.25 642 8.32 565 7.38 488
11.98 870 11.07 793 10.15 717 9.24 641 8.31 564 7.37 487
11.97 869 11.05 792 10.13 715 9.23 640 8.29 563 7.35 486
11.96 868 11.04 791 10.12 714 9.21 639 8.28 562 7.33 484
11.95 867 11.03 790 10.11 713 9.19 637 8.27 561 7.32 483
11.94 866 11.02 789 10.10 712 9.18 636 8.26 560 7.31 482
11.93 865 11.01 788 10.08 711 9.17 635 8.24 559 7.30 481
11.91 864 10.99 787 10.07 710 9.15 634 8.22 557 7.28 480
11.90 863 10.98 786 10.06 709 9.14 633 8.21 556 7.27 479
11.89 862 10.97 785 10.04 708 9.13 632 8.20 555 7.26 478
11.87 861 10.96 784 10.02 706 9.12 631 8.18 554 7.24 477
11.85 859 10.95 783 10.01 705 9.11 630 8.17 553 7.22 475
11.84 858 10.93 782 10.00 704 9.10 629 8.16 552 7.21 474
11.83 857 10.91 780 9.99 703 9.08 628 8.15 551 7.20 473
11.82 856 10.90 779 9.98 702 9.07 627 8.14 550 7.19 472
11.81 855 10.89 778 9.96 701 9.06 626 8.13 549 7.17 471
11.79 854 10.87 777 9.95 700 9.04 625 8.11 548 7.16 470
11.77 852 10.86 776 9.94 699 9.02 623 8.10 547 7.15 469
11.76 851 10.85 775 9.93 698 9.01 622 8.09 546 7.13 468
11.75 850 10.84 774 9.91 697 9.00 621 8.07 545 7.11 466
11.73 849 10.83 773 9.90 696 8.99 620 8.05 543 7.10 465
11.72 848 10.82 772 9.89 695 8.97 619 8.04 542 7.09 464
11.71 847 10.80 771 9.88 694 8.96 618 8.03 541 7.07 463
11.70 846 10.79 770 9.87 693 8.95 617 8.02 540 7.06 462
11.69 845 10.78 769 9.85 692 8.93 616 8.00 539 7.05 461
11.68 844 10.76 768 9.83 690 8.91 614 7.99 538 7.04 460
11.66 843 10.74 766 9.82 689 8.90 613 7.98 537 7.02 459
11.65 842 10.73 765 9.81 688 8.89 612 7.96 536 7.00 457
11.64 841 10.72 764 9.79 687 8.88 611 7.94 534 6.99 456
11.62 840 10.71 763 9.78 686 8.87 610 7.93 533 6.98 455
11.60 838 10.70 762 9.77 685 8.85 609 7.92 532 6.96 454
11.59 837 10.68 761 9.76 684 8.84 608 7.91 531 6.95 453
11.58 836 10.67 760 9.75 683 8.83 607 7.89 530 6.94 452
11.57 835 10.66 759 9.74 682 8.82 606 7.88 529 6.93 451
11.56 834 10.65 758 9.72 681 8.80 605 7.87 528 6.91 450
11.54 833 10.63 757 9.71 680 8.79 604 7.85 527 6.89 448
11.53 832 10.62 756 9.70 679 8.78 603 7.83 525 6.88 447
11.52 831 10.61 755 9.68 678 8.77 602 7.82 524 6.87 446
11.51 830 10.60 754 9.66 676 8.76 601 7.81 523 6.85 445
11.50 829 10.59 753 9.65 675 8.74 600 7.80 522 6.84 444
11.48 828 10.57 752 9.64 674 8.73 599 7.78 521 6.83 443
11.47 827 10.55 750 9.63 673 8.72 598 7.77 520 6.82 442
11.46 826 10.54 749 9.61 672 8.71 597 7.76 519 6.80 441
11.45 825 10.53 748 9.60 671 8.70 596 7.74 518 6.79 440
11.43 824 10.51 747 9.59 670 8.68 595 7.72 516 6.78 439
11.41 822 10.49 745 9.58 669 8.67 594 7.71 515 6.77 438
11.40 821 10.48 744 9.57 668 8.66 593 7.70 514 6.75 437
11.39 820 10.47 743 9.55 667 8.65 592 7.68 513 6.74 436
11.37 819 10.46 742 9.54 666 8.63 591 7.67 512 6.73 435
11.35 817 10.44 741 9.53 665 8.61 589 7.66 511 6.71 434
11.34 816 10.43 740 9.51 664 8.60 588 7.65 510 6.69 432
11.33 815 10.42 739 9.49 662 8.59 587 7.64 509 6.68 431
11.32 814 10.40 738 9.48 661 8.57 586 7.63 508 6.67 430
11.31 813 10.38 736 9.47 660 8.56 585 7.61 507 6.66 429
11.29 812 10.37 735 9.46 659 8.55 584 7.60 506 6.64 428
11.28 811 10.36 734 9.45 658 8.54 583 7.59 505 6.63 427
11.27 810 10.35 733 9.43 657 8.52 582 7.57 504 6.62 426
11.26 809 10.34 732 9.42 656 8.50 580 7.55 502 6.60 425
11.24 808 10.32 731 9.41 655 8.49 579 7.54 501 6.58 423
11.23 807 10.31 730 9.40 654 8.48 578 7.53 500 6.57 422
11.22 806 10.30 729 9.38 653 8.46 577 7.52 499 6.56 421
11.21 805 10.29 728 9.36 651 8.44 575 7.50 498 6.55 420
11.20 804 10.27 727 9.35 650 8.43 574 7.49 497 6.53 419
11.18 803 10.26 726 9.34 649 8.42 573 7.48 496 6.52 418
11.16 801 10.25 725 9.32 648 8.41 572 7.46 495 6.51 417
11.15 800 10.24 724 9.31 647 8.39 571 7.44 493 6.49 416
6.47 414 5.61 344 4.73 274 3.87 206 2.97 136 2.06 67
6.46 413 5.59 343 4.72 273 3.86 205 2.95 135 2.04 66
6.45 412 5.58 342 4.70 272 3.84 204 2.94 134 2.03 65
6.44 411 5.57 341 4.69 271 3.83 203 2.93 133 2.02 64
6.42 410 5.55 340 4.68 270 3.82 202 2.92 132 2.00 63
6.41 409 5.54 339 4.66 269 3.80 201 2.90 131 1.99 62
6.40 408 5.53 338 4.64 267 3.79 200 2.89 130 1.97 61
6.38 407 5.52 337 4.63 266 3.78 199 2.88 129 1.96 60
6.37 406 5.50 336 4.61 265 3.77 198 2.86 128 1.95 59
6.36 405 5.49 335 4.59 263 3.75 197 2.85 127 1.94 58
6.35 404 5.48 334 4.58 262 3.74 196 2.83 126 1.92 57
6.33 403 5.47 333 4.57 261 3.73 195 2.81 124 1.91 56
6.31 401 5.46 332 4.55 260 3.72 194 2.80 123 1.89 55
6.30 400 5.44 331 4.54 259 3.70 193 2.78 122 1.88 54
6.29 399 5.43 330 4.52 258 3.69 192 2.76 120 1.86 53
6.27 398 5.42 329 4.50 256 3.68 191 2.75 119 1.84 51
6.26 397 5.41 328 4.49 255 3.66 190 2.73 118 1.83 50
6.25 396 5.39 327 4.48 254 3.65 189 2.72 117 1.81 49
6.24 395 5.38 326 4.47 253 3.64 188 2.71 116 1.80 48
6.22 394 5.37 325 4.45 252 3.63 187 2.69 115 1.78 47
6.20 392 5.36 324 4.44 251 3.61 186 2.68 114 1.77 46
6.19 391 5.34 323 4.43 250 3.60 185 2.67 113 1.76 45
6.18 390 5.33 322 4.41 249 3.58 184 2.66 112 1.75 44
6.16 389 5.32 321 4.40 248 3.56 182 2.64 111 1.73 43
6.15 388 5.30 320 4.39 247 3.55 181 2.63 110 1.72 42
6.14 387 5.28 318 4.38 246 3.53 180 2.61 109 1.70 41
6.13 386 5.27 317 4.36 245 3.51 178 2.60 108 1.69 40
6.11 385 5.25 316 4.35 244 3.50 177 2.59 107 1.67 39
6.10 384 5.24 315 4.34 243 3.48 176 2.58 106 1.65 37
6.09 383 5.23 314 4.33 242 3.47 175 2.56 105 1.64 36
6.08 382 5.22 313 4.31 241 3.46 174 2.55 104 1.62 35
6.06 381 5.21 312 4.30 240 3.44 173 2.53 103 1.61 34
6.05 380 5.19 311 4.29 239 3.43 172 2.51 101 1.59 33
6.04 379 5.18 310 4.27 238 3.42 171 2.50 100 1.58 32
6.02 378 5.17 309 4.26 237 3.41 170 2.48 99 1.56 31
6.00 376 5.16 308 4.25 236 3.39 169 2.47 98 1.55 30
5.99 375 5.14 307 4.24 235 3.38 168 2.46 97 1.53 29
5.98 374 5.13 306 4.22 234 3.37 167 2.44 96 1.51 27
5.97 373 5.12 305 4.21 233 3.36 166 2.43 95 1.50 26
5.95 372 5.11 304 4.20 232 3.34 165 2.42 94 1.48 25
5.94 371 5.09 303 4.19 231 3.33 164 2.40 93 1.47 24
5.93 370 5.08 302 4.17 230 3.32 163 2.39 92 1.45 23
5.91 369 5.07 301 4.16 229 3.30 162 2.38 91 1.44 22
5.89 367 5.05 300 4.15 228 3.29 161 2.36 90 1.42 21
5.88 366 5.03 298 4.14 227 3.28 160 2.35 89 1.41 20
5.86 365 5.02 297 4.12 226 3.27 159 2.33 88 1.39 19
5.85 364 5.00 296 4.11 225 3.25 158 2.31 86 1.38 18
5.84 363 4.98 294 4.10 224 3.24 157 2.30 85 1.36 17
5.83 362 4.97 293 4.08 223 3.22 156 2.28 84 1.35 16
5.82 361 4.96 292 4.07 222 3.20 154 2.27 83 1.34 15
5.80 360 4.94 291 4.06 221 3.19 153 2.26 82 1.32 14
5.79 359 4.93 290 4.05 220 3.17 152 2.25 81 1.31 13
5.78 358 4.91 289 4.03 219 3.15 150 2.23 80 1.30 12
5.77 357 4.89 287 4.02 218 3.14 149 2.22 79 1.28 11
5.75 356 4.88 286 4.01 217 3.12 148 2.20 78 1.27 10
5.74 355 4.87 285 4.00 216 3.11 147 2.19 77 1.25 9
5.73 354 4.86 284 3.98 215 3.10 146 2.18 76 1.24 8
5.72 353 4.84 283 3.97 214 3.08 145 2.17 75 1.22 7
5.70 352 4.83 282 3.96 213 3.07 144 2.15 74 1.20 6
5.69 351 4.82 281 3.94 212 3.06 143 2.14 73 1.19 5
5.68 350 4.80 280 3.93 211 3.05 142 2.12 72 1.17 4
5.66 349 4.79 279 3.92 210 3.03 141 2.11 71 1.16 3
5.64 347 4.78 278 3.91 209 3.02 140 2.10 70 1.14 2
5.63 346 4.77 277 3.89 208 3.00 139 2.08 69 1.13 1
5.62 345 4.75 276 3.88 207 2.98 137 2.07 68
