17.81 1350 16.99 1280 16.16 1210 15.22 1131 14.31 1054 13.39 977
17.80 1349 16.97 1279 16.15 1209 15.21 1130 14.29 1053 13.37 976
17.79 1348 16.96 1278 16.14 1208 15.20 1129 14.28 1052 13.35 974
17.78 1347 16.95 1277 16.12 1207 15.19 1128 14.27 1051 13.34 973
17.76 1346 16.94 1276 16.11 1206 15.18 1127 14.26 1050 13.33 972
17.75 1345 16.93 1275 16.10 1205 15.16 1126 14.25 1049 13.32 971
17.74 1344 16.92 1274 16.09 1204 15.15 1125 14.24 1048 13.31 970
17.73 1343 16.91 1273 16.08 1203 15.14 1124 14.22 1047 13.29 969
17.72 1342 16.89 1272 16.06 1202 15.13 1123 14.21 1046 13.28 968
17.71 1341 16.88 1271 16.05 1201 15.12 1122 14.20 1045 13.27 967
17.69 1340 16.87 1270 16.04 1200 15.10 1121 14.19 1044 13.26 966
17.68 1339 16.86 1269 16.03 1199 15.09 1120 14.18 1043 13.25 965
17.67 1338 16.85 1268 16.02 1198 15.08 1119 14.16 1042 13.23 964
17.66 1337 16.83 1267 16.00 1197 15.07 1118 14.15 1041 13.22 963
17.65 1336 16.82 1266 15.99 1196 15.06 1117 14.14 1040 13.21 962
17.64 1335 16.81 1265 15.98 1195 15.04 1116 14.13 1039 13.20 961
17.62 1334 16.80 1264 15.97 1194 15.03 1115 14.12 1038 13.18 960
17.61 1333 16.79 1263 15.96 1193 15.02 1114 14.10 1037 13.17 959
17.60 1332 16.77 1262 15.95 1192 15.01 1113 14.09 1036 13.16 958
17.59 1331 16.76 1261 15.94 1191 15.00 1112 14.08 1035 13.15 957
17.58 1330 16.75 1260 15.92 1190 14.99 1111 14.07 1034 13.14 956
17.57 1329 16.74 1259 15.91 1189 14.97 1110 14.06 1033 13.12 955
17.55 1328 16.73 1258 15.90 1188 14.96 1109 14.04 1032 13.11 954
17.54 1327 16.71 1257 15.89 1187 14.95 1108 14.02 1030 13.10 953
17.53 1326 16.70 1256 15.88 1186 14.94 1107 14.01 1029 13.09 952
17.52 1325 16.69 1255 15.86 1185 14.93 1106 14.00 1028 13.08 951
17.51 1324 16.68 1254 15.85 1184 14.91 1105 13.98 1027 13.06 950
17.49 1323 16.67 1253 15.84 1183 14.90 1104 13.96 1025 13.04 948
17.48 1322 16.66 1252 15.83 1182 14.89 1103 13.95 1024 13.03 947
17.47 1321 16.65 1251 15.82 1181 14.88 1102 13.94 1023 13.02 946
17.46 1320 16.63 1250 15.80 1180 14.87 1101 13.92 1022 13.00 945
17.45 1319 16.62 1249 15.79 1179 14.85 1100 13.90 1020 12.98 943
17.44 1318 16.61 1248 15.78 1178 14.84 1099 13.89 1019 12.97 942
17.42 1317 16.60 1247 15.77 1177 14.83 1098 13.88 1018 12.96 941
17.41 1316 16.59 1246 15.76 1176 14.82 1097 13.86 1017 12.94 940
17.40 1315 16.57 1245 15.74 1175 14.81 1096 13.84 1015 12.92 938
17.39 1314 16.56 1244 15.72 1173 14.79 1095 13.83 1014 12.91 937
17.38 1313 16.55 1243 15.71 1172 14.78 1094 13.82 1013 12.90 936
17.37 1312 16.54 1242 15.70 1171 14.77 1093 13.81 1012 12.88 935
17.35 1311 16.53 1241 15.68 1170 14.76 1092 13.80 1011 12.86 933
17.34 1310 16.51 1240 15.66 1168 14.75 1091 13.78 1010 12.85 932
17.33 1309 16.50 1239 15.65 1167 14.73 1090 13.77 1009 12.84 931
17.32 1308 16.49 1238 15.64 1166 14.71 1088 13.76 1008 12.83 930
17.31 1307 16.48 1237 15.62 1165 14.70 1087 13.75 1007 12.81 929
17.29 1306 16.47 1236 15.60 1163 14.69 1086 13.74 1006 12.80 928
17.28 1305 16.46 1235 15.59 1162 14.67 1085 13.72 1005 12.79 927
17.27 1304 16.44 1234 15.58 1161 14.65 1083 13.71 1004 12.78 926
17.26 1303 16.43 1233 15.56 1160 14.64 1082 13.70 1003 12.77 925
17.25 1302 16.42 1232 15.54 1158 14.63 1081 13.69 1002 12.75 924
17.23 1301 16.41 1231 15.53 1157 14.61 1080 13.68 1001 12.74 923
17.22 1300 16.40 1230 15.52 1156 14.59 1078 13.66 1000 12.73 922
17.21 1299 16.38 1229 15.50 1155 14.58 1077 13.65 999 12.72 921
17.20 1298 16.37 1228 15.48 1153 14.57 1076 13.64 998 12.71 920
17.19 1297 16.36 1227 15.46 1151 14.55 1075 13.63 997 12.69 919
17.18 1296 16.35 1226 15.45 1150 14.53 1073 13.61 996 12.68 918
17.17 1295 16.34 1225 15.44 1149 14.51 1071 13.60 995 12.67 917
17.15 1294 16.33 1224 15.42 1148 14.50 1070 13.59 994 12.65 916
17.14 1293 16.31 1223 15.40 1146 14.49 1069 13.58 993 12.63 914
17.13 1292 16.30 1222 15.39 1145 14.47 1068 13.57 992 12.62 913
17.12 1291 16.29 1221 15.38 1144 14.45 1066 13.55 991 12.61 912
17.11 1290 16.28 1220 15.36 1143 14.44 1065 13.53 989 12.60 911
17.09 1289 16.27 1219 15.34 1141 14.43 1064 13.52 988 12.59 910
17.08 1288 16.25 1218 15.33 1140 14.41 1063 13.51 987 12.57 909
17.07 1287 16.24 1217 15.32 1139 14.39 1061 13.49 986 12.55 907
17.06 1286 16.23 1216 15.30 1138 14.38 1060 13.47 984 12.54 906
17.05 1285 16.22 1215 15.28 1136 14.37 1059 13.46 983 12.53 905
17.03 1284 16.21 1214 15.27 1135 14.35 1058 13.45 982 12.51 904
17.02 1283 16.20 1213 15.26 1134 14.34 1057 13.43 981 12.50 903
17.01 1282 16.18 1212 15.25 1133 14.33 1056 13.41 979 12.49 902
17.00 1281 16.17 1211 15.24 1132 14.32 1055 13.40 978 12.48 901
12.47 900 11.52 821 10.58 744 9.68 669 8.71 590 7.78 515
12.45 899 11.50 820 10.56 742 9.66 668 8.70 589 7.76 513
12.44 898 11.49 819 10.55 741 9.65 667 8.68 588 7.75 512
12.43 897 11.48 818 10.54 740 9.64 666 8.66 586 7.74 511
12.42 896 11.47 817 10.52 739 9.63 665 8.65 585 7.73 510
12.41 895 11.45 816 10.51 738 9.61 664 8.64 584 7.72 509
12.39 894 11.44 815 10.50 737 9.60 663 8.62 583 7.70 508
12.38 893 11.43 814 10.49 736 9.59 662 8.61 582 7.69 507
12.37 892 11.42 813 10.48 735 9.57 661 8.60 581 7.68 506
12.36 891 11.41 812 10.46 734 9.55 659 8.59 580 7.67 505
12.34 890 11.39 811 10.45 733 9.54 658 8.57 579 7.65 504
12.32 888 11.37 809 10.44 732 9.53 657 8.56 578 7.64 503
12.31 887 11.36 808 10.43 731 9.51 656 8.55 577 7.63 502
12.30 886 11.35 807 10.41 730 9.49 654 8.54 576 7.61 501
12.28 885 11.33 806 10.39 728 9.48 653 8.53 575 7.59 499
12.26 883 11.31 804 10.38 727 9.47 652 8.51 574 7.58 498
12.25 882 11.30 803 10.37 726 9.45 651 8.50 573 7.57 497
12.24 881 11.29 802 10.35 725 9.44 650 8.49 572 7.55 496
12.22 880 11.27 801 10.33 723 9.43 649 8.48 571 7.54 495
12.20 878 11.26 800 10.32 722 9.42 648 8.47 570 7.53 494
12.19 877 11.25 799 10.31 721 9.40 647 8.45 569 7.52 493
12.18 876 11.24 798 10.29 720 9.38 645 8.44 568 7.50 492
12.16 875 11.23 797 10.28 719 9.37 644 8.43 567 7.48 490
12.14 873 11.21 796 10.27 718 9.36 643 8.42 566 7.47 489
12.13 872 11.20 795 10.26 717 9.34 642 8.40 565 7.46 488
12.12 871 11.19 794 10.25 716 9.32 640 8.39 564 7.44 487
12.11 870 11.18 793 10.23 715 9.31 639 8.38 563 7.43 486
12.09 869 11.16 792 10.22 714 9.30 638 8.36 562 7.42 485
12.08 868 11.15 791 10.21 713 9.28 637 8.34 560 7.41 484
12.07 867 11.14 790 10.20 712 9.27 636 8.33 559 7.39 483
12.06 866 11.13 789 10.18 711 9.26 635 8.32 558 7.38 482
12.05 865 11.12 788 10.17 710 9.25 634 8.30 557 7.37 481
12.03 864 11.10 787 10.16 709 9.23 633 8.29 556 7.35 480
12.02 863 11.08 785 10.15 708 9.22 632 8.28 555 7.33 478
12.01 862 11.07 784 10.14 707 9.21 631 8.27 554 7.32 477
11.99 861 11.06 783 10.12 706 9.20 630 8.25 553 7.31 476
11.97 859 11.04 782 10.10 704 9.19 629 8.24 552 7.29 475
11.96 858 11.02 780 10.09 703 9.17 628 8.23 551 7.28 474
11.95 857 11.01 779 10.08 702 9.15 626 8.22 550 7.27 473
11.93 856 11.00 778 10.06 701 9.14 625 8.21 549 7.26 472
11.91 854 10.98 777 10.05 700 9.13 624 8.19 548 7.24 471
11.90 853 10.97 776 10.04 699 9.11 623 8.17 546 7.22 469
11.89 852 10.96 775 10.03 698 9.10 622 8.16 545 7.21 468
11.87 851 10.95 774 10.01 697 9.09 621 8.15 544 7.20 467
11.85 849 10.94 773 10.00 696 9.08 620 8.13 543 7.18 466
11.84 848 10.92 772 9.99 695 9.06 619 8.12 542 7.17 465
11.83 847 10.91 771 9.98 694 9.05 618 8.11 541 7.16 464
11.82 846 10.90 770 9.97 693 9.04 617 8.10 540 7.15 463
11.81 845 10.89 769 9.95 692 9.02 616 8.08 539 7.13 462
11.79 844 10.87 768 9.94 691 9.00 614 8.07 538 7.12 461
11.78 843 10.85 766 9.93 690 8.99 613 8.06 537 7.11 460
11.77 842 10.84 765 9.92 689 8.98 612 8.04 536 7.09 459
11.76 841 10.83 764 9.91 688 8.96 611 8.02 534 7.07 457
11.74 840 10.81 763 9.89 687 8.94 609 8.01 533 7.06 456
11.73 839 10.79 761 9.88 686 8.93 608 8.00 532 7.05 455
11.72 838 10.78 760 9.87 685 8.92 607 7.99 531 7.03 454
11.71 837 10.77 759 9.86 684 8.91 606 7.97 530 7.02 453
11.70 836 10.75 758 9.85 683 8.89 605 7.96 529 7.01 452
11.68 835 10.74 757 9.83 682 8.88 604 7.95 528 7.00 451
11.67 834 10.73 756 9.82 681 8.87 603 7.93 527 6.98 450
11.66 833 10.72 755 9.81 680 8.85 602 7.91 525 6.96 448
11.64 832 10.71 754 9.80 679 8.83 600 7.90 524 6.95 447
11.62 830 10.69 753 9.78 678 8.82 599 7.89 523 6.94 446
11.60 828 10.68 752 9.77 677 8.81 598 7.87 522 6.92 445
11.59 827 10.67 751 9.76 676 8.79 597 7.86 521 6.91 444
11.58 826 10.66 750 9.74 675 8.77 595 7.85 520 6.89 443
11.56 825 10.64 749 9.72 673 8.76 594 7.84 519 6.87 441
11.55 824 10.62 747 9.71 672 8.75 593 7.82 518 6.86 440
11.54 823 10.61 746 9.70 671 8.73 592 7.81 517 6.85 439
11.53 822 10.60 745 9.69 670 8.72 591 7.80 516 6.83 438
6.82 437 5.88 362 4.92 285 3.98 212 3.03 139 2.06 66
6.81 436 5.86 360 4.90 284 3.97 211 3.01 137 2.05 65
6.80 435 5.85 359 4.89 283 3.96 210 3.00 136 2.04 64
6.78 434 5.84 358 4.88 282 3.95 209 2.98 135 2.02 63
6.76 432 5.82 357 4.87 281 3.93 208 2.97 134 2.01 62
6.75 431 5.81 356 4.85 280 3.92 207 2.96 133 1.99 61
6.74 430 5.80 355 4.84 279 3.91 206 2.94 132 1.98 60
6.72 429 5.79 354 4.83 278 3.89 205 2.93 131 1.97 59
6.71 428 5.77 353 4.82 277 3.88 204 2.92 130 1.96 58
6.70 427 5.76 352 4.80 276 3.87 203 2.91 129 1.94 57
6.69 426 5.75 351 4.79 275 3.86 202 2.89 128 1.93 56
6.67 425 5.74 350 4.78 274 3.84 201 2.88 127 1.91 55
6.66 424 5.72 349 4.76 273 3.83 200 2.86 126 1.90 54
6.65 423 5.71 348 4.75 272 3.82 199 2.84 124 1.88 53
6.63 422 5.70 347 4.74 271 3.81 198 2.83 123 1.86 51
6.61 420 5.68 346 4.73 270 3.79 197 2.81 122 1.85 50
6.60 419 5.66 344 4.71 269 3.78 196 2.80 121 1.83 49
6.59 418 5.65 343 4.70 268 3.77 195 2.79 120 1.82 48
6.57 417 5.64 342 4.69 267 3.75 194 2.77 119 1.80 47
6.56 416 5.62 341 4.67 266 3.74 193 2.76 118 1.79 46
6.55 415 5.61 340 4.66 265 3.72 192 2.74 117 1.78 45
6.54 414 5.59 339 4.65 264 3.70 190 2.72 115 1.76 44
6.52 413 5.57 337 4.64 263 3.69 189 2.71 114 1.75 43
6.50 411 5.56 336 4.62 262 3.67 188 2.69 113 1.73 42
6.49 410 5.55 335 4.61 261 3.66 187 2.68 112 1.72 41
6.48 409 5.54 334 4.60 260 3.65 186 2.67 111 1.70 40
6.46 408 5.52 333 4.59 259 3.64 185 2.66 110 1.69 39
6.45 407 5.51 332 4.57 258 3.62 184 2.64 109 1.68 38
6.43 406 5.50 331 4.56 257 3.61 183 2.63 108 1.67 37
6.41 404 5.48 330 4.55 256 3.60 182 2.62 107 1.65 36
6.40 403 5.46 328 4.53 255 3.58 181 2.60 106 1.64 35
6.39 402 5.45 327 4.51 253 3.57 180 2.59 105 1.62 34
6.37 401 5.43 326 4.50 252 3.56 179 2.57 104 1.61 33
6.36 400 5.42 325 4.48 251 3.55 178 2.56 103 1.59 32
6.35 399 5.41 324 4.47 250 3.53 177 2.55 102 1.58 31
6.34 398 5.39 323 4.46 249 3.52 176 2.54 101 1.56 30
6.32 397 5.37 321 4.44 248 3.51 175 2.52 100 1.55 29
6.31 396 5.36 320 4.42 246 3.49 174 2.51 99 1.54 28
6.30 395 5.35 319 4.41 245 3.48 173 2.49 98 1.53 27
6.29 394 5.33 318 4.39 244 3.46 172 2.48 97 1.51 26
6.28 393 5.32 317 4.38 243 3.44 170 2.47 96 1.50 25
6.26 392 5.31 316 4.37 242 3.43 169 2.45 95 1.48 24
6.25 391 5.30 315 4.36 241 3.41 168 2.44 94 1.47 23
6.24 390 5.28 314 4.34 240 3.40 167 2.43 93 1.45 22
6.23 389 5.27 313 4.33 239 3.39 166 2.42 92 1.44 21
6.21 388 5.26 312 4.32 238 3.38 165 2.40 91 1.42 20
6.20 387 5.25 311 4.30 237 3.36 164 2.39 90 1.41 19
6.19 386 5.23 310 4.28 235 3.35 163 2.37 89 1.39 18
6.17 385 5.22 309 4.27 234 3.34 162 2.36 88 1.38 17
6.16 384 5.21 308 4.25 233 3.32 161 2.35 87 1.36 16
6.15 383 5.19 307 4.24 232 3.31 160 2.34 86 1.35 15
6.14 382 5.18 306 4.23 231 3.30 159 2.32 85 1.33 14
6.12 381 5.17 305 4.21 230 3.29 158 2.31 84 1.31 12
6.11 380 5.16 304 4.19 228 3.27 157 2.29 83 1.30 11
6.10 379 5.14 303 4.18 227 3.26 156 2.28 82 1.28 10
6.08 378 5.13 302 4.16 226 3.25 155 2.27 81 1.27 9
6.06 376 5.12 301 4.15 225 3.23 154 2.25 80 1.25 8
6.05 375 5.10 300 4.14 224 3.22 153 2.24 79 1.23 7
6.04 374 5.08 298 4.12 223 3.20 152 2.22 78 1.22 6
6.03 373 5.07 297 4.11 222 3.18 150 2.21 77 1.20 5
6.01 372 5.05 296 4.10 221 3.17 149 2.20 76 1.19 4
6.00 371 5.03 294 4.09 220 3.15 148 2.19 75 1.17 3
5.99 370 5.02 293 4.07 219 3.13 146 2.17 74 1.16 2
5.97 369 5.01 292 4.06 218 3.12 145 2.16 73 1.14 1
5.95 367 4.99 291 4.05 217 3.10 144 2.14 72
5.94 366 4.98 290 4.04 216 3.09 143 2.12 70
5.92 365 4.96 289 4.02 215 3.08 142 2.11 69
5.91 364 4.94 287 4.01 214 3.06 141 2.09 68
5.90 363 4.93 286 4.00 213 3.05 140 2.08 67
