16.21 1349 15.33 1267 14.50 1190 13.62 1108 12.76 1029 11.87 947
16.19 1347 15.32 1266 14.49 1189 13.61 1107 12.75 1028 11.86 946
16.18 1346 15.31 1265 14.48 1188 13.60 1106 12.74 1027 11.84 945
16.17 1345 15.30 1264 14.47 1187 13.58 1105 12.73 1026 11.82 943
16.16 1344 15.29 1263 14.46 1186 13.57 1104 12.72 1025 11.81 942
16.15 1343 15.28 1262 14.45 1185 13.56 1103 12.71 1024 11.80 941
16.14 1342 15.27 1261 14.44 1184 13.55 1102 12.70 1023 11.79 940
16.13 1341 15.26 1260 14.43 1183 13.54 1101 12.68 1022 11.78 939
16.12 1340 15.25 1259 14.42 1182 13.53 1100 12.66 1020 11.77 938
16.10 1339 15.24 1258 14.41 1181 13.52 1099 12.65 1019 11.76 937
16.08 1337 15.22 1257 14.39 1180 13.51 1098 12.64 1018 11.75 936
16.06 1335 15.21 1256 14.37 1178 13.50 1097 12.63 1017 11.74 935
16.05 1334 15.20 1255 14.35 1176 13.49 1096 12.62 1016 11.73 934
16.04 1333 15.19 1254 14.34 1175 13.47 1095 12.61 1015 11.72 933
16.03 1332 15.18 1253 14.33 1174 13.45 1093 12.59 1014 11.70 932
16.02 1331 15.17 1252 14.32 1173 13.43 1091 12.57 1012 11.68 930
16.01 1330 15.16 1251 14.31 1172 13.42 1090 12.55 1010 11.67 929
16.00 1329 15.15 1250 14.30 1171 13.41 1089 12.54 1009 11.66 928
15.99 1328 15.14 1249 14.28 1170 13.40 1088 12.53 1008 11.65 927
15.98 1327 15.13 1248 14.26 1168 13.39 1087 12.52 1007 11.64 926
15.97 1326 15.12 1247 14.24 1166 13.38 1086 12.51 1006 11.63 925
15.95 1325 15.11 1246 14.23 1165 13.37 1085 12.50 1005 11.61 924
15.93 1323 15.10 1245 14.22 1164 13.36 1084 12.49 1004 11.59 922
15.92 1322 15.08 1244 14.21 1163 13.35 1083 12.48 1003 11.57 920
15.91 1321 15.06 1242 14.20 1162 13.34 1082 12.47 1002 11.56 919
15.90 1320 15.04 1240 14.19 1161 13.32 1081 12.46 1001 11.55 918
15.89 1319 15.03 1239 14.18 1160 13.31 1080 12.45 1000 11.54 917
15.88 1318 15.02 1238 14.17 1159 13.30 1079 12.43 999 11.53 916
15.87 1317 15.01 1237 14.16 1158 13.29 1078 12.41 997 11.52 915
15.86 1316 15.00 1236 14.15 1157 13.28 1077 12.40 996 11.51 914
15.85 1315 14.99 1235 14.14 1156 13.27 1076 12.39 995 11.50 913
15.84 1314 14.97 1234 14.12 1155 13.26 1075 12.38 994 11.49 912
15.83 1313 14.95 1232 14.10 1153 13.25 1074 12.37 993 11.47 911
15.82 1312 14.93 1230 14.08 1151 13.24 1073 12.36 992 11.45 909
15.81 1311 14.92 1229 14.07 1150 13.23 1072 12.34 991 11.43 907
15.79 1310 14.91 1228 14.06 1149 13.22 1071 12.32 989 11.42 906
15.77 1308 14.90 1227 14.05 1148 13.20 1070 12.30 987 11.41 905
15.75 1306 14.89 1226 14.04 1147 13.18 1068 12.29 986 11.40 904
15.74 1305 14.88 1225 14.03 1146 13.16 1066 12.28 985 11.38 903
15.73 1304 14.87 1224 14.01 1145 13.15 1065 12.27 984 11.36 901
15.72 1303 14.86 1223 13.99 1143 13.14 1064 12.26 983 11.34 899
15.71 1302 14.85 1222 13.97 1141 13.13 1063 12.25 982 11.33 898
15.70 1301 14.84 1221 13.96 1140 13.12 1062 12.24 981 11.32 897
15.68 1300 14.83 1220 13.95 1139 13.11 1061 12.23 980 11.31 896
15.66 1298 14.82 1219 13.94 1138 13.09 1060 12.22 979 11.30 895
15.64 1296 14.81 1218 13.93 1137 13.07 1058 12.20 978 11.29 894
15.62 1294 14.79 1217 13.92 1136 13.06 1057 12.18 976 11.28 893
15.61 1293 14.77 1215 13.91 1135 13.05 1056 12.16 974 11.27 892
15.60 1292 14.76 1214 13.90 1134 13.04 1055 12.15 973 11.26 891
15.59 1291 14.75 1213 13.89 1133 13.03 1054 12.14 972 11.24 890
15.58 1290 14.74 1212 13.88 1132 13.02 1053 12.13 971 11.22 888
15.57 1289 14.73 1211 13.87 1131 13.01 1052 12.12 970 11.20 886
15.56 1288 14.72 1210 13.85 1130 13.00 1051 12.11 969 11.19 885
15.55 1287 14.71 1209 13.83 1128 12.99 1050 12.09 968 11.18 884
15.54 1286 14.70 1208 13.81 1126 12.98 1049 12.07 966 11.17 883
15.53 1285 14.68 1207 13.80 1125 12.97 1048 12.05 964 11.15 882
15.52 1284 14.66 1205 13.79 1124 12.95 1047 12.04 963 11.13 880
15.50 1283 14.64 1203 13.78 1123 12.93 1045 12.03 962 11.11 878
15.48 1281 14.63 1202 13.77 1122 12.91 1043 12.02 961 11.10 877
15.47 1280 14.62 1201 13.76 1121 12.90 1042 12.01 960 11.09 876
15.46 1279 14.61 1200 13.74 1120 12.89 1041 12.00 959 11.08 875
15.45 1278 14.60 1199 13.72 1118 12.88 1040 11.99 958 11.07 874
15.44 1277 14.59 1198 13.70 1116 12.87 1039 11.98 957 11.06 873
15.43 1276 14.58 1197 13.69 1115 12.86 1038 11.97 956 11.05 872
15.42 1275 14.57 1196 13.68 1114 12.84 1037 11.95 955 11.04 871
15.41 1274 14.56 1195 13.67 1113 12.82 1035 11.93 953 11.03 870
15.40 1273 14.55 1194 13.66 1112 12.80 1033 11.91 951 11.01 869
15.39 1272 14.54 1193 13.65 1111 12.79 1032 11.90 950 10.99 867
15.37 1271 14.53 1192 13.64 1110 12.78 1031 11.89 949 10.97 865
15.35 1269 14.51 1191 13.63 1109 12.77 1030 11.88 948 10.96 864
10.95 863 10.05 781 9.17 701 8.29 622 7.42 544 6.54 466
10.94 862 10.04 780 9.15 700 8.28 621 7.41 543 6.53 465
10.92 861 10.03 779 9.13 698 8.27 620 7.40 542 6.52 464
10.90 859 10.02 778 9.12 697 8.25 619 7.39 541 6.51 463
10.88 857 10.00 777 9.11 696 8.23 617 7.37 540 6.50 462
10.87 856 9.99 776 9.10 695 8.22 616 7.36 539 6.49 461
10.86 855 9.98 775 9.09 694 8.21 615 7.35 538 6.48 460
10.85 854 9.97 774 9.08 693 8.20 614 7.34 537 6.46 459
10.84 853 9.96 773 9.07 692 8.19 613 7.33 536 6.44 457
10.83 852 9.95 772 9.06 691 8.18 612 7.32 535 6.43 456
10.82 851 9.94 771 9.04 690 8.17 611 7.31 534 6.42 455
10.81 850 9.93 770 9.03 689 8.16 610 7.29 533 6.41 454
10.80 849 9.92 769 9.02 688 8.15 609 7.27 531 6.39 453
10.78 848 9.90 768 9.01 687 8.13 608 7.26 530 6.37 451
10.76 846 9.88 766 9.00 686 8.11 606 7.25 529 6.36 450
10.74 844 9.87 765 8.99 685 8.10 605 7.24 528 6.35 449
10.73 843 9.86 764 8.98 684 8.09 604 7.23 527 6.34 448
10.72 842 9.85 763 8.97 683 8.08 603 7.22 526 6.33 447
10.71 841 9.84 762 8.96 682 8.06 602 7.21 525 6.32 446
10.69 840 9.83 761 8.94 681 8.04 600 7.19 524 6.31 445
10.67 838 9.82 760 8.92 679 8.03 599 7.17 522 6.29 444
10.65 836 9.81 759 8.91 678 8.02 598 7.16 521 6.28 443
10.64 835 9.80 758 8.90 677 8.01 597 7.15 520 6.27 442
10.63 834 9.78 757 8.89 676 8.00 596 7.14 519 6.26 441
10.62 833 9.76 755 8.88 675 7.99 595 7.12 518 6.25 440
10.61 832 9.75 754 8.87 674 7.98 594 7.10 516 6.24 439
10.60 831 9.74 753 8.86 673 7.97 593 7.09 515 6.23 438
10.59 830 9.73 752 8.84 672 7.96 592 7.08 514 6.21 437
10.58 829 9.72 751 8.82 670 7.94 591 7.07 513 6.19 435
10.57 828 9.71 750 8.80 668 7.92 589 7.06 512 6.18 434
10.55 827 9.69 749 8.79 667 7.91 588 7.05 511 6.17 433
10.53 825 9.67 747 8.78 666 7.90 587 7.04 510 6.16 432
10.52 824 9.65 745 8.77 665 7.89 586 7.03 509 6.14 431
10.51 823 9.64 744 8.75 664 7.88 585 7.02 508 6.12 429
10.50 822 9.63 743 8.73 662 7.87 584 7.00 507 6.11 428
10.49 821 9.62 742 8.72 661 7.85 583 6.98 505 6.10 427
10.48 820 9.61 741 8.71 660 7.84 582 6.97 504 6.09 426
10.46 819 9.60 740 8.70 659 7.83 581 6.96 503 6.08 425
10.44 817 9.59 739 8.69 658 7.82 580 6.95 502 6.07 424
10.43 816 9.57 738 8.68 657 7.81 579 6.94 501 6.06 423
10.42 815 9.55 736 8.67 656 7.80 578 6.93 500 6.04 422
10.41 814 9.53 734 8.66 655 7.79 577 6.92 499 6.02 420
10.40 813 9.52 733 8.65 654 7.78 576 6.90 498 6.01 419
10.39 812 9.51 732 8.63 653 7.77 575 6.89 497 6.00 418
10.38 811 9.50 731 8.61 651 7.75 574 6.88 496 5.99 417
10.37 810 9.48 730 8.60 650 7.73 572 6.87 495 5.98 416
10.36 809 9.46 728 8.59 649 7.72 571 6.86 494 5.97 415
10.34 808 9.45 727 8.58 648 7.71 570 6.85 493 5.95 414
10.32 806 9.44 726 8.56 647 7.70 569 6.83 492 5.94 413
10.30 804 9.43 725 8.54 645 7.69 568 6.81 490 5.93 412
10.29 803 9.42 724 8.52 643 7.68 567 6.80 489 5.92 411
10.28 802 9.41 723 8.51 642 7.67 566 6.79 488 5.91 410
10.27 801 9.40 722 8.50 641 7.65 565 6.78 487 5.90 409
10.26 800 9.39 721 8.49 640 7.63 563 6.77 486 5.89 408
10.25 799 9.38 720 8.48 639 7.62 562 6.76 485 5.87 407
10.23 798 9.36 719 8.47 638 7.61 561 6.75 484 5.86 406
10.21 796 9.34 717 8.46 637 7.60 560 6.73 483 5.85 405
10.20 795 9.32 715 8.44 636 7.58 559 6.71 481 5.84 404
10.19 794 9.31 714 8.42 634 7.56 557 6.70 480 5.83 403
10.18 793 9.30 713 8.41 633 7.55 556 6.69 479 5.82 402
10.17 792 9.29 712 8.40 632 7.54 555 6.68 478 5.81 401
10.16 791 9.27 711 8.39 631 7.53 554 6.66 477 5.79 400
10.15 790 9.25 709 8.38 630 7.52 553 6.64 475 5.77 398
10.14 789 9.24 708 8.37 629 7.51 552 6.63 474 5.76 397
10.13 788 9.23 707 8.36 628 7.50 551 6.62 473 5.75 396
10.11 787 9.22 706 8.35 627 7.49 550 6.61 472 5.74 395
10.09 785 9.21 705 8.33 626 7.48 549 6.60 471 5.73 394
10.08 784 9.20 704 8.32 625 7.46 548 6.59 470 5.72 393
10.07 783 9.19 703 8.31 624 7.44 546 6.58 469 5.70 392
10.06 782 9.18 702 8.30 623 7.43 545 6.56 468 5.69 391
5.68 390 4.91 323 4.12 254 3.34 187 2.56 122 1.78 58
5.67 389 4.89 321 4.11 253 3.32 186 2.55 121 1.77 57
5.66 388 4.88 320 4.10 252 3.31 185 2.54 120 1.76 56
5.65 387 4.87 319 4.08 251 3.30 184 2.53 119 1.74 55
5.64 386 4.86 318 4.06 249 3.29 183 2.51 118 1.73 54
5.62 385 4.85 317 4.05 248 3.28 182 2.50 117 1.72 53
5.61 384 4.83 316 4.04 247 3.26 181 2.49 116 1.71 52
5.60 383 4.81 314 4.03 246 3.25 180 2.48 115 1.70 51
5.59 382 4.80 313 4.01 245 3.24 179 2.47 114 1.68 50
5.58 381 4.79 312 4.00 244 3.23 178 2.45 113 1.67 49
5.57 380 4.78 311 3.99 243 3.22 177 2.43 111 1.65 48
5.56 379 4.76 310 3.98 242 3.20 176 2.42 110 1.64 47
5.54 378 4.74 308 3.97 241 3.18 174 2.41 109 1.63 46
5.52 376 4.73 307 3.95 240 3.17 173 2.39 108 1.62 45
5.51 375 4.72 306 3.93 238 3.16 172 2.38 107 1.61 44
5.50 374 4.71 305 3.92 237 3.15 171 2.37 106 1.59 43
5.49 373 4.70 304 3.91 236 3.14 170 2.36 105 1.58 42
5.47 372 4.68 303 3.90 235 3.12 169 2.34 104 1.57 41
5.45 370 4.66 301 3.89 234 3.11 168 2.33 103 1.55 40
5.44 369 4.65 300 3.87 233 3.10 167 2.32 102 1.54 39
5.43 368 4.64 299 3.85 231 3.09 166 2.31 101 1.53 38
5.42 367 4.63 298 3.84 230 3.07 165 2.30 100 1.52 37
5.41 366 4.62 297 3.83 229 3.06 164 2.28 99 1.51 36
5.39 365 4.60 296 3.82 228 3.05 163 2.27 98 1.49 35
5.37 363 4.58 294 3.80 227 3.04 162 2.26 97 1.48 34
5.36 362 4.57 293 3.79 226 3.03 161 2.25 96 1.47 33
5.35 361 4.56 292 3.78 225 3.01 160 2.24 95 1.45 32
5.34 360 4.55 291 3.77 224 2.99 158 2.22 94 1.44 31
5.33 359 4.54 290 3.76 223 2.98 157 2.21 93 1.42 30
5.32 358 4.52 289 3.74 222 2.97 156 2.20 92 1.41 29
5.31 357 4.51 288 3.72 220 2.96 155 2.19 91 1.40 28
5.29 356 4.50 287 3.71 219 2.95 154 2.18 90 1.39 27
5.27 354 4.49 286 3.70 218 2.93 153 2.16 89 1.38 26
5.26 353 4.48 285 3.69 217 2.92 152 2.15 88 1.36 25
5.25 352 4.47 284 3.68 216 2.91 151 2.14 87 1.35 24
5.24 351 4.45 283 3.66 215 2.90 150 2.13 86 1.34 23
5.22 350 4.43 281 3.64 213 2.89 149 2.11 85 1.32 22
5.21 349 4.42 280 3.63 212 2.87 148 2.10 84 1.31 21
5.20 348 4.41 279 3.62 211 2.85 146 2.09 83 1.30 20
5.19 347 4.40 278 3.61 210 2.84 145 2.08 82 1.28 19
5.18 346 4.39 277 3.60 209 2.82 144 2.07 81 1.27 18
5.17 345 4.37 276 3.58 208 2.80 142 2.05 80 1.26 17
5.16 344 4.35 274 3.57 207 2.79 141 2.04 79 1.24 16
5.14 343 4.34 273 3.56 206 2.78 140 2.03 78 1.23 15
5.12 341 4.33 272 3.55 205 2.76 139 2.01 77 1.22 14
5.11 340 4.32 271 3.53 204 2.74 137 1.99 75 1.21 13
5.10 339 4.31 270 3.51 202 2.73 136 1.98 74 1.19 12
5.09 338 4.29 269 3.50 201 2.72 135 1.97 73 1.18 11
5.08 337 4.28 268 3.49 200 2.71 134 1.95 72 1.17 10
5.06 336 4.27 267 3.48 199 2.70 133 1.93 70 1.15 9
5.04 334 4.26 266 3.47 198 2.68 132 1.92 69 1.14 8
5.03 333 4.24 265 3.45 197 2.67 131 1.90 68 1.12 7
5.02 332 4.22 263 3.44 196 2.66 130 1.89 67 1.11 6
5.01 331 4.21 262 3.43 195 2.65 129 1.88 66 1.09 5
4.99 330 4.20 261 3.42 194 2.64 128 1.87 65 1.08 4
4.97 328 4.19 260 3.41 193 2.62 127 1.86 64 1.07 3
4.96 327 4.18 259 3.39 192 2.61 126 1.84 63 1.05 2
4.95 326 4.16 258 3.37 190 2.60 125 1.83 62 1.04 1
4.94 325 4.14 256 3.36 189 2.59 124 1.82 61
4.93 324 4.13 255 3.35 188 2.57 123 1.80 60
