15.00 1349 14.26 1274 13.49 1197 12.50 1098 11.72 1020 10.89 938
14.99 1347 14.25 1273 13.48 1196 12.48 1096 11.71 1019 10.88 937
14.97 1346 14.24 1272 13.47 1195 12.47 1095 11.70 1018 10.87 936
14.95 1344 14.23 1271 13.45 1193 12.46 1094 11.69 1017 10.86 935
14.94 1342 14.22 1270 13.43 1191 12.45 1093 11.68 1016 10.84 933
14.93 1341 14.21 1269 13.42 1190 12.43 1091 11.67 1015 10.83 932
14.92 1340 14.20 1268 13.40 1188 12.42 1090 11.66 1014 10.82 931
14.90 1339 14.19 1267 13.38 1186 12.41 1089 11.65 1013 10.81 930
14.89 1337 14.18 1266 13.37 1185 12.40 1088 11.64 1012 10.80 929
14.88 1336 14.17 1265 13.35 1183 12.38 1086 11.63 1011 10.79 928
14.87 1335 14.16 1264 13.33 1181 12.37 1085 11.62 1010 10.78 927
14.85 1334 14.15 1263 13.32 1180 12.36 1084 11.61 1009 10.77 926
14.84 1332 14.14 1262 13.30 1178 12.35 1083 11.60 1008 10.76 925
14.83 1331 14.13 1261 13.28 1176 12.33 1081 11.59 1007 10.75 924
14.82 1330 14.12 1260 13.27 1175 12.32 1080 11.58 1006 10.74 923
14.81 1329 14.11 1259 13.25 1173 12.31 1079 11.57 1005 10.73 922
14.80 1328 14.10 1258 13.23 1171 12.30 1078 11.56 1004 10.72 921
14.79 1327 14.09 1257 13.22 1170 12.28 1076 11.55 1003 10.71 920
14.78 1326 14.08 1256 13.20 1168 12.27 1075 11.54 1002 10.70 919
14.77 1325 14.07 1255 13.18 1166 12.26 1074 11.53 1001 10.69 918
14.76 1324 14.06 1254 13.17 1165 12.25 1073 11.52 1000 10.68 917
14.75 1323 14.05 1253 13.15 1163 12.23 1071 11.51 999 10.67 916
14.74 1322 14.04 1252 13.13 1161 12.22 1070 11.50 998 10.66 915
14.73 1321 14.02 1250 13.12 1160 12.21 1069 11.49 997 10.65 914
14.72 1320 14.01 1249 13.10 1158 12.20 1068 11.48 996 10.64 913
14.71 1319 14.00 1248 13.08 1156 12.18 1066 11.47 995 10.63 912
14.70 1318 13.99 1247 13.07 1155 12.17 1065 11.46 994 10.62 911
14.69 1317 13.98 1246 13.05 1153 12.16 1064 11.45 993 10.61 910
14.68 1316 13.97 1245 13.03 1151 12.15 1063 11.44 992 10.60 909
14.67 1315 13.96 1244 13.02 1150 12.13 1061 11.43 991 10.59 908
14.66 1314 13.95 1243 13.00 1148 12.12 1060 11.42 990 10.58 907
14.65 1313 13.94 1242 12.98 1146 12.11 1059 11.41 989 10.57 906
14.64 1312 13.93 1241 12.97 1145 12.10 1058 11.40 988 10.56 905
14.63 1311 13.92 1240 12.96 1144 12.09 1057 11.39 987 10.55 904
14.62 1310 13.91 1239 12.95 1143 12.08 1056 11.38 986 10.54 903
14.61 1309 13.90 1238 12.93 1141 12.07 1055 11.37 985 10.53 902
14.60 1308 13.89 1237 12.92 1140 12.06 1054 11.36 984 10.52 901
14.59 1307 13.88 1236 12.91 1139 12.05 1053 11.35 983 10.51 900
14.58 1306 13.87 1235 12.90 1138 12.04 1052 11.34 982 10.50 899
14.57 1305 13.86 1234 12.88 1136 12.03 1051 11.33 981 10.49 898
14.56 1304 13.85 1233 12.87 1135 12.02 1050 11.32 980 10.48 897
14.55 1303 13.84 1232 12.86 1134 12.01 1049 11.31 979 10.47 896
14.54 1302 13.83 1231 12.85 1133 12.00 1048 11.29 978 10.46 895
14.53 1301 13.82 1230 12.83 1131 11.99 1047 11.28 976 10.45 894
14.52 1300 13.81 1229 12.82 1130 11.98 1046 11.27 975 10.44 893
14.51 1299 13.80 1228 12.81 1129 11.97 1045 11.26 974 10.43 892
14.50 1298 13.79 1227 12.80 1128 11.96 1044 11.24 973 10.42 891
14.49 1297 13.78 1226 12.78 1126 11.95 1043 11.23 971 10.41 890
14.48 1296 13.77 1225 12.77 1125 11.94 1042 11.22 970 10.40 889
14.47 1295 13.75 1223 12.76 1124 11.93 1041 11.21 969 10.39 888
14.46 1294 13.74 1222 12.75 1123 11.92 1040 11.19 968 10.38 887
14.45 1293 13.73 1221 12.73 1121 11.91 1039 11.18 966 10.37 886
14.44 1292 13.72 1220 12.72 1120 11.90 1038 11.17 965 10.36 885
14.43 1291 13.70 1218 12.71 1119 11.89 1037 11.16 964 10.35 884
14.42 1290 13.69 1217 12.70 1118 11.88 1036 11.14 963 10.34 883
14.41 1289 13.68 1216 12.68 1116 11.87 1035 11.13 961 10.32 882
14.40 1288 13.67 1215 12.67 1115 11.86 1034 11.11 960 10.31 880
14.39 1287 13.65 1213 12.66 1114 11.85 1033 11.09 958 10.30 879
14.38 1286 13.64 1212 12.65 1113 11.84 1032 11.08 956 10.29 878
14.37 1285 13.63 1211 12.63 1111 11.83 1031 11.06 955 10.27 877
14.36 1284 13.62 1210 12.62 1110 11.82 1030 11.04 953 10.26 875
14.35 1283 13.60 1208 12.61 1109 11.81 1029 11.03 951 10.25 874
14.34 1282 13.59 1207 12.60 1108 11.80 1028 11.01 950 10.24 873
14.33 1281 13.58 1206 12.58 1106 11.79 1027 10.99 948 10.22 872
14.32 1280 13.57 1205 12.57 1105 11.78 1026 10.97 946 10.21 870
14.31 1279 13.55 1203 12.56 1104 11.77 1025 10.96 945 10.19 869
14.30 1278 13.54 1202 12.55 1103 11.76 1024 10.94 943 10.17 867
14.29 1277 13.53 1201 12.53 1101 11.75 1023 10.93 942 10.16 865
14.28 1276 13.52 1200 12.52 1100 11.74 1022 10.92 941 10.14 864
14.27 1275 13.50 1198 12.51 1099 11.73 1021 10.91 940 10.12 862
10.11 861 9.27 778 8.45 698 7.61 616 6.78 536 5.94 455
10.09 859 9.26 777 8.44 697 7.60 615 6.76 534 5.93 454
10.07 857 9.25 776 8.43 696 7.59 614 6.75 533 5.92 453
10.06 856 9.24 775 8.42 695 7.58 613 6.74 532 5.91 452
10.04 854 9.23 774 8.40 693 7.57 612 6.73 531 5.90 451
10.02 852 9.22 773 8.39 692 7.56 611 6.72 530 5.89 450
10.01 851 9.21 772 8.38 691 7.55 610 6.71 529 5.88 449
10.00 850 9.20 771 8.37 690 7.54 609 6.70 528 5.87 448
9.99 849 9.19 770 8.36 689 7.53 608 6.69 527 5.86 447
9.98 848 9.18 769 8.35 688 7.52 607 6.68 526 5.85 446
9.97 847 9.17 768 8.34 687 7.51 606 6.67 525 5.84 445
9.96 846 9.16 767 8.33 686 7.50 605 6.66 524 5.82 444
9.95 845 9.15 766 8.32 685 7.49 604 6.65 523 5.81 443
9.94 844 9.14 765 8.31 684 7.48 603 6.64 522 5.79 441
9.93 843 9.13 764 8.30 683 7.46 602 6.63 521 5.78 440
9.92 842 9.12 763 8.29 682 7.45 600 6.62 520 5.77 439
9.91 841 9.11 762 8.28 681 7.43 599 6.61 519 5.76 438
9.90 840 9.10 761 8.27 680 7.41 597 6.59 518 5.75 437
9.89 839 9.09 760 8.26 679 7.40 595 6.58 516 5.74 436
9.88 838 9.08 759 8.25 678 7.38 594 6.56 515 5.73 435
9.87 837 9.07 758 8.24 677 7.36 592 6.54 513 5.72 434
9.86 836 9.05 757 8.23 676 7.35 591 6.53 512 5.71 433
9.85 835 9.04 755 8.22 675 7.33 589 6.51 510 5.70 432
9.84 834 9.03 754 8.21 674 7.32 588 6.49 508 5.69 431
9.83 833 9.02 753 8.20 673 7.31 587 6.48 507 5.68 430
9.82 832 9.00 752 8.18 672 7.30 586 6.46 505 5.67 429
9.81 831 8.98 750 8.17 670 7.29 585 6.45 504 5.66 428
9.80 830 8.97 749 8.16 669 7.28 584 6.44 503 5.65 427
9.79 829 8.95 747 8.15 668 7.27 583 6.43 502 5.64 426
9.78 828 8.93 745 8.13 667 7.26 582 6.42 501 5.62 425
9.77 827 8.92 744 8.12 665 7.25 581 6.41 500 5.61 423
9.76 826 8.90 742 8.10 664 7.24 580 6.40 499 5.59 422
9.75 825 8.89 741 8.08 662 7.23 579 6.39 498 5.57 420
9.74 824 8.88 740 8.07 661 7.22 578 6.38 497 5.56 419
9.73 823 8.87 739 8.05 659 7.21 577 6.37 496 5.54 417
9.72 822 8.86 738 8.03 657 7.20 576 6.36 495 5.53 416
9.71 821 8.85 737 8.02 656 7.19 575 6.35 494 5.52 415
9.70 820 8.84 736 8.00 654 7.18 574 6.34 493 5.51 414
9.69 819 8.83 735 7.99 653 7.17 573 6.33 492 5.50 413
9.68 818 8.82 734 7.98 652 7.16 572 6.32 491 5.49 412
9.67 817 8.81 733 7.97 651 7.15 571 6.31 490 5.48 411
9.65 816 8.80 732 7.96 650 7.14 570 6.29 489 5.47 410
9.64 814 8.79 731 7.95 649 7.13 569 6.28 487 5.46 409
9.63 813 8.78 730 7.94 648 7.11 568 6.26 486 5.45 408
9.62 812 8.77 729 7.93 647 7.10 566 6.24 484 5.44 407
9.60 811 8.76 728 7.92 646 7.08 565 6.23 483 5.42 406
9.59 809 8.75 727 7.91 645 7.06 563 6.21 481 5.41 404
9.57 808 8.74 726 7.90 644 7.05 562 6.20 480 5.39 403
9.55 806 8.73 725 7.89 643 7.03 560 6.19 479 5.37 401
9.54 804 8.72 724 7.88 642 7.02 559 6.18 478 5.36 400
9.52 803 8.71 723 7.87 641 7.01 558 6.17 477 5.34 398
9.50 801 8.70 722 7.86 640 7.00 557 6.16 476 5.33 397
9.49 800 8.69 721 7.85 639 6.99 556 6.15 475 5.32 396
9.47 798 8.68 720 7.84 638 6.98 555 6.14 474 5.31 395
9.45 796 8.67 719 7.83 637 6.97 554 6.13 473 5.30 394
9.44 795 8.66 718 7.81 636 6.96 553 6.12 472 5.29 393
9.42 793 8.65 717 7.80 634 6.95 552 6.11 471 5.28 392
9.41 792 8.64 716 7.78 633 6.94 551 6.10 470 5.27 391
9.40 791 8.63 715 7.76 631 6.93 550 6.09 469 5.26 390
9.39 790 8.62 714 7.75 629 6.92 549 6.08 468 5.25 389
9.37 788 8.61 713 7.73 628 6.91 548 6.07 467 5.24 388
9.36 787 8.60 712 7.71 626 6.90 547 6.06 466 5.23 387
9.35 786 8.58 711 7.70 625 6.89 546 6.04 465 5.22 386
9.34 785 8.57 709 7.68 623 6.88 545 6.03 463 5.21 385
9.33 784 8.55 708 7.67 622 6.87 544 6.01 462 5.19 384
9.32 783 8.53 706 7.66 621 6.86 543 5.99 460 5.17 382
9.31 782 8.52 704 7.65 620 6.84 542 5.98 459 5.16 381
9.30 781 8.50 703 7.64 619 6.83 540 5.97 458 5.14 379
9.29 780 8.48 701 7.63 618 6.81 539 5.96 457 5.13 378
9.28 779 8.47 700 7.62 617 6.79 537 5.95 456 5.12 377
5.11 376 4.42 311 3.74 247 3.03 182 2.34 119 1.64 57
5.10 375 4.41 310 3.73 246 3.02 181 2.33 118 1.63 56
5.09 374 4.40 309 3.72 245 3.01 180 2.31 117 1.61 55
5.08 373 4.39 308 3.70 244 3.00 179 2.30 115 1.60 54
5.07 372 4.38 307 3.68 242 2.99 178 2.28 114 1.59 53
5.06 371 4.37 306 3.67 241 2.98 177 2.27 113 1.58 52
5.05 370 4.36 305 3.66 240 2.96 176 2.26 112 1.57 51
5.04 369 4.35 304 3.65 239 2.95 174 2.25 111 1.56 50
5.03 368 4.34 303 3.64 238 2.93 173 2.24 110 1.54 49
5.02 367 4.33 302 3.63 237 2.92 172 2.23 109 1.53 48
5.00 366 4.32 301 3.62 236 2.91 171 2.21 108 1.52 47
4.99 365 4.30 300 3.61 235 2.90 170 2.20 106 1.51 46
4.97 363 4.29 298 3.60 234 2.89 169 2.18 105 1.50 45
4.96 362 4.27 297 3.58 233 2.88 168 2.17 104 1.49 44
4.95 361 4.26 296 3.57 231 2.87 167 2.16 103 1.48 43
4.94 360 4.25 295 3.55 230 2.86 166 2.15 102 1.46 42
4.93 359 4.24 294 3.53 228 2.85 165 2.14 101 1.45 41
4.92 358 4.23 293 3.52 227 2.83 164 2.13 100 1.44 40
4.91 357 4.22 292 3.51 226 2.81 162 2.11 99 1.43 39
4.90 356 4.21 291 3.50 225 2.80 161 2.10 98 1.42 38
4.89 355 4.20 290 3.49 224 2.79 160 2.08 96 1.41 37
4.88 354 4.19 289 3.48 223 2.78 159 2.07 95 1.39 36
4.87 353 4.18 288 3.47 222 2.77 158 2.06 94 1.38 35
4.85 352 4.17 287 3.46 221 2.76 157 2.05 93 1.37 34
4.84 350 4.15 286 3.45 220 2.75 156 2.04 92 1.36 33
4.82 349 4.14 284 3.43 219 2.74 155 2.03 91 1.34 32
4.80 347 4.12 283 3.42 218 2.73 154 2.01 90 1.33 31
4.79 346 4.10 281 3.40 216 2.71 153 2.00 89 1.32 30
4.77 344 4.09 280 3.39 215 2.70 152 1.99 88 1.31 29
4.76 343 4.08 279 3.38 214 2.68 150 1.98 87 1.30 28
4.75 342 4.07 278 3.37 213 2.67 149 1.97 86 1.29 27
4.74 341 4.06 277 3.36 212 2.66 148 1.96 85 1.28 26
4.73 340 4.05 276 3.35 211 2.65 147 1.94 84 1.26 25
4.72 339 4.04 275 3.34 210 2.64 146 1.93 83 1.25 24
4.71 338 4.03 274 3.33 209 2.63 145 1.91 81 1.24 23
4.70 337 4.02 273 3.32 208 2.61 144 1.90 80 1.23 22
4.69 336 4.00 272 3.30 207 2.60 142 1.89 79 1.21 21
4.68 335 3.98 270 3.28 205 2.58 141 1.88 78 1.20 20
4.67 334 3.97 269 3.27 204 2.57 140 1.86 77 1.19 19
4.65 333 3.95 267 3.25 202 2.56 139 1.84 75 1.18 18
4.64 331 3.94 266 3.24 201 2.55 138 1.83 74 1.16 17
4.62 330 3.93 265 3.23 200 2.54 137 1.82 73 1.15 16
4.60 328 3.92 264 3.22 199 2.53 136 1.81 72 1.14 15
4.59 327 3.91 263 3.21 198 2.51 135 1.80 71 1.13 14
4.58 326 3.90 262 3.20 197 2.50 133 1.79 70 1.12 13
4.57 325 3.89 261 3.18 196 2.48 132 1.78 69 1.11 12
4.56 324 3.88 260 3.17 194 2.47 131 1.76 68 1.09 11
4.55 323 3.87 259 3.15 193 2.46 130 1.75 67 1.08 10
4.54 322 3.85 258 3.14 192 2.45 129 1.74 66 1.07 9
4.53 321 3.83 256 3.13 191 2.44 128 1.73 65 1.06 8
4.52 320 3.82 255 3.12 190 2.43 127 1.72 64 1.04 7
4.51 319 3.80 253 3.11 189 2.41 126 1.71 63 1.03 6
4.50 318 3.79 252 3.10 188 2.40 124 1.69 62 1.01 5
4.49 317 3.78 251 3.09 187 2.38 123 1.68 61 1.00 4
4.47 316 3.77 250 3.08 186 2.37 122 1.67 60 0.99 3
4.45 314 3.76 249 3.07 185 2.36 121 1.66 59 0.97 2
4.44 313 3.75 248 3.05 184 2.35 120 1.65 58 0.96 1
