13.29 1349 12.54 1263 11.78 1177 11.03 1093 10.26 1006 9.50 921
13.28 1347 12.53 1262 11.77 1176 11.02 1091 10.25 1005 9.49 920
13.27 1346 12.52 1261 11.76 1175 11.00 1090 10.24 1004 9.48 919
13.26 1345 12.51 1260 11.75 1174 10.99 1088 10.23 1003 9.47 918
13.25 1344 12.50 1259 11.74 1173 10.98 1087 10.22 1002 9.46 917
13.24 1343 12.48 1257 11.73 1171 10.97 1086 10.21 1000 9.45 916
13.23 1342 12.47 1256 11.71 1170 10.96 1085 10.20 999 9.44 914
13.22 1340 12.46 1254 11.70 1168 10.95 1084 10.19 998 9.43 913
13.21 1339 12.45 1253 11.69 1167 10.94 1083 10.18 997 9.42 912
13.20 1338 12.44 1252 11.68 1166 10.93 1081 10.17 996 9.41 911
13.19 1337 12.42 1250 11.67 1165 10.92 1080 10.16 995 9.40 910
13.18 1336 12.41 1249 11.66 1164 10.91 1079 10.15 994 9.39 909
13.17 1335 12.40 1247 11.65 1163 10.90 1078 10.13 992 9.37 907
13.16 1334 12.39 1246 11.64 1161 10.89 1077 10.12 991 9.36 906
13.14 1332 12.38 1245 11.63 1160 10.88 1076 10.11 989 9.35 904
13.13 1330 12.37 1244 11.62 1159 10.87 1075 10.10 988 9.34 903
13.12 1329 12.36 1243 11.61 1158 10.85 1073 10.09 987 9.33 902
13.11 1328 12.35 1242 11.60 1157 10.84 1071 10.08 986 9.32 901
13.10 1327 12.34 1240 11.59 1156 10.83 1070 10.07 985 9.31 900
13.09 1326 12.32 1239 11.58 1155 10.82 1069 10.06 984 9.30 899
13.08 1325 12.31 1237 11.56 1153 10.81 1068 10.05 982 9.29 898
13.07 1323 12.30 1236 11.55 1151 10.79 1066 10.03 981 9.27 896
13.06 1322 12.29 1235 11.54 1150 10.78 1065 10.02 979 9.26 894
13.05 1321 12.28 1234 11.53 1149 10.77 1063 10.01 978 9.25 893
13.04 1320 12.27 1233 11.52 1148 10.76 1062 10.00 977 9.24 892
13.03 1319 12.26 1232 11.51 1147 10.75 1061 9.99 976 9.23 891
13.02 1318 12.25 1230 11.50 1146 10.74 1060 9.98 975 9.22 890
13.01 1317 12.24 1229 11.49 1145 10.73 1059 9.97 974 9.21 889
12.99 1315 12.23 1228 11.48 1143 10.72 1058 9.96 973 9.20 888
12.98 1313 12.22 1227 11.47 1142 10.71 1057 9.95 971 9.19 886
12.97 1312 12.21 1226 11.46 1141 10.69 1055 9.94 970 9.18 885
12.96 1311 12.20 1225 11.45 1140 10.68 1053 9.93 969 9.17 884
12.95 1310 12.19 1223 11.44 1139 10.67 1052 9.92 968 9.16 883
12.93 1308 12.17 1222 11.43 1138 10.66 1051 9.91 967 9.15 882
12.92 1306 12.16 1220 11.41 1136 10.65 1050 9.90 966 9.14 881
12.91 1305 12.15 1219 11.40 1135 10.64 1049 9.88 964 9.13 880
12.90 1304 12.14 1218 11.39 1133 10.63 1048 9.87 963 9.11 878
12.89 1303 12.13 1217 11.38 1132 10.62 1047 9.86 961 9.10 877
12.88 1302 12.12 1216 11.37 1131 10.61 1045 9.85 960 9.09 875
12.87 1301 12.11 1215 11.36 1130 10.60 1044 9.84 959 9.08 874
12.86 1300 12.10 1213 11.35 1129 10.59 1043 9.83 958 9.07 873
12.85 1298 12.09 1212 11.34 1128 10.58 1042 9.82 957 9.06 872
12.84 1297 12.08 1211 11.33 1126 10.57 1041 9.81 956 9.05 871
12.83 1296 12.07 1210 11.32 1125 10.56 1040 9.80 955 9.04 870
12.82 1295 12.06 1209 11.31 1124 10.54 1038 9.78 953 9.03 869
12.81 1294 12.05 1208 11.30 1123 10.53 1037 9.77 951 9.01 867
12.80 1293 12.04 1207 11.29 1122 10.52 1035 9.76 950 9.00 865
12.78 1291 12.02 1205 11.28 1121 10.51 1034 9.75 949 8.99 864
12.77 1289 12.01 1203 11.27 1120 10.50 1033 9.74 948 8.98 863
12.76 1288 12.00 1202 11.25 1118 10.49 1032 9.73 947 8.97 862
12.75 1287 11.99 1201 11.24 1116 10.48 1031 9.72 946 8.96 861
12.74 1286 11.98 1200 11.23 1115 10.47 1030 9.71 945 8.95 860
12.73 1285 11.97 1199 11.22 1114 10.46 1028 9.70 943 8.94 859
12.72 1284 11.96 1198 11.21 1113 10.44 1027 9.69 942 8.93 857
12.71 1283 11.95 1197 11.20 1112 10.43 1025 9.68 941 8.91 856
12.70 1281 11.94 1195 11.19 1111 10.42 1024 9.67 940 8.90 854
12.69 1280 11.93 1194 11.18 1110 10.41 1023 9.66 939 8.89 853
12.68 1279 11.92 1193 11.17 1108 10.40 1022 9.65 938 8.88 852
12.67 1278 11.91 1192 11.16 1107 10.39 1021 9.64 937 8.87 851
12.66 1277 11.90 1191 11.15 1106 10.38 1020 9.62 935 8.86 850
12.65 1276 11.89 1190 11.14 1105 10.37 1019 9.61 933 8.85 849
12.63 1274 11.88 1188 11.13 1104 10.36 1017 9.60 932 8.84 848
12.62 1272 11.87 1187 11.12 1103 10.35 1016 9.59 931 8.83 846
12.61 1271 11.86 1186 11.10 1101 10.34 1015 9.58 930 8.82 845
12.60 1270 11.85 1185 11.09 1100 10.33 1014 9.57 929 8.81 844
12.59 1269 11.84 1184 11.08 1098 10.32 1013 9.56 928 8.80 843
12.58 1268 11.83 1183 11.07 1097 10.31 1012 9.55 927 8.79 842
12.57 1267 11.81 1181 11.06 1096 10.29 1010 9.54 925 8.78 841
12.56 1266 11.80 1180 11.05 1095 10.28 1009 9.52 924 8.77 840
12.55 1264 11.79 1178 11.04 1094 10.27 1007 9.51 922 8.76 839
8.75 838 8.00 754 7.26 673 6.48 587 5.71 503 4.95 421
8.74 836 7.99 753 7.25 672 6.47 586 5.70 502 4.94 420
8.73 835 7.98 752 7.23 670 6.46 585 5.69 501 4.93 419
8.72 834 7.97 751 7.22 668 6.45 584 5.68 500 4.92 418
8.71 833 7.96 750 7.21 667 6.44 583 5.67 499 4.91 417
8.70 832 7.95 749 7.20 666 6.43 582 5.66 498 4.90 416
8.69 831 7.94 748 7.19 665 6.41 580 5.65 497 4.89 415
8.68 830 7.93 747 7.18 664 6.40 579 5.64 496 4.88 414
8.66 828 7.92 745 7.17 663 6.39 577 5.63 495 4.87 413
8.65 827 7.91 744 7.16 662 6.38 576 5.62 493 4.86 411
8.64 825 7.90 743 7.15 661 6.37 575 5.60 492 4.85 410
8.63 824 7.89 742 7.13 659 6.36 574 5.59 490 4.84 409
8.62 823 7.88 741 7.12 657 6.35 573 5.58 489 4.83 408
8.61 822 7.87 740 7.11 656 6.34 572 5.57 488 4.82 407
8.60 821 7.86 739 7.10 655 6.33 571 5.56 487 4.81 406
8.59 820 7.85 738 7.09 654 6.31 569 5.55 486 4.80 405
8.58 819 7.84 737 7.08 653 6.30 568 5.54 485 4.79 404
8.57 817 7.83 736 7.07 652 6.29 566 5.53 484 4.78 403
8.55 816 7.82 734 7.06 651 6.28 565 5.52 483 4.77 402
8.54 814 7.81 733 7.05 650 6.27 564 5.50 481 4.76 401
8.53 813 7.80 732 7.03 648 6.26 563 5.49 480 4.75 400
8.52 812 7.79 731 7.02 647 6.25 562 5.48 478 4.73 398
8.51 811 7.78 730 7.01 645 6.24 561 5.47 477 4.72 397
8.50 810 7.77 729 7.00 644 6.23 560 5.46 476 4.71 395
8.49 809 7.76 728 6.99 643 6.22 559 5.45 475 4.70 394
8.48 808 7.75 727 6.98 642 6.21 558 5.44 474 4.69 393
8.47 806 7.74 726 6.97 641 6.20 557 5.43 473 4.68 392
8.46 805 7.73 725 6.96 640 6.19 556 5.42 472 4.67 391
8.45 804 7.72 723 6.95 639 6.18 554 5.41 471 4.66 390
8.44 803 7.71 722 6.94 637 6.16 553 5.39 469 4.65 389
8.43 802 7.70 721 6.92 636 6.15 551 5.38 468 4.64 388
8.42 801 7.69 720 6.91 634 6.14 550 5.37 466 4.63 387
8.41 800 7.68 719 6.90 633 6.13 549 5.36 465 4.62 386
8.40 799 7.67 718 6.89 632 6.12 548 5.35 464 4.61 385
8.39 798 7.66 717 6.88 631 6.11 547 5.34 463 4.60 384
8.38 796 7.64 715 6.87 630 6.10 546 5.33 462 4.58 382
8.37 795 7.63 714 6.86 629 6.09 545 5.32 461 4.57 381
8.36 794 7.62 712 6.85 628 6.08 543 5.31 460 4.56 379
8.35 793 7.61 711 6.84 626 6.06 542 5.30 459 4.55 378
8.34 792 7.60 710 6.82 625 6.05 540 5.29 458 4.54 377
8.33 791 7.59 709 6.81 623 6.04 539 5.28 457 4.53 376
8.32 790 7.58 708 6.80 622 6.03 538 5.27 456 4.52 375
8.30 788 7.57 707 6.79 621 6.02 537 5.26 454 4.51 374
8.29 787 7.56 706 6.78 620 6.01 536 5.24 453 4.50 373
8.28 785 7.55 704 6.77 619 6.00 535 5.23 451 4.49 372
8.27 784 7.53 703 6.76 618 5.99 534 5.22 450 4.48 371
8.26 783 7.52 701 6.75 617 5.98 533 5.21 449 4.47 370
8.25 782 7.51 700 6.74 616 5.96 531 5.20 448 4.46 369
8.24 781 7.50 699 6.72 614 5.95 530 5.19 447 4.45 367
8.23 780 7.49 698 6.71 612 5.94 528 5.18 446 4.43 366
8.22 779 7.48 697 6.70 611 5.93 527 5.17 445 4.42 365
8.20 777 7.47 696 6.69 610 5.92 526 5.16 444 4.41 363
8.19 776 7.46 695 6.68 609 5.91 525 5.15 443 4.40 362
8.18 774 7.45 693 6.67 608 5.90 524 5.14 442 4.39 361
8.17 773 7.43 692 6.66 607 5.89 523 5.13 441 4.38 360
8.16 772 7.42 690 6.65 606 5.88 522 5.12 440 4.37 359
8.15 771 7.41 689 6.64 605 5.87 521 5.11 438 4.36 358
8.14 770 7.40 688 6.62 603 5.85 519 5.09 437 4.35 357
8.13 769 7.39 687 6.61 602 5.84 518 5.08 435 4.34 356
8.12 768 7.38 686 6.60 600 5.83 516 5.07 434 4.33 355
8.11 766 7.37 685 6.59 599 5.82 515 5.06 433 4.32 354
8.09 765 7.36 684 6.58 598 5.81 514 5.05 432 4.31 353
8.08 763 7.35 682 6.57 597 5.80 513 5.04 431 4.30 352
8.07 762 7.33 681 6.56 596 5.79 512 5.03 430 4.29 350
8.06 761 7.32 679 6.55 595 5.78 511 5.02 429 4.27 349
8.05 760 7.31 678 6.54 594 5.77 510 5.01 428 4.26 347
8.04 759 7.30 677 6.52 592 5.75 508 4.99 426 4.25 346
8.03 758 7.29 676 6.51 591 5.74 507 4.98 425 4.24 345
8.02 757 7.28 675 6.50 589 5.73 505 4.97 423 4.23 344
8.01 755 7.27 674 6.49 588 5.72 504 4.96 422 4.22 343
4.21 342 3.66 284 3.11 226 2.56 169 2.00 111 1.39 51
4.20 341 3.65 283 3.10 225 2.55 168 1.98 110 1.38 50
4.19 340 3.64 281 3.09 224 2.54 167 1.97 109 1.37 49
4.18 339 3.63 280 3.08 223 2.53 166 1.96 108 1.36 48
4.17 338 3.61 279 3.07 222 2.52 165 1.95 106 1.35 47
4.16 337 3.60 277 3.05 220 2.51 164 1.93 105 1.34 46
4.15 336 3.59 276 3.04 219 2.49 162 1.92 104 1.33 45
4.14 334 3.58 275 3.03 218 2.48 161 1.91 103 1.32 44
4.12 333 3.57 274 3.02 216 2.47 160 1.90 101 1.31 43
4.11 331 3.56 273 3.00 215 2.46 158 1.88 100 1.30 42
4.10 330 3.55 272 2.99 213 2.44 157 1.87 99 1.29 41
4.09 329 3.54 271 2.98 212 2.43 156 1.86 98 1.27 40
4.08 328 3.53 270 2.97 211 2.42 154 1.85 96 1.26 39
4.07 327 3.52 269 2.96 210 2.41 153 1.83 95 1.25 37
4.06 326 3.51 268 2.95 209 2.39 152 1.82 94 1.24 36
4.05 325 3.50 267 2.94 208 2.38 150 1.81 93 1.22 35
4.04 324 3.49 266 2.93 207 2.37 149 1.80 91 1.21 34
4.03 323 3.48 265 2.92 206 2.36 148 1.78 90 1.20 33
4.02 322 3.46 263 2.91 205 2.35 147 1.77 89 1.19 32
4.01 321 3.45 262 2.90 204 2.34 146 1.76 88 1.18 31
4.00 320 3.44 260 2.89 203 2.33 145 1.75 86 1.17 30
3.99 318 3.43 259 2.88 202 2.32 144 1.73 85 1.16 29
3.97 317 3.41 258 2.87 201 2.31 143 1.72 84 1.15 28
3.96 316 3.40 256 2.86 200 2.30 142 1.71 83 1.14 27
3.95 314 3.39 255 2.85 199 2.29 141 1.70 81 1.13 26
3.94 313 3.38 254 2.84 198 2.28 140 1.68 80 1.12 25
3.93 312 3.37 253 2.83 197 2.27 139 1.67 79 1.11 24
3.92 311 3.36 252 2.82 196 2.26 138 1.66 78 1.10 23
3.91 310 3.35 251 2.80 194 2.25 137 1.65 77 1.09 22
3.90 309 3.34 250 2.79 193 2.24 136 1.63 75 1.08 21
3.89 308 3.33 249 2.78 192 2.23 135 1.62 74 1.06 20
3.88 307 3.32 248 2.77 190 2.22 134 1.61 73 1.05 19
3.87 306 3.31 247 2.75 189 2.21 133 1.60 72 1.04 18
3.86 305 3.30 246 2.74 188 2.20 132 1.59 70 1.03 17
3.85 304 3.29 245 2.73 186 2.19 131 1.57 69 1.02 16
3.84 303 3.28 244 2.72 185 2.18 130 1.56 68 1.01 15
3.82 301 3.26 242 2.71 184 2.17 129 1.55 67 1.00 14
3.81 300 3.25 241 2.70 183 2.16 128 1.54 66 0.99 13
3.80 298 3.24 240 2.69 182 2.15 127 1.52 64 0.98 12
3.79 297 3.23 238 2.68 181 2.14 126 1.51 63 0.97 11
3.78 296 3.22 237 2.67 180 2.13 125 1.50 62 0.96 10
3.77 295 3.21 236 2.66 179 2.12 124 1.49 61 0.95 9
3.76 294 3.20 235 2.65 178 2.11 123 1.48 60 0.94 8
3.75 293 3.19 234 2.64 177 2.10 122 1.47 59 0.92 7
3.74 292 3.18 233 2.63 176 2.08 120 1.46 58 0.91 6
3.73 291 3.17 232 2.62 175 2.07 119 1.45 57 0.90 5
3.72 290 3.16 231 2.61 174 2.06 118 1.44 56 0.89 4
3.71 289 3.15 230 2.60 173 2.05 117 1.43 55 0.88 3
3.70 288 3.14 229 2.59 172 2.03 115 1.42 54 0.86 2
3.69 287 3.13 228 2.58 171 2.02 114 1.41 53 0.85 1
3.68 286 3.12 227 2.57 170 2.01 113 1.40 52
