11.36 1350 10.66 1257 9.96 1164 9.26 1071 8.56 980 7.86 888
11.35 1349 10.65 1256 9.95 1163 9.25 1070 8.55 979 7.85 887
11.34 1347 10.64 1254 9.94 1161 9.24 1069 8.54 977 7.84 886
11.33 1346 10.63 1253 9.93 1160 9.23 1068 8.53 976 7.83 884
11.32 1345 10.62 1252 9.92 1159 9.22 1066 8.52 974 7.82 883
11.31 1344 10.61 1250 9.91 1158 9.21 1065 8.51 973 7.81 882
11.30 1342 10.60 1249 9.90 1156 9.20 1064 8.50 972 7.80 880
11.29 1340 10.59 1247 9.89 1155 9.19 1063 8.49 971 7.79 879
11.28 1339 10.58 1246 9.88 1153 9.18 1061 8.48 969 7.78 878
11.27 1338 10.57 1245 9.87 1152 9.17 1060 8.47 968 7.77 877
11.26 1337 10.56 1244 9.86 1151 9.16 1058 8.46 967 7.76 875
11.25 1335 10.55 1242 9.85 1150 9.15 1057 8.45 965 7.75 874
11.24 1334 10.54 1241 9.84 1148 9.14 1056 8.44 964 7.74 872
11.23 1333 10.53 1240 9.83 1147 9.13 1055 8.43 963 7.73 871
11.22 1332 10.52 1239 9.82 1146 9.12 1053 8.42 961 7.72 870
11.21 1330 10.51 1237 9.81 1145 9.11 1052 8.41 960 7.71 869
11.20 1328 10.50 1235 9.80 1143 9.10 1051 8.40 959 7.70 867
11.19 1327 10.49 1234 9.79 1141 9.09 1050 8.39 958 7.69 866
11.18 1326 10.48 1233 9.78 1140 9.08 1048 8.38 956 7.68 865
11.17 1325 10.47 1232 9.77 1139 9.07 1047 8.37 955 7.67 864
11.16 1323 10.46 1230 9.76 1138 9.06 1045 8.36 953 7.66 862
11.15 1322 10.45 1229 9.75 1136 9.05 1044 8.35 952 7.65 861
11.14 1321 10.44 1228 9.74 1135 9.04 1043 8.34 951 7.64 859
11.13 1319 10.43 1227 9.73 1134 9.03 1042 8.33 950 7.63 858
11.12 1318 10.42 1225 9.72 1133 9.02 1040 8.32 948 7.62 857
11.11 1317 10.41 1223 9.71 1131 9.01 1039 8.31 947 7.61 856
11.10 1315 10.40 1222 9.70 1130 9.00 1038 8.30 946 7.60 854
11.09 1314 10.39 1221 9.69 1128 8.99 1036 8.29 945 7.59 853
11.08 1313 10.38 1220 9.68 1127 8.98 1035 8.28 943 7.58 852
11.07 1311 10.37 1218 9.67 1126 8.97 1033 8.27 942 7.57 851
11.06 1310 10.36 1217 9.66 1125 8.96 1032 8.26 940 7.56 849
11.05 1309 10.35 1216 9.65 1123 8.95 1031 8.25 939 7.55 848
11.04 1307 10.34 1215 9.64 1122 8.94 1030 8.24 938 7.54 846
11.03 1306 10.33 1213 9.63 1121 8.93 1028 8.23 937 7.53 845
11.02 1305 10.32 1212 9.62 1120 8.92 1027 8.22 935 7.52 844
11.01 1303 10.31 1210 9.61 1118 8.91 1026 8.21 934 7.51 843
11.00 1302 10.30 1209 9.60 1116 8.90 1024 8.20 933 7.50 841
10.99 1301 10.29 1208 9.59 1115 8.89 1023 8.19 931 7.49 840
10.98 1300 10.28 1207 9.58 1114 8.88 1022 8.18 930 7.48 839
10.97 1298 10.27 1205 9.57 1113 8.87 1020 8.17 929 7.47 837
10.96 1297 10.26 1204 9.56 1111 8.86 1019 8.16 927 7.46 836
10.95 1295 10.25 1203 9.55 1110 8.85 1018 8.15 926 7.45 835
10.94 1294 10.24 1201 9.54 1109 8.84 1017 8.14 925 7.44 833
10.93 1293 10.23 1200 9.53 1108 8.83 1015 8.13 924 7.43 832
10.92 1291 10.22 1198 9.52 1106 8.82 1014 8.12 922 7.42 831
10.91 1290 10.21 1197 9.51 1105 8.81 1012 8.11 921 7.41 830
10.90 1289 10.20 1196 9.50 1103 8.80 1011 8.10 919 7.40 828
10.89 1288 10.19 1195 9.49 1102 8.79 1010 8.09 918 7.39 827
10.88 1286 10.18 1193 9.48 1101 8.78 1009 8.08 917 7.38 825
10.87 1285 10.17 1192 9.47 1100 8.77 1007 8.07 916 7.37 824
10.86 1283 10.16 1191 9.46 1098 8.76 1006 8.06 914 7.36 823
10.85 1282 10.15 1189 9.45 1097 8.75 1005 8.05 913 7.35 822
10.84 1281 10.14 1188 9.44 1096 8.74 1004 8.04 912 7.34 820
10.83 1279 10.13 1186 9.43 1094 8.73 1002 8.03 911 7.33 819
10.82 1278 10.12 1185 9.42 1093 8.72 1000 8.02 909 7.32 818
10.81 1277 10.11 1184 9.41 1091 8.71 999 8.01 907 7.31 817
10.80 1276 10.10 1183 9.40 1090 8.70 998 8.00 906 7.30 815
10.79 1274 10.09 1181 9.39 1089 8.69 997 7.99 905 7.29 814
10.78 1273 10.08 1180 9.38 1088 8.68 996 7.98 904 7.28 812
10.77 1271 10.07 1179 9.37 1086 8.67 994 7.97 903 7.27 811
10.76 1270 10.06 1177 9.36 1085 8.66 993 7.96 901 7.26 810
10.75 1269 10.05 1176 9.35 1084 8.65 992 7.95 900 7.25 809
10.74 1267 10.04 1175 9.34 1082 8.64 991 7.94 899 7.24 808
10.73 1266 10.03 1173 9.33 1081 8.63 989 7.93 898 7.23 806
10.72 1265 10.02 1172 9.32 1080 8.62 987 7.92 896 7.22 805
10.71 1264 10.01 1171 9.31 1078 8.61 986 7.91 894 7.21 803
10.70 1262 10.00 1170 9.30 1077 8.60 985 7.90 893 7.20 802
10.69 1261 9.99 1168 9.29 1076 8.59 984 7.89 892 7.19 801
10.68 1259 9.98 1167 9.28 1075 8.58 982 7.88 891 7.18 800
10.67 1258 9.97 1165 9.27 1073 8.57 981 7.87 890 7.17 798
7.16 797 6.46 706 5.76 616 5.06 527 4.36 438 3.66 350
7.15 796 6.45 705 5.75 615 5.05 525 4.35 437 3.65 349
7.14 795 6.44 704 5.74 614 5.04 524 4.34 435 3.64 347
7.13 793 6.43 703 5.73 612 5.03 523 4.33 434 3.63 346
7.12 792 6.42 701 5.72 611 5.02 522 4.32 433 3.62 345
7.11 790 6.41 700 5.71 610 5.01 521 4.31 432 3.61 344
7.10 789 6.40 698 5.70 609 5.00 519 4.30 431 3.60 343
7.09 788 6.39 697 5.69 607 4.99 518 4.29 429 3.59 341
7.08 787 6.38 696 5.68 606 4.98 516 4.28 428 3.58 340
7.07 785 6.37 695 5.67 605 4.97 515 4.27 426 3.57 339
7.06 784 6.36 693 5.66 603 4.96 514 4.26 425 3.56 337
7.05 783 6.35 692 5.65 602 4.95 513 4.25 424 3.55 336
7.04 782 6.34 691 5.64 601 4.94 512 4.24 423 3.54 335
7.03 780 6.33 690 5.63 600 4.93 510 4.23 422 3.53 334
7.02 779 6.32 688 5.62 599 4.92 509 4.22 420 3.52 333
7.01 777 6.31 687 5.61 597 4.91 508 4.21 419 3.51 331
7.00 776 6.30 686 5.60 595 4.90 507 4.20 418 3.50 330
6.99 775 6.29 684 5.59 594 4.89 505 4.19 417 3.49 329
6.98 774 6.28 683 5.58 593 4.88 504 4.18 415 3.48 328
6.97 772 6.27 682 5.57 592 4.87 502 4.17 414 3.47 326
6.96 771 6.26 681 5.56 591 4.86 501 4.16 413 3.46 325
6.95 770 6.25 679 5.55 589 4.85 500 4.15 411 3.45 324
6.94 768 6.24 678 5.54 588 4.84 499 4.14 410 3.44 323
6.93 767 6.23 676 5.53 587 4.83 498 4.13 409 3.43 321
6.92 766 6.22 675 5.52 585 4.82 496 4.12 408 3.42 320
6.91 765 6.21 674 5.51 584 4.81 495 4.11 407 3.41 319
6.90 763 6.20 673 5.50 583 4.80 493 4.10 406 3.40 318
6.89 762 6.19 672 5.49 582 4.79 492 4.09 404 3.39 317
6.88 761 6.18 670 5.48 580 4.78 491 4.08 403 3.38 315
6.87 760 6.17 669 5.47 579 4.77 490 4.07 401 3.37 314
6.86 758 6.16 668 5.46 578 4.76 489 4.06 400 3.36 313
6.85 757 6.15 667 5.45 577 4.75 487 4.05 399 3.35 311
6.84 755 6.14 665 5.44 575 4.74 486 4.04 398 3.34 310
6.83 754 6.13 664 5.43 574 4.73 485 4.03 397 3.33 309
6.82 753 6.12 662 5.42 572 4.72 484 4.02 395 3.32 308
6.81 752 6.11 661 5.41 571 4.71 482 4.01 394 3.31 307
6.80 750 6.10 660 5.40 570 4.70 481 4.00 392 3.30 306
6.79 749 6.09 659 5.39 569 4.69 480 3.99 391 3.29 304
6.78 748 6.08 657 5.38 568 4.68 478 3.98 390 3.28 303
6.77 747 6.07 656 5.37 566 4.67 477 3.97 389 3.27 301
6.76 745 6.06 655 5.36 565 4.66 476 3.96 388 3.26 300
6.75 744 6.05 653 5.35 564 4.65 475 3.95 386 3.25 299
6.74 742 6.04 652 5.34 562 4.64 474 3.94 385 3.24 298
6.73 741 6.03 651 5.33 561 4.63 472 3.93 384 3.23 297
6.72 740 6.02 650 5.32 560 4.62 471 3.92 383 3.22 296
6.71 739 6.01 648 5.31 559 4.61 469 3.91 381 3.21 294
6.70 738 6.00 647 5.30 557 4.60 468 3.90 380 3.20 293
6.69 736 5.99 646 5.29 556 4.59 467 3.89 379 3.19 291
6.68 735 5.98 645 5.28 555 4.58 466 3.88 378 3.18 290
6.67 733 5.97 643 5.27 554 4.57 465 3.87 376 3.17 289
6.66 732 5.96 642 5.26 553 4.56 463 3.86 375 3.16 288
6.65 731 5.95 640 5.25 551 4.55 462 3.85 374 3.15 287
6.64 730 5.94 639 5.24 549 4.54 460 3.84 373 3.14 286
6.63 728 5.93 638 5.23 548 4.53 459 3.83 372 3.13 284
6.62 727 5.92 637 5.22 547 4.52 458 3.82 370 3.12 283
6.61 726 5.91 636 5.21 546 4.51 457 3.81 369 3.11 281
6.60 725 5.90 634 5.20 545 4.50 456 3.80 367 3.10 280
6.59 723 5.89 633 5.19 543 4.49 454 3.79 366 3.09 279
6.58 722 5.88 632 5.18 542 4.48 453 3.78 365 3.08 278
6.57 720 5.87 630 5.17 541 4.47 452 3.77 364 3.07 277
6.56 719 5.86 629 5.16 539 4.46 451 3.76 363 3.06 276
6.55 718 5.85 628 5.15 538 4.45 449 3.75 362 3.05 274
6.54 717 5.84 626 5.14 537 4.44 448 3.74 360 3.04 273
6.53 715 5.83 625 5.13 536 4.43 447 3.73 359 3.03 272
6.52 714 5.82 624 5.12 534 4.42 445 3.72 357 3.02 270
6.51 713 5.81 623 5.11 533 4.41 444 3.71 356 3.01 269
6.50 711 5.80 622 5.10 532 4.40 443 3.70 355 3.00 268
6.49 710 5.79 620 5.09 531 4.39 442 3.69 354 2.99 267
6.48 709 5.78 619 5.08 530 4.38 441 3.68 353 2.98 266
6.47 708 5.77 617 5.07 528 4.37 440 3.67 352 2.97 265
2.96 263 2.58 216 2.20 170 1.82 125 1.44 80 1.06 36
2.95 262 2.57 215 2.19 169 1.81 124 1.43 79 1.05 35
2.94 261 2.56 214 2.18 168 1.80 123 1.42 78 1.04 34
2.93 259 2.55 213 2.17 167 1.79 122 1.41 77 1.03 33
2.92 258 2.54 212 2.16 166 1.78 120 1.40 75 1.02 32
2.91 257 2.53 211 2.15 165 1.77 119 1.39 74 1.01 31
2.90 256 2.52 209 2.14 164 1.76 118 1.38 73 1.00 30
2.89 255 2.51 208 2.13 162 1.75 117 1.37 72 0.99 29
2.88 253 2.50 207 2.12 161 1.74 115 1.36 71 0.98 28
2.87 252 2.49 205 2.11 160 1.73 114 1.35 70 0.97 26
2.86 251 2.48 204 2.10 158 1.72 113 1.34 69 0.96 25
2.85 250 2.47 203 2.09 157 1.71 112 1.33 67 0.95 24
2.84 248 2.46 202 2.08 156 1.70 111 1.32 66 0.94 23
2.83 247 2.45 201 2.07 155 1.69 109 1.31 65 0.93 22
2.82 246 2.44 200 2.06 154 1.68 108 1.30 64 0.92 21
2.81 245 2.43 198 2.05 153 1.67 107 1.29 63 0.91 20
2.80 244 2.42 197 2.04 151 1.66 106 1.28 62 0.90 19
2.79 242 2.41 196 2.03 150 1.65 105 1.27 61 0.89 18
2.78 241 2.40 194 2.02 149 1.64 104 1.26 60 0.88 17
2.77 240 2.39 193 2.01 148 1.63 103 1.25 58 0.87 16
2.76 238 2.38 192 2.00 146 1.62 101 1.24 57 0.86 15
2.75 237 2.37 191 1.99 145 1.61 100 1.23 56 0.85 14
2.74 236 2.36 190 1.98 144 1.60 99 1.22 55 0.84 12
2.73 235 2.35 189 1.97 143 1.59 98 1.21 54 0.83 11
2.72 234 2.34 188 1.96 142 1.58 96 1.20 53 0.82 10
2.71 233 2.33 186 1.95 140 1.57 95 1.19 51 0.81 9
2.70 231 2.32 185 1.94 139 1.56 94 1.18 50 0.80 8
2.69 230 2.31 184 1.93 138 1.55 93 1.17 49 0.79 7
2.68 229 2.30 182 1.92 137 1.54 92 1.16 48 0.78 6
2.67 227 2.29 181 1.91 136 1.53 91 1.15 47 0.77 5
2.66 226 2.28 180 1.90 135 1.52 90 1.14 46 0.76 4
2.65 225 2.27 179 1.89 133 1.51 88 1.13 44 0.75 3
2.64 224 2.26 178 1.88 132 1.50 87 1.12 43 0.74 2
2.63 223 2.25 177 1.87 131 1.49 86 1.11 42 0.73 1
2.62 222 2.24 176 1.86 129 1.48 85 1.10 41
2.61 220 2.23 174 1.85 128 1.47 84 1.09 40
2.60 219 2.22 173 1.84 127 1.46 83 1.08 39
2.59 218 2.21 172 1.83 126 1.45 81 1.07 38
