23.99 1350
23.97 1349
23.96 1348
23.94 1347
23.92 1346
23.91 1345
23.89 1344
23.88 1343
23.86 1342
23.85 1341
23.83 1340
23.81 1339
23.80 1338
23.78 1337
23.77 1336
23.75 1335
23.73 1334
23.72 1333
23.70 1332
23.69 1331
23.67 1330
23.66 1329
23.64 1328
23.62 1327
23.61 1326
23.59 1325
23.58 1324
23.56 1323
23.54 1322
23.53 1321
23.51 1320
23.50 1319
23.48 1318
23.46 1317
23.45 1316
23.43 1315
23.42 1314
23.40 1313
23.39 1312
23.37 1311
23.35 1310
23.34 1309
23.32 1308
23.31 1307
23.29 1306
23.27 1305
23.26 1304
23.24 1303
23.23 1302
23.21 1301
23.19 1300
23.18 1299
23.16 1298
23.15 1297
23.13 1296
23.12 1295
23.10 1294
23.08 1293
23.07 1292
23.05 1291
23.04 1290
23.02 1289
23.00 1288
22.99 1287
22.97 1286
22.96 1285
22.94 1284
22.92 1283
22.91 1282
22.89 1281
22.88 1280
22.86 1279
22.84 1278
22.83 1277
22.81 1276
22.80 1275
22.78 1274
22.77 1273
22.75 1272
22.73 1271
22.72 1270
22.70 1269
22.69 1268
22.67 1267
22.65 1266
22.64 1265
22.62 1264
22.61 1263
22.59 1262
22.57 1261
22.56 1260
22.54 1259
22.53 1258
22.51 1257
22.49 1256
22.48 1255
22.46 1254
22.45 1253
22.43 1252
22.42 1251

22.40 1250
22.38 1249
22.37 1248
22.35 1247
22.34 1246
22.32 1245
22.30 1244
22.29 1243
22.27 1242
22.26 1241
22.24 1240
22.22 1239
22.21 1238
22.19 1237
22.18 1236
22.16 1235
22.14 1234
22.13 1233
22.11 1232
22.10 1231
22.08 1230
22.06 1229
22.05 1228
22.03 1227
22.02 1226
22.00 1225
21.99 1224
21.97 1223
21.95 1222
21.94 1221
21.92 1220
21.91 1219
21.89 1218
21.87 1217
21.86 1216
21.84 1215
21.83 1214
21.81 1213
21.79 1212
21.78 1211
21.76 1210
21.75 1209
21.73 1208
21.71 1207
21.70 1206
21.68 1205
21.67 1204
21.65 1203
21.63 1202
21.62 1201

21.60 1200
21.59 1199
21.57 1198
21.55 1197
21.54 1196
21.52 1195
21.51 1194
21.49 1193
21.48 1192
21.46 1191
21.44 1190
21.43 1189
21.41 1188
21.40 1187
21.38 1186
21.36 1185
21.35 1184
21.33 1183
21.32 1182
21.30 1181
21.28 1180
21.27 1179
21.25 1178
21.24 1177
21.22 1176
21.20 1175
21.19 1174
21.17 1173
21.16 1172
21.14 1171
21.12 1170
21.11 1169
21.09 1168
21.08 1167
21.06 1166
21.04 1165
21.03 1164
21.01 1163
21.00 1162
20.98 1161
20.96 1160
20.95 1159
20.93 1158
20.92 1157
20.90 1156
20.88 1155
20.87 1154
20.85 1153
20.84 1152
20.82 1151

20.80 1150
20.79 1149
20.77 1148
20.76 1147
20.74 1146
20.72 1145
20.71 1144
20.69 1143
20.68 1142
20.66 1141
20.64 1140
20.63 1139
20.61 1138
20.60 1137
20.58 1136
20.56 1135
20.55 1134
20.53 1133
20.52 1132
20.50 1131
20.48 1130
20.47 1129
20.45 1128
20.44 1127
20.42 1126
20.40 1125
20.39 1124
20.37 1123
20.36 1122
20.34 1121
20.32 1120
20.31 1119
20.29 1118
20.28 1117
20.26 1116
20.24 1115
20.23 1114
20.21 1113
20.20 1112
20.18 1111
20.16 1110
20.15 1109
20.13 1108
20.12 1107
20.10 1106
20.08 1105
20.07 1104
20.05 1103
20.04 1102
20.02 1101
20.00 1100
19.99 1099
19.97 1098
19.96 1097
19.94 1096
19.92 1095
19.91 1094
19.89 1093
19.88 1092
19.86 1091
19.84 1090
19.83 1089
19.81 1088
19.80 1087
19.78 1086
19.76 1085
19.75 1084
19.73 1083
19.72 1082
19.70 1081
19.68 1080
19.67 1079
19.65 1078
19.64 1077
19.62 1076
19.60 1075
19.59 1074
19.57 1073
19.56 1072
19.54 1071
19.52 1070
19.51 1069
19.49 1068
19.48 1067
19.46 1066
19.44 1065
19.43 1064
19.41 1063
19.40 1062
19.38 1061
19.36 1060
19.35 1059
19.33 1058
19.31 1057
19.30 1056
19.28 1055
19.27 1054
19.25 1053
19.23 1052
19.22 1051

19.20 1050
19.19 1049
19.17 1048
19.15 1047
19.14 1046
19.12 1045
19.11 1044
19.09 1043
19.07 1042
19.06 1041
19.04 1040
19.03 1039
19.01 1038
18.99 1037
18.98 1036
18.96 1035
18.95 1034
18.93 1033
18.91 1032
18.90 1031
18.88 1030
18.87 1029
18.85 1028
18.83 1027
18.82 1026
18.80 1025
18.79 1024
18.77 1023
18.75 1022
18.74 1021
18.72 1020
18.70 1019
18.69 1018
18.67 1017
18.66 1016
18.64 1015
18.62 1014
18.61 1013
18.59 1012
18.58 1011
18.56 1010
18.54 1009
18.53 1008
18.51 1007
18.50 1006
18.48 1005
18.46 1004
18.45 1003
18.43 1002
18.42 1001

18.40 1000
18.38 999
18.37 998
18.35 997
18.33 996
18.32 995
18.30 994
18.29 993
18.27 992
18.25 991
18.24 990
18.22 989
18.21 988
18.19 987
18.17 986
18.16 985
18.14 984
18.13 983
18.11 982
18.09 981
18.08 980
18.06 979
18.04 978
18.03 977
18.01 976
18.00 975
17.98 974
17.96 973
17.95 972
17.93 971
17.92 970
17.90 969
17.88 968
17.87 967
17.85 966
17.84 965
17.82 964
17.80 963
17.79 962
17.77 961
17.75 960
17.74 959
17.72 958
17.71 957
17.69 956
17.67 955
17.66 954
17.64 953
17.63 952
17.61 951

17.59 950
17.58 949
17.56 948
17.55 947
17.53 946
17.51 945
17.50 944
17.48 943
17.46 942
17.45 941
17.43 940
17.42 939
17.40 938
17.38 937
17.37 936
17.35 935
17.34 934
17.32 933
17.30 932
17.29 931
17.27 930
17.25 929
17.24 928
17.22 927
17.21 926
17.19 925
17.17 924
17.16 923
17.14 922
17.13 921
17.11 920
17.09 919
17.08 918
17.06 917
17.04 916
17.03 915
17.01 914
17.00 913
16.98 912
16.96 911
16.95 910
16.93 909
16.92 908
16.90 907
16.88 906
16.87 905
16.85 904
16.83 903
16.82 902
16.80 901

16.79 900
16.77 899
16.75 898
16.74 897
16.72 896
16.71 895
16.69 894
16.67 893
16.66 892
16.64 891
16.62 890
16.61 889
16.59 888
16.58 887
16.56 886
16.54 885
16.53 884
16.51 883
16.49 882
16.48 881
16.46 880
16.45 879
16.43 878
16.41 877
16.40 876
16.38 875
16.37 874
16.35 873
16.33 872
16.32 871
16.30 870
16.28 869
16.27 868
16.25 867
16.24 866
16.22 865
16.20 864
16.19 863
16.17 862
16.15 861
16.14 860
16.12 859
16.11 858
16.09 857
16.07 856
16.06 855
16.04 854
16.03 853
16.01 852
15.99 851
15.98 850
15.96 849
15.94 848
15.93 847
15.91 846
15.90 845
15.88 844
15.86 843
15.85 842
15.83 841
15.81 840
15.80 839
15.78 838
15.77 837
15.75 836
15.73 835
15.72 834
15.70 833
15.68 832
15.67 831
15.65 830
15.64 829
15.62 828
15.60 827
15.59 826
15.57 825
15.55 824
15.54 823
15.52 822
15.51 821
15.49 820
15.47 819
15.46 818
15.44 817
15.42 816
15.41 815
15.39 814
15.38 813
15.36 812
15.34 811
15.33 810
15.31 809
15.29 808
15.28 807
15.26 806
15.25 805
15.23 804
15.21 803
15.20 802
15.18 801

15.16 800
15.15 799
15.13 798
15.12 797
15.10 796
15.08 795
15.07 794
15.05 793
15.03 792
15.02 791
15.00 790
14.99 789
14.97 788
14.95 787
14.94 786
14.92 785
14.90 784
14.89 783
14.87 782
14.86 781
14.84 780
14.82 779
14.81 778
14.79 777
14.77 776
14.76 775
14.74 774
14.73 773
14.71 772
14.69 771
14.68 770
14.66 769
14.64 768
14.63 767
14.61 766
14.59 765
14.58 764
14.56 763
14.55 762
14.53 761
14.51 760
14.50 759
14.48 758
14.46 757
14.45 756
14.43 755
14.42 754
14.40 753
14.38 752
14.37 751

14.35 750
14.33 749
14.32 748
14.30 747
14.29 746
14.27 745
14.25 744
14.24 743
14.22 742
14.20 741
14.19 740
14.17 739
14.15 738
14.14 737
14.12 736
14.11 735
14.09 734
14.07 733
14.06 732
14.04 731
14.02 730
14.01 729
13.99 728
13.97 727
13.96 726
13.94 725
13.93 724
13.91 723
13.89 722
13.88 721
13.86 720
13.84 719
13.83 718
13.81 717
13.80 716
13.78 715
13.76 714
13.75 713
13.73 712
13.71 711
13.70 710
13.68 709
13.66 708
13.65 707
13.63 706
13.62 705
13.60 704
13.58 703
13.57 702
13.55 701

13.53 700
13.52 699
13.50 698
13.48 697
13.47 696
13.45 695
13.44 694
13.42 693
13.40 692
13.39 691
13.37 690
13.35 689
13.34 688
13.32 687
13.30 686
13.29 685
13.27 684
13.26 683
13.24 682
13.22 681
13.21 680
13.19 679
13.17 678
13.16 677
13.14 676
13.12 675
13.11 674
13.09 673
13.07 672
13.06 671
13.04 670
13.03 669
13.01 668
12.99 667
12.98 666
12.96 665
12.94 664
12.93 663
12.91 662
12.89 661
12.88 660
12.86 659
12.85 658
12.83 657
12.81 656
12.80 655
12.78 654
12.76 653
12.75 652
12.73 651

12.71 650
12.70 649
12.68 648
12.66 647
12.65 646
12.63 645
12.62 644
12.60 643
12.58 642
12.57 641
12.55 640
12.53 639
12.52 638
12.50 637
12.48 636
12.47 635
12.45 634
12.43 633
12.42 632
12.40 631
12.39 630
12.37 629
12.35 628
12.34 627
12.32 626
12.30 625
12.29 624
12.27 623
12.25 622
12.24 621
12.22 620
12.20 619
12.19 618
12.17 617
12.15 616
12.14 615
12.12 614
12.11 613
12.09 612
12.07 611
12.06 610
12.04 609
12.02 608
12.01 607
11.99 606
11.97 605
11.96 604
11.94 603
11.92 602
11.91 601
11.89 600
11.87 599
11.86 598
11.84 597
11.83 596
11.81 595
11.79 594
11.78 593
11.76 592
11.74 591
11.73 590
11.71 589
11.69 588
11.68 587
11.66 586
11.64 585
11.63 584
11.61 583
11.59 582
11.58 581
11.56 580
11.54 579
11.53 578
11.51 577
11.50 576
11.48 575
11.46 574
11.45 573
11.43 572
11.41 571
11.40 570
11.38 569
11.36 568
11.35 567
11.33 566
11.31 565
11.30 564
11.28 563
11.26 562
11.25 561
11.23 560
11.21 559
11.20 558
11.18 557
11.16 556
11.15 555
11.13 554
11.11 553
11.10 552
11.08 551

11.07 550
11.05 549
11.03 548
11.02 547
11.00 546
10.98 545
10.97 544
10.95 543
10.93 542
10.92 541
10.90 540
10.88 539
10.87 538
10.85 537
10.83 536
10.82 535
10.80 534
10.78 533
10.77 532
10.75 531
10.73 530
10.72 529
10.70 528
10.68 527
10.67 526
10.65 525
10.63 524
10.62 523
10.60 522
10.58 521
10.57 520
10.55 519
10.53 518
10.52 517
10.50 516
10.48 515
10.47 514
10.45 513
10.43 512
10.42 511
10.40 510
10.39 509
10.37 508
10.35 507
10.34 506
10.32 505
10.30 504
10.29 503
10.27 502
10.25 501

10.24 500
10.22 499
10.20 498
10.19 497
10.17 496
10.15 495
10.14 494
10.12 493
10.10 492
10.09 491
10.07 490
10.05 489
10.04 488
10.02 487
10.00 486
9.99 485
9.97 484
9.95 483
9.94 482
9.92 481
9.90 480
9.89 479
9.87 478
9.85 477
9.84 476
9.82 475
9.80 474
9.79 473
9.77 472
9.75 471
9.74 470
9.72 469
9.70 468
9.69 467
9.67 466
9.65 465
9.64 464
9.62 463
9.60 462
9.59 461
9.57 460
9.55 459
9.54 458
9.52 457
9.50 456
9.49 455
9.47 454
9.45 453
9.44 452
9.42 451

9.40 450
9.39 449
9.37 448
9.35 447
9.34 446
9.32 445
9.30 444
9.28 443
9.27 442
9.25 441
9.23 440
9.22 439
9.20 438
9.18 437
9.17 436
9.15 435
9.13 434
9.12 433
9.10 432
9.08 431
9.07 430
9.05 429
9.03 428
9.02 427
9.00 426
8.98 425
8.97 424
8.95 423
8.93 422
8.92 421
8.90 420
8.88 419
8.87 418
8.85 417
8.83 416
8.82 415
8.80 414
8.78 413
8.77 412
8.75 411
8.73 410
8.72 409
8.70 408
8.68 407
8.66 406
8.65 405
8.63 404
8.61 403
8.60 402
8.58 401

8.56 400
8.55 399
8.53 398
8.51 397
8.50 396
8.48 395
8.46 394
8.45 393
8.43 392
8.41 391
8.40 390
8.38 389
8.36 388
8.35 387
8.33 386
8.31 385
8.29 384
8.28 383
8.26 382
8.24 381
8.23 380
8.21 379
8.19 378
8.18 377
8.16 376
8.14 375
8.13 374
8.11 373
8.09 372
8.08 371
8.06 370
8.04 369
8.03 368
8.01 367
7.99 366
7.97 365
7.96 364
7.94 363
7.92 362
7.91 361
7.89 360
7.87 359
7.86 358
7.84 357
7.82 356
7.81 355
7.79 354
7.77 353
7.75 352
7.74 351
7.72 350
7.70 349
7.69 348
7.67 347
7.65 346
7.64 345
7.62 344
7.60 343
7.59 342
7.57 341
7.55 340
7.53 339
7.52 338
7.50 337
7.48 336
7.47 335
7.45 334
7.43 333
7.42 332
7.40 331
7.38 330
7.37 329
7.35 328
7.33 327
7.31 326
7.30 325
7.28 324
7.26 323
7.25 322
7.23 321
7.21 320
7.20 319
7.18 318
7.16 317
7.14 316
7.13 315
7.11 314
7.09 313
7.08 312
7.06 311
7.04 310
7.03 309
7.01 308
6.99 307
6.97 306
6.96 305
6.94 304
6.92 303
6.91 302
6.89 301

6.87 300
6.86 299
6.84 298
6.82 297
6.80 296
6.79 295
6.77 294
6.75 293
6.74 292
6.72 291
6.70 290
6.68 289
6.67 288
6.65 287
6.63 286
6.62 285
6.60 284
6.58 283
6.57 282
6.55 281
6.53 280
6.51 279
6.50 278
6.48 277
6.46 276
6.45 275
6.43 274
6.41 273
6.39 272
6.38 271
6.36 270
6.34 269
6.33 268
6.31 267
6.29 266
6.27 265
6.26 264
6.24 263
6.22 262
6.21 261
6.19 260
6.17 259
6.15 258
6.14 257
6.12 256
6.10 255
6.09 254
6.07 253
6.05 252
6.03 251

6.02 250
6.00 249
5.98 248
5.97 247
5.95 246
5.93 245
5.91 244
5.90 243
5.88 242
5.86 241
5.84 240
5.83 239
5.81 238
5.79 237
5.78 236
5.76 235
5.74 234
5.72 233
5.71 232
5.69 231
5.67 230
5.66 229
5.64 228
5.62 227
5.60 226
5.59 225
5.57 224
5.55 223
5.53 222
5.52 221
5.50 220
5.48 219
5.46 218
5.45 217
5.43 216
5.41 215
5.40 214
5.38 213
5.36 212
5.34 211
5.33 210
5.31 209
5.29 208
5.27 207
5.26 206
5.24 205
5.22 204
5.21 203
5.19 202
5.17 201

5.15 200
5.14 199
5.12 198
5.10 197
5.08 196
5.07 195
5.05 194
5.03 193
5.01 192
5.00 191
4.98 190
4.96 189
4.94 188
4.93 187
4.91 186
4.89 185
4.87 184
4.86 183
4.84 182
4.82 181
4.80 180
4.79 179
4.77 178
4.75 177
4.73 176
4.72 175
4.70 174
4.68 173
4.66 172
4.65 171
4.63 170
4.61 169
4.59 168
4.58 167
4.56 166
4.54 165
4.52 164
4.51 163
4.49 162
4.47 161
4.45 160
4.44 159
4.42 158
4.40 157
4.38 156
4.37 155
4.35 154
4.33 153
4.31 152
4.30 151

4.28 150
4.26 149
4.24 148
4.23 147
4.21 146
4.19 145
4.17 144
4.16 143
4.14 142
4.12 141
4.10 140
4.08 139
4.07 138
4.05 137
4.03 136
4.01 135
4.00 134
3.98 133
3.96 132
3.94 131
3.93 130
3.91 129
3.89 128
3.87 127
3.85 126
3.84 125
3.82 124
3.80 123
3.78 122
3.77 121
3.75 120
3.73 119
3.71 118
3.69 117
3.68 116
3.66 115
3.64 114
3.62 113
3.61 112
3.59 111
3.57 110
3.55 109
3.53 108
3.52 107
3.50 106
3.48 105
3.46 104
3.44 103
3.43 102
3.41 101
3.39 100
3.37 99
3.35 98
3.34 97
3.32 96
3.30 95
3.28 94
3.26 93
3.25 92
3.23 91
3.21 90
3.19 89
3.17 88
3.16 87
3.14 86
3.12 85
3.10 84
3.08 83
3.07 82
3.05 81
3.03 80
3.01 79
2.99 78
2.97 77
2.96 76
2.94 75
2.92 74
2.90 73
2.88 72
2.87 71

2.85 70
2.83 69
2.81 68
2.79 67
2.77 66
2.76 65
2.74 64
2.72 63
2.70 62
2.68 61
2.66 60
2.65 59
2.63 58
2.61 57
2.59 56
2.57 55
2.55 54
2.53 53
2.52 52
2.50 51
2.48 50
2.46 49
2.44 48
2.42 47
2.40 46
2.39 45
2.37 44
2.35 43
2.33 42
2.31 41

2.29 40
2.27 39
2.26 38
2.24 37
2.22 36
2.20 35
2.18 34
2.16 33
2.14 32
2.12 31
2.10 30
2.08 29
2.07 28
2.05 27
2.03 26
2.01 25
1.99 24
1.97 23
1.95 22
1.93 21
1.91 20
1.89 19
1.87 18
1.85 17
1.83 16
1.81 15
1.79 14
1.78 13
1.76 12
1.74 11

1.72 10
1.70 9
1.68 8
1.65 7
1.63 6
1.61 5
1.59 4
1.57 3
1.55 2
1.53 1
