7.20 1520 6.50 1244 5.80 985 5.10 747 4.40 527 3.70 331
7.19 1516 6.49 1240 5.79 981 5.09 744 4.39 524 3.69 329
7.18 1512 6.48 1237 5.78 978 5.08 738 4.38 522 3.68 326
7.17 1505 6.47 1233 5.77 975 5.07 735 4.37 519 3.67 324
7.16 1501 6.46 1230 5.76 972 5.06 732 4.36 516 3.66 322
7.15 1498 6.45 1227 5.75 969 5.05 729 4.35 511 3.65 319
7.14 1494 6.44 1220 5.74 965 5.04 726 4.34 508 3.64 317
7.13 1491 6.43 1216 5.73 962 5.03 723 4.33 506 3.63 312
7.12 1487 6.42 1213 5.72 956 5.02 720 4.32 503 3.62 310
7.11 1483 6.41 1210 5.71 953 5.01 717 4.31 500 3.61 308
7.10 1480 6.40 1206 5.70 949 5.00 715 4.30 498 3.60 306
7.09 1476 6.39 1203 5.69 946 4.99 709 4.29 495 3.59 303
7.08 1469 6.38 1199 5.68 943 4.98 706 4.28 492 3.58 301
7.07 1465 6.37 1196 5.67 940 4.97 703 4.27 490 3.57 299
7.06 1462 6.36 1193 5.66 937 4.96 700 4.26 485 3.56 296
7.05 1458 6.35 1186 5.65 934 4.95 697 4.25 482 3.55 294
7.04 1455 6.34 1182 5.64 930 4.94 694 4.24 479 3.54 290
7.03 1451 6.33 1179 5.63 924 4.93 691 4.23 477 3.53 287
7.02 1447 6.32 1176 5.62 921 4.92 688 4.22 474 3.52 285
7.01 1444 6.31 1172 5.61 918 4.91 686 4.21 472 3.51 283
7.00 1440 6.30 1169 5.60 915 4.90 680 4.20 469 3.50 281
6.99 1433 6.29 1165 5.59 912 4.89 677 4.19 466 3.49 279
6.98 1429 6.28 1162 5.58 908 4.88 674 4.18 464 3.48 276
6.97 1426 6.27 1159 5.57 905 4.87 671 4.17 459 3.47 274
6.96 1422 6.26 1152 5.56 902 4.86 668 4.16 456 3.46 272
6.95 1419 6.25 1149 5.55 899 4.85 665 4.15 454 3.45 267
6.94 1415 6.24 1145 5.54 893 4.84 663 4.14 451 3.44 265
6.93 1412 6.23 1142 5.53 890 4.83 660 4.13 448 3.43 263
6.92 1408 6.22 1139 5.52 887 4.82 657 4.12 446 3.42 261
6.91 1404 6.21 1135 5.51 883 4.81 651 4.11 443 3.41 259
6.90 1397 6.20 1132 5.50 880 4.80 648 4.10 441 3.40 257
6.89 1394 6.19 1129 5.49 877 4.79 645 4.09 438 3.39 254
6.88 1390 6.18 1125 5.48 874 4.78 643 4.08 433 3.38 252
6.87 1387 6.17 1119 5.47 871 4.77 640 4.07 431 3.37 250
6.86 1383 6.16 1115 5.46 868 4.76 637 4.06 428 3.36 246
6.85 1380 6.15 1112 5.45 865 4.75 634 4.05 426 3.35 244
6.84 1376 6.14 1109 5.44 859 4.74 631 4.04 423 3.34 242
6.83 1373 6.13 1105 5.43 856 4.73 628 4.03 421 3.33 239
6.82 1369 6.12 1102 5.42 853 4.72 623 4.02 418 3.32 237
6.81 1362 6.11 1099 5.41 850 4.71 620 4.01 416 3.31 235
6.80 1358 6.10 1095 5.40 846 4.70 617 4.00 413 3.30 233
6.79 1355 6.09 1092 5.39 843 4.69 614 3.99 408 3.29 231
6.78 1351 6.08 1085 5.38 840 4.68 612 3.98 406 3.28 229
6.77 1348 6.07 1082 5.37 837 4.67 609 3.97 403 3.27 227
6.76 1344 6.06 1079 5.36 834 4.66 606 3.96 401 3.26 223
6.75 1341 6.05 1076 5.35 828 4.65 603 3.95 398 3.25 220
6.74 1337 6.04 1072 5.34 825 4.64 601 3.94 396 3.24 218
6.73 1334 6.03 1069 5.33 822 4.63 595 3.93 393 3.23 216
6.72 1327 6.02 1066 5.32 819 4.62 592 3.92 391 3.22 214
6.71 1323 6.01 1062 5.31 816 4.61 589 3.91 388 3.21 212
6.70 1320 6.00 1059 5.30 813 4.60 587 3.90 384 3.20 210
6.69 1316 5.99 1053 5.29 810 4.59 584 3.89 381 3.19 208
6.68 1313 5.98 1049 5.28 807 4.58 581 3.88 379 3.18 206
6.67 1309 5.97 1046 5.27 804 4.57 578 3.87 376 3.17 202
6.66 1306 5.96 1043 5.26 798 4.56 576 3.86 374 3.16 200
6.65 1302 5.95 1040 5.25 795 4.55 573 3.85 371 3.15 198
6.64 1299 5.94 1036 5.24 792 4.54 567 3.84 369 3.14 196
6.63 1292 5.93 1033 5.23 789 4.53 565 3.83 367 3.13 194
6.62 1289 5.92 1030 5.22 786 4.52 562 3.82 364 3.12 192
6.61 1285 5.91 1027 5.21 783 4.51 559 3.81 359 3.11 190
6.60 1282 5.90 1020 5.20 780 4.50 557 3.80 357 3.10 188
6.59 1278 5.89 1017 5.19 777 4.49 554 3.79 355 3.09 186
6.58 1275 5.88 1014 5.18 774 4.48 551 3.78 352 3.08 182
6.57 1271 5.87 1010 5.17 768 4.47 548 3.77 350 3.07 180
6.56 1268 5.86 1007 5.16 765 4.46 546 3.76 347 3.06 178
6.55 1264 5.85 1004 5.15 762 4.45 540 3.75 345 3.05 176
6.54 1261 5.84 1001 5.14 759 4.44 538 3.74 343 3.04 174
6.53 1254 5.83 997 5.13 756 4.43 535 3.73 340 3.03 172
6.52 1251 5.82 994 5.12 753 4.42 532 3.72 336 3.02 170
6.51 1247 5.81 988 5.11 750 4.41 530 3.71 333 3.01 168
3.00 167 2.82 130 2.64 95 2.46 65 2.28 37 2.10 15
2.99 163 2.81 126 2.63 92 2.45 62 2.27 35 2.09 14
2.98 161 2.80 124 2.62 91 2.44 60 2.26 34 2.08 12
2.97 159 2.79 122 2.61 89 2.43 59 2.25 33 2.06 11
2.96 157 2.78 121 2.60 87 2.42 57 2.24 31 2.05 10
2.95 155 2.77 119 2.59 86 2.41 56 2.23 30 2.04 9
2.94 153 2.76 117 2.58 84 2.40 55 2.22 29 2.03 8
2.93 151 2.75 116 2.57 83 2.39 53 2.21 28 2.01 7
2.92 150 2.74 114 2.56 81 2.38 52 2.20 27 2.00 6
2.91 148 2.73 112 2.55 80 2.37 50 2.19 26 1.98 4
2.90 144 2.72 109 2.54 76 2.36 48 2.18 25 1.97 3
2.89 142 2.71 107 2.53 75 2.35 46 2.17 22 1.95 2
2.88 140 2.70 105 2.52 73 2.34 45 2.16 21 1.94 1
2.87 139 2.69 104 2.51 72 2.33 44 2.15 20
2.86 137 2.68 102 2.50 70 2.32 43 2.14 19
2.85 135 2.67 100 2.49 69 2.31 41 2.13 18
2.84 133 2.66 99 2.48 67 2.30 40 2.12 17
2.83 131 2.65 97 2.47 66 2.29 39 2.11 16
