5.14 1520 4.51 1176 3.88 859 3.25 573 2.62 324 1.99 122
5.13 1516 4.50 1172 3.87 856 3.24 570 2.61 322 1.98 121
5.12 1509 4.49 1165 3.86 850 3.23 565 2.60 317 1.97 117
5.11 1501 4.48 1159 3.85 843 3.22 559 2.59 312 1.96 114
5.10 1498 4.47 1155 3.84 840 3.21 557 2.58 310 1.95 112
5.09 1491 4.46 1149 3.83 834 3.20 551 2.57 306 1.94 109
5.08 1487 4.45 1145 3.82 831 3.19 548 2.56 303 1.93 107
5.07 1480 4.44 1139 3.81 825 3.18 543 2.55 299 1.92 104
5.06 1476 4.43 1135 3.80 822 3.17 540 2.54 296 1.91 102
5.05 1469 4.42 1129 3.79 816 3.16 535 2.53 292 1.90 99
5.04 1465 4.41 1125 3.78 813 3.15 532 2.52 290 1.89 97
5.03 1458 4.40 1119 3.77 807 3.14 527 2.51 285 1.88 94
5.02 1451 4.39 1112 3.76 801 3.13 522 2.50 281 1.87 91
5.01 1447 4.38 1109 3.75 798 3.12 519 2.49 279 1.86 89
5.00 1440 4.37 1102 3.74 792 3.11 514 2.48 274 1.85 86
4.99 1437 4.36 1099 3.73 789 3.10 511 2.47 272 1.84 84
4.98 1429 4.35 1092 3.72 783 3.09 506 2.46 267 1.83 81
4.97 1426 4.34 1089 3.71 780 3.08 503 2.45 265 1.82 80
4.96 1419 4.33 1082 3.70 774 3.07 498 2.44 261 1.81 76
4.95 1415 4.32 1079 3.69 771 3.06 495 2.43 259 1.80 75
4.94 1408 4.31 1072 3.68 765 3.05 490 2.42 254 1.79 72
4.93 1401 4.30 1066 3.67 759 3.04 485 2.41 250 1.78 69
4.92 1397 4.29 1062 3.66 756 3.03 482 2.40 248 1.77 67
4.91 1390 4.28 1056 3.65 750 3.02 477 2.39 244 1.76 65
4.90 1387 4.27 1053 3.64 747 3.01 474 2.38 242 1.75 63
4.89 1380 4.26 1046 3.63 741 3.00 469 2.37 237 1.74 60
4.88 1376 4.25 1043 3.62 738 2.99 466 2.36 235 1.73 59
4.87 1369 4.24 1036 3.61 732 2.98 461 2.35 231 1.72 56
4.86 1366 4.23 1033 3.60 729 2.97 459 2.34 229 1.71 55
4.85 1358 4.22 1027 3.59 723 2.96 454 2.33 225 1.70 52
4.84 1351 4.21 1020 3.58 717 2.95 448 2.32 220 1.69 49
4.83 1348 4.20 1017 3.57 715 2.94 446 2.31 218 1.68 48
4.82 1341 4.19 1010 3.56 709 2.93 441 2.30 214 1.67 45
4.81 1337 4.18 1007 3.55 706 2.92 438 2.29 212 1.66 44
4.80 1330 4.17 1001 3.54 700 2.91 433 2.28 208 1.65 41
4.79 1327 4.16 997 3.53 697 2.90 431 2.27 206 1.64 40
4.78 1320 4.15 991 3.52 691 2.89 426 2.26 202 1.63 37
4.77 1316 4.14 988 3.51 688 2.88 423 2.25 200 1.62 36
4.76 1309 4.13 981 3.50 683 2.87 418 2.24 196 1.61 34
4.75 1302 4.12 975 3.49 677 2.86 413 2.23 192 1.60 31
4.74 1299 4.11 972 3.48 674 2.85 411 2.22 190 1.59 30
4.73 1292 4.10 965 3.47 668 2.84 406 2.21 186 1.58 28
4.72 1289 4.09 962 3.46 665 2.83 403 2.20 184 1.57 27
4.71 1282 4.08 956 3.45 660 2.82 398 2.19 180 1.56 25
4.70 1278 4.07 953 3.44 657 2.81 396 2.18 178 1.55 23
4.69 1271 4.06 946 3.43 651 2.80 391 2.17 174 1.54 21
4.68 1268 4.05 943 3.42 648 2.79 388 2.16 172 1.53 20
4.67 1261 4.04 937 3.41 643 2.78 384 2.15 168 1.52 18
4.66 1254 4.03 930 3.40 637 2.77 379 2.14 165 1.51 16
4.65 1251 4.02 927 3.39 634 2.76 376 2.13 163 1.50 15
4.64 1244 4.01 921 3.38 628 2.75 371 2.12 159 1.49 13
4.63 1240 4.00 918 3.37 626 2.74 369 2.11 157 1.48 12
4.62 1233 3.99 912 3.36 620 2.73 364 2.10 153 1.47 11
4.61 1230 3.98 908 3.35 617 2.72 362 2.09 151 1.46 10
4.60 1223 3.97 902 3.34 612 2.71 357 2.08 148 1.45 8
4.59 1220 3.96 899 3.33 609 2.70 355 2.07 146 1.44 7
4.58 1213 3.95 893 3.32 603 2.69 350 2.06 142 1.43 6
4.57 1206 3.94 887 3.31 598 2.68 345 2.05 139 1.41 4
4.56 1203 3.93 883 3.30 595 2.67 343 2.04 137 1.39 2
4.55 1196 3.92 877 3.29 589 2.66 338 2.03 133 1.38 1
4.54 1193 3.91 874 3.28 587 2.65 336 2.02 131
4.53 1186 3.90 868 3.27 581 2.64 331 2.01 128
4.52 1182 3.89 865 3.26 578 2.63 329 2.00 126
