4.72 1520 4.14 1176 3.56 859 2.98 570 2.40 322 1.82 121
4.71 1516 4.13 1169 3.55 853 2.97 567 2.39 317 1.81 117
4.70 1509 4.12 1165 3.54 846 2.96 562 2.38 315 1.80 114
4.69 1501 4.11 1159 3.53 843 2.95 557 2.37 310 1.79 112
4.68 1494 4.10 1152 3.52 837 2.94 554 2.36 306 1.78 109
4.67 1491 4.09 1145 3.51 831 2.93 548 2.35 303 1.77 105
4.66 1483 4.08 1142 3.50 828 2.92 543 2.34 299 1.76 104
4.65 1476 4.07 1135 3.49 822 2.91 540 2.33 294 1.75 100
4.64 1473 4.06 1129 3.48 816 2.90 535 2.32 292 1.74 97
4.63 1465 4.05 1125 3.47 810 2.89 530 2.31 287 1.73 95
4.62 1458 4.04 1119 3.46 807 2.88 524 2.30 283 1.72 92
4.61 1455 4.03 1112 3.45 801 2.87 522 2.29 279 1.71 89
4.60 1447 4.02 1109 3.44 795 2.86 516 2.28 276 1.70 87
4.59 1440 4.01 1102 3.43 792 2.85 511 2.27 272 1.69 84
4.58 1433 4.00 1095 3.42 786 2.84 508 2.26 267 1.68 81
4.57 1429 3.99 1092 3.41 780 2.83 503 2.25 265 1.67 78
4.56 1422 3.98 1085 3.40 777 2.82 498 2.24 261 1.66 76
4.55 1415 3.97 1079 3.39 771 2.81 495 2.23 257 1.65 73
4.54 1412 3.96 1072 3.38 765 2.80 490 2.22 254 1.64 70
4.53 1404 3.95 1069 3.37 759 2.79 485 2.21 250 1.63 69
4.52 1397 3.94 1062 3.36 756 2.78 482 2.20 246 1.62 66
4.51 1394 3.93 1056 3.35 750 2.77 477 2.19 244 1.61 63
4.50 1387 3.92 1053 3.34 744 2.76 472 2.18 239 1.60 62
4.49 1380 3.91 1046 3.33 741 2.75 466 2.17 235 1.59 59
4.48 1376 3.90 1040 3.32 735 2.74 464 2.16 231 1.58 56
4.47 1369 3.89 1036 3.31 729 2.73 459 2.15 229 1.57 55
4.46 1362 3.88 1030 3.30 726 2.72 454 2.14 225 1.56 52
4.45 1355 3.87 1023 3.29 720 2.71 451 2.13 220 1.55 49
4.44 1351 3.86 1017 3.28 715 2.70 446 2.12 218 1.54 46
4.43 1344 3.85 1014 3.27 712 2.69 441 2.11 214 1.53 45
4.42 1337 3.84 1007 3.26 706 2.68 438 2.10 210 1.52 43
4.41 1334 3.83 1001 3.25 700 2.67 433 2.09 208 1.51 40
4.40 1327 3.82 997 3.24 694 2.66 428 2.08 204 1.50 39
4.39 1320 3.81 991 3.23 691 2.65 423 2.07 200 1.49 36
4.38 1316 3.80 985 3.22 686 2.64 421 2.06 198 1.48 34
4.37 1309 3.79 981 3.21 680 2.63 416 2.05 194 1.47 33
4.36 1302 3.78 975 3.20 677 2.62 411 2.04 190 1.46 30
4.35 1299 3.77 969 3.19 671 2.61 408 2.03 186 1.45 28
4.34 1292 3.76 965 3.18 665 2.60 403 2.02 184 1.44 26
4.33 1285 3.75 959 3.17 663 2.59 398 2.01 180 1.43 25
4.32 1278 3.74 953 3.16 657 2.58 396 2.00 176 1.42 22
4.31 1275 3.73 946 3.15 651 2.57 391 1.99 174 1.41 20
4.30 1268 3.72 943 3.14 648 2.56 386 1.98 170 1.40 19
4.29 1261 3.71 937 3.13 643 2.55 384 1.97 167 1.39 17
4.28 1257 3.70 930 3.12 637 2.54 379 1.96 165 1.38 15
4.27 1251 3.69 927 3.11 631 2.53 374 1.95 161 1.37 14
4.26 1244 3.68 921 3.10 628 2.52 369 1.94 157 1.36 12
4.25 1240 3.67 915 3.09 623 2.51 367 1.93 153 1.35 11
4.24 1233 3.66 912 3.08 617 2.50 362 1.92 151 1.34 10
4.23 1227 3.65 905 3.07 614 2.49 357 1.91 148 1.33 8
4.22 1220 3.64 899 3.06 609 2.48 355 1.90 144 1.32 7
4.21 1216 3.63 896 3.05 603 2.47 350 1.89 142 1.31 5
4.20 1210 3.62 890 3.04 601 2.46 345 1.88 139 1.30 4
4.19 1203 3.61 883 3.03 595 2.45 343 1.87 135 1.29 3
4.18 1199 3.60 877 3.02 589 2.44 338 1.86 133 1.28 2
4.17 1193 3.59 874 3.01 584 2.43 333 1.85 130 1.27 1
4.16 1186 3.58 868 3.00 581 2.42 331 1.84 126
4.15 1182 3.57 862 2.99 576 2.41 326 1.83 124
