3.69 1516 3.23 1169 2.77 846 2.31 557 1.85 308 1.39 107
3.68 1509 3.22 1159 2.76 840 2.30 551 1.84 303 1.38 104
3.67 1501 3.21 1152 2.75 834 2.29 546 1.83 299 1.37 100
3.66 1494 3.20 1145 2.74 828 2.28 540 1.82 292 1.36 97
3.65 1487 3.19 1139 2.73 819 2.27 535 1.81 287 1.35 94
3.64 1476 3.18 1132 2.72 813 2.26 530 1.80 283 1.34 91
3.63 1469 3.17 1125 2.71 807 2.25 524 1.79 279 1.33 86
3.62 1462 3.16 1115 2.70 801 2.24 516 1.78 274 1.32 83
3.61 1455 3.15 1109 2.69 795 2.23 511 1.77 270 1.31 80
3.60 1447 3.14 1102 2.68 789 2.22 506 1.76 263 1.30 76
3.59 1440 3.13 1095 2.67 780 2.21 500 1.75 259 1.29 73
3.58 1429 3.12 1089 2.66 774 2.20 495 1.74 254 1.28 70
3.57 1422 3.11 1082 2.65 768 2.19 490 1.73 250 1.27 66
3.56 1415 3.10 1072 2.64 762 2.18 482 1.72 246 1.26 63
3.55 1408 3.09 1066 2.63 756 2.17 477 1.71 242 1.25 60
3.54 1401 3.08 1059 2.62 750 2.16 472 1.70 235 1.24 57
3.53 1394 3.07 1053 2.61 741 2.15 466 1.69 231 1.23 55
3.52 1383 3.06 1046 2.60 735 2.14 461 1.68 227 1.22 52
3.51 1376 3.05 1040 2.59 729 2.13 456 1.67 223 1.21 48
3.50 1369 3.04 1033 2.58 723 2.12 448 1.66 218 1.20 45
3.49 1362 3.03 1023 2.57 717 2.11 443 1.65 214 1.19 43
3.48 1355 3.02 1017 2.56 712 2.10 438 1.64 208 1.18 40
3.47 1348 3.01 1010 2.55 703 2.09 433 1.63 204 1.17 37
3.46 1337 3.00 1004 2.54 697 2.08 428 1.62 200 1.16 35
3.45 1330 2.99 997 2.53 691 2.07 423 1.61 196 1.15 31
3.44 1323 2.98 991 2.52 686 2.06 416 1.60 192 1.14 29
3.43 1316 2.97 981 2.51 680 2.05 411 1.59 188 1.13 27
3.42 1309 2.96 975 2.50 674 2.04 406 1.58 182 1.12 25
3.41 1302 2.95 969 2.49 665 2.03 401 1.57 178 1.11 22
3.40 1292 2.94 962 2.48 660 2.02 396 1.56 174 1.10 20
3.39 1285 2.93 956 2.47 654 2.01 391 1.55 170 1.09 17
3.38 1278 2.92 949 2.46 648 2.00 384 1.54 167 1.08 15
3.37 1271 2.91 940 2.45 643 1.99 379 1.53 163 1.07 13
3.36 1264 2.90 934 2.44 637 1.98 374 1.52 159 1.06 11
3.35 1257 2.89 927 2.43 628 1.97 369 1.51 153 1.05 10
3.34 1247 2.88 921 2.42 623 1.96 364 1.50 150 1.04 8
3.33 1240 2.87 915 2.41 617 1.95 359 1.49 146 1.03 6
3.32 1233 2.86 908 2.40 612 1.94 352 1.48 142 1.02 4
3.31 1227 2.85 899 2.39 606 1.93 347 1.47 139 1.01 3
3.30 1220 2.84 893 2.38 601 1.92 343 1.46 135 1.00 2
3.29 1213 2.83 887 2.37 592 1.91 338 1.45 130 0.99 1
3.28 1203 2.82 880 2.36 587 1.90 333 1.44 126
3.27 1196 2.81 874 2.35 581 1.89 329 1.43 122
3.26 1189 2.80 868 2.34 576 1.88 322 1.42 119
3.25 1182 2.79 859 2.33 570 1.87 317 1.41 116
3.24 1176 2.78 853 2.32 565 1.86 312 1.40 112
