2.44 1512 2.14 1169 1.84 853 1.54 567 1.24 319 0.94 119
2.43 1501 2.13 1159 1.83 843 1.53 559 1.23 312 0.93 114
2.42 1491 2.12 1149 1.82 834 1.52 548 1.22 303 0.92 107
2.41 1476 2.11 1135 1.81 822 1.51 540 1.21 296 0.91 102
2.40 1465 2.10 1125 1.80 813 1.50 532 1.20 290 0.90 97
2.39 1455 2.09 1115 1.79 804 1.49 524 1.19 283 0.89 91
2.38 1444 2.08 1105 1.78 792 1.48 514 1.18 274 0.88 86
2.37 1429 2.07 1092 1.77 783 1.47 506 1.17 267 0.87 81
2.36 1419 2.06 1082 1.76 774 1.46 498 1.16 261 0.86 76
2.35 1408 2.05 1072 1.75 765 1.45 490 1.15 254 0.85 70
2.34 1397 2.04 1059 1.74 753 1.44 479 1.14 246 0.84 66
2.33 1383 2.03 1049 1.73 744 1.43 472 1.13 239 0.83 62
2.32 1373 2.02 1040 1.72 735 1.42 464 1.12 233 0.82 57
2.31 1362 2.01 1030 1.71 726 1.41 456 1.11 225 0.81 52
2.30 1351 2.00 1017 1.70 715 1.40 446 1.10 218 0.80 48
2.29 1337 1.99 1007 1.69 706 1.39 438 1.09 212 0.79 44
2.28 1327 1.98 997 1.68 697 1.38 431 1.08 206 0.78 40
2.27 1316 1.97 988 1.67 688 1.37 421 1.07 198 0.77 35
2.26 1302 1.96 975 1.66 677 1.36 413 1.06 192 0.76 31
2.25 1292 1.95 965 1.65 668 1.35 406 1.05 186 0.75 28
2.24 1282 1.94 956 1.64 660 1.34 398 1.04 180 0.74 23
2.23 1271 1.93 946 1.63 648 1.33 388 1.03 172 0.73 20
2.22 1257 1.92 934 1.62 640 1.32 381 1.02 167 0.72 17
2.21 1247 1.91 924 1.61 631 1.31 374 1.01 161 0.71 14
2.20 1237 1.90 915 1.60 623 1.30 367 1.00 153 0.70 11
2.19 1227 1.89 902 1.59 612 1.29 357 0.99 148 0.69 8
2.18 1213 1.88 893 1.58 603 1.28 350 0.98 142 0.68 6
2.17 1203 1.87 883 1.57 595 1.27 343 0.97 137 0.67 4
2.16 1193 1.86 874 1.56 587 1.26 333 0.96 130 0.66 1
2.15 1179 1.85 862 1.55 576 1.25 326 0.95 124
