7.24 1461 6.54 1212 5.84 975 5.14 753 4.44 548 3.74 363
7.23 1458 6.53 1207 5.83 970 5.13 750 4.43 546 3.73 361
7.22 1455 6.52 1204 5.82 967 5.12 746 4.42 542 3.72 360
7.21 1453 6.51 1201 5.81 965 5.11 743 4.41 540 3.71 356
7.20 1447 6.50 1196 5.80 962 5.10 741 4.40 537 3.70 354
7.19 1444 6.49 1194 5.79 957 5.09 736 4.39 535 3.69 352
7.18 1441 6.48 1191 5.78 955 5.08 734 4.38 531 3.68 348
7.17 1436 6.47 1186 5.77 952 5.07 732 4.37 529 3.67 346
7.16 1433 6.46 1183 5.76 947 5.06 727 4.36 527 3.66 345
7.15 1430 6.45 1180 5.75 945 5.05 725 4.35 523 3.65 341
7.14 1425 6.44 1175 5.74 942 5.04 723 4.34 521 3.64 339
7.13 1422 6.43 1172 5.73 937 5.03 718 4.33 519 3.63 337
7.12 1419 6.42 1170 5.72 935 5.02 716 4.32 514 3.62 333
7.11 1413 6.41 1167 5.71 932 5.01 713 4.31 512 3.61 332
7.10 1411 6.40 1162 5.70 927 5.00 711 4.30 510 3.60 330
7.09 1408 6.39 1159 5.69 925 4.99 707 4.29 506 3.59 328
7.08 1402 6.38 1157 5.68 922 4.98 704 4.28 504 3.58 324
7.07 1400 6.37 1151 5.67 918 4.97 702 4.27 502 3.57 323
7.06 1397 6.36 1149 5.66 915 4.96 697 4.26 498 3.56 321
7.05 1394 6.35 1146 5.65 913 4.95 695 4.25 496 3.55 317
7.04 1389 6.34 1141 5.64 910 4.94 693 4.24 494 3.54 315
7.03 1386 6.33 1138 5.63 905 4.93 688 4.23 492 3.53 313
7.02 1383 6.32 1136 5.62 903 4.92 686 4.22 487 3.52 310
7.01 1377 6.31 1130 5.61 900 4.91 684 4.21 485 3.51 308
7.00 1375 6.30 1128 5.60 896 4.90 679 4.20 483 3.50 306
6.99 1372 6.29 1125 5.59 893 4.89 677 4.19 479 3.49 303
6.98 1366 6.28 1120 5.58 891 4.88 675 4.18 477 3.48 301
6.97 1364 6.27 1117 5.57 886 4.87 670 4.17 475 3.47 299
6.96 1361 6.26 1115 5.56 883 4.86 668 4.16 471 3.46 295
6.95 1355 6.25 1112 5.55 881 4.85 666 4.15 469 3.45 294
6.94 1353 6.24 1107 5.54 876 4.84 664 4.14 467 3.44 292
6.93 1350 6.23 1104 5.53 874 4.83 659 4.13 463 3.43 290
6.92 1344 6.22 1102 5.52 871 4.82 657 4.12 461 3.42 287
6.91 1342 6.21 1097 5.51 866 4.81 655 4.11 459 3.41 285
6.90 1339 6.20 1094 5.50 864 4.80 650 4.10 455 3.40 283
6.89 1336 6.19 1092 5.49 862 4.79 648 4.09 453 3.39 280
6.88 1331 6.18 1086 5.48 859 4.78 646 4.08 451 3.38 278
6.87 1328 6.17 1084 5.47 854 4.77 641 4.07 449 3.37 276
6.86 1325 6.16 1081 5.46 852 4.76 639 4.06 445 3.36 273
6.85 1320 6.15 1076 5.45 850 4.75 637 4.05 443 3.35 271
6.84 1317 6.14 1073 5.44 845 4.74 632 4.04 441 3.34 269
6.83 1314 6.13 1071 5.43 842 4.73 630 4.03 437 3.33 266
6.82 1309 6.12 1068 5.42 840 4.72 628 4.02 435 3.32 264
6.81 1306 6.11 1063 5.41 835 4.71 624 4.01 433 3.31 262
6.80 1304 6.10 1061 5.40 833 4.70 621 4.00 429 3.30 259
6.79 1298 6.09 1058 5.39 830 4.69 619 3.99 427 3.29 257
6.78 1295 6.08 1053 5.38 826 4.68 617 3.98 425 3.28 255
6.77 1293 6.07 1050 5.37 823 4.67 613 3.97 421 3.27 254
6.76 1287 6.06 1048 5.36 821 4.66 610 3.96 419 3.26 250
6.75 1285 6.05 1043 5.35 816 4.65 608 3.95 417 3.25 249
6.74 1282 6.04 1040 5.34 814 4.64 604 3.94 413 3.24 247
6.73 1279 6.03 1038 5.33 811 4.63 602 3.93 411 3.23 244
6.72 1274 6.02 1033 5.32 809 4.62 600 3.92 409 3.22 242
6.71 1271 6.01 1030 5.31 804 4.61 595 3.91 407 3.21 240
6.70 1268 6.00 1027 5.30 802 4.60 593 3.90 404 3.20 237
6.69 1263 5.99 1022 5.29 799 4.59 591 3.89 402 3.19 235
6.68 1260 5.98 1020 5.28 795 4.58 587 3.88 400 3.18 234
6.67 1258 5.97 1017 5.27 792 4.57 584 3.87 396 3.17 230
6.66 1252 5.96 1015 5.26 790 4.56 582 3.86 394 3.16 229
6.65 1250 5.95 1010 5.25 785 4.55 580 3.85 392 3.15 227
6.64 1247 5.94 1007 5.24 783 4.54 576 3.84 388 3.14 224
6.63 1241 5.93 1005 5.23 781 4.53 574 3.83 386 3.13 222
6.62 1239 5.92 1000 5.22 776 4.52 571 3.82 384 3.12 220
6.61 1236 5.91 997 5.21 774 4.51 567 3.81 380 3.11 219
6.60 1231 5.90 995 5.20 771 4.50 565 3.80 378 3.10 215
6.59 1228 5.89 990 5.19 767 4.49 563 3.79 377 3.09 214
6.58 1225 5.88 987 5.18 764 4.48 559 3.78 373 3.08 212
6.57 1223 5.87 985 5.17 762 4.47 556 3.77 371 3.07 209
6.56 1217 5.86 980 5.16 760 4.46 554 3.76 369 3.06 207
6.55 1215 5.85 977 5.15 755 4.45 550 3.75 367 3.05 206
3.04 203 2.83 161 2.62 121 2.41 85 2.20 52 1.99 25
3.03 201 2.82 159 2.61 119 2.40 83 2.19 51 1.98 24
3.02 199 2.81 156 2.60 118 2.39 81 2.18 50 1.97 23
3.01 196 2.80 155 2.59 115 2.38 80 2.17 48 1.96 22
3.00 195 2.79 153 2.58 114 2.37 78 2.16 47 1.94 20
2.99 193 2.78 150 2.57 112 2.36 76 2.15 46 1.93 19
2.98 191 2.77 149 2.56 110 2.35 75 2.14 44 1.92 17
2.97 188 2.76 147 2.55 108 2.34 74 2.13 43 1.90 16
2.96 187 2.75 145 2.54 107 2.33 72 2.12 42 1.89 14
2.95 185 2.74 143 2.53 104 2.32 70 2.11 40 1.87 13
2.94 182 2.73 142 2.52 103 2.31 69 2.10 39 1.86 12
2.93 181 2.72 139 2.51 102 2.30 67 2.09 38 1.84 10
2.92 179 2.71 137 2.50 100 2.29 66 2.08 36 1.83 9
2.91 176 2.70 136 2.49 98 2.28 65 2.07 35 1.82 8
2.90 174 2.69 133 2.48 96 2.27 62 2.06 34 1.81 7
2.89 173 2.68 132 2.47 95 2.26 61 2.05 32 1.80 6
2.88 170 2.67 130 2.46 93 2.25 60 2.04 31 1.78 5
2.87 168 2.66 129 2.45 91 2.24 58 2.03 30 1.77 4
2.86 167 2.65 126 2.44 90 2.23 57 2.02 29 1.75 3
2.85 164 2.64 125 2.43 88 2.22 56 2.01 27 1.74 2
2.84 162 2.63 123 2.42 86 2.21 53 2.00 26 1.72 1
