6.74 1458 6.04 1191 5.34 937 4.64 704 3.94 490 3.24 301
6.73 1455 6.03 1186 5.33 935 4.63 700 3.93 487 3.23 297
6.72 1453 6.02 1183 5.32 930 4.62 697 3.92 483 3.22 295
6.71 1447 6.01 1180 5.31 927 4.61 693 3.91 481 3.21 292
6.70 1444 6.00 1175 5.30 925 4.60 691 3.90 479 3.20 290
6.69 1439 5.99 1172 5.29 920 4.59 688 3.89 475 3.19 288
6.68 1436 5.98 1167 5.28 918 4.58 684 3.88 473 3.18 285
6.67 1433 5.97 1164 5.27 913 4.57 682 3.87 469 3.17 283
6.66 1427 5.96 1162 5.26 910 4.56 677 3.86 467 3.16 280
6.65 1425 5.95 1157 5.25 908 4.55 675 3.85 465 3.15 278
6.64 1419 5.94 1154 5.24 903 4.54 673 3.84 461 3.14 276
6.63 1416 5.93 1149 5.23 900 4.53 668 3.83 459 3.13 273
6.62 1411 5.92 1146 5.22 896 4.52 666 3.82 455 3.12 271
6.61 1408 5.91 1143 5.21 893 4.51 661 3.81 453 3.11 267
6.60 1405 5.90 1138 5.20 891 4.50 659 3.80 449 3.10 266
6.59 1400 5.89 1136 5.19 886 4.49 657 3.79 447 3.09 264
6.58 1397 5.88 1130 5.18 883 4.48 652 3.78 445 3.08 261
6.57 1391 5.87 1128 5.17 878 4.47 650 3.77 441 3.07 259
6.56 1389 5.86 1123 5.16 876 4.46 646 3.76 439 3.06 255
6.55 1386 5.85 1120 5.15 874 4.45 644 3.75 435 3.05 254
6.54 1380 5.84 1117 5.14 869 4.44 641 3.74 433 3.04 250
6.53 1377 5.83 1112 5.13 866 4.43 637 3.73 431 3.03 249
6.52 1372 5.82 1110 5.12 862 4.42 635 3.72 427 3.02 247
6.51 1369 5.81 1104 5.11 859 4.41 630 3.71 425 3.01 244
6.50 1366 5.80 1102 5.10 854 4.40 628 3.70 421 3.00 242
6.49 1361 5.79 1099 5.09 852 4.39 626 3.69 419 2.99 239
6.48 1358 5.78 1094 5.08 850 4.38 621 3.68 417 2.98 237
6.47 1353 5.77 1092 5.07 845 4.37 619 3.67 413 2.97 235
6.46 1350 5.76 1086 5.06 842 4.36 615 3.66 411 2.96 232
6.45 1347 5.75 1084 5.05 838 4.35 613 3.65 407 2.95 230
6.44 1342 5.74 1081 5.04 835 4.34 608 3.64 405 2.94 227
6.43 1339 5.73 1076 5.03 833 4.33 606 3.63 404 2.93 225
6.42 1334 5.72 1073 5.02 828 4.32 604 3.62 400 2.92 224
6.41 1331 5.71 1068 5.01 826 4.31 600 3.61 398 2.91 220
6.40 1325 5.70 1066 5.00 821 4.30 597 3.60 394 2.90 219
6.39 1323 5.69 1063 4.99 818 4.29 593 3.59 392 2.89 215
6.38 1320 5.68 1058 4.98 816 4.28 591 3.58 388 2.88 214
6.37 1314 5.67 1056 4.97 811 4.27 589 3.57 386 2.87 212
6.36 1312 5.66 1050 4.96 809 4.26 584 3.56 384 2.86 209
6.35 1306 5.65 1048 4.95 804 4.25 582 3.55 380 2.85 207
6.34 1304 5.64 1043 4.94 802 4.24 578 3.54 378 2.84 204
6.33 1301 5.63 1040 4.93 799 4.23 576 3.53 375 2.83 203
6.32 1295 5.62 1038 4.92 795 4.22 574 3.52 373 2.82 199
6.31 1293 5.61 1033 4.91 792 4.21 569 3.51 371 2.81 198
6.30 1287 5.60 1030 4.90 788 4.20 567 3.50 367 2.80 196
6.29 1285 5.59 1025 4.89 785 4.19 563 3.49 365 2.79 193
6.28 1282 5.58 1022 4.88 783 4.18 561 3.48 361 2.78 191
6.27 1276 5.57 1020 4.87 778 4.17 559 3.47 360 2.77 188
6.26 1274 5.56 1015 4.86 776 4.16 554 3.46 358 2.76 187
6.25 1268 5.55 1012 4.85 771 4.15 552 3.45 354 2.75 185
6.24 1266 5.54 1007 4.84 769 4.14 548 3.44 352 2.74 182
6.23 1263 5.53 1005 4.83 764 4.13 546 3.43 348 2.73 181
6.22 1258 5.52 1002 4.82 762 4.12 544 3.42 346 2.72 177
6.21 1255 5.51 997 4.81 760 4.11 540 3.41 345 2.71 176
6.20 1250 5.50 995 4.80 755 4.10 537 3.40 341 2.70 174
6.19 1247 5.49 990 4.79 753 4.09 533 3.39 339 2.69 171
6.18 1244 5.48 987 4.78 748 4.08 531 3.38 335 2.68 170
6.17 1239 5.47 985 4.77 746 4.07 527 3.37 333 2.67 167
6.16 1236 5.46 980 4.76 743 4.06 525 3.36 332 2.66 165
6.15 1231 5.45 977 4.75 739 4.05 523 3.35 328 2.65 164
6.14 1228 5.44 972 4.74 736 4.04 519 3.34 326 2.64 161
6.13 1223 5.43 970 4.73 732 4.03 516 3.33 323 2.63 159
6.12 1220 5.42 967 4.72 729 4.02 512 3.32 321 2.62 156
6.11 1217 5.41 962 4.71 727 4.01 510 3.31 317 2.61 155
6.10 1212 5.40 960 4.70 723 4.00 508 3.30 315 2.60 153
6.09 1209 5.39 955 4.69 720 3.99 504 3.29 313 2.59 150
6.08 1204 5.38 952 4.68 716 3.98 502 3.28 310 2.58 149
6.07 1201 5.37 947 4.67 713 3.97 498 3.27 308 2.57 146
6.06 1199 5.36 945 4.66 711 3.96 496 3.26 304 2.56 145
6.05 1194 5.35 942 4.65 707 3.95 494 3.25 303 2.55 142
2.54 140 2.39 111 2.24 84 2.09 59 1.94 37 1.77 16
2.53 139 2.38 110 2.23 81 2.08 57 1.93 35 1.76 14
2.52 136 2.37 107 2.22 80 2.07 56 1.92 34 1.75 13
2.51 135 2.36 106 2.21 79 2.06 54 1.91 32 1.74 12
2.50 132 2.35 103 2.20 76 2.05 52 1.90 31 1.73 11
2.49 130 2.34 102 2.19 75 2.04 51 1.89 30 1.72 10
2.48 129 2.33 100 2.18 73 2.03 49 1.88 28 1.71 9
2.47 126 2.32 98 2.17 72 2.02 48 1.87 27 1.70 8
2.46 125 2.31 96 2.16 70 2.01 46 1.85 25 1.69 7
2.45 122 2.30 94 2.15 68 2.00 45 1.84 24 1.67 6
2.44 121 2.29 93 2.14 67 1.99 44 1.83 22 1.66 5
2.43 119 2.28 90 2.13 65 1.98 42 1.82 21 1.65 4
2.42 116 2.27 89 2.12 63 1.97 41 1.81 20 1.63 3
2.41 115 2.26 88 2.11 62 1.96 39 1.80 19 1.62 2
2.40 112 2.25 85 2.10 60 1.95 38 1.79 17 1.60 1
