5.27 1461 4.60 1133 3.93 833 3.26 559 2.59 319 1.92 125
5.26 1455 4.59 1130 3.92 828 3.25 554 2.58 315 1.91 122
5.25 1453 4.58 1125 3.91 823 3.24 550 2.57 313 1.90 119
5.24 1447 4.57 1120 3.90 818 3.23 548 2.56 310 1.89 116
5.23 1441 4.56 1115 3.89 816 3.22 544 2.55 306 1.88 114
5.22 1436 4.55 1110 3.88 811 3.21 540 2.54 303 1.87 111
5.21 1430 4.54 1107 3.87 807 3.20 535 2.53 299 1.86 110
5.20 1427 4.53 1102 3.86 802 3.19 531 2.52 297 1.85 107
5.19 1422 4.52 1097 3.85 797 3.18 529 2.51 294 1.84 104
5.18 1416 4.51 1092 3.84 795 3.17 525 2.50 290 1.83 102
5.17 1411 4.50 1086 3.83 790 3.16 521 2.49 287 1.82 99
5.16 1405 4.49 1084 3.82 785 3.15 516 2.48 283 1.81 98
5.15 1402 4.48 1079 3.81 781 3.14 512 2.47 281 1.80 95
5.14 1397 4.47 1073 3.80 776 3.13 510 2.46 278 1.79 93
5.13 1391 4.46 1068 3.79 771 3.12 506 2.45 274 1.78 90
5.12 1386 4.45 1063 3.78 769 3.11 502 2.44 271 1.77 88
5.11 1380 4.44 1061 3.77 764 3.10 498 2.43 267 1.76 86
5.10 1377 4.43 1056 3.76 760 3.09 494 2.42 266 1.75 84
5.09 1372 4.42 1050 3.75 755 3.08 492 2.41 262 1.74 81
5.08 1366 4.41 1045 3.74 750 3.07 487 2.40 259 1.73 79
5.07 1361 4.40 1040 3.73 748 3.06 483 2.39 255 1.72 76
5.06 1355 4.39 1038 3.72 743 3.05 479 2.38 252 1.71 75
5.05 1353 4.38 1033 3.71 739 3.04 475 2.37 250 1.70 73
5.04 1347 4.37 1027 3.70 734 3.03 473 2.36 247 1.69 70
5.03 1342 4.36 1022 3.69 729 3.02 469 2.35 244 1.68 68
5.02 1336 4.35 1017 3.68 727 3.01 465 2.34 240 1.67 66
5.01 1331 4.34 1015 3.67 723 3.00 461 2.33 237 1.66 65
5.00 1328 4.33 1010 3.66 718 2.99 457 2.32 235 1.65 62
4.99 1323 4.32 1005 3.65 713 2.98 455 2.31 232 1.64 60
4.98 1317 4.31 1000 3.64 709 2.97 451 2.30 229 1.63 58
4.97 1312 4.30 995 3.63 707 2.96 447 2.29 225 1.62 56
4.96 1306 4.29 992 3.62 702 2.95 443 2.28 222 1.61 54
4.95 1304 4.28 987 3.61 697 2.94 439 2.27 220 1.60 52
4.94 1298 4.27 982 3.60 693 2.93 437 2.26 217 1.59 50
4.93 1293 4.26 977 3.59 688 2.92 433 2.25 214 1.58 48
4.92 1287 4.25 972 3.58 686 2.91 429 2.24 211 1.57 46
4.91 1282 4.24 970 3.57 682 2.90 425 2.23 207 1.56 45
4.90 1279 4.23 965 3.56 677 2.89 421 2.22 206 1.55 43
4.89 1274 4.22 960 3.55 673 2.88 419 2.21 203 1.54 41
4.88 1268 4.21 955 3.54 668 2.87 415 2.20 199 1.53 39
4.87 1263 4.20 950 3.53 666 2.86 411 2.19 196 1.52 37
4.86 1258 4.19 947 3.52 661 2.85 407 2.18 193 1.51 36
4.85 1255 4.18 942 3.51 657 2.84 404 2.17 191 1.50 34
4.84 1250 4.17 937 3.50 652 2.83 400 2.16 188 1.49 32
4.83 1244 4.16 932 3.49 648 2.82 398 2.15 185 1.48 30
4.82 1239 4.15 927 3.48 646 2.81 394 2.14 182 1.47 28
4.81 1233 4.14 925 3.47 641 2.80 390 2.13 179 1.46 27
4.80 1231 4.13 920 3.46 637 2.79 386 2.12 177 1.45 25
4.79 1225 4.12 915 3.45 632 2.78 382 2.11 174 1.44 24
4.78 1220 4.11 910 3.44 628 2.77 380 2.10 171 1.43 22
4.77 1215 4.10 905 3.43 626 2.76 377 2.09 168 1.41 20
4.76 1209 4.09 903 3.42 621 2.75 373 2.08 165 1.40 18
4.75 1204 4.08 898 3.41 617 2.74 369 2.07 164 1.39 16
4.74 1201 4.07 893 3.40 613 2.73 365 2.06 161 1.38 15
4.73 1196 4.06 888 3.39 608 2.72 363 2.05 158 1.36 13
4.72 1191 4.05 883 3.38 606 2.71 360 2.04 155 1.35 11
4.71 1186 4.04 881 3.37 602 2.70 356 2.03 152 1.34 10
4.70 1180 4.03 876 3.36 597 2.69 352 2.02 150 1.33 8
4.69 1178 4.02 871 3.35 593 2.68 348 2.01 147 1.32 7
4.68 1172 4.01 866 3.34 589 2.67 346 2.00 145 1.31 6
4.67 1167 4.00 862 3.33 587 2.66 343 1.99 142 1.30 5
4.66 1162 3.99 859 3.32 582 2.65 339 1.98 139 1.29 4
4.65 1157 3.98 854 3.31 578 2.64 335 1.97 137 1.28 3
4.64 1154 3.97 850 3.30 574 2.63 332 1.96 135 1.26 2
4.63 1149 3.96 845 3.29 569 2.62 330 1.95 132 1.25 1
4.62 1143 3.95 840 3.28 567 2.61 326 1.94 129
4.61 1138 3.94 838 3.27 563 2.60 323 1.93 126
