4.77 1458 4.16 1128 3.55 826 2.94 552 2.33 313 1.72 118
4.76 1453 4.15 1123 3.54 821 2.93 548 2.32 310 1.71 115
4.75 1447 4.14 1117 3.53 816 2.92 544 2.31 306 1.70 112
4.74 1441 4.13 1112 3.52 811 2.91 540 2.30 303 1.69 110
4.73 1436 4.12 1107 3.51 807 2.90 535 2.29 299 1.68 107
4.72 1430 4.11 1102 3.50 802 2.89 531 2.28 295 1.67 104
4.71 1425 4.10 1097 3.49 797 2.88 527 2.27 292 1.66 102
4.70 1419 4.09 1092 3.48 792 2.87 523 2.26 288 1.65 99
4.69 1413 4.08 1086 3.47 788 2.86 519 2.25 285 1.64 96
4.68 1408 4.07 1081 3.46 783 2.85 514 2.24 281 1.63 94
4.67 1402 4.06 1076 3.45 778 2.84 510 2.23 278 1.62 91
4.66 1397 4.05 1071 3.44 774 2.83 506 2.22 274 1.61 90
4.65 1391 4.04 1066 3.43 769 2.82 502 2.21 271 1.60 88
4.64 1386 4.03 1063 3.42 764 2.81 498 2.20 267 1.59 85
4.63 1380 4.02 1058 3.41 760 2.80 494 2.19 264 1.58 83
4.62 1375 4.01 1053 3.40 755 2.79 490 2.18 261 1.57 80
4.61 1369 4.00 1048 3.39 750 2.78 485 2.17 257 1.56 78
4.60 1364 3.99 1043 3.38 746 2.77 481 2.16 254 1.55 75
4.59 1358 3.98 1038 3.37 741 2.76 477 2.15 250 1.54 73
4.58 1353 3.97 1033 3.36 736 2.75 473 2.14 247 1.53 70
4.57 1347 3.96 1027 3.35 732 2.74 469 2.13 244 1.52 68
4.56 1342 3.95 1022 3.34 727 2.73 465 2.12 240 1.51 66
4.55 1336 3.94 1017 3.33 723 2.72 461 2.11 237 1.50 63
4.54 1331 3.93 1012 3.32 718 2.71 457 2.10 234 1.49 61
4.53 1325 3.92 1007 3.31 713 2.70 453 2.09 230 1.48 59
4.52 1320 3.91 1002 3.30 709 2.69 449 2.08 227 1.47 57
4.51 1314 3.90 997 3.29 704 2.68 445 2.07 224 1.46 54
4.50 1309 3.89 992 3.28 700 2.67 441 2.06 220 1.45 52
4.49 1304 3.88 987 3.27 695 2.66 437 2.05 217 1.44 50
4.48 1298 3.87 982 3.26 691 2.65 433 2.04 214 1.43 48
4.47 1293 3.86 977 3.25 686 2.64 429 2.03 211 1.42 46
4.46 1287 3.85 972 3.24 682 2.63 425 2.02 207 1.41 44
4.45 1282 3.84 967 3.23 677 2.62 421 2.01 204 1.40 42
4.44 1276 3.83 962 3.22 675 2.61 417 2.00 201 1.39 40
4.43 1271 3.82 957 3.21 670 2.60 413 1.99 198 1.38 38
4.42 1266 3.81 952 3.20 666 2.59 409 1.98 195 1.37 36
4.41 1260 3.80 947 3.19 661 2.58 405 1.97 191 1.36 34
4.40 1255 3.79 942 3.18 657 2.57 402 1.96 188 1.35 32
4.39 1250 3.78 937 3.17 652 2.56 398 1.95 185 1.34 30
4.38 1244 3.77 932 3.16 648 2.55 394 1.94 182 1.33 28
4.37 1239 3.76 927 3.15 644 2.54 390 1.93 179 1.32 26
4.36 1233 3.75 922 3.14 639 2.53 386 1.92 176 1.31 25
4.35 1228 3.74 918 3.13 635 2.52 382 1.91 173 1.30 23
4.34 1223 3.73 913 3.12 630 2.51 378 1.90 170 1.29 21
4.33 1217 3.72 908 3.11 626 2.50 375 1.89 167 1.28 20
4.32 1212 3.71 903 3.10 621 2.49 371 1.88 164 1.27 18
4.31 1207 3.70 898 3.09 617 2.48 367 1.87 161 1.26 16
4.30 1201 3.69 893 3.08 613 2.47 363 1.86 158 1.25 15
4.29 1196 3.68 888 3.07 608 2.46 360 1.85 155 1.24 13
4.28 1191 3.67 883 3.06 604 2.45 356 1.84 152 1.23 12
4.27 1186 3.66 878 3.05 600 2.44 352 1.83 149 1.22 10
4.26 1180 3.65 874 3.04 595 2.43 348 1.82 146 1.21 9
4.25 1175 3.64 869 3.03 591 2.42 345 1.81 143 1.20 8
4.24 1170 3.63 864 3.02 587 2.41 343 1.80 140 1.19 6
4.23 1164 3.62 859 3.01 582 2.40 339 1.79 137 1.18 5
4.22 1159 3.61 854 3.00 578 2.39 335 1.78 135 1.17 4
4.21 1154 3.60 850 2.99 574 2.38 332 1.77 132 1.16 3
4.20 1149 3.59 845 2.98 569 2.37 328 1.76 129 1.15 2
4.19 1143 3.58 840 2.97 565 2.36 324 1.75 126 1.14 1
4.18 1138 3.57 835 2.96 561 2.35 321 1.74 123
4.17 1133 3.56 830 2.95 556 2.34 317 1.73 121
