3.79 1458 3.30 1128 2.81 821 2.32 544 1.83 304 1.34 110
3.78 1453 3.29 1120 2.80 814 2.31 540 1.82 299 1.33 106
3.77 1444 3.28 1115 2.79 809 2.30 533 1.81 295 1.32 103
3.76 1439 3.27 1107 2.78 802 2.29 529 1.80 290 1.31 99
3.75 1430 3.26 1102 2.77 797 2.28 523 1.79 287 1.30 96
3.74 1425 3.25 1094 2.76 790 2.27 519 1.78 281 1.29 93
3.73 1416 3.24 1089 2.75 785 2.26 512 1.77 278 1.28 90
3.72 1411 3.23 1081 2.74 778 2.25 508 1.76 273 1.27 86
3.71 1402 3.22 1073 2.73 774 2.24 502 1.75 269 1.26 84
3.70 1397 3.21 1068 2.72 767 2.23 498 1.74 264 1.25 80
3.69 1389 3.20 1061 2.71 762 2.22 492 1.73 261 1.24 78
3.68 1383 3.19 1056 2.70 755 2.21 487 1.72 255 1.23 74
3.67 1375 3.18 1048 2.69 750 2.20 481 1.71 252 1.22 72
3.66 1369 3.17 1043 2.68 743 2.19 477 1.70 247 1.21 68
3.65 1361 3.16 1035 2.67 739 2.18 471 1.69 244 1.20 66
3.64 1355 3.15 1030 2.66 732 2.17 467 1.68 239 1.19 62
3.63 1347 3.14 1022 2.65 727 2.16 461 1.67 235 1.18 60
3.62 1342 3.13 1017 2.64 720 2.15 457 1.66 230 1.17 57
3.61 1334 3.12 1010 2.63 716 2.14 451 1.65 227 1.16 54
3.60 1328 3.11 1005 2.62 709 2.13 447 1.64 222 1.15 51
3.59 1320 3.10 997 2.61 704 2.12 441 1.63 219 1.14 49
3.58 1314 3.09 992 2.60 697 2.11 437 1.62 214 1.13 46
3.57 1306 3.08 985 2.59 693 2.10 431 1.61 209 1.12 44
3.56 1301 3.07 980 2.58 686 2.09 427 1.60 206 1.11 41
3.55 1293 3.06 972 2.57 682 2.08 421 1.59 201 1.10 39
3.54 1287 3.05 967 2.56 675 2.07 417 1.58 198 1.09 36
3.53 1279 3.04 960 2.55 670 2.06 411 1.57 193 1.08 34
3.52 1274 3.03 955 2.54 664 2.05 407 1.56 190 1.07 31
3.51 1266 3.02 947 2.53 659 2.04 402 1.55 185 1.06 29
3.50 1260 3.01 942 2.52 652 2.03 398 1.54 182 1.05 26
3.49 1252 3.00 935 2.51 648 2.02 392 1.53 177 1.04 25
3.48 1247 2.99 930 2.50 641 2.01 388 1.52 174 1.03 22
3.47 1239 2.98 922 2.49 637 2.00 382 1.51 170 1.02 20
3.46 1233 2.97 918 2.48 630 1.99 378 1.50 167 1.01 18
3.45 1225 2.96 910 2.47 626 1.98 373 1.49 162 1.00 16
3.44 1220 2.95 905 2.46 619 1.97 369 1.48 159 0.99 14
3.43 1212 2.94 898 2.45 615 1.96 363 1.47 155 0.98 13
3.42 1207 2.93 893 2.44 608 1.95 360 1.46 152 0.97 10
3.41 1199 2.92 886 2.43 604 1.94 354 1.45 147 0.96 9
3.40 1194 2.91 881 2.42 597 1.93 350 1.44 145 0.95 7
3.39 1186 2.90 874 2.41 593 1.92 345 1.43 140 0.94 6
3.38 1180 2.89 869 2.40 587 1.91 341 1.42 137 0.93 4
3.37 1172 2.88 862 2.39 582 1.90 335 1.41 133 0.92 3
3.36 1167 2.87 857 2.38 576 1.89 332 1.40 130 0.91 2
3.35 1159 2.86 850 2.37 571 1.88 326 1.39 126 0.90 1
3.34 1154 2.85 845 2.36 565 1.87 323 1.38 123
3.33 1146 2.84 838 2.35 561 1.86 317 1.37 119
3.32 1141 2.83 833 2.34 554 1.85 313 1.36 116
3.31 1133 2.82 826 2.33 550 1.84 308 1.35 112
