11.50 1034 12.20 917 12.90 806 13.60 702 14.30 604 15.00 513
11.51 1031 12.21 916 12.91 805 13.61 701 14.31 603 15.01 512
11.52 1030 12.22 913 12.92 804 13.62 700 14.32 602 15.02 511
11.53 1028 12.23 912 12.93 801 13.63 698 14.33 601 15.03 510
11.54 1027 12.24 910 12.94 800 13.64 696 14.34 600 15.04 509
11.55 1026 12.25 909 12.95 799 13.65 695 14.35 598 15.05 507
11.56 1023 12.26 907 12.96 797 13.66 694 14.36 596 15.06 506
11.57 1021 12.27 905 12.97 796 13.67 692 14.37 595 15.07 505
11.58 1020 12.28 903 12.98 793 13.68 691 14.38 594 15.08 504
11.59 1018 12.29 902 12.99 792 13.69 689 14.39 593 15.09 503
11.60 1017 12.30 901 13.00 791 13.70 688 14.40 591 15.10 502
11.61 1015 12.31 899 13.01 790 13.71 686 14.41 590 15.11 500
11.62 1013 12.32 898 13.02 788 13.72 685 14.42 589 15.12 499
11.63 1011 12.33 895 13.03 787 13.73 684 14.43 587 15.13 498
11.64 1010 12.34 894 13.04 784 13.74 683 14.44 586 15.14 497
11.65 1008 12.35 892 13.05 783 13.75 680 14.45 584 15.15 496
11.66 1007 12.36 891 13.06 782 13.76 679 14.46 583 15.16 494
11.67 1004 12.37 890 13.07 781 13.77 678 14.47 582 15.17 493
11.68 1003 12.38 887 13.08 779 13.78 677 14.48 581 15.18 492
11.69 1001 12.39 886 13.09 777 13.79 676 14.49 580 15.19 491
11.70 1000 12.40 884 13.10 775 13.80 673 14.50 579 15.20 489
11.71 998 12.41 883 13.11 774 13.81 672 14.51 576 15.21 488
11.72 997 12.42 882 13.12 773 13.82 671 14.52 575 15.22 486
11.73 994 12.43 880 13.13 772 13.83 670 14.53 574 15.23 485
11.74 993 12.44 878 13.14 770 13.84 668 14.54 573 15.24 484
11.75 991 12.45 876 13.15 768 13.85 666 14.55 572 15.25 483
11.76 990 12.46 875 13.16 767 13.86 665 14.56 570 15.26 482
11.77 988 12.47 874 13.17 765 13.87 664 14.57 569 15.27 480
11.78 985 12.48 872 13.18 764 13.88 662 14.58 567 15.28 479
11.79 984 12.49 870 13.19 763 13.89 661 14.59 566 15.29 478
11.80 983 12.50 868 13.20 760 13.90 660 14.60 565 15.30 477
11.81 981 12.51 867 13.21 759 13.91 658 14.61 564 15.31 476
11.82 980 12.52 866 13.22 758 13.92 657 14.62 562 15.32 475
11.83 978 12.53 864 13.23 756 13.93 655 14.63 561 15.33 473
11.84 976 12.54 863 13.24 755 13.94 654 14.64 560 15.34 472
11.85 974 12.55 860 13.25 753 13.95 653 14.65 559 15.35 471
11.86 973 12.56 859 13.26 751 13.96 651 14.66 558 15.36 470
11.87 971 12.57 858 13.27 750 13.97 649 14.67 555 15.37 469
11.88 970 12.58 856 13.28 749 13.98 648 14.68 554 15.38 467
11.89 967 12.59 855 13.29 748 13.99 647 14.69 553 15.39 466
11.90 966 12.60 852 13.30 746 14.00 646 14.70 552 15.40 465
11.91 964 12.61 851 13.31 744 14.01 645 14.71 551 15.41 464
11.92 963 12.62 850 13.32 743 14.02 642 14.72 550 15.42 463
11.93 961 12.63 848 13.33 741 14.03 641 14.73 548 15.43 462
11.94 960 12.64 847 13.34 740 14.04 640 14.74 547 15.44 460
11.95 957 12.65 844 13.35 739 14.05 639 14.75 546 15.45 459
11.96 956 12.66 843 13.36 736 14.06 638 14.76 544 15.46 458
11.97 954 12.67 842 13.37 735 14.07 635 14.77 543 15.47 457
11.98 953 12.68 840 13.38 734 14.08 634 14.78 541 15.48 456
11.99 952 12.69 839 13.39 733 14.09 633 14.79 540 15.49 454
12.00 949 12.70 838 13.40 732 14.10 632 14.80 539 15.50 453
12.01 947 12.71 835 13.41 730 14.11 631 14.81 538 15.51 452
12.02 946 12.72 834 13.42 728 14.12 630 14.82 537 15.52 451
12.03 945 12.73 832 13.43 727 14.13 627 14.83 536 15.53 450
12.04 943 12.74 831 13.44 725 14.14 626 14.84 534 15.54 448
12.05 942 12.75 830 13.45 724 14.15 625 14.85 533 15.55 447
12.06 939 12.76 827 13.46 723 14.16 624 14.86 532 15.56 446
12.07 938 12.77 826 13.47 720 14.17 623 14.87 530 15.57 445
12.08 936 12.78 825 13.48 719 14.18 620 14.88 529 15.58 444
12.09 935 12.79 823 13.49 718 14.19 619 14.89 527 15.59 443
12.10 934 12.80 822 13.50 717 14.20 618 14.90 526 15.60 441
12.11 931 12.81 821 13.51 715 14.21 617 14.91 525 15.61 440
12.12 929 12.82 818 13.52 714 14.22 616 14.92 524 15.62 439
12.13 928 12.83 817 13.53 712 14.23 615 14.93 523 15.63 438
12.14 927 12.84 815 13.54 711 14.24 612 14.94 522 15.64 437
12.15 925 12.85 814 13.55 709 14.25 611 14.95 520 15.65 435
12.16 923 12.86 813 13.56 708 14.26 610 14.96 519 15.66 434
12.17 921 12.87 810 13.57 707 14.27 609 14.97 518 15.67 433
12.18 920 12.88 809 13.58 704 14.28 608 14.98 517 15.68 432
12.19 918 12.89 808 13.59 703 14.29 606 14.99 516 15.69 431
15.70 430 16.41 352 17.18 275 18.03 201 18.98 130 20.17 62
15.71 428 16.42 350 17.19 274 18.04 200 19.00 129 20.19 61
15.72 427 16.44 349 17.20 273 18.06 198 19.01 128 20.21 60
15.73 426 16.45 348 17.21 272 18.07 197 19.02 127 20.23 59
15.74 425 16.46 347 17.23 271 18.09 196 19.04 126 20.25 58
15.75 424 16.47 345 17.24 269 18.10 195 19.06 125 20.28 57
15.76 423 16.48 344 17.26 268 18.11 194 19.08 124 20.29 56
15.77 422 16.49 343 17.27 267 18.12 193 19.10 122 20.32 55
15.78 421 16.50 342 17.28 266 18.14 192 19.12 121 20.34 54
15.79 420 16.52 341 17.30 264 18.15 191 19.13 120 20.36 53
15.80 419 16.53 339 17.31 263 18.16 190 19.15 119 20.39 52
15.81 418 16.54 338 17.32 262 18.17 189 19.17 118 20.41 51
15.82 416 16.55 337 17.33 261 18.19 188 19.18 117 20.43 50
15.83 415 16.56 336 17.34 260 18.20 187 19.19 116 20.45 49
15.84 414 16.57 335 17.35 259 18.21 186 19.21 115 20.48 48
15.85 413 16.58 334 17.36 258 18.22 185 19.23 114 20.50 47
15.86 412 16.59 333 17.38 257 18.24 184 19.24 113 20.53 46
15.87 410 16.60 332 17.39 256 18.25 183 19.26 112 20.55 45
15.88 409 16.61 331 17.41 254 18.26 182 19.28 111 20.57 44
15.89 408 16.62 330 17.42 253 18.27 181 19.30 110 20.60 43
15.90 407 16.63 329 17.43 252 18.29 180 19.31 109 20.62 42
15.91 406 16.64 328 17.44 251 18.30 179 19.32 108 20.65 41
15.92 405 16.65 327 17.45 250 18.32 178 19.34 107 20.67 40
15.93 403 16.66 326 17.46 249 18.34 176 19.35 106 20.70 39
15.95 402 16.67 325 17.48 248 18.36 175 19.37 105 20.72 38
15.96 401 16.68 324 17.49 247 18.37 174 19.39 104 20.75 37
15.97 400 16.70 322 17.50 246 18.38 173 19.41 103 20.78 36
15.98 398 16.71 321 17.52 244 18.39 172 19.42 102 20.81 35
15.99 397 16.72 320 17.53 243 18.41 171 19.44 101 20.83 34
16.00 396 16.73 319 17.54 242 18.42 170 19.46 100 20.86 33
16.01 395 16.74 317 17.55 241 18.43 169 19.47 99 20.89 32
16.02 394 16.76 316 17.56 240 18.44 168 19.49 98 20.92 31
16.03 393 16.77 315 17.58 239 18.46 167 19.51 97 20.94 30
16.04 391 16.78 314 17.59 238 18.48 166 19.52 96 20.98 29
16.05 390 16.79 313 17.60 237 18.50 164 19.54 95 21.00 28
16.06 389 16.81 311 17.61 236 18.51 163 19.56 94 21.04 27
16.08 388 16.82 310 17.62 235 18.53 162 19.57 93 21.07 26
16.09 386 16.83 309 17.63 234 18.54 161 19.59 92 21.10 25
16.10 385 16.84 308 17.65 233 18.55 160 19.61 91 21.13 24
16.11 384 16.86 306 17.66 232 18.57 159 19.63 90 21.16 23
16.12 383 16.87 305 17.68 230 18.58 158 19.65 89 21.20 22
16.13 382 16.88 304 17.69 229 18.59 157 19.67 88 21.23 21
16.14 380 16.89 303 17.70 228 18.61 156 19.68 87 21.26 20
16.15 379 16.90 302 17.72 227 18.62 155 19.70 86 21.30 19
16.16 378 16.91 301 17.74 225 18.64 154 19.72 85 21.34 18
16.17 377 16.92 300 17.75 224 18.65 153 19.73 84 21.37 17
16.19 376 16.93 299 17.76 223 18.66 152 19.76 83 21.42 16
16.20 374 16.94 298 17.77 222 18.68 151 19.78 82 21.45 15
16.21 373 16.95 297 17.78 221 18.70 150 19.79 81 21.49 14
16.22 372 16.96 296 17.79 220 18.72 148 19.81 80 21.53 13
16.23 371 16.97 295 17.81 219 18.74 147 19.83 79 21.58 12
16.24 370 16.98 294 17.82 218 18.75 146 19.85 78 21.62 11
16.25 368 16.99 293 17.83 217 18.76 145 19.87 77 21.67 10
16.26 367 17.01 292 17.84 216 18.78 144 19.89 76 21.72 9
16.28 366 17.02 290 17.86 215 18.79 143 19.90 75 21.77 8
16.29 365 17.03 289 17.87 214 18.81 142 19.93 74 21.82 7
16.30 364 17.04 288 17.88 213 18.82 141 19.95 73 21.88 6
16.31 362 17.06 287 17.89 212 18.83 140 19.96 72 21.95 5
16.32 361 17.07 285 17.90 211 18.85 139 19.99 71 22.02 4
16.33 360 17.08 284 17.92 210 18.86 138 20.01 70 22.09 3
16.34 359 17.10 283 17.93 209 18.88 137 20.02 69 22.19 2
16.35 358 17.11 282 17.95 207 18.89 136 20.05 68 22.30 1
16.36 357 17.12 281 17.96 206 18.91 135 20.06 67
16.37 356 17.14 279 17.98 205 18.92 134 20.08 66
16.38 355 17.15 278 17.99 204 18.94 133 20.11 65
16.39 354 17.16 277 18.00 203 18.95 132 20.12 64
16.40 353 17.17 276 18.01 202 18.97 131 20.15 63
