11.50 1192 12.20 1077 12.90 967 13.60 862 14.30 763 15.00 668
11.51 1190 12.21 1075 12.91 966 13.61 860 14.31 762 15.01 667
11.52 1189 12.22 1074 12.92 963 13.62 859 14.32 760 15.02 666
11.53 1187 12.23 1072 12.93 961 13.63 858 14.33 759 15.03 665
11.54 1185 12.24 1071 12.94 960 13.64 856 14.34 756 15.04 664
11.55 1184 12.25 1069 12.95 959 13.65 855 14.35 755 15.05 662
11.56 1182 12.26 1066 12.96 957 13.66 854 14.36 754 15.06 661
11.57 1181 12.27 1065 12.97 956 13.67 852 14.37 753 15.07 660
11.58 1179 12.28 1063 12.98 954 13.68 850 14.38 751 15.08 659
11.59 1178 12.29 1062 12.99 953 13.69 848 14.39 750 15.09 658
11.60 1175 12.30 1060 13.00 952 13.70 847 14.40 749 15.10 655
11.61 1173 12.31 1059 13.01 950 13.71 846 14.41 748 15.11 654
11.62 1172 12.32 1058 13.02 947 13.72 844 14.42 746 15.12 653
11.63 1170 12.33 1056 13.03 946 13.73 843 14.43 745 15.13 652
11.64 1168 12.34 1055 13.04 945 13.74 842 14.44 744 15.14 651
11.65 1167 12.35 1053 13.05 943 13.75 840 14.45 741 15.15 649
11.66 1165 12.36 1052 13.06 942 13.76 839 14.46 740 15.16 648
11.67 1164 12.37 1049 13.07 941 13.77 838 14.47 739 15.17 647
11.68 1162 12.38 1047 13.08 939 13.78 836 14.48 738 15.18 646
11.69 1161 12.39 1046 13.09 938 13.79 834 14.49 736 15.19 645
11.70 1159 12.40 1044 13.10 936 13.80 832 14.50 735 15.20 644
11.71 1156 12.41 1043 13.11 935 13.81 831 14.51 734 15.21 641
11.72 1155 12.42 1041 13.12 934 13.82 830 14.52 733 15.22 640
11.73 1153 12.43 1040 13.13 931 13.83 828 14.53 732 15.23 639
11.74 1152 12.44 1039 13.14 929 13.84 827 14.54 730 15.24 638
11.75 1150 12.45 1037 13.15 928 13.85 826 14.55 729 15.25 637
11.76 1149 12.46 1036 13.16 927 13.86 825 14.56 727 15.26 635
11.77 1147 12.47 1034 13.17 925 13.87 823 14.57 725 15.27 634
11.78 1146 12.48 1031 13.18 924 13.88 822 14.58 724 15.28 633
11.79 1144 12.49 1030 13.19 923 13.89 821 14.59 723 15.29 632
11.80 1143 12.50 1028 13.20 921 13.90 818 14.60 722 15.30 631
11.81 1141 12.51 1027 13.21 920 13.91 817 14.61 720 15.31 630
11.82 1138 12.52 1026 13.22 918 13.92 815 14.62 719 15.32 627
11.83 1136 12.53 1024 13.23 917 13.93 814 14.63 718 15.33 626
11.84 1135 12.54 1023 13.24 914 13.94 813 14.64 717 15.34 625
11.85 1133 12.55 1021 13.25 913 13.95 811 14.65 715 15.35 624
11.86 1132 12.56 1020 13.26 912 13.96 810 14.66 714 15.36 623
11.87 1130 12.57 1018 13.27 910 13.97 809 14.67 712 15.37 622
11.88 1129 12.58 1017 13.28 909 13.98 808 14.68 711 15.38 620
11.89 1127 12.59 1014 13.29 907 13.99 806 14.69 709 15.39 619
11.90 1126 12.60 1013 13.30 906 14.00 805 14.70 708 15.40 618
11.91 1124 12.61 1011 13.31 905 14.01 802 14.71 707 15.41 617
11.92 1123 12.62 1010 13.32 903 14.02 801 14.72 706 15.42 616
11.93 1120 12.63 1008 13.33 902 14.03 800 14.73 704 15.43 614
11.94 1118 12.64 1007 13.34 901 14.04 799 14.74 703 15.44 612
11.95 1117 12.65 1005 13.35 898 14.05 797 14.75 702 15.45 611
11.96 1115 12.66 1004 13.36 897 14.06 796 14.76 701 15.46 610
11.97 1114 12.67 1003 13.37 895 14.07 795 14.77 700 15.47 609
11.98 1112 12.68 1001 13.38 894 14.08 793 14.78 697 15.48 608
11.99 1111 12.69 1000 13.39 892 14.09 792 14.79 696 15.49 607
12.00 1109 12.70 997 13.40 891 14.10 791 14.80 695 15.50 606
12.01 1108 12.71 995 13.41 890 14.11 790 14.81 694 15.51 604
12.02 1106 12.72 994 13.42 888 14.12 787 14.82 692 15.52 603
12.03 1105 12.73 993 13.43 887 14.13 786 14.83 691 15.53 602
12.04 1102 12.74 991 13.44 886 14.14 784 14.84 690 15.54 600
12.05 1100 12.75 990 13.45 884 14.15 783 14.85 689 15.55 599
12.06 1099 12.76 988 13.46 882 14.16 782 14.86 688 15.56 598
12.07 1097 12.77 987 13.47 880 14.17 781 14.87 686 15.57 596
12.08 1096 12.78 985 13.48 879 14.18 779 14.88 684 15.58 595
12.09 1094 12.79 984 13.49 878 14.19 778 14.89 683 15.59 594
12.10 1093 12.80 983 13.50 876 14.20 777 14.90 682 15.60 593
12.11 1091 12.81 980 13.51 875 14.21 775 14.91 680 15.61 592
12.12 1090 12.82 978 13.52 874 14.22 774 14.92 679 15.62 591
12.13 1089 12.83 977 13.53 872 14.23 772 14.93 678 15.63 590
12.14 1087 12.84 976 13.54 871 14.24 770 14.94 677 15.64 589
12.15 1084 12.85 974 13.55 870 14.25 769 14.95 676 15.65 586
12.16 1083 12.86 973 13.56 868 14.26 768 14.96 674 15.66 585
12.17 1081 12.87 971 13.57 866 14.27 767 14.97 673 15.67 584
12.18 1080 12.88 970 13.58 864 14.28 765 14.98 672 15.68 583
12.19 1078 12.89 968 13.59 863 14.29 764 14.99 670 15.69 582
15.70 581 16.40 499 17.11 421 17.86 345 18.66 272 19.59 197
15.71 580 16.41 498 17.12 420 17.87 344 18.68 271 19.61 196
15.72 579 16.42 496 17.13 419 17.88 343 18.69 270 19.62 195
15.73 577 16.43 495 17.14 418 17.89 342 18.70 269 19.64 194
15.74 576 16.44 494 17.15 417 17.91 341 18.71 268 19.65 193
15.75 575 16.45 493 17.16 416 17.92 340 18.72 267 19.67 192
15.76 573 16.46 492 17.17 415 17.93 339 18.73 266 19.68 191
15.77 572 16.47 491 17.18 413 17.94 338 18.74 265 19.69 190
15.78 571 16.48 489 17.19 412 17.95 336 18.76 264 19.70 189
15.79 570 16.49 488 17.20 411 17.97 335 18.77 263 19.72 188
15.80 569 16.50 487 17.21 410 17.98 334 18.78 262 19.73 187
15.81 567 16.51 486 17.22 409 17.99 333 18.80 261 19.75 186
15.82 566 16.52 485 17.23 408 18.00 332 18.81 260 19.76 185
15.83 565 16.53 483 17.24 407 18.01 331 18.82 258 19.78 184
15.84 564 16.54 482 17.25 406 18.02 330 18.84 257 19.79 183
15.85 563 16.55 481 17.26 405 18.03 329 18.85 256 19.80 182
15.86 562 16.56 480 17.27 404 18.05 328 18.86 255 19.81 181
15.87 560 16.57 479 17.28 403 18.06 326 18.88 254 19.83 180
15.88 559 16.58 478 17.29 402 18.07 325 18.89 253 19.84 179
15.89 558 16.59 477 17.30 401 18.08 324 18.90 252 19.86 178
15.90 556 16.60 476 17.31 400 18.09 323 18.92 251 19.87 177
15.91 555 16.61 475 17.32 399 18.11 322 18.93 249 19.89 176
15.92 554 16.62 474 17.33 398 18.12 321 18.95 248 19.91 175
15.93 553 16.63 473 17.34 397 18.13 320 18.96 247 19.93 173
15.94 552 16.64 471 17.35 396 18.14 319 18.97 246 19.94 172
15.95 551 16.65 470 17.36 395 18.15 318 18.98 245 19.96 171
15.96 550 16.66 469 17.37 394 18.16 317 19.00 244 19.97 170
15.97 549 16.67 468 17.38 393 18.17 316 19.01 243 19.99 169
15.98 547 16.68 467 17.39 392 18.18 315 19.02 242 20.00 168
15.99 546 16.69 466 17.40 390 18.19 314 19.03 241 20.02 167
16.00 544 16.70 465 17.41 389 18.20 313 19.04 240 20.03 166
16.01 543 16.71 464 17.43 388 18.21 312 19.06 239 20.04 165
16.02 542 16.72 463 17.44 387 18.23 311 19.07 238 20.06 164
16.03 541 16.73 462 17.45 386 18.24 310 19.08 237 20.07 163
16.04 540 16.74 460 17.46 385 18.25 309 19.10 236 20.09 162
16.05 539 16.75 459 17.47 384 18.26 308 19.11 235 20.11 161
16.06 538 16.76 458 17.48 383 18.27 307 19.12 234 20.12 160
16.07 537 16.77 457 17.49 382 18.28 306 19.14 233 20.13 159
16.08 536 16.78 456 17.50 381 18.29 305 19.15 231 20.14 158
16.09 534 16.79 455 17.51 379 18.30 304 19.17 230 20.16 157
16.10 533 16.80 454 17.52 378 18.31 303 19.18 229 20.18 156
16.11 532 16.81 453 17.53 377 18.32 302 19.19 228 20.19 155
16.12 530 16.82 452 17.55 376 18.34 301 19.21 227 20.21 154
16.13 529 16.83 451 17.56 375 18.35 300 19.22 226 20.23 153
16.14 528 16.84 450 17.57 374 18.36 299 19.24 225 20.24 152
16.15 527 16.85 448 17.58 373 18.37 298 19.25 224 20.25 151
16.16 526 16.86 447 17.59 372 18.38 297 19.27 222 20.27 150
16.17 525 16.87 446 17.60 371 18.39 296 19.28 221 20.28 149
16.18 524 16.88 445 17.61 370 18.40 295 19.29 220 20.30 148
16.19 523 16.89 444 17.62 368 18.41 294 19.31 219 20.32 147
16.20 521 16.90 443 17.63 367 18.42 293 19.32 218 20.33 146
16.21 520 16.91 442 17.65 366 18.44 292 19.34 217 20.35 145
16.22 519 16.92 441 17.66 365 18.45 291 19.35 216 20.36 144
16.23 518 16.93 440 17.67 364 18.46 290 19.36 215 20.37 143
16.24 517 16.94 439 17.68 363 18.47 289 19.37 214 20.39 142
16.25 516 16.95 438 17.69 362 18.48 288 19.38 213 20.41 141
16.26 515 16.96 436 17.70 361 18.49 287 19.40 212 20.42 140
16.27 513 16.97 435 17.71 360 18.50 286 19.41 211 20.44 139
16.28 512 16.98 434 17.72 359 18.51 285 19.43 210 20.45 138
16.29 511 16.99 433 17.74 357 18.52 284 19.44 209 20.47 137
16.30 510 17.00 432 17.75 356 18.54 283 19.45 208 20.48 136
16.31 508 17.01 431 17.76 355 18.55 282 19.47 207 20.50 135
16.32 507 17.02 430 17.77 354 18.56 281 19.49 205 20.52 134
16.33 506 17.03 429 17.78 353 18.57 280 19.50 204 20.54 133
16.34 505 17.04 428 17.79 352 18.59 279 19.52 203 20.55 132
16.35 504 17.05 427 17.80 351 18.60 277 19.53 202 20.56 131
16.36 503 17.06 426 17.81 350 18.61 276 19.55 201 20.58 130
16.37 502 17.08 424 17.83 349 18.63 275 19.56 200 20.60 129
16.38 501 17.09 423 17.84 347 18.64 274 19.57 199 20.61 128
16.39 500 17.10 422 17.85 346 18.65 273 19.58 198 20.63 127
20.65 126 21.00 105 21.40 84 21.85 63 22.36 42 23.02 21
20.67 125 21.02 104 21.43 83 21.87 62 22.39 41 23.06 20
20.68 124 21.04 103 21.44 82 21.89 61 22.42 40 23.09 19
20.69 123 21.06 102 21.46 81 21.91 60 22.44 39 23.14 18
20.71 122 21.08 101 21.48 80 21.94 59 22.47 38 23.18 17
20.73 121 21.10 100 21.50 79 21.96 58 22.50 37 23.22 16
20.75 120 21.11 99 21.53 78 21.99 57 22.53 36 23.26 15
20.77 119 21.13 98 21.55 77 22.00 56 22.56 35 23.30 14
20.78 118 21.15 97 21.56 76 22.03 55 22.59 34 23.35 13
20.79 117 21.17 96 21.58 75 22.06 54 22.62 33 23.40 12
20.81 116 21.19 95 21.61 74 22.08 53 22.65 32 23.44 11
20.83 115 21.21 94 21.63 73 22.10 52 22.68 31 23.50 10
20.85 114 21.22 93 21.65 72 22.13 51 22.71 30 23.55 9
20.87 113 21.24 92 21.67 71 22.15 50 22.75 29 23.61 8
20.89 112 21.26 91 21.69 70 22.18 49 22.77 28 23.66 7
20.90 111 21.29 90 21.71 69 22.21 48 22.81 27 23.73 6
20.92 110 21.31 89 21.74 68 22.23 47 22.85 26 23.80 5
20.94 109 21.33 88 21.76 67 22.26 46 22.87 25 23.87 4
20.95 108 21.34 87 21.77 66 22.28 45 22.91 24 23.96 3
20.97 107 21.36 86 21.80 65 22.31 44 22.95 23 24.06 2
20.99 106 21.38 85 21.82 64 22.33 43 22.98 22 24.18 1
