11.50 1184 12.20 1068 12.90 957 13.60 852 14.30 754 15.00 660
11.51 1182 12.21 1066 12.91 956 13.61 851 14.31 753 15.01 659
11.52 1179 12.22 1065 12.92 954 13.62 850 14.32 750 15.02 658
11.53 1178 12.23 1063 12.93 953 13.63 848 14.33 749 15.03 657
11.54 1176 12.24 1062 12.94 952 13.64 847 14.34 748 15.04 655
11.55 1175 12.25 1059 12.95 950 13.65 846 14.35 746 15.05 653
11.56 1173 12.26 1058 12.96 949 13.66 844 14.36 745 15.06 652
11.57 1172 12.27 1056 12.97 946 13.67 843 14.37 744 15.07 651
11.58 1170 12.28 1055 12.98 945 13.68 842 14.38 743 15.08 649
11.59 1168 12.29 1053 12.99 943 13.69 840 14.39 741 15.09 648
11.60 1167 12.30 1052 13.00 942 13.70 838 14.40 740 15.10 647
11.61 1165 12.31 1050 13.01 941 13.71 836 14.41 739 15.11 646
11.62 1162 12.32 1049 13.02 939 13.72 835 14.42 736 15.12 645
11.63 1161 12.33 1047 13.03 938 13.73 834 14.43 735 15.13 644
11.64 1159 12.34 1046 13.04 936 13.74 832 14.44 734 15.14 642
11.65 1158 12.35 1043 13.05 935 13.75 831 14.45 733 15.15 640
11.66 1156 12.36 1041 13.06 934 13.76 830 14.46 732 15.16 639
11.67 1155 12.37 1040 13.07 932 13.77 828 14.47 730 15.17 638
11.68 1153 12.38 1039 13.08 929 13.78 827 14.48 729 15.18 637
11.69 1152 12.39 1037 13.09 928 13.79 826 14.49 728 15.19 635
11.70 1150 12.40 1036 13.10 927 13.80 823 14.50 727 15.20 634
11.71 1149 12.41 1034 13.11 925 13.81 822 14.51 725 15.21 633
11.72 1147 12.42 1033 13.12 924 13.82 821 14.52 724 15.22 632
11.73 1144 12.43 1031 13.13 923 13.83 819 14.53 722 15.23 631
11.74 1143 12.44 1030 13.14 921 13.84 818 14.54 720 15.24 630
11.75 1141 12.45 1027 13.15 920 13.85 817 14.55 719 15.25 627
11.76 1140 12.46 1026 13.16 918 13.86 815 14.56 718 15.26 626
11.77 1138 12.47 1024 13.17 917 13.87 814 14.57 717 15.27 625
11.78 1136 12.48 1023 13.18 914 13.88 813 14.58 715 15.28 624
11.79 1135 12.49 1021 13.19 913 13.89 811 14.59 714 15.29 623
11.80 1133 12.50 1020 13.20 912 13.90 810 14.60 713 15.30 622
11.81 1132 12.51 1018 13.21 910 13.91 808 14.61 712 15.31 620
11.82 1130 12.52 1017 13.22 909 13.92 806 14.62 711 15.32 619
11.83 1127 12.53 1015 13.23 907 13.93 805 14.63 708 15.33 618
11.84 1126 12.54 1014 13.24 906 13.94 804 14.64 707 15.34 617
11.85 1124 12.55 1013 13.25 905 13.95 802 14.65 706 15.35 616
11.86 1123 12.56 1010 13.26 903 13.96 801 14.66 704 15.36 614
11.87 1121 12.57 1008 13.27 902 13.97 800 14.67 703 15.37 612
11.88 1120 12.58 1007 13.28 899 13.98 799 14.68 702 15.38 611
11.89 1118 12.59 1005 13.29 898 13.99 797 14.69 701 15.39 610
11.90 1117 12.60 1004 13.30 897 14.00 796 14.70 700 15.40 609
11.91 1115 12.61 1003 13.31 895 14.01 793 14.71 698 15.41 608
11.92 1114 12.62 1001 13.32 894 14.02 792 14.72 697 15.42 607
11.93 1111 12.63 1000 13.33 892 14.03 791 14.73 696 15.43 606
11.94 1109 12.64 998 13.34 891 14.04 790 14.74 694 15.44 604
11.95 1108 12.65 997 13.35 890 14.05 788 14.75 692 15.45 603
11.96 1106 12.66 994 13.36 888 14.06 787 14.76 691 15.46 601
11.97 1105 12.67 993 13.37 887 14.07 786 14.77 690 15.47 600
11.98 1103 12.68 991 13.38 886 14.08 784 14.78 689 15.48 599
11.99 1102 12.69 990 13.39 883 14.09 783 14.79 688 15.49 598
12.00 1100 12.70 988 13.40 882 14.10 782 14.80 686 15.50 596
12.01 1099 12.71 987 13.41 880 14.11 779 14.81 685 15.51 595
12.02 1097 12.72 985 13.42 879 14.12 778 14.82 684 15.52 594
12.03 1096 12.73 984 13.43 878 14.13 777 14.83 683 15.53 593
12.04 1093 12.74 983 13.44 876 14.14 775 14.84 680 15.54 592
12.05 1091 12.75 981 13.45 875 14.15 774 14.85 679 15.55 591
12.06 1090 12.76 978 13.46 874 14.16 773 14.86 678 15.56 590
12.07 1089 12.77 977 13.47 872 14.17 772 14.87 677 15.57 587
12.08 1087 12.78 976 13.48 871 14.18 770 14.88 676 15.58 586
12.09 1086 12.79 974 13.49 868 14.19 769 14.89 674 15.59 585
12.10 1084 12.80 973 13.50 867 14.20 768 14.90 673 15.60 584
12.11 1083 12.81 971 13.51 866 14.21 767 14.91 672 15.61 583
12.12 1081 12.82 970 13.52 864 14.22 764 14.92 671 15.62 582
12.13 1080 12.83 968 13.53 863 14.23 763 14.93 670 15.63 581
12.14 1077 12.84 967 13.54 862 14.24 762 14.94 667 15.64 580
12.15 1075 12.85 966 13.55 860 14.25 760 14.95 666 15.65 579
12.16 1074 12.86 964 13.56 859 14.26 759 14.96 665 15.66 577
12.17 1072 12.87 961 13.57 858 14.27 758 14.97 664 15.67 575
12.18 1071 12.88 960 13.58 856 14.28 756 14.98 662 15.68 574
12.19 1069 12.89 959 13.59 854 14.29 755 14.99 661 15.69 573
15.70 572 16.40 489 17.11 413 17.86 337 18.71 261 19.67 185
15.71 571 16.41 488 17.12 411 17.87 336 18.72 260 19.69 184
15.72 570 16.42 487 17.13 410 17.89 335 18.73 259 19.70 183
15.73 569 16.43 486 17.14 409 17.90 334 18.74 258 19.71 182
15.74 567 16.44 485 17.15 408 17.91 333 18.76 257 19.72 181
15.75 566 16.45 484 17.16 407 17.92 332 18.77 256 19.74 180
15.76 565 16.46 483 17.17 406 17.93 331 18.79 254 19.75 179
15.77 563 16.47 482 17.18 405 17.94 330 18.80 253 19.77 178
15.78 562 16.48 481 17.19 404 17.96 328 18.81 252 19.78 177
15.79 561 16.49 480 17.20 403 17.97 327 18.83 251 19.80 176
15.80 560 16.50 478 17.21 402 17.98 326 18.84 250 19.81 175
15.81 559 16.51 477 17.22 401 17.99 325 18.85 249 19.82 174
15.82 558 16.52 476 17.23 400 18.00 324 18.87 248 19.84 173
15.83 556 16.53 475 17.24 399 18.01 323 18.88 246 19.85 172
15.84 555 16.54 474 17.25 398 18.03 322 18.89 245 19.87 171
15.85 554 16.55 473 17.26 397 18.04 321 18.91 244 19.88 170
15.86 553 16.56 472 17.27 396 18.05 319 18.92 243 19.90 169
15.87 552 16.57 471 17.28 395 18.06 318 18.93 242 19.91 168
15.88 550 16.58 470 17.29 394 18.07 317 18.95 241 19.92 167
15.89 549 16.59 469 17.30 393 18.09 316 18.96 240 19.94 166
15.90 548 16.60 467 17.31 392 18.10 315 18.98 239 19.95 165
15.91 547 16.61 466 17.32 391 18.11 314 18.99 237 19.97 164
15.92 546 16.62 465 17.33 389 18.12 313 19.01 236 19.98 163
15.93 544 16.63 464 17.35 388 18.13 312 19.02 235 20.00 162
15.94 543 16.64 463 17.36 387 18.15 311 19.03 234 20.02 161
15.95 542 16.65 462 17.37 386 18.16 309 19.05 233 20.04 159
15.96 541 16.66 461 17.38 385 18.17 308 19.06 232 20.05 158
15.97 540 16.67 460 17.39 384 18.18 307 19.07 231 20.07 157
15.98 538 16.68 459 17.40 383 18.20 306 19.08 230 20.09 156
15.99 537 16.69 458 17.41 382 18.21 305 19.09 229 20.10 155
16.00 536 16.70 457 17.42 381 18.22 304 19.10 228 20.12 154
16.01 535 16.71 455 17.43 379 18.23 303 19.12 227 20.13 153
16.02 534 16.72 454 17.44 378 18.24 302 19.13 226 20.14 152
16.03 533 16.73 453 17.45 377 18.25 301 19.15 225 20.16 151
16.04 532 16.74 452 17.47 376 18.26 300 19.16 224 20.18 150
16.05 530 16.75 451 17.48 375 18.27 299 19.17 223 20.19 149
16.06 529 16.76 450 17.49 374 18.28 298 19.19 222 20.21 148
16.07 528 16.77 449 17.50 373 18.29 297 19.20 220 20.22 147
16.08 526 16.78 448 17.51 372 18.31 296 19.22 219 20.23 146
16.09 525 16.79 447 17.52 371 18.32 295 19.23 218 20.25 145
16.10 524 16.80 446 17.53 370 18.33 294 19.25 217 20.27 144
16.11 523 16.81 444 17.54 368 18.34 293 19.26 216 20.28 143
16.12 522 16.82 443 17.55 367 18.36 292 19.28 215 20.30 142
16.13 521 16.83 442 17.57 366 18.37 290 19.29 214 20.32 141
16.14 520 16.84 441 17.58 365 18.38 289 19.31 212 20.33 140
16.15 519 16.85 440 17.59 364 18.39 288 19.32 211 20.34 139
16.16 518 16.86 439 17.60 363 18.41 287 19.34 210 20.36 138
16.17 517 16.87 438 17.61 362 18.42 286 19.35 209 20.38 137
16.18 516 16.88 437 17.62 361 18.43 285 19.36 208 20.39 136
16.19 513 16.89 436 17.63 360 18.44 284 19.38 207 20.41 135
16.20 512 16.90 435 17.64 358 18.46 283 19.39 206 20.43 134
16.21 511 16.91 433 17.66 357 18.47 281 19.40 205 20.44 133
16.22 510 16.92 432 17.67 356 18.48 280 19.41 204 20.45 132
16.23 509 16.93 431 17.68 355 18.50 279 19.43 203 20.47 131
16.24 508 16.94 430 17.69 354 18.51 278 19.44 202 20.49 130
16.25 507 16.95 429 17.70 353 18.52 277 19.46 201 20.51 129
16.26 506 16.96 428 17.71 352 18.53 276 19.47 200 20.52 128
16.27 505 16.97 427 17.72 351 18.55 275 19.48 199 20.53 127
16.28 504 16.98 426 17.73 350 18.56 274 19.50 198 20.55 126
16.29 502 16.99 425 17.74 349 18.57 272 19.52 196 20.57 125
16.30 501 17.01 424 17.75 348 18.59 271 19.53 195 20.59 124
16.31 500 17.02 422 17.76 347 18.60 270 19.55 194 20.60 123
16.32 499 17.03 421 17.77 346 18.61 269 19.56 193 20.62 122
16.33 498 17.04 420 17.78 345 18.63 268 19.58 192 20.64 121
16.34 497 17.05 419 17.79 344 18.64 267 19.59 191 20.65 120
16.35 496 17.06 418 17.80 343 18.65 266 19.60 190 20.67 119
16.36 495 17.07 417 17.81 342 18.66 265 19.61 189 20.69 118
16.37 494 17.08 416 17.83 341 18.67 264 19.63 188 20.70 117
16.38 493 17.09 415 17.84 340 18.68 263 19.64 187 20.72 116
16.39 492 17.10 414 17.85 338 18.69 262 19.66 186 20.74 115
20.75 114 21.11 94 21.48 75 21.90 56 22.40 37 23.03 18
20.77 113 21.13 93 21.51 74 21.93 55 22.43 36 23.07 17
20.79 112 21.15 92 21.53 73 21.96 54 22.46 35 23.12 16
20.81 111 21.16 91 21.55 72 21.98 53 22.49 34 23.15 15
20.83 110 21.19 90 21.57 71 22.00 52 22.51 33 23.20 14
20.85 109 21.21 89 21.59 70 22.03 51 22.55 32 23.24 13
20.87 107 21.23 88 21.61 69 22.05 50 22.58 31 23.29 12
20.89 106 21.25 87 21.64 68 22.08 49 22.61 30 23.34 11
20.91 105 21.26 86 21.66 67 22.10 48 22.64 29 23.39 10
20.93 104 21.28 85 21.68 66 22.13 47 22.67 28 23.44 9
20.95 103 21.30 84 21.70 65 22.16 46 22.71 27 23.50 8
20.96 102 21.33 83 21.72 64 22.18 45 22.74 26 23.55 7
20.98 101 21.35 82 21.75 63 22.20 44 22.77 25 23.62 6
21.00 100 21.36 81 21.77 62 22.23 43 22.81 24 23.69 5
21.02 99 21.38 80 21.79 61 22.26 42 22.84 23 23.76 4
21.04 98 21.40 79 21.81 60 22.29 41 22.88 22 23.85 3
21.05 97 21.43 78 21.84 59 22.31 40 22.92 21 23.95 2
21.07 96 21.45 77 21.86 58 22.34 39 22.95 20 24.07 1
21.09 95 21.47 76 21.88 57 22.37 38 22.99 19
