11.50 1351 12.20 1238 12.90 1130 13.60 1027 14.30 927 15.00 832
11.51 1349 12.21 1237 12.91 1129 13.61 1026 14.31 925 15.01 831
11.52 1348 12.22 1235 12.92 1127 13.62 1024 14.32 924 15.02 830
11.53 1346 12.23 1234 12.93 1126 13.63 1023 14.33 923 15.03 828
11.54 1344 12.24 1232 12.94 1124 13.64 1020 14.34 921 15.04 827
11.55 1343 12.25 1231 12.95 1123 13.65 1018 14.35 920 15.05 826
11.56 1341 12.26 1229 12.96 1121 13.66 1017 14.36 918 15.06 825
11.57 1339 12.27 1227 12.97 1120 13.67 1015 14.37 917 15.07 823
11.58 1338 12.28 1226 12.98 1118 13.68 1014 14.38 916 15.08 822
11.59 1336 12.29 1224 12.99 1117 13.69 1013 14.39 914 15.09 821
11.60 1335 12.30 1223 13.00 1115 13.70 1011 14.40 913 15.10 819
11.61 1333 12.31 1221 13.01 1114 13.71 1010 14.41 912 15.11 818
11.62 1331 12.32 1220 13.02 1112 13.72 1008 14.42 910 15.12 817
11.63 1330 12.33 1218 13.03 1111 13.73 1007 14.43 909 15.13 815
11.64 1328 12.34 1216 13.04 1109 13.74 1005 14.44 907 15.14 814
11.65 1326 12.35 1215 13.05 1108 13.75 1004 14.45 906 15.15 813
11.66 1325 12.36 1213 13.06 1106 13.76 1003 14.46 905 15.16 811
11.67 1323 12.37 1212 13.07 1105 13.77 1001 14.47 903 15.17 810
11.68 1322 12.38 1210 13.08 1103 13.78 1000 14.48 902 15.18 809
11.69 1320 12.39 1209 13.09 1102 13.79 998 14.49 901 15.19 808
11.70 1318 12.40 1207 13.10 1100 13.80 997 14.50 899 15.20 806
11.71 1317 12.41 1206 13.11 1099 13.81 995 14.51 898 15.21 805
11.72 1315 12.42 1204 13.12 1097 13.82 994 14.52 897 15.22 804
11.73 1313 12.43 1202 13.13 1096 13.83 993 14.53 895 15.23 802
11.74 1312 12.44 1201 13.14 1094 13.84 991 14.54 894 15.24 801
11.75 1310 12.45 1199 13.15 1093 13.85 990 14.55 892 15.25 800
11.76 1309 12.46 1198 13.16 1091 13.86 988 14.56 891 15.26 799
11.77 1307 12.47 1196 13.17 1090 13.87 987 14.57 890 15.27 797
11.78 1305 12.48 1195 13.18 1089 13.88 985 14.58 888 15.28 796
11.79 1304 12.49 1193 13.19 1087 13.89 984 14.59 887 15.29 795
11.80 1302 12.50 1192 13.20 1086 13.90 983 14.60 886 15.30 793
11.81 1301 12.51 1190 13.21 1084 13.91 981 14.61 884 15.31 792
11.82 1299 12.52 1189 13.22 1083 13.92 980 14.62 883 15.32 791
11.83 1297 12.53 1187 13.23 1081 13.93 978 14.63 882 15.33 790
11.84 1296 12.54 1185 13.24 1080 13.94 977 14.64 880 15.34 788
11.85 1294 12.55 1184 13.25 1078 13.95 976 14.65 879 15.35 787
11.86 1292 12.56 1182 13.26 1077 13.96 974 14.66 878 15.36 786
11.87 1291 12.57 1181 13.27 1075 13.97 973 14.67 876 15.37 784
11.88 1289 12.58 1179 13.28 1074 13.98 971 14.68 875 15.38 783
11.89 1288 12.59 1178 13.29 1072 13.99 970 14.69 874 15.39 782
11.90 1286 12.60 1176 13.30 1071 14.00 968 14.70 872 15.40 781
11.91 1284 12.61 1175 13.31 1069 14.01 967 14.71 871 15.41 779
11.92 1283 12.62 1173 13.32 1068 14.02 966 14.72 870 15.42 778
11.93 1281 12.63 1172 13.33 1066 14.03 964 14.73 868 15.43 777
11.94 1280 12.64 1170 13.34 1065 14.04 963 14.74 867 15.44 775
11.95 1278 12.65 1168 13.35 1063 14.05 961 14.75 866 15.45 774
11.96 1276 12.66 1167 13.36 1062 14.06 960 14.76 864 15.46 773
11.97 1275 12.67 1165 13.37 1060 14.07 959 14.77 863 15.47 772
11.98 1273 12.68 1164 13.38 1059 14.08 957 14.78 862 15.48 770
11.99 1272 12.69 1162 13.39 1058 14.09 956 14.79 860 15.49 769
12.00 1270 12.70 1161 13.40 1056 14.10 954 14.80 859 15.50 768
12.01 1268 12.71 1159 13.41 1055 14.11 953 14.81 858 15.51 767
12.02 1267 12.72 1158 13.42 1053 14.12 952 14.82 856 15.52 765
12.03 1265 12.73 1156 13.43 1052 14.13 950 14.83 855 15.53 764
12.04 1264 12.74 1155 13.44 1050 14.14 949 14.84 854 15.54 763
12.05 1262 12.75 1153 13.45 1049 14.15 947 14.85 852 15.55 762
12.06 1261 12.76 1152 13.46 1047 14.16 946 14.86 851 15.56 760
12.07 1259 12.77 1150 13.47 1046 14.17 945 14.87 850 15.57 759
12.08 1257 12.78 1149 13.48 1044 14.18 943 14.88 848 15.58 758
12.09 1256 12.79 1147 13.49 1043 14.19 942 14.89 847 15.59 756
12.10 1254 12.80 1146 13.50 1041 14.20 941 14.90 846 15.60 755
12.11 1253 12.81 1144 13.51 1040 14.21 939 14.91 844 15.61 754
12.12 1251 12.82 1143 13.52 1039 14.22 938 14.92 843 15.62 753
12.13 1249 12.83 1141 13.53 1037 14.23 936 14.93 842 15.63 751
12.14 1248 12.84 1140 13.54 1036 14.24 935 14.94 840 15.64 750
12.15 1246 12.85 1138 13.55 1034 14.25 934 14.95 839 15.65 749
12.16 1245 12.86 1136 13.56 1033 14.26 932 14.96 838 15.66 748
12.17 1243 12.87 1135 13.57 1031 14.27 931 14.97 836 15.67 746
12.18 1242 12.88 1133 13.58 1030 14.28 929 14.98 835 15.68 745
12.19 1240 12.89 1132 13.59 1028 14.29 928 14.99 834 15.69 744
15.70 743 16.40 657 17.10 576 17.80 501 18.50 429 19.25 359
15.71 741 16.41 655 17.11 575 17.81 500 18.51 428 19.26 358
15.72 740 16.42 654 17.12 574 17.82 499 18.52 427 19.28 357
15.73 739 16.43 653 17.13 573 17.83 498 18.53 426 19.29 356
15.74 738 16.44 652 17.14 572 17.84 497 18.54 425 19.30 355
15.75 736 16.45 651 17.15 571 17.85 496 18.56 424 19.31 354
15.76 735 16.46 649 17.16 570 17.86 495 18.57 423 19.32 353
15.77 734 16.47 648 17.17 569 17.87 494 18.58 422 19.33 352
15.78 733 16.48 647 17.18 567 17.88 493 18.59 421 19.34 351
15.79 732 16.49 646 17.19 566 17.89 492 18.60 420 19.35 350
15.80 730 16.50 645 17.20 565 17.90 491 18.61 419 19.37 349
15.81 729 16.51 644 17.21 564 17.91 489 18.62 418 19.38 348
15.82 728 16.52 642 17.22 563 17.92 488 18.63 417 19.39 347
15.83 727 16.53 641 17.23 562 17.93 487 18.64 416 19.40 346
15.84 725 16.54 640 17.24 561 17.94 486 18.65 415 19.41 345
15.85 724 16.55 639 17.25 560 17.95 485 18.66 414 19.42 344
15.86 723 16.56 638 17.26 559 17.96 484 18.67 413 19.43 343
15.87 722 16.57 637 17.27 558 17.97 483 18.68 412 19.44 342
15.88 720 16.58 635 17.28 556 17.98 482 18.69 411 19.46 341
15.89 719 16.59 634 17.29 555 17.99 481 18.70 410 19.47 340
15.90 718 16.60 633 17.30 554 18.00 480 18.71 409 19.48 339
15.91 715 16.61 632 17.31 553 18.01 479 18.72 408 19.49 338
15.92 714 16.62 631 17.32 552 18.02 478 18.73 407 19.50 337
15.93 713 16.63 630 17.33 551 18.03 477 18.74 406 19.51 336
15.94 712 16.64 628 17.34 550 18.04 476 18.75 405 19.53 335
15.95 711 16.65 627 17.35 549 18.05 475 18.76 404 19.54 334
15.96 709 16.66 626 17.36 548 18.06 474 18.77 403 19.55 333
15.97 708 16.67 625 17.37 547 18.07 473 18.79 402 19.56 332
15.98 707 16.68 624 17.38 546 18.08 472 18.80 401 19.57 331
15.99 706 16.69 623 17.39 544 18.09 471 18.81 400 19.58 330
16.00 704 16.70 622 17.40 543 18.10 470 18.82 399 19.59 329
16.01 703 16.71 620 17.41 542 18.11 469 18.83 398 19.61 328
16.02 702 16.72 619 17.42 541 18.12 468 18.84 397 19.62 327
16.03 701 16.73 618 17.43 540 18.13 467 18.85 396 19.63 326
16.04 700 16.74 617 17.44 539 18.14 466 18.86 395 19.64 325
16.05 698 16.75 616 17.45 538 18.15 465 18.87 394 19.65 324
16.06 697 16.76 615 17.46 537 18.16 464 18.88 393 19.66 323
16.07 696 16.77 614 17.47 536 18.17 463 18.89 392 19.68 322
16.08 695 16.78 612 17.48 535 18.18 462 18.90 391 19.69 321
16.09 694 16.79 611 17.49 534 18.19 460 18.91 390 19.70 320
16.10 692 16.80 610 17.50 533 18.20 459 18.92 389 19.71 319
16.11 691 16.81 609 17.51 532 18.21 458 18.94 388 19.72 318
16.12 690 16.82 608 17.52 530 18.22 457 18.95 387 19.73 317
16.13 689 16.83 607 17.53 529 18.23 456 18.96 386 19.75 316
16.14 688 16.84 606 17.54 528 18.24 455 18.97 385 19.76 315
16.15 686 16.85 604 17.55 527 18.25 454 18.98 384 19.77 314
16.16 685 16.86 603 17.56 526 18.26 453 18.99 383 19.78 313
16.17 684 16.87 602 17.57 525 18.27 452 19.00 382 19.79 312
16.18 683 16.88 601 17.58 524 18.28 451 19.01 381 19.81 311
16.19 682 16.89 600 17.59 523 18.29 450 19.02 380 19.82 310
16.20 680 16.90 599 17.60 522 18.30 449 19.03 379 19.83 309
16.21 679 16.91 598 17.61 521 18.31 448 19.04 378 19.84 308
16.22 678 16.92 596 17.62 520 18.32 447 19.05 377 19.85 307
16.23 677 16.93 595 17.63 519 18.33 446 19.07 376 19.87 306
16.24 676 16.94 594 17.64 518 18.34 445 19.08 375 19.88 305
16.25 674 16.95 593 17.65 517 18.35 444 19.09 374 19.89 304
16.26 673 16.96 592 17.66 516 18.36 443 19.10 373 19.90 303
16.27 672 16.97 591 17.67 515 18.37 442 19.11 372 19.91 302
16.28 671 16.98 590 17.68 513 18.38 441 19.12 371 19.93 301
16.29 670 16.99 589 17.69 512 18.39 440 19.13 370 19.94 300
16.30 668 17.00 587 17.70 511 18.40 439 19.14 369 19.95 299
16.31 667 17.01 586 17.71 510 18.41 438 19.15 368 19.96 298
16.32 666 17.02 585 17.72 509 18.42 437 19.16 367 19.97 297
16.33 665 17.03 584 17.73 508 18.43 436 19.18 366 19.99 296
16.34 664 17.04 583 17.74 507 18.44 435 19.19 365 20.00 295
16.35 662 17.05 582 17.75 506 18.45 434 19.20 364 20.01 294
16.36 661 17.06 581 17.76 505 18.46 433 19.21 363 20.02 293
16.37 660 17.07 580 17.77 504 18.47 432 19.22 362 20.04 292
16.38 659 17.08 579 17.78 503 18.48 431 19.23 361 20.05 291
16.39 658 17.09 577 17.79 502 18.49 430 19.24 360 20.06 290
20.07 289 20.69 240 21.37 192 22.13 144 23.00 96 24.13 48
20.08 288 20.71 239 21.38 191 22.14 143 23.02 95 24.16 47
20.10 287 20.72 238 21.40 190 22.16 142 23.04 94 24.19 46
20.11 286 20.73 237 21.41 189 22.18 141 23.06 93 24.21 45
20.12 285 20.75 236 21.43 188 22.19 140 23.08 92 24.24 44
20.13 284 20.76 235 21.44 187 22.21 139 23.10 91 24.27 43
20.15 283 20.77 234 21.46 186 22.23 138 23.13 90 24.30 42
20.16 282 20.79 233 21.47 185 22.25 137 23.15 89 24.33 41
20.17 281 20.80 232 21.49 184 22.26 136 23.17 88 24.36 40
20.18 280 20.81 231 21.50 183 22.28 135 23.19 87 24.39 39
20.20 279 20.83 230 21.52 182 22.30 134 23.21 86 24.42 38
20.21 278 20.84 229 21.53 181 22.32 133 23.23 85 24.45 37
20.22 277 20.85 228 21.55 180 22.33 132 23.25 84 24.49 36
20.23 276 20.87 227 21.56 179 22.35 131 23.28 83 24.52 35
20.25 275 20.88 226 21.58 178 22.37 130 23.30 82 24.55 34
20.26 274 20.90 225 21.59 177 22.39 129 23.32 81 24.58 33
20.27 273 20.91 224 21.61 176 22.40 128 23.34 80 24.62 32
20.28 272 20.92 223 21.63 175 22.42 127 23.36 79 24.65 31
20.30 271 20.94 222 21.64 174 22.44 126 23.39 78 24.68 30
20.31 270 20.95 221 21.66 173 22.46 125 23.41 77 24.72 29
20.32 269 20.96 220 21.67 172 22.48 124 23.43 76 24.75 28
20.34 268 20.98 219 21.69 171 22.49 123 23.45 75 24.79 27
20.35 267 20.99 218 21.70 170 22.51 122 23.48 74 24.83 26
20.36 266 21.01 217 21.72 169 22.53 121 23.50 73 24.86 25
20.37 265 21.02 216 21.73 168 22.55 120 23.52 72 24.90 24
20.39 264 21.04 215 21.75 167 22.57 119 23.55 71 24.94 23
20.40 263 21.05 214 21.77 166 22.59 118 23.57 70 24.98 22
20.41 262 21.06 213 21.78 165 22.60 117 23.59 69 25.01 21
20.43 261 21.08 212 21.80 164 22.62 116 23.62 68 25.05 20
20.44 260 21.09 211 21.81 163 22.64 115 23.64 67 25.09 19
20.45 259 21.11 210 21.83 162 22.66 114 23.66 66 25.14 18
20.47 257 21.12 209 21.85 161 22.68 113 23.69 65 25.18 17
20.48 256 21.13 208 21.86 160 22.70 112 23.71 64 25.23 16
20.49 255 21.15 207 21.88 159 22.72 111 23.74 63 25.27 15
20.51 254 21.16 206 21.89 158 22.73 110 23.76 62 25.32 14
20.52 253 21.18 205 21.91 157 22.75 109 23.79 61 25.37 13
20.53 252 21.19 204 21.93 156 22.76 108 23.81 60 25.42 12
20.55 251 21.21 203 21.94 155 22.78 107 23.84 59 25.47 11
20.56 250 21.22 202 21.96 154 22.80 106 23.86 58 25.53 10
20.57 249 21.24 201 21.98 153 22.82 105 23.89 57 25.59 9
20.59 248 21.25 200 21.99 152 22.84 104 23.91 56 25.65 8
20.60 247 21.26 199 22.01 151 22.86 103 23.94 55 25.71 7
20.61 246 21.28 198 22.03 150 22.88 102 23.97 54 25.78 6
20.62 245 21.29 197 22.04 149 22.90 101 23.99 53 25.86 5
20.64 244 21.31 196 22.06 148 22.92 100 24.02 52 25.94 4
20.65 243 21.32 195 22.08 147 22.94 99 24.05 51 26.03 3
20.66 242 21.34 194 22.09 146 22.96 98 24.07 50 26.14 2
20.68 241 21.35 193 22.11 145 22.98 97 24.10 49 26.28 1
