11.58 1361 12.29 1248 12.99 1140 13.70 1036 14.40 936 15.11 842
11.59 1359 12.30 1246 13.00 1138 13.71 1034 14.41 935 15.12 840
11.60 1357 12.31 1245 13.01 1136 13.72 1033 14.42 934 15.13 839
11.61 1356 12.32 1243 13.02 1135 13.73 1031 14.43 932 15.14 838
11.62 1354 12.33 1242 13.03 1133 13.74 1030 14.44 931 15.15 836
11.63 1352 12.34 1240 13.04 1132 13.75 1028 14.45 929 15.16 835
11.64 1351 12.35 1238 13.05 1130 13.76 1027 14.46 928 15.17 834
11.65 1349 12.36 1237 13.06 1129 13.77 1026 14.48 927 15.18 832
11.66 1348 12.37 1235 13.07 1127 13.78 1024 14.49 925 15.19 831
11.67 1346 12.38 1234 13.08 1126 13.79 1023 14.50 924 15.20 830
11.68 1344 12.39 1232 13.09 1124 13.80 1021 14.51 923 15.21 828
11.69 1343 12.40 1231 13.10 1123 13.81 1020 14.52 921 15.22 827
11.70 1341 12.41 1229 13.11 1121 13.82 1018 14.53 920 15.23 826
11.71 1339 12.42 1227 13.12 1120 13.83 1017 14.54 918 15.24 825
11.72 1338 12.43 1226 13.13 1118 13.84 1015 14.55 917 15.25 823
11.73 1336 12.44 1224 13.14 1117 13.85 1014 14.56 916 15.26 822
11.74 1335 12.45 1223 13.16 1115 13.86 1013 14.57 914 15.27 821
11.75 1333 12.46 1221 13.17 1114 13.87 1011 14.58 913 15.28 819
11.76 1331 12.47 1220 13.18 1112 13.88 1010 14.59 912 15.29 818
11.77 1330 12.48 1218 13.19 1111 13.89 1008 14.60 910 15.30 817
11.78 1328 12.49 1216 13.20 1109 13.90 1007 14.61 909 15.31 815
11.79 1326 12.50 1215 13.21 1108 13.91 1005 14.62 907 15.32 814
11.80 1325 12.51 1213 13.22 1106 13.92 1004 14.63 906 15.33 813
11.81 1323 12.52 1212 13.23 1105 13.93 1003 14.64 905 15.34 811
11.82 1322 12.53 1210 13.24 1103 13.94 1001 14.65 903 15.35 810
11.83 1320 12.54 1209 13.25 1102 13.95 1000 14.66 902 15.36 809
11.85 1318 12.55 1207 13.26 1100 13.96 998 14.67 901 15.37 808
11.86 1317 12.56 1206 13.27 1099 13.97 997 14.68 899 15.38 806
11.87 1315 12.57 1204 13.28 1097 13.98 995 14.69 898 15.39 805
11.88 1313 12.58 1202 13.29 1096 13.99 994 14.70 897 15.40 804
11.89 1312 12.59 1201 13.30 1094 14.00 993 14.71 895 15.41 802
11.90 1310 12.60 1199 13.31 1093 14.01 991 14.72 894 15.42 801
11.91 1309 12.61 1198 13.32 1091 14.02 990 14.73 892 15.43 800
11.92 1307 12.62 1196 13.33 1090 14.03 988 14.74 891 15.44 799
11.93 1305 12.63 1195 13.34 1089 14.04 987 14.75 890 15.45 797
11.94 1304 12.64 1193 13.35 1087 14.05 985 14.76 888 15.46 796
11.95 1302 12.65 1192 13.36 1086 14.06 984 14.77 887 15.47 795
11.96 1301 12.66 1190 13.37 1084 14.07 983 14.78 886 15.48 793
11.97 1299 12.67 1189 13.38 1083 14.08 981 14.79 884 15.49 792
11.98 1297 12.68 1187 13.39 1081 14.09 980 14.80 883 15.50 791
11.99 1296 12.69 1185 13.40 1080 14.10 978 14.81 882 15.51 790
12.00 1294 12.70 1184 13.41 1078 14.11 977 14.82 880 15.52 788
12.01 1292 12.71 1182 13.42 1077 14.12 976 14.83 879 15.53 787
12.02 1291 12.72 1181 13.43 1075 14.13 974 14.84 878 15.54 786
12.03 1289 12.73 1179 13.44 1074 14.14 973 14.85 876 15.55 784
12.04 1288 12.74 1178 13.45 1072 14.15 971 14.86 875 15.56 783
12.05 1286 12.75 1176 13.46 1071 14.16 970 14.87 874 15.57 782
12.06 1284 12.76 1175 13.47 1069 14.17 968 14.88 872 15.58 781
12.07 1283 12.77 1173 13.48 1068 14.18 967 14.89 871 15.59 779
12.08 1281 12.78 1172 13.49 1066 14.19 966 14.90 870 15.60 778
12.09 1280 12.79 1170 13.50 1065 14.20 964 14.91 868 15.61 777
12.10 1278 12.80 1168 13.51 1063 14.21 963 14.92 867 15.62 775
12.11 1276 12.81 1167 13.52 1062 14.22 961 14.93 866 15.63 774
12.12 1275 12.82 1165 13.53 1060 14.23 960 14.94 864 15.64 773
12.13 1273 12.83 1164 13.54 1059 14.24 959 14.95 863 15.65 772
12.14 1272 12.84 1162 13.55 1058 14.25 957 14.96 862 15.66 770
12.15 1270 12.85 1161 13.56 1056 14.26 956 14.97 860 15.67 769
12.16 1268 12.86 1159 13.57 1055 14.27 954 14.98 859 15.68 768
12.17 1267 12.87 1158 13.58 1053 14.28 953 14.99 858 15.69 767
12.18 1265 12.88 1156 13.59 1052 14.29 952 15.00 856 15.70 765
12.19 1264 12.89 1155 13.60 1050 14.30 950 15.01 855 15.71 764
12.20 1262 12.90 1153 13.61 1049 14.31 949 15.02 854 15.72 763
12.21 1261 12.91 1152 13.62 1047 14.32 947 15.03 852 15.73 762
12.22 1259 12.92 1150 13.63 1046 14.33 946 15.04 851 15.74 760
12.23 1257 12.93 1149 13.64 1044 14.34 945 15.05 850 15.75 759
12.24 1256 12.94 1147 13.65 1043 14.35 943 15.06 848 15.76 758
12.25 1254 12.95 1146 13.66 1041 14.36 942 15.07 847 15.77 756
12.26 1253 12.96 1144 13.67 1040 14.37 941 15.08 846 15.79 755
12.27 1251 12.97 1143 13.68 1039 14.38 939 15.09 844 15.80 754
12.28 1249 12.98 1141 13.69 1037 14.39 938 15.10 843 15.81 753
15.82 751 16.52 666 17.23 585 17.93 509 18.64 438 19.38 368
15.83 750 16.53 665 17.24 584 17.94 508 18.65 437 19.39 367
15.84 749 16.54 664 17.25 583 17.95 507 18.66 436 19.41 366
15.85 748 16.55 662 17.26 582 17.96 506 18.67 435 19.42 365
15.86 746 16.56 661 17.27 581 17.97 505 18.68 434 19.43 364
15.87 745 16.57 660 17.28 580 17.98 504 18.69 433 19.44 363
15.88 744 16.58 659 17.29 579 17.99 503 18.70 432 19.45 362
15.89 743 16.59 658 17.30 577 18.00 502 18.71 431 19.46 361
15.90 741 16.60 657 17.31 576 18.01 501 18.72 430 19.47 360
15.91 740 16.61 655 17.32 575 18.02 500 18.73 429 19.48 359
15.92 739 16.62 654 17.33 574 18.03 499 18.74 428 19.49 358
15.93 738 16.63 653 17.34 573 18.04 498 18.75 427 19.51 357
15.94 736 16.64 652 17.35 572 18.05 497 18.76 426 19.52 356
15.95 735 16.65 651 17.36 571 18.06 496 18.77 425 19.53 355
15.96 734 16.66 649 17.37 570 18.07 495 18.79 424 19.54 354
15.97 733 16.67 648 17.38 569 18.08 494 18.80 423 19.55 353
15.98 732 16.68 647 17.39 567 18.09 493 18.81 422 19.56 352
15.99 730 16.69 646 17.40 566 18.10 492 18.82 421 19.57 351
16.00 729 16.70 645 17.41 565 18.11 491 18.83 420 19.58 350
16.01 728 16.71 644 17.42 564 18.12 489 18.84 419 19.60 349
16.02 727 16.72 642 17.43 563 18.13 488 18.85 418 19.61 348
16.03 725 16.73 641 17.44 562 18.14 487 18.86 417 19.62 347
16.04 724 16.74 640 17.45 561 18.15 486 18.87 416 19.63 346
16.05 723 16.75 639 17.46 560 18.16 485 18.88 415 19.64 345
16.06 722 16.76 638 17.47 559 18.17 484 18.89 414 19.65 344
16.07 720 16.77 637 17.48 558 18.18 483 18.90 413 19.66 343
16.08 719 16.78 635 17.49 556 18.19 482 18.91 412 19.67 342
16.09 718 16.79 634 17.50 555 18.20 481 18.92 411 19.69 341
16.10 717 16.80 633 17.51 554 18.21 480 18.93 410 19.70 340
16.11 715 16.81 632 17.52 553 18.22 479 18.94 409 19.71 339
16.12 714 16.82 631 17.53 552 18.23 478 18.95 408 19.72 338
16.13 713 16.83 630 17.54 551 18.24 477 18.96 407 19.74 337
16.14 712 16.84 628 17.55 550 18.25 476 18.97 406 19.75 336
16.15 711 16.85 627 17.56 549 18.26 475 18.98 405 19.77 335
16.16 709 16.86 626 17.57 548 18.27 474 18.99 404 19.78 334
16.17 708 16.87 625 17.58 547 18.28 473 19.00 403 19.79 333
16.18 707 16.88 624 17.59 546 18.29 472 19.02 402 19.80 332
16.19 706 16.89 623 17.60 544 18.30 471 19.03 401 19.81 331
16.20 704 16.90 622 17.61 543 18.31 470 19.04 400 19.82 330
16.21 703 16.91 620 17.62 542 18.32 469 19.05 399 19.83 329
16.22 702 16.92 619 17.63 541 18.33 468 19.06 398 19.85 328
16.23 701 16.93 618 17.64 540 18.34 467 19.07 397 19.86 327
16.24 700 16.94 617 17.65 539 18.35 466 19.08 396 19.87 326
16.25 698 16.95 616 17.66 538 18.36 465 19.09 395 19.88 325
16.26 697 16.96 615 17.67 537 18.37 464 19.10 394 19.89 324
16.27 696 16.97 614 17.68 536 18.38 463 19.11 393 19.90 323
16.28 695 16.98 612 17.69 535 18.39 462 19.12 392 19.92 322
16.29 694 16.99 611 17.70 534 18.40 461 19.13 391 19.93 321
16.30 692 17.00 610 17.71 533 18.41 460 19.14 390 19.94 320
16.31 691 17.01 609 17.72 532 18.43 459 19.15 389 19.95 319
16.32 690 17.02 608 17.73 530 18.44 458 19.17 388 19.96 318
16.33 689 17.03 607 17.74 529 18.45 457 19.18 387 19.97 317
16.34 688 17.04 606 17.75 528 18.46 456 19.19 386 19.99 316
16.35 686 17.05 604 17.76 527 18.47 455 19.20 385 20.00 315
16.36 685 17.06 603 17.77 526 18.48 454 19.21 384 20.01 314
16.37 684 17.07 602 17.78 525 18.49 453 19.22 383 20.02 313
16.38 683 17.08 601 17.79 524 18.50 452 19.23 382 20.03 312
16.39 682 17.09 600 17.80 523 18.51 451 19.24 381 20.05 311
16.40 680 17.11 599 17.81 522 18.52 450 19.25 380 20.06 310
16.41 679 17.12 598 17.82 521 18.53 449 19.26 379 20.07 309
16.42 678 17.13 596 17.83 520 18.54 448 19.27 378 20.08 308
16.43 677 17.14 595 17.84 519 18.55 447 19.28 377 20.09 307
16.44 676 17.15 594 17.85 518 18.56 446 19.30 376 20.11 306
16.45 674 17.16 593 17.86 517 18.57 445 19.31 375 20.12 305
16.46 673 17.17 592 17.87 516 18.58 444 19.32 374 20.13 304
16.47 672 17.18 591 17.88 515 18.59 443 19.33 373 20.14 303
16.48 671 17.19 590 17.89 513 18.60 442 19.34 372 20.15 302
16.49 670 17.20 589 17.90 512 18.61 441 19.35 371 20.17 301
16.50 668 17.21 587 17.91 511 18.62 440 19.36 370 20.18 300
16.51 667 17.22 586 17.92 510 18.63 439 19.37 369 20.19 299
20.20 298 20.84 248 21.54 198 22.32 148 23.24 98 24.42 48
20.21 297 20.85 247 21.55 197 22.34 147 23.26 97 24.45 47
20.23 296 20.86 246 21.57 196 22.35 146 23.28 96 24.48 46
20.24 295 20.87 245 21.58 195 22.38 145 23.30 95 24.50 45
20.25 294 20.89 244 21.60 194 22.40 144 23.32 94 24.53 44
20.26 293 20.90 243 21.61 193 22.41 143 23.34 93 24.56 43
20.28 292 20.91 242 21.63 192 22.43 142 23.36 92 24.59 42
20.29 291 20.93 241 21.64 191 22.45 141 23.38 91 24.62 41
20.30 290 20.94 240 21.66 190 22.46 140 23.41 90 24.65 40
20.31 289 20.96 239 21.67 189 22.48 139 23.43 89 24.68 39
20.32 288 20.97 238 21.69 188 22.50 138 23.45 88 24.71 38
20.34 287 20.98 237 21.70 187 22.52 137 23.47 87 24.74 37
20.35 286 21.00 236 21.72 186 22.53 136 23.49 86 24.78 36
20.36 285 21.01 235 21.73 185 22.55 135 23.51 85 24.81 35
20.37 284 21.02 234 21.75 184 22.57 134 23.53 84 24.84 34
20.39 283 21.04 233 21.76 183 22.59 133 23.56 83 24.87 33
20.40 282 21.06 232 21.78 182 22.60 132 23.58 82 24.91 32
20.41 281 21.07 231 21.79 181 22.62 131 23.60 81 24.94 31
20.42 280 21.09 230 21.81 180 22.64 130 23.62 80 24.97 30
20.44 279 21.10 229 21.82 179 22.66 129 23.64 79 25.02 29
20.45 278 21.11 228 21.84 178 22.67 128 23.67 78 25.05 28
20.46 277 21.13 227 21.85 177 22.69 127 23.70 77 25.09 27
20.47 276 21.14 226 21.87 176 22.71 126 23.72 76 25.13 26
20.49 275 21.16 225 21.89 175 22.73 125 23.74 75 25.16 25
20.50 274 21.17 224 21.90 174 22.75 124 23.77 74 25.20 24
20.51 273 21.18 223 21.92 173 22.76 123 23.79 73 25.24 23
20.52 272 21.20 222 21.93 172 22.78 122 23.81 72 25.28 22
20.54 271 21.21 221 21.95 171 22.80 121 23.84 71 25.32 21
20.55 270 21.22 220 21.96 170 22.82 120 23.86 70 25.36 20
20.56 269 21.24 219 21.98 169 22.84 119 23.88 69 25.40 19
20.58 268 21.25 218 21.99 168 22.86 118 23.91 68 25.45 18
20.59 267 21.27 217 22.01 167 22.87 117 23.93 67 25.49 17
20.60 266 21.28 216 22.03 166 22.89 116 23.95 66 25.54 16
20.61 265 21.30 215 22.04 165 22.91 115 23.98 65 25.58 15
20.63 264 21.31 214 22.06 164 22.93 114 24.00 64 25.63 14
20.64 263 21.32 213 22.07 163 22.95 113 24.03 63 25.68 13
20.65 262 21.34 212 22.09 162 22.97 112 24.05 62 25.73 12
20.67 261 21.35 211 22.11 161 22.99 111 24.08 61 25.78 11
20.68 260 21.37 210 22.12 160 23.01 110 24.10 60 25.84 10
20.69 259 21.38 209 22.14 159 23.03 109 24.13 59 25.90 9
20.70 258 21.39 208 22.15 158 23.04 108 24.15 58 25.96 8
20.72 257 21.41 207 22.17 157 23.06 107 24.18 57 26.02 7
20.73 256 21.42 206 22.19 156 23.08 106 24.20 56 26.09 6
20.74 255 21.44 205 22.20 155 23.10 105 24.23 55 26.17 5
20.76 254 21.45 204 22.22 154 23.12 104 24.26 54 26.25 4
20.77 253 21.47 203 22.24 153 23.14 103 24.28 53 26.35 3
20.78 252 21.48 202 22.25 152 23.16 102 24.31 52 26.46 2
20.80 251 21.50 201 22.27 151 23.18 101 24.34 51 26.60 1
20.81 250 21.51 200 22.29 150 23.20 100 24.36 50
20.82 249 21.52 199 22.30 149 23.22 99 24.39 49
