12.77 1361 13.54 1248 14.32 1140 15.10 1036 15.88 936 16.65 842
12.78 1359 13.56 1246 14.33 1138 15.11 1034 15.89 935 16.67 840
12.79 1357 13.57 1245 14.34 1136 15.12 1033 15.90 934 16.68 839
12.80 1356 13.58 1243 14.36 1135 15.13 1031 15.91 932 16.69 838
12.81 1354 13.59 1242 14.37 1133 15.14 1030 15.92 931 16.70 836
12.82 1352 13.60 1240 14.38 1132 15.15 1028 15.93 929 16.71 835
12.83 1351 13.61 1238 14.39 1130 15.17 1027 15.94 928 16.72 834
12.84 1349 13.62 1237 14.40 1129 15.18 1026 15.95 927 16.73 832
12.86 1348 13.63 1235 14.41 1127 15.19 1024 15.97 925 16.74 831
12.87 1346 13.64 1234 14.42 1126 15.20 1023 15.98 924 16.75 830
12.88 1344 13.66 1232 14.43 1124 15.21 1021 15.99 923 16.77 828
12.89 1343 13.67 1231 14.44 1123 15.22 1020 16.00 921 16.78 827
12.90 1341 13.68 1229 14.46 1121 15.23 1018 16.01 920 16.79 826
12.91 1339 13.69 1227 14.47 1120 15.24 1017 16.02 918 16.80 825
12.92 1338 13.70 1226 14.48 1118 15.25 1015 16.03 917 16.81 823
12.93 1336 13.71 1224 14.49 1117 15.27 1014 16.04 916 16.82 822
12.94 1335 13.72 1223 14.50 1115 15.28 1013 16.05 914 16.83 821
12.96 1333 13.73 1221 14.51 1114 15.29 1011 16.07 913 16.84 819
12.97 1331 13.74 1220 14.52 1112 15.30 1010 16.08 912 16.85 818
12.98 1330 13.76 1218 14.53 1111 15.31 1008 16.09 910 16.87 817
12.99 1328 13.77 1216 14.54 1109 15.32 1007 16.10 909 16.88 815
13.00 1326 13.78 1215 14.56 1108 15.33 1005 16.11 907 16.89 814
13.01 1325 13.79 1213 14.57 1106 15.34 1004 16.12 906 16.90 813
13.02 1323 13.80 1212 14.58 1105 15.35 1003 16.13 905 16.91 811
13.03 1322 13.81 1210 14.59 1103 15.37 1001 16.14 903 16.92 810
13.04 1320 13.82 1209 14.60 1102 15.38 1000 16.15 902 16.93 809
13.06 1318 13.83 1207 14.61 1100 15.39 998 16.17 901 16.94 808
13.07 1317 13.84 1206 14.62 1099 15.40 997 16.18 899 16.95 806
13.08 1315 13.86 1204 14.63 1097 15.41 995 16.19 898 16.97 805
13.09 1313 13.87 1202 14.64 1096 15.42 994 16.20 897 16.98 804
13.10 1312 13.88 1201 14.66 1094 15.43 993 16.21 895 16.99 802
13.11 1310 13.89 1199 14.67 1093 15.44 991 16.22 894 17.00 801
13.12 1309 13.90 1198 14.68 1091 15.45 990 16.23 892 17.01 800
13.13 1307 13.91 1196 14.69 1090 15.47 988 16.24 891 17.02 799
13.14 1305 13.92 1195 14.70 1089 15.48 987 16.25 890 17.03 797
13.16 1304 13.93 1193 14.71 1087 15.49 985 16.27 888 17.04 796
13.17 1302 13.94 1192 14.72 1086 15.50 984 16.28 887 17.05 795
13.18 1301 13.96 1190 14.73 1084 15.51 983 16.29 886 17.07 793
13.19 1299 13.97 1189 14.74 1083 15.52 981 16.30 884 17.08 792
13.20 1297 13.98 1187 14.76 1081 15.53 980 16.31 883 17.09 791
13.21 1296 13.99 1185 14.77 1080 15.54 978 16.32 882 17.10 790
13.22 1294 14.00 1184 14.78 1078 15.55 977 16.33 880 17.11 788
13.23 1292 14.01 1182 14.79 1077 15.57 976 16.34 879 17.12 787
13.24 1291 14.02 1181 14.80 1075 15.58 974 16.35 878 17.13 786
13.26 1289 14.03 1179 14.81 1074 15.59 973 16.37 876 17.14 784
13.27 1288 14.04 1178 14.82 1072 15.60 971 16.38 875 17.15 783
13.28 1286 14.06 1176 14.83 1071 15.61 970 16.39 874 17.17 782
13.29 1284 14.07 1175 14.84 1069 15.62 968 16.40 872 17.18 781
13.30 1283 14.08 1173 14.86 1068 15.63 967 16.41 871 17.19 779
13.31 1281 14.09 1172 14.87 1066 15.64 966 16.42 870 17.20 778
13.32 1280 14.10 1170 14.88 1065 15.65 964 16.43 868 17.21 777
13.33 1278 14.11 1168 14.89 1063 15.67 963 16.44 867 17.22 775
13.34 1276 14.12 1167 14.90 1062 15.68 961 16.45 866 17.23 774
13.36 1275 14.13 1165 14.91 1060 15.69 960 16.47 864 17.24 773
13.37 1273 14.14 1164 14.92 1059 15.70 959 16.48 863 17.25 772
13.38 1272 14.16 1162 14.93 1058 15.71 957 16.49 862 17.27 770
13.39 1270 14.17 1161 14.94 1056 15.72 956 16.50 860 17.28 769
13.40 1268 14.18 1159 14.96 1055 15.73 954 16.51 859 17.29 768
13.41 1267 14.19 1158 14.97 1053 15.74 953 16.52 858 17.30 767
13.42 1265 14.20 1156 14.98 1052 15.75 952 16.53 856 17.31 765
13.43 1264 14.21 1155 14.99 1050 15.77 950 16.54 855 17.32 764
13.44 1262 14.22 1153 15.00 1049 15.78 949 16.55 854 17.33 763
13.46 1261 14.23 1152 15.01 1047 15.79 947 16.57 852 17.34 762
13.47 1259 14.24 1150 15.02 1046 15.80 946 16.58 851 17.35 760
13.48 1257 14.26 1149 15.03 1044 15.81 945 16.59 850 17.37 759
13.49 1256 14.27 1147 15.04 1043 15.82 943 16.60 848 17.38 758
13.50 1254 14.28 1146 15.05 1041 15.83 942 16.61 847 17.39 756
13.51 1253 14.29 1144 15.07 1040 15.84 941 16.62 846 17.40 755
13.52 1251 14.30 1143 15.08 1039 15.85 939 16.63 844 17.41 754
13.53 1249 14.31 1141 15.09 1037 15.87 938 16.64 843 17.42 753
17.43 751 18.21 666 18.99 585 19.76 509 20.54 438 21.36 368
17.44 750 18.22 665 19.00 584 19.78 508 20.55 437 21.37 367
17.45 749 18.23 664 19.01 583 19.79 507 20.56 436 21.40 366
17.47 748 18.24 662 19.02 582 19.80 506 20.57 435 21.41 365
17.48 746 18.25 661 19.03 581 19.81 505 20.59 434 21.42 364
17.49 745 18.26 660 19.04 580 19.82 504 20.60 433 21.43 363
17.50 744 18.28 659 19.05 579 19.83 503 20.61 432 21.44 362
17.51 743 18.29 658 19.06 577 19.84 502 20.62 431 21.45 361
17.52 741 18.30 657 19.08 576 19.85 501 20.63 430 21.46 360
17.53 740 18.31 655 19.09 575 19.86 500 20.64 429 21.47 359
17.54 739 18.32 654 19.10 574 19.88 499 20.65 428 21.49 358
17.55 738 18.33 653 19.11 573 19.89 498 20.66 427 21.51 357
17.56 736 18.34 652 19.12 572 19.90 497 20.67 426 21.52 356
17.58 735 18.35 651 19.13 571 19.91 496 20.69 425 21.53 355
17.59 734 18.36 649 19.14 570 19.92 495 20.71 424 21.54 354
17.60 733 18.38 648 19.15 569 19.93 494 20.72 423 21.55 353
17.61 732 18.39 647 19.16 567 19.94 493 20.73 422 21.56 352
17.62 730 18.40 646 19.18 566 19.95 492 20.74 421 21.57 351
17.63 729 18.41 645 19.19 565 19.96 491 20.75 420 21.59 350
17.64 728 18.42 644 19.20 564 19.98 489 20.76 419 21.61 349
17.65 727 18.43 642 19.21 563 19.99 488 20.77 418 21.62 348
17.66 725 18.44 641 19.22 562 20.00 487 20.79 417 21.63 347
17.68 724 18.45 640 19.23 561 20.01 486 20.80 416 21.64 346
17.69 723 18.46 639 19.24 560 20.02 485 20.81 415 21.65 345
17.70 722 18.48 638 19.25 559 20.03 484 20.82 414 21.66 344
17.71 720 18.49 637 19.26 558 20.04 483 20.83 413 21.67 343
17.72 719 18.50 635 19.28 556 20.05 482 20.84 412 21.69 342
17.73 718 18.51 634 19.29 555 20.06 481 20.85 411 21.71 341
17.74 717 18.52 633 19.30 554 20.07 480 20.86 410 21.72 340
17.75 715 18.53 632 19.31 553 20.09 479 20.87 409 21.73 339
17.76 714 18.54 631 19.32 552 20.10 478 20.89 408 21.74 338
17.78 713 18.55 630 19.33 551 20.11 477 20.90 407 21.75 337
17.79 712 18.56 628 19.34 550 20.12 476 20.91 406 21.76 336
17.80 711 18.58 627 19.35 549 20.13 475 20.92 405 21.79 335
17.81 709 18.59 626 19.36 548 20.14 474 20.93 404 21.80 334
17.82 708 18.60 625 19.38 547 20.15 473 20.94 403 21.81 333
17.83 707 18.61 624 19.39 546 20.16 472 20.96 402 21.82 332
17.84 706 18.62 623 19.40 544 20.17 471 20.97 401 21.83 331
17.85 704 18.63 622 19.41 543 20.19 470 20.99 400 21.84 330
17.86 703 18.64 620 19.42 542 20.20 469 21.00 399 21.85 329
17.88 702 18.65 619 19.43 541 20.21 468 21.01 398 21.87 328
17.89 701 18.66 618 19.44 540 20.22 467 21.02 397 21.89 327
17.90 700 18.68 617 19.45 539 20.23 466 21.03 396 21.90 326
17.91 698 18.69 616 19.46 538 20.24 465 21.04 395 21.91 325
17.92 697 18.70 615 19.48 537 20.25 464 21.05 394 21.92 324
17.93 696 18.71 614 19.49 536 20.26 463 21.06 393 21.93 323
17.94 695 18.72 612 19.50 535 20.27 462 21.07 392 21.95 322
17.95 694 18.73 611 19.51 534 20.29 461 21.09 391 21.96 321
17.96 692 18.74 610 19.52 533 20.30 460 21.10 390 21.97 320
17.98 691 18.75 609 19.53 532 20.31 459 21.11 389 21.99 319
17.99 690 18.76 608 19.54 530 20.32 458 21.13 388 22.00 318
18.00 689 18.78 607 19.55 529 20.33 457 21.14 387 22.01 317
18.01 688 18.79 606 19.56 528 20.34 456 21.15 386 22.03 316
18.02 686 18.80 604 19.58 527 20.35 455 21.16 385 22.04 315
18.03 685 18.81 603 19.59 526 20.36 454 21.17 384 22.05 314
18.04 684 18.82 602 19.60 525 20.37 453 21.19 383 22.06 313
18.05 683 18.83 601 19.61 524 20.39 452 21.20 382 22.07 312
18.06 682 18.84 600 19.62 523 20.40 451 21.21 381 22.10 311
18.08 680 18.85 599 19.63 522 20.41 450 21.22 380 22.11 310
18.09 679 18.86 598 19.64 521 20.42 449 21.23 379 22.12 309
18.10 678 18.88 596 19.65 520 20.43 448 21.24 378 22.13 308
18.11 677 18.89 595 19.66 519 20.44 447 21.25 377 22.14 307
18.12 676 18.90 594 19.68 518 20.45 446 21.27 376 22.16 306
18.13 674 18.91 593 19.69 517 20.46 445 21.29 375 22.17 305
18.14 673 18.92 592 19.70 516 20.47 444 21.30 374 22.19 304
18.15 672 18.93 591 19.71 515 20.49 443 21.31 373 22.20 303
18.16 671 18.94 590 19.72 513 20.50 442 21.32 372 22.21 302
18.18 670 18.95 589 19.73 512 20.51 441 21.33 371 22.23 301
18.19 668 18.96 587 19.74 511 20.52 440 21.34 370 22.24 300
18.20 667 18.98 586 19.75 510 20.53 439 21.35 369 22.25 299
22.26 298 22.97 248 23.74 198 24.61 148 25.62 98 26.92 48
22.27 297 22.98 247 23.75 197 24.63 147 25.64 97 26.95 47
22.30 296 23.00 246 23.77 196 24.64 146 25.66 96 26.98 46
22.31 295 23.01 245 23.78 195 24.66 145 25.68 95 27.01 45
22.32 294 23.03 244 23.81 194 24.68 144 25.71 94 27.04 44
22.33 293 23.04 243 23.82 193 24.70 143 25.73 93 27.07 43
22.35 292 23.05 242 23.84 192 24.72 142 25.75 92 27.11 42
22.36 291 23.07 241 23.85 191 24.74 141 25.77 91 27.14 41
22.37 290 23.08 240 23.87 190 24.75 140 25.81 90 27.17 40
22.39 289 23.11 239 23.88 189 24.77 139 25.83 89 27.21 39
22.40 288 23.12 238 23.91 188 24.80 138 25.85 88 27.24 38
22.42 287 23.13 237 23.92 187 24.82 137 25.87 87 27.27 37
22.43 286 23.15 236 23.94 186 24.83 136 25.89 86 27.32 36
22.44 285 23.16 235 23.95 185 24.85 135 25.92 85 27.35 35
22.45 284 23.17 234 23.97 184 24.87 134 25.94 84 27.38 34
22.47 283 23.20 233 23.98 183 24.90 133 25.97 83 27.42 33
22.49 282 23.21 232 24.01 182 24.91 132 25.99 82 27.46 32
22.50 281 23.22 231 24.02 181 24.93 131 26.02 81 27.49 31
22.51 280 23.24 230 24.04 180 24.95 130 26.04 80 27.53 30
22.53 279 23.25 229 24.05 179 24.97 129 26.06 79 27.57 29
22.54 278 23.26 228 24.07 178 24.98 128 26.09 78 27.60 28
22.55 277 23.28 227 24.08 177 25.01 127 26.12 77 27.65 27
22.56 276 23.30 226 24.11 176 25.03 126 26.14 76 27.69 26
22.58 275 23.32 225 24.13 175 25.05 125 26.16 75 27.73 25
22.60 274 23.33 224 24.14 174 25.07 124 26.19 74 27.77 24
22.61 273 23.34 223 24.16 173 25.08 123 26.22 73 27.82 23
22.62 272 23.36 222 24.17 172 25.11 122 26.24 72 27.86 22
22.64 271 23.37 221 24.20 171 25.13 121 26.27 71 27.90 21
22.65 270 23.38 220 24.21 170 25.15 120 26.29 70 27.95 20
22.66 269 23.41 219 24.23 169 25.17 119 26.32 69 27.99 19
22.68 268 23.42 218 24.24 168 25.19 118 26.35 68 28.05 18
22.70 267 23.44 217 24.26 167 25.21 117 26.37 67 28.09 17
22.71 266 23.45 216 24.28 166 25.23 116 26.39 66 28.15 16
22.72 265 23.47 215 24.30 165 25.25 115 26.43 65 28.19 15
22.74 264 23.48 214 24.32 164 25.27 114 26.45 64 28.25 14
22.75 263 23.50 213 24.33 163 25.29 113 26.48 63 28.30 13
22.76 262 23.52 212 24.35 162 25.32 112 26.51 62 28.36 12
22.78 261 23.53 211 24.37 161 25.34 111 26.54 61 28.42 11
22.80 260 23.55 210 24.38 160 25.36 110 26.56 60 28.48 10
22.81 259 23.56 209 24.41 159 25.38 109 26.59 59 28.55 9
22.82 258 23.57 208 24.42 158 25.39 108 26.62 58 28.62 8
22.84 257 23.60 207 24.44 157 25.42 107 26.65 57 28.68 7
22.85 256 23.61 206 24.46 156 25.44 106 26.67 56 28.76 6
22.86 255 23.63 205 24.47 155 25.46 105 26.71 55 28.85 5
22.88 254 23.64 204 24.50 154 25.48 104 26.74 54 28.94 4
22.90 253 23.66 203 24.52 153 25.51 103 26.76 53 29.04 3
22.91 252 23.67 202 24.53 152 25.53 102 26.79 52 29.16 2
22.93 251 23.70 201 24.55 151 25.55 101 26.83 51 29.32 1
22.94 250 23.71 200 24.57 150 25.57 100 26.85 50
22.95 249 23.72 199 24.58 149 25.59 99 26.88 49
