14.22 1361 15.09 1248 15.95 1140 16.82 1036 17.68 936 18.55 842
14.23 1359 15.10 1246 15.96 1138 16.83 1034 17.70 935 18.56 840
14.25 1357 15.11 1245 15.98 1136 16.84 1033 17.71 934 18.57 839
14.26 1356 15.12 1243 15.99 1135 16.86 1031 17.72 932 18.59 838
14.27 1354 15.14 1242 16.00 1133 16.87 1030 17.73 931 18.60 836
14.28 1352 15.15 1240 16.01 1132 16.88 1028 17.75 929 18.61 835
14.29 1351 15.16 1238 16.03 1130 16.89 1027 17.76 928 18.62 834
14.31 1349 15.17 1237 16.04 1129 16.90 1026 17.77 927 18.64 832
14.32 1348 15.19 1235 16.05 1127 16.92 1024 17.78 925 18.65 831
14.33 1346 15.20 1234 16.06 1126 16.93 1023 17.80 924 18.66 830
14.34 1344 15.21 1232 16.08 1124 16.94 1021 17.81 923 18.67 828
14.36 1343 15.22 1231 16.09 1123 16.95 1020 17.82 921 18.69 827
14.37 1341 15.23 1229 16.10 1121 16.97 1018 17.83 920 18.70 826
14.38 1339 15.25 1227 16.11 1120 16.98 1017 17.85 918 18.71 825
14.39 1338 15.26 1226 16.13 1118 16.99 1015 17.86 917 18.72 823
14.41 1336 15.27 1224 16.14 1117 17.00 1014 17.87 916 18.74 822
14.42 1335 15.28 1223 16.15 1115 17.02 1013 17.88 914 18.75 821
14.43 1333 15.30 1221 16.16 1114 17.03 1011 17.89 913 18.76 819
14.44 1331 15.31 1220 16.18 1112 17.04 1010 17.91 912 18.77 818
14.46 1330 15.32 1218 16.19 1111 17.05 1008 17.92 910 18.79 817
14.47 1328 15.33 1216 16.20 1109 17.07 1007 17.93 909 18.80 815
14.48 1326 15.35 1215 16.21 1108 17.08 1005 17.94 907 18.81 814
14.49 1325 15.36 1213 16.22 1106 17.09 1004 17.96 906 18.82 813
14.51 1323 15.37 1212 16.24 1105 17.10 1003 17.97 905 18.83 811
14.52 1322 15.38 1210 16.25 1103 17.12 1001 17.98 903 18.85 810
14.53 1320 15.40 1209 16.26 1102 17.13 1000 17.99 902 18.86 809
14.54 1318 15.41 1207 16.27 1100 17.14 998 18.01 901 18.87 808
14.55 1317 15.42 1206 16.29 1099 17.15 997 18.02 899 18.88 806
14.57 1315 15.43 1204 16.30 1097 17.16 995 18.03 898 18.90 805
14.58 1313 15.45 1202 16.31 1096 17.18 994 18.04 897 18.91 804
14.59 1312 15.46 1201 16.32 1094 17.19 993 18.06 895 18.92 802
14.60 1310 15.47 1199 16.34 1093 17.20 991 18.07 894 18.93 801
14.62 1309 15.48 1198 16.35 1091 17.21 990 18.08 892 18.95 800
14.63 1307 15.49 1196 16.36 1090 17.23 988 18.09 891 18.96 799
14.64 1305 15.51 1195 16.37 1089 17.24 987 18.10 890 18.97 797
14.65 1304 15.52 1193 16.39 1087 17.25 985 18.12 888 18.98 796
14.67 1302 15.53 1192 16.40 1086 17.26 984 18.13 887 19.00 795
14.68 1301 15.54 1190 16.41 1084 17.28 983 18.14 886 19.01 793
14.69 1299 15.56 1189 16.42 1083 17.29 981 18.15 884 19.02 792
14.70 1297 15.57 1187 16.43 1081 17.30 980 18.17 883 19.03 791
14.72 1296 15.58 1185 16.45 1080 17.31 978 18.18 882 19.04 790
14.73 1294 15.59 1184 16.46 1078 17.33 977 18.19 880 19.06 788
14.74 1292 15.61 1182 16.47 1077 17.34 976 18.20 879 19.07 787
14.75 1291 15.62 1181 16.48 1075 17.35 974 18.22 878 19.08 786
14.76 1289 15.63 1179 16.50 1074 17.36 973 18.23 876 19.09 784
14.78 1288 15.64 1178 16.51 1072 17.38 971 18.24 875 19.11 783
14.79 1286 15.66 1176 16.52 1071 17.39 970 18.25 874 19.12 782
14.80 1284 15.67 1175 16.53 1069 17.40 968 18.27 872 19.13 781
14.81 1283 15.68 1173 16.55 1068 17.41 967 18.28 871 19.14 779
14.83 1281 15.69 1172 16.56 1066 17.42 966 18.29 870 19.16 778
14.84 1280 15.71 1170 16.57 1065 17.44 964 18.30 868 19.17 777
14.85 1278 15.72 1168 16.58 1063 17.45 963 18.32 867 19.18 775
14.86 1276 15.73 1167 16.60 1062 17.46 961 18.33 866 19.19 774
14.88 1275 15.74 1165 16.61 1060 17.47 960 18.34 864 19.21 773
14.89 1273 15.75 1164 16.62 1059 17.49 959 18.35 863 19.22 772
14.90 1272 15.77 1162 16.63 1058 17.50 957 18.36 862 19.23 770
14.91 1270 15.78 1161 16.65 1056 17.51 956 18.38 860 19.24 769
14.93 1268 15.79 1159 16.66 1055 17.52 954 18.39 859 19.26 768
14.94 1267 15.80 1158 16.67 1053 17.54 953 18.40 858 19.27 767
14.95 1265 15.82 1156 16.68 1052 17.55 952 18.41 856 19.28 765
14.96 1264 15.83 1155 16.69 1050 17.56 950 18.43 855 19.29 764
14.98 1262 15.84 1153 16.71 1049 17.57 949 18.44 854 19.30 763
14.99 1261 15.85 1152 16.72 1047 17.59 947 18.45 852 19.32 762
15.00 1259 15.87 1150 16.73 1046 17.60 946 18.46 851 19.33 760
15.01 1257 15.88 1149 16.74 1044 17.61 945 18.48 850 19.34 759
15.02 1256 15.89 1147 16.76 1043 17.62 943 18.49 848 19.35 758
15.04 1254 15.90 1146 16.77 1041 17.63 942 18.50 847 19.37 756
15.05 1253 15.92 1144 16.78 1040 17.65 941 18.51 846 19.38 755
15.06 1251 15.93 1143 16.79 1039 17.66 939 18.53 844 19.39 754
15.07 1249 15.94 1141 16.81 1037 17.67 938 18.54 843 19.40 753
19.42 751 20.28 666 21.15 585 22.01 509 22.88 438 23.80 368
19.43 750 20.29 665 21.16 584 22.03 508 22.89 437 23.81 367
19.44 749 20.31 664 21.17 583 22.04 507 22.90 436 23.83 366
19.45 748 20.32 662 21.19 582 22.05 506 22.92 435 23.84 365
19.47 746 20.33 661 21.20 581 22.06 505 22.93 434 23.86 364
19.48 745 20.34 660 21.21 580 22.08 504 22.94 433 23.87 363
19.49 744 20.36 659 21.22 579 22.09 503 22.95 432 23.88 362
19.50 743 20.37 658 21.23 577 22.10 502 22.97 431 23.89 361
19.52 741 20.38 657 21.25 576 22.11 501 22.98 430 23.91 360
19.53 740 20.39 655 21.26 575 22.13 500 22.99 429 23.92 359
19.54 739 20.41 654 21.27 574 22.14 499 23.00 428 23.93 358
19.55 738 20.42 653 21.28 573 22.15 498 23.02 427 23.96 357
19.56 736 20.43 652 21.30 572 22.16 497 23.03 426 23.97 356
19.58 735 20.44 651 21.31 571 22.17 496 23.04 425 23.98 355
19.59 734 20.46 649 21.32 570 22.19 495 23.07 424 23.99 354
19.60 733 20.47 648 21.33 569 22.20 494 23.08 423 24.01 353
19.61 732 20.48 647 21.35 567 22.21 493 23.09 422 24.02 352
19.63 730 20.49 646 21.36 566 22.22 492 23.10 421 24.03 351
19.64 729 20.50 645 21.37 565 22.24 491 23.11 420 24.04 350
19.65 728 20.52 644 21.38 564 22.25 489 23.13 419 24.07 349
19.66 727 20.53 642 21.40 563 22.26 488 23.14 418 24.08 348
19.68 725 20.54 641 21.41 562 22.27 487 23.15 417 24.09 347
19.69 724 20.55 640 21.42 561 22.29 486 23.16 416 24.10 346
19.70 723 20.57 639 21.43 560 22.30 485 23.18 415 24.12 345
19.71 722 20.58 638 21.44 559 22.31 484 23.19 414 24.13 344
19.73 720 20.59 637 21.46 558 22.32 483 23.20 413 24.14 343
19.74 719 20.60 635 21.47 556 22.34 482 23.21 412 24.15 342
19.75 718 20.62 634 21.48 555 22.35 481 23.23 411 24.18 341
19.76 717 20.63 633 21.49 554 22.36 480 23.24 410 24.19 340
19.77 715 20.64 632 21.51 553 22.37 479 23.25 409 24.20 339
19.79 714 20.65 631 21.52 552 22.38 478 23.26 408 24.22 338
19.80 713 20.67 630 21.53 551 22.40 477 23.28 407 24.23 337
19.81 712 20.68 628 21.54 550 22.41 476 23.29 406 24.24 336
19.82 711 20.69 627 21.56 549 22.42 475 23.30 405 24.27 335
19.84 709 20.70 626 21.57 548 22.43 474 23.31 404 24.28 334
19.85 708 20.71 625 21.58 547 22.45 473 23.33 403 24.29 333
19.86 707 20.73 624 21.59 546 22.46 472 23.35 402 24.30 332
19.87 706 20.74 623 21.61 544 22.47 471 23.36 401 24.31 331
19.89 704 20.75 622 21.62 543 22.48 470 23.37 400 24.33 330
19.90 703 20.76 620 21.63 542 22.50 469 23.39 399 24.34 329
19.91 702 20.78 619 21.64 541 22.51 468 23.40 398 24.36 328
19.92 701 20.79 618 21.66 540 22.52 467 23.41 397 24.38 327
19.94 700 20.80 617 21.67 539 22.53 466 23.42 396 24.39 326
19.95 698 20.81 616 21.68 538 22.55 465 23.44 395 24.40 325
19.96 697 20.83 615 21.69 537 22.56 464 23.45 394 24.41 324
19.97 696 20.84 614 21.70 536 22.57 463 23.46 393 24.43 323
19.99 695 20.85 612 21.72 535 22.58 462 23.47 392 24.45 322
20.00 694 20.86 611 21.73 534 22.60 461 23.49 391 24.46 321
20.01 692 20.88 610 21.74 533 22.61 460 23.50 390 24.48 320
20.02 691 20.89 609 21.75 532 22.62 459 23.51 389 24.49 319
20.03 690 20.90 608 21.77 530 22.63 458 23.54 388 24.50 318
20.05 689 20.91 607 21.78 529 22.64 457 23.55 387 24.51 317
20.06 688 20.93 606 21.79 528 22.66 456 23.56 386 24.54 316
20.07 686 20.94 604 21.80 527 22.67 455 23.57 385 24.55 315
20.08 685 20.95 603 21.82 526 22.68 454 23.58 384 24.56 314
20.10 684 20.96 602 21.83 525 22.69 453 23.60 383 24.57 313
20.11 683 20.97 601 21.84 524 22.71 452 23.61 382 24.59 312
20.12 682 20.99 600 21.85 523 22.72 451 23.62 381 24.61 311
20.13 680 21.00 599 21.87 522 22.73 450 23.63 380 24.62 310
20.15 679 21.01 598 21.88 521 22.74 449 23.65 379 24.64 309
20.16 678 21.02 596 21.89 520 22.76 448 23.66 378 24.65 308
20.17 677 21.04 595 21.90 519 22.77 447 23.67 377 24.66 307
20.18 676 21.05 594 21.91 518 22.78 446 23.70 376 24.69 306
20.20 674 21.06 593 21.93 517 22.79 445 23.71 375 24.70 305
20.21 673 21.07 592 21.94 516 22.81 444 23.72 374 24.71 304
20.22 672 21.09 591 21.95 515 22.82 443 23.73 373 24.72 303
20.23 671 21.10 590 21.96 513 22.83 442 23.75 372 24.74 302
20.24 670 21.11 589 21.98 512 22.84 441 23.76 371 24.76 301
20.26 668 21.12 587 21.99 511 22.85 440 23.77 370 24.77 300
20.27 667 21.14 586 22.00 510 22.87 439 23.78 369 24.78 299
24.80 298 25.59 248 26.44 198 27.41 148 28.53 98 29.98 48
24.81 297 25.60 247 26.45 197 27.43 147 28.56 97 30.02 47
24.83 296 25.61 246 26.48 196 27.44 146 28.58 96 30.05 46
24.85 295 25.63 245 26.49 195 27.47 145 28.61 95 30.08 45
24.86 294 25.65 244 26.52 194 27.49 144 28.63 94 30.12 44
24.87 293 25.66 243 26.53 193 27.51 143 28.66 93 30.15 43
24.90 292 25.68 242 26.55 192 27.53 142 28.68 92 30.19 42
24.91 291 25.70 241 26.57 191 27.56 141 28.71 91 30.23 41
24.92 290 25.71 240 26.59 190 27.57 140 28.74 90 30.26 40
24.93 289 25.74 239 26.60 189 27.59 139 28.77 89 30.30 39
24.95 288 25.75 238 26.63 188 27.62 138 28.79 88 30.34 38
24.97 287 25.76 237 26.64 187 27.64 137 28.82 87 30.38 37
24.98 286 25.79 236 26.66 186 27.65 136 28.84 86 30.43 36
25.00 285 25.80 235 26.68 185 27.68 135 28.87 85 30.46 35
25.01 284 25.81 234 26.70 184 27.70 134 28.89 84 30.50 34
25.03 283 25.84 233 26.71 183 27.73 133 28.93 83 30.54 33
25.04 282 25.85 232 26.74 182 27.74 132 28.95 82 30.59 32
25.06 281 25.86 231 26.75 181 27.77 131 28.98 81 30.62 31
25.07 280 25.89 230 26.78 180 27.79 130 29.00 80 30.66 30
25.09 279 25.90 229 26.79 179 27.82 129 29.03 79 30.71 29
25.11 278 25.91 228 26.81 178 27.83 128 29.06 78 30.75 28
25.12 277 25.94 227 26.83 177 27.85 127 29.09 77 30.80 27
25.13 276 25.95 226 26.85 176 27.88 126 29.11 76 30.85 26
25.16 275 25.97 225 26.88 175 27.90 125 29.14 75 30.88 25
25.17 274 25.98 224 26.89 174 27.93 124 29.18 74 30.93 24
25.18 273 26.00 223 26.91 173 27.94 123 29.20 73 30.98 23
25.19 272 26.02 222 26.92 172 27.96 122 29.23 72 31.03 22
25.22 271 26.03 221 26.95 171 27.99 121 29.26 71 31.08 21
25.23 270 26.05 220 26.96 170 28.01 120 29.29 70 31.13 20
25.24 269 26.07 219 26.99 169 28.04 119 29.31 69 31.18 19
25.27 268 26.08 218 27.00 168 28.06 118 29.35 68 31.24 18
25.28 267 26.11 217 27.02 167 28.08 117 29.37 67 31.29 17
25.29 266 26.12 216 27.05 166 28.10 116 29.40 66 31.35 16
25.30 265 26.15 215 27.06 165 28.12 115 29.44 65 31.40 15
25.33 264 26.16 214 27.09 164 28.15 114 29.46 64 31.46 14
25.34 263 26.17 213 27.10 163 28.17 113 29.50 63 31.53 13
25.35 262 26.19 212 27.12 162 28.20 112 29.52 62 31.59 12
25.38 261 26.21 211 27.15 161 28.22 111 29.56 61 31.65 11
25.39 260 26.23 210 27.16 160 28.25 110 29.58 60 31.72 10
25.40 259 26.24 209 27.18 159 28.27 109 29.62 59 31.80 9
25.42 258 26.26 208 27.20 158 28.29 108 29.65 58 31.87 8
25.44 257 26.28 207 27.22 157 28.31 107 29.68 57 31.95 7
25.45 256 26.29 206 27.25 156 28.33 106 29.71 56 32.03 6
25.47 255 26.32 205 27.26 155 28.36 105 29.75 55 32.13 5
25.49 254 26.33 204 27.28 154 28.38 104 29.78 54 32.23 4
25.50 253 26.36 203 27.31 153 28.41 103 29.81 53 32.34 3
25.51 252 26.37 202 27.32 152 28.43 102 29.84 52 32.48 2
25.54 251 26.39 201 27.35 151 28.46 101 29.88 51 32.65 1
25.55 250 26.41 200 27.37 150 28.48 100 29.91 50
25.56 249 26.42 199 27.38 149 28.51 99 29.94 49
