16.16 1361 17.14 1248 18.13 1140 19.11 1036 20.10 936 21.08 842
16.17 1359 17.16 1246 18.14 1138 19.13 1034 20.11 935 21.09 840
16.19 1357 17.17 1245 18.16 1136 19.14 1033 20.12 934 21.11 839
16.20 1356 17.19 1243 18.17 1135 19.15 1031 20.14 932 21.12 838
16.22 1354 17.20 1242 18.18 1133 19.17 1030 20.15 931 21.14 836
16.23 1352 17.21 1240 18.20 1132 19.18 1028 20.17 929 21.15 835
16.24 1351 17.23 1238 18.21 1130 19.20 1027 20.18 928 21.16 834
16.26 1349 17.24 1237 18.23 1129 19.21 1026 20.19 927 21.18 832
16.27 1348 17.26 1235 18.24 1127 19.22 1024 20.21 925 21.19 831
16.29 1346 17.27 1234 18.25 1126 19.24 1023 20.22 924 21.21 830
16.30 1344 17.28 1232 18.27 1124 19.25 1021 20.24 923 21.22 828
16.31 1343 17.30 1231 18.28 1123 19.27 1020 20.25 921 21.23 827
16.33 1341 17.31 1229 18.30 1121 19.28 1018 20.26 920 21.25 826
16.34 1339 17.33 1227 18.31 1120 19.29 1017 20.28 918 21.26 825
16.36 1338 17.34 1226 18.33 1118 19.31 1015 20.29 917 21.28 823
16.37 1336 17.36 1224 18.34 1117 19.32 1014 20.31 916 21.29 822
16.39 1335 17.37 1223 18.35 1115 19.34 1013 20.32 914 21.31 821
16.40 1333 17.38 1221 18.37 1114 19.35 1011 20.34 913 21.32 819
16.41 1331 17.40 1220 18.38 1112 19.37 1010 20.35 912 21.33 818
16.43 1330 17.41 1218 18.40 1111 19.38 1008 20.36 910 21.35 817
16.44 1328 17.43 1216 18.41 1109 19.39 1007 20.38 909 21.36 815
16.46 1326 17.44 1215 18.42 1108 19.41 1005 20.39 907 21.38 814
16.47 1325 17.45 1213 18.44 1106 19.42 1004 20.41 906 21.39 813
16.48 1323 17.47 1212 18.45 1105 19.44 1003 20.42 905 21.40 811
16.50 1322 17.48 1210 18.47 1103 19.45 1001 20.43 903 21.42 810
16.51 1320 17.50 1209 18.48 1102 19.46 1000 20.45 902 21.43 809
16.53 1318 17.51 1207 18.49 1100 19.48 998 20.46 901 21.45 808
16.54 1317 17.52 1206 18.51 1099 19.49 997 20.48 899 21.46 806
16.55 1315 17.54 1204 18.52 1097 19.51 995 20.49 898 21.47 805
16.57 1313 17.55 1202 18.54 1096 19.52 994 20.50 897 21.49 804
16.58 1312 17.57 1201 18.55 1094 19.53 993 20.52 895 21.50 802
16.60 1310 17.58 1199 18.56 1093 19.55 991 20.53 894 21.52 801
16.61 1309 17.59 1198 18.58 1091 19.56 990 20.55 892 21.53 800
16.62 1307 17.61 1196 18.59 1090 19.58 988 20.56 891 21.54 799
16.64 1305 17.62 1195 18.61 1089 19.59 987 20.57 890 21.56 797
16.65 1304 17.64 1193 18.62 1087 19.60 985 20.59 888 21.57 796
16.67 1302 17.65 1192 18.63 1086 19.62 984 20.60 887 21.59 795
16.68 1301 17.66 1190 18.65 1084 19.63 983 20.62 886 21.60 793
16.69 1299 17.68 1189 18.66 1083 19.65 981 20.63 884 21.61 792
16.71 1297 17.69 1187 18.68 1081 19.66 980 20.64 883 21.63 791
16.72 1296 17.71 1185 18.69 1080 19.67 978 20.66 882 21.64 790
16.74 1294 17.72 1184 18.70 1078 19.69 977 20.67 880 21.66 788
16.75 1292 17.73 1182 18.72 1077 19.70 976 20.69 879 21.67 787
16.76 1291 17.75 1181 18.73 1075 19.72 974 20.70 878 21.68 786
16.78 1289 17.76 1179 18.75 1074 19.73 973 20.71 876 21.70 784
16.79 1288 17.78 1178 18.76 1072 19.74 971 20.73 875 21.71 783
16.81 1286 17.79 1176 18.77 1071 19.76 970 20.74 874 21.73 782
16.82 1284 17.80 1175 18.79 1069 19.77 968 20.76 872 21.74 781
16.84 1283 17.82 1173 18.80 1068 19.79 967 20.77 871 21.75 779
16.85 1281 17.83 1172 18.82 1066 19.80 966 20.78 870 21.77 778
16.86 1280 17.85 1170 18.83 1065 19.82 964 20.80 868 21.78 777
16.88 1278 17.86 1168 18.85 1063 19.83 963 20.81 867 21.80 775
16.89 1276 17.88 1167 18.86 1062 19.84 961 20.83 866 21.81 774
16.91 1275 17.89 1165 18.87 1060 19.86 960 20.84 864 21.83 773
16.92 1273 17.90 1164 18.89 1059 19.87 959 20.86 863 21.84 772
16.93 1272 17.92 1162 18.90 1058 19.89 957 20.87 862 21.85 770
16.95 1270 17.93 1161 18.92 1056 19.90 956 20.88 860 21.87 769
16.96 1268 17.95 1159 18.93 1055 19.91 954 20.90 859 21.88 768
16.98 1267 17.96 1158 18.94 1053 19.93 953 20.91 858 21.90 767
16.99 1265 17.97 1156 18.96 1052 19.94 952 20.93 856 21.91 765
17.00 1264 17.99 1155 18.97 1050 19.96 950 20.94 855 21.92 764
17.02 1262 18.00 1153 18.99 1049 19.97 949 20.95 854 21.94 763
17.03 1261 18.02 1152 19.00 1047 19.98 947 20.97 852 21.95 762
17.05 1259 18.03 1150 19.01 1046 20.00 946 20.98 851 21.97 760
17.06 1257 18.04 1149 19.03 1044 20.01 945 21.00 850 21.98 759
17.07 1256 18.06 1147 19.04 1043 20.03 943 21.01 848 21.99 758
17.09 1254 18.07 1146 19.06 1041 20.04 942 21.02 847 22.01 756
17.10 1253 18.09 1144 19.07 1040 20.05 941 21.04 846 22.02 755
17.12 1251 18.10 1143 19.08 1039 20.07 939 21.05 844 22.04 754
17.13 1249 18.11 1141 19.10 1037 20.08 938 21.07 843 22.05 753
22.06 751 23.05 666 24.03 585 25.02 509 26.00 438 27.04 368
22.08 750 23.06 665 24.05 584 25.03 508 26.01 437 27.05 367
22.09 749 23.08 664 24.06 583 25.04 507 26.03 436 27.08 366
22.11 748 23.09 662 24.07 582 25.06 506 26.04 435 27.10 365
22.12 746 23.10 661 24.09 581 25.07 505 26.06 434 27.11 364
22.13 745 23.12 660 24.10 580 25.09 504 26.07 433 27.12 363
22.15 744 23.13 659 24.12 579 25.10 503 26.08 432 27.14 362
22.16 743 23.15 658 24.13 577 25.11 502 26.10 431 27.15 361
22.18 741 23.16 657 24.14 576 25.13 501 26.11 430 27.17 360
22.19 740 23.17 655 24.16 575 25.14 500 26.13 429 27.18 359
22.20 739 23.19 654 24.17 574 25.16 499 26.14 428 27.19 358
22.22 738 23.20 653 24.19 573 25.17 498 26.15 427 27.22 357
22.23 736 23.22 652 24.20 572 25.18 497 26.17 426 27.24 356
22.25 735 23.23 651 24.21 571 25.20 496 26.18 425 27.25 355
22.26 734 23.24 649 24.23 570 25.21 495 26.21 424 27.27 354
22.28 733 23.26 648 24.24 569 25.23 494 26.22 423 27.28 353
22.29 732 23.27 647 24.26 567 25.24 493 26.24 422 27.29 352
22.30 730 23.29 646 24.27 566 25.26 492 26.25 421 27.31 351
22.32 729 23.30 645 24.29 565 25.27 491 26.27 420 27.32 350
22.33 728 23.32 644 24.30 564 25.28 489 26.28 419 27.35 349
22.35 727 23.33 642 24.31 563 25.30 488 26.30 418 27.36 348
22.36 725 23.34 641 24.33 562 25.31 487 26.31 417 27.38 347
22.37 724 23.36 640 24.34 561 25.33 486 26.32 416 27.39 346
22.39 723 23.37 639 24.36 560 25.34 485 26.34 415 27.41 345
22.40 722 23.39 638 24.37 559 25.35 484 26.35 414 27.42 344
22.42 720 23.40 637 24.38 558 25.37 483 26.37 413 27.43 343
22.43 719 23.41 635 24.40 556 25.38 482 26.38 412 27.45 342
22.44 718 23.43 634 24.41 555 25.40 481 26.39 411 27.48 341
22.46 717 23.44 633 24.43 554 25.41 480 26.41 410 27.49 340
22.47 715 23.46 632 24.44 553 25.42 479 26.42 409 27.50 339
22.49 714 23.47 631 24.45 552 25.44 478 26.44 408 27.52 338
22.50 713 23.48 630 24.47 551 25.45 477 26.45 407 27.53 337
22.51 712 23.50 628 24.48 550 25.47 476 26.46 406 27.55 336
22.53 711 23.51 627 24.50 549 25.48 475 26.48 405 27.57 335
22.54 709 23.53 626 24.51 548 25.49 474 26.49 404 27.59 334
22.56 708 23.54 625 24.52 547 25.51 473 26.51 403 27.60 333
22.57 707 23.55 624 24.54 546 25.52 472 26.53 402 27.62 332
22.58 706 23.57 623 24.55 544 25.54 471 26.55 401 27.63 331
22.60 704 23.58 622 24.57 543 25.55 470 26.56 400 27.64 330
22.61 703 23.60 620 24.58 542 25.56 469 26.58 399 27.66 329
22.63 702 23.61 619 24.59 541 25.58 468 26.59 398 27.69 328
22.64 701 23.62 618 24.61 540 25.59 467 26.60 397 27.70 327
22.65 700 23.64 617 24.62 539 25.61 466 26.62 396 27.71 326
22.67 698 23.65 616 24.64 538 25.62 465 26.63 395 27.73 325
22.68 697 23.67 615 24.65 537 25.63 464 26.65 394 27.74 324
22.70 696 23.68 614 24.66 536 25.65 463 26.66 393 27.76 323
22.71 695 23.69 612 24.68 535 25.66 462 26.67 392 27.79 322
22.72 694 23.71 611 24.69 534 25.68 461 26.69 391 27.80 321
22.74 692 23.72 610 24.71 533 25.69 460 26.70 390 27.81 320
22.75 691 23.74 609 24.72 532 25.70 459 26.72 389 27.83 319
22.77 690 23.75 608 24.73 530 25.72 458 26.75 388 27.84 318
22.78 689 23.77 607 24.75 529 25.73 457 26.76 387 27.86 317
22.80 688 23.78 606 24.76 528 25.75 456 26.77 386 27.88 316
22.81 686 23.79 604 24.78 527 25.76 455 26.79 385 27.90 315
22.82 685 23.81 603 24.79 526 25.78 454 26.80 384 27.91 314
22.84 684 23.82 602 24.81 525 25.79 453 26.82 383 27.93 313
22.85 683 23.84 601 24.82 524 25.80 452 26.83 382 27.94 312
22.87 682 23.85 600 24.83 523 25.82 451 26.84 381 27.97 311
22.88 680 23.86 599 24.85 522 25.83 450 26.86 380 27.98 310
22.89 679 23.88 598 24.86 521 25.85 449 26.87 379 28.00 309
22.91 678 23.89 596 24.88 520 25.86 448 26.89 378 28.01 308
22.92 677 23.91 595 24.89 519 25.87 447 26.90 377 28.02 307
22.94 676 23.92 594 24.90 518 25.89 446 26.93 376 28.05 306
22.95 674 23.93 593 24.92 517 25.90 445 26.94 375 28.07 305
22.96 673 23.95 592 24.93 516 25.92 444 26.96 374 28.08 304
22.98 672 23.96 591 24.95 515 25.93 443 26.97 373 28.09 303
22.99 671 23.98 590 24.96 513 25.94 442 26.98 372 28.11 302
23.01 670 23.99 589 24.97 512 25.96 441 27.00 371 28.14 301
23.02 668 24.00 587 24.99 511 25.97 440 27.01 370 28.15 300
23.03 667 24.02 586 25.00 510 25.99 439 27.03 369 28.16 299
28.18 298 29.08 248 30.05 198 31.14 148 32.42 98 34.07 48
28.19 297 29.09 247 30.06 197 31.17 147 32.45 97 34.11 47
28.22 296 29.11 246 30.09 196 31.19 146 32.48 96 34.15 46
28.24 295 29.12 245 30.10 195 31.22 145 32.51 95 34.18 45
28.25 294 29.15 244 30.13 194 31.24 144 32.54 94 34.22 44
28.26 293 29.16 243 30.15 193 31.26 143 32.56 93 34.27 43
28.29 292 29.18 242 30.17 192 31.29 142 32.59 92 34.31 42
28.31 291 29.21 241 30.19 191 31.31 141 32.62 91 34.35 41
28.32 290 29.22 240 30.22 190 31.33 140 32.66 90 34.39 40
28.33 289 29.25 239 30.23 189 31.36 139 32.69 89 34.43 39
28.35 288 29.26 238 30.26 188 31.38 138 32.72 88 34.48 38
28.38 287 29.28 237 30.27 187 31.41 137 32.75 87 34.52 37
28.39 286 29.30 236 30.30 186 31.43 136 32.78 86 34.57 36
28.40 285 29.32 235 30.32 185 31.45 135 32.80 85 34.62 35
28.42 284 29.33 234 30.34 184 31.48 134 32.83 84 34.66 34
28.45 283 29.36 233 30.36 183 31.51 133 32.87 83 34.70 33
28.46 282 29.37 232 30.39 182 31.52 132 32.90 82 34.76 32
28.47 281 29.39 231 30.40 181 31.55 131 32.93 81 34.80 31
28.49 280 29.42 230 30.43 180 31.58 130 32.96 80 34.84 30
28.52 279 29.43 229 30.44 179 31.61 129 32.99 79 34.90 29
28.53 278 29.44 228 30.47 178 31.62 128 33.03 78 34.94 28
28.54 277 29.47 227 30.48 177 31.65 127 33.06 77 35.00 27
28.56 276 29.49 226 30.51 176 31.68 126 33.08 76 35.05 26
28.59 275 29.51 225 30.54 175 31.71 125 33.11 75 35.09 25
28.60 274 29.53 224 30.55 174 31.74 124 33.15 74 35.15 24
28.61 273 29.54 223 30.58 173 31.75 123 33.18 73 35.21 23
28.63 272 29.57 222 30.60 172 31.78 122 33.21 72 35.26 22
28.66 271 29.58 221 30.62 171 31.81 121 33.25 71 35.32 21
28.67 270 29.60 220 30.64 170 31.83 120 33.28 70 35.38 20
28.68 269 29.63 219 30.67 169 31.86 119 33.31 69 35.43 19
28.71 268 29.64 218 30.68 168 31.89 118 33.35 68 35.50 18
28.73 267 29.67 217 30.71 167 31.90 117 33.38 67 35.56 17
28.74 266 29.68 216 30.74 166 31.93 116 33.41 66 35.63 16
28.76 265 29.71 215 30.75 165 31.96 115 33.45 65 35.69 15
28.78 264 29.73 214 30.78 164 31.99 114 33.48 64 35.76 14
28.80 263 29.74 213 30.79 163 32.02 113 33.52 63 35.83 13
28.81 262 29.77 212 30.82 162 32.04 112 33.55 62 35.90 12
28.84 261 29.78 211 30.85 161 32.07 111 33.59 61 35.97 11
28.85 260 29.81 210 30.86 160 32.10 110 33.62 60 36.05 10
28.87 259 29.82 209 30.89 159 32.13 109 33.66 59 36.14 9
28.88 258 29.84 208 30.91 158 32.14 108 33.69 58 36.22 8
28.91 257 29.87 207 30.93 157 32.17 107 33.73 57 36.30 7
28.92 256 29.88 206 30.96 156 32.20 106 33.76 56 36.40 6
28.94 255 29.91 205 30.98 155 32.23 105 33.80 55 36.51 5
28.97 254 29.92 204 31.00 154 32.26 104 33.84 54 36.63 4
28.98 253 29.95 203 31.03 153 32.28 103 33.87 53 36.75 3
28.99 252 29.96 202 31.05 152 32.31 102 33.91 52 36.91 2
29.02 251 29.99 201 31.07 151 32.34 101 33.96 51 37.10 1
29.04 250 30.01 200 31.10 150 32.37 100 33.98 50
29.05 249 30.02 199 31.12 149 32.40 99 34.03 49
