19.34 1361 20.51 1248 21.69 1140 22.87 1036 24.04 936 25.22 842
19.35 1359 20.53 1246 21.71 1138 22.88 1034 24.06 935 25.24 840
19.37 1357 20.55 1245 21.72 1136 22.90 1033 24.08 934 25.26 839
19.39 1356 20.56 1243 21.74 1135 22.92 1031 24.10 932 25.27 838
19.40 1354 20.58 1242 21.76 1133 22.93 1030 24.11 931 25.29 836
19.42 1352 20.60 1240 21.77 1132 22.95 1028 24.13 929 25.31 835
19.44 1351 20.61 1238 21.79 1130 22.97 1027 24.15 928 25.32 834
19.45 1349 20.63 1237 21.81 1129 22.99 1026 24.16 927 25.34 832
19.47 1348 20.65 1235 21.82 1127 23.00 1024 24.18 925 25.36 831
19.49 1346 20.66 1234 21.84 1126 23.02 1023 24.20 924 25.37 830
19.50 1344 20.68 1232 21.86 1124 23.04 1021 24.21 923 25.39 828
19.52 1343 20.70 1231 21.88 1123 23.05 1020 24.23 921 25.41 827
19.54 1341 20.71 1229 21.89 1121 23.07 1018 24.25 920 25.42 826
19.55 1339 20.73 1227 21.91 1120 23.09 1017 24.26 918 25.44 825
19.57 1338 20.75 1226 21.93 1118 23.10 1015 24.28 917 25.46 823
19.59 1336 20.77 1224 21.94 1117 23.12 1014 24.30 916 25.47 822
19.60 1335 20.78 1223 21.96 1115 23.14 1013 24.31 914 25.49 821
19.62 1333 20.80 1221 21.98 1114 23.15 1011 24.33 913 25.51 819
19.64 1331 20.82 1220 21.99 1112 23.17 1010 24.35 912 25.52 818
19.66 1330 20.83 1218 22.01 1111 23.19 1008 24.36 910 25.54 817
19.67 1328 20.85 1216 22.03 1109 23.20 1007 24.38 909 25.56 815
19.69 1326 20.87 1215 22.04 1108 23.22 1005 24.40 907 25.58 814
19.71 1325 20.88 1213 22.06 1106 23.24 1004 24.41 906 25.59 813
19.72 1323 20.90 1212 22.08 1105 23.25 1003 24.43 905 25.61 811
19.74 1322 20.92 1210 22.09 1103 23.27 1001 24.45 903 25.63 810
19.76 1320 20.93 1209 22.11 1102 23.29 1000 24.47 902 25.64 809
19.77 1318 20.95 1207 22.13 1100 23.30 998 24.48 901 25.66 808
19.79 1317 20.97 1206 22.14 1099 23.32 997 24.50 899 25.68 806
19.81 1315 20.98 1204 22.16 1097 23.34 995 24.52 898 25.69 805
19.82 1313 21.00 1202 22.18 1096 23.36 994 24.53 897 25.71 804
19.84 1312 21.02 1201 22.19 1094 23.37 993 24.55 895 25.73 802
19.86 1310 21.03 1199 22.21 1093 23.39 991 24.57 894 25.74 801
19.87 1309 21.05 1198 22.23 1091 23.41 990 24.58 892 25.76 800
19.89 1307 21.07 1196 22.25 1090 23.42 988 24.60 891 25.78 799
19.91 1305 21.08 1195 22.26 1089 23.44 987 24.62 890 25.79 797
19.92 1304 21.10 1193 22.28 1087 23.46 985 24.63 888 25.81 796
19.94 1302 21.12 1192 22.30 1086 23.47 984 24.65 887 25.83 795
19.96 1301 21.14 1190 22.31 1084 23.49 983 24.67 886 25.84 793
19.97 1299 21.15 1189 22.33 1083 23.51 981 24.68 884 25.86 792
19.99 1297 21.17 1187 22.35 1081 23.52 980 24.70 883 25.88 791
20.01 1296 21.19 1185 22.36 1080 23.54 978 24.72 882 25.89 790
20.03 1294 21.20 1184 22.38 1078 23.56 977 24.73 880 25.91 788
20.04 1292 21.22 1182 22.40 1077 23.57 976 24.75 879 25.93 787
20.06 1291 21.24 1181 22.41 1075 23.59 974 24.77 878 25.95 786
20.08 1289 21.25 1179 22.43 1074 23.61 973 24.78 876 25.96 784
20.09 1288 21.27 1178 22.45 1072 23.62 971 24.80 875 25.98 783
20.11 1286 21.29 1176 22.46 1071 23.64 970 24.82 874 26.00 782
20.13 1284 21.30 1175 22.48 1069 23.66 968 24.84 872 26.01 781
20.14 1283 21.32 1173 22.50 1068 23.67 967 24.85 871 26.03 779
20.16 1281 21.34 1172 22.51 1066 23.69 966 24.87 870 26.05 778
20.18 1280 21.35 1170 22.53 1065 23.71 964 24.89 868 26.06 777
20.19 1278 21.37 1168 22.55 1063 23.73 963 24.90 867 26.08 775
20.21 1276 21.39 1167 22.56 1062 23.74 961 24.92 866 26.10 774
20.23 1275 21.40 1165 22.58 1060 23.76 960 24.94 864 26.11 773
20.24 1273 21.42 1164 22.60 1059 23.78 959 24.95 863 26.13 772
20.26 1272 21.44 1162 22.62 1058 23.79 957 24.97 862 26.15 770
20.28 1270 21.45 1161 22.63 1056 23.81 956 24.99 860 26.16 769
20.29 1268 21.47 1159 22.65 1055 23.83 954 25.00 859 26.18 768
20.31 1267 21.49 1158 22.67 1053 23.84 953 25.02 858 26.20 767
20.33 1265 21.51 1156 22.68 1052 23.86 952 25.04 856 26.21 765
20.34 1264 21.52 1155 22.70 1050 23.88 950 25.05 855 26.23 764
20.36 1262 21.54 1153 22.72 1049 23.89 949 25.07 854 26.25 763
20.38 1261 21.56 1152 22.73 1047 23.91 947 25.09 852 26.26 762
20.40 1259 21.57 1150 22.75 1046 23.93 946 25.10 851 26.28 760
20.41 1257 21.59 1149 22.77 1044 23.94 945 25.12 850 26.30 759
20.43 1256 21.61 1147 22.78 1043 23.96 943 25.14 848 26.32 758
20.45 1254 21.62 1146 22.80 1041 23.98 942 25.15 847 26.33 756
20.46 1253 21.64 1144 22.82 1040 23.99 941 25.17 846 26.35 755
20.48 1251 21.66 1143 22.83 1039 24.01 939 25.19 844 26.37 754
20.50 1249 21.67 1141 22.85 1037 24.03 938 25.21 843 26.38 753
26.40 751 27.58 666 28.75 585 29.93 509 31.11 438 32.35 368
26.42 750 27.59 665 28.77 584 29.95 508 31.13 437 32.37 367
26.43 749 27.61 664 28.79 583 29.96 507 31.14 436 32.40 366
26.45 748 27.63 662 28.80 582 29.98 506 31.16 435 32.42 365
26.47 746 27.64 661 28.82 581 30.00 505 31.18 434 32.44 364
26.48 745 27.66 660 28.84 580 30.02 504 31.19 433 32.45 363
26.50 744 27.68 659 28.85 579 30.03 503 31.21 432 32.47 362
26.52 743 27.69 658 28.87 577 30.05 502 31.23 431 32.49 361
26.53 741 27.71 657 28.89 576 30.07 501 31.24 430 32.50 360
26.55 740 27.73 655 28.91 575 30.08 500 31.26 429 32.52 359
26.57 739 27.74 654 28.92 574 30.10 499 31.28 428 32.54 358
26.58 738 27.76 653 28.94 573 30.12 498 31.29 427 32.57 357
26.60 736 27.78 652 28.96 572 30.13 497 31.31 426 32.59 356
26.62 735 27.80 651 28.97 571 30.15 496 31.33 425 32.61 355
26.63 734 27.81 649 28.99 570 30.17 495 31.36 424 32.62 354
26.65 733 27.83 648 29.01 569 30.18 494 31.38 423 32.64 353
26.67 732 27.85 647 29.02 567 30.20 493 31.39 422 32.66 352
26.69 730 27.86 646 29.04 566 30.22 492 31.41 421 32.67 351
26.70 729 27.88 645 29.06 565 30.23 491 31.43 420 32.69 350
26.72 728 27.90 644 29.07 564 30.25 489 31.44 419 32.72 349
26.74 727 27.91 642 29.09 563 30.27 488 31.46 418 32.74 348
26.75 725 27.93 641 29.11 562 30.28 487 31.48 417 32.76 347
26.77 724 27.95 640 29.12 561 30.30 486 31.50 416 32.77 346
26.79 723 27.96 639 29.14 560 30.32 485 31.51 415 32.79 345
26.80 722 27.98 638 29.16 559 30.33 484 31.53 414 32.81 344
26.82 720 28.00 637 29.17 558 30.35 483 31.55 413 32.82 343
26.84 719 28.01 635 29.19 556 30.37 482 31.56 412 32.84 342
26.85 718 28.03 634 29.21 555 30.39 481 31.58 411 32.87 341
26.87 717 28.05 633 29.22 554 30.40 480 31.60 410 32.89 340
26.89 715 28.06 632 29.24 553 30.42 479 31.61 409 32.91 339
26.90 714 28.08 631 29.26 552 30.44 478 31.63 408 32.92 338
26.92 713 28.10 630 29.28 551 30.45 477 31.65 407 32.94 337
26.94 712 28.11 628 29.29 550 30.47 476 31.66 406 32.96 336
26.95 711 28.13 627 29.31 549 30.49 475 31.68 405 32.99 335
26.97 709 28.15 626 29.33 548 30.50 474 31.70 404 33.01 334
26.99 708 28.17 625 29.34 547 30.52 473 31.71 403 33.03 333
27.00 707 28.18 624 29.36 546 30.54 472 31.75 402 33.04 332
27.02 706 28.20 623 29.38 544 30.55 471 31.76 401 33.06 331
27.04 704 28.22 622 29.39 543 30.57 470 31.78 400 33.08 330
27.06 703 28.23 620 29.41 542 30.59 469 31.80 399 33.09 329
27.07 702 28.25 619 29.43 541 30.60 468 31.81 398 33.13 328
27.09 701 28.27 618 29.44 540 30.62 467 31.83 397 33.14 327
27.11 700 28.28 617 29.46 539 30.64 466 31.85 396 33.16 326
27.12 698 28.30 616 29.48 538 30.65 465 31.87 395 33.18 325
27.14 697 28.32 615 29.49 537 30.67 464 31.88 394 33.19 324
27.16 696 28.33 614 29.51 536 30.69 463 31.90 393 33.21 323
27.17 695 28.35 612 29.53 535 30.70 462 31.92 392 33.24 322
27.19 694 28.37 611 29.54 534 30.72 461 31.93 391 33.26 321
27.21 692 28.38 610 29.56 533 30.74 460 31.95 390 33.28 320
27.22 691 28.40 609 29.58 532 30.76 459 31.97 389 33.29 319
27.24 690 28.42 608 29.59 530 30.77 458 32.00 388 33.31 318
27.26 689 28.43 607 29.61 529 30.79 457 32.02 387 33.33 317
27.27 688 28.45 606 29.63 528 30.81 456 32.03 386 33.36 316
27.29 686 28.47 604 29.65 527 30.82 455 32.05 385 33.38 315
27.31 685 28.48 603 29.66 526 30.84 454 32.07 384 33.40 314
27.32 684 28.50 602 29.68 525 30.86 453 32.08 383 33.41 313
27.34 683 28.52 601 29.70 524 30.87 452 32.10 382 33.43 312
27.36 682 28.54 600 29.71 523 30.89 451 32.12 381 33.46 311
27.37 680 28.55 599 29.73 522 30.91 450 32.13 380 33.48 310
27.39 679 28.57 598 29.75 521 30.92 449 32.15 379 33.50 309
27.41 678 28.59 596 29.76 520 30.94 448 32.17 378 33.51 308
27.43 677 28.60 595 29.78 519 30.96 447 32.18 377 33.53 307
27.44 676 28.62 594 29.80 518 30.97 446 32.22 376 33.56 306
27.46 674 28.64 593 29.81 517 30.99 445 32.24 375 33.58 305
27.48 673 28.65 592 29.83 516 31.01 444 32.25 374 33.60 304
27.49 672 28.67 591 29.85 515 31.02 443 32.27 373 33.61 303
27.51 671 28.69 590 29.86 513 31.04 442 32.29 372 33.63 302
27.53 670 28.70 589 29.88 512 31.06 441 32.30 371 33.66 301
27.54 668 28.72 587 29.90 511 31.07 440 32.32 370 33.68 300
27.56 667 28.74 586 29.91 510 31.09 439 32.34 369 33.70 299
33.72 298 34.79 248 35.95 198 37.26 148 38.79 98 40.76 48
33.73 297 34.81 247 35.97 197 37.30 147 38.83 97 40.81 47
33.77 296 34.83 246 36.00 196 37.31 146 38.86 96 40.86 46
33.78 295 34.84 245 36.02 195 37.35 145 38.90 95 40.90 45
33.80 294 34.88 244 36.05 194 37.38 144 38.93 94 40.95 44
33.82 293 34.89 243 36.07 193 37.40 143 38.96 93 41.00 43
33.85 292 34.91 242 36.10 192 37.43 142 39.00 92 41.05 42
33.87 291 34.94 241 36.12 191 37.47 141 39.03 91 41.10 41
33.88 290 34.96 240 36.15 190 37.48 140 39.08 90 41.15 40
33.90 289 34.99 239 36.17 189 37.52 139 39.11 89 41.20 39
33.92 288 35.01 238 36.20 188 37.55 138 39.15 88 41.25 38
33.95 287 35.03 237 36.22 187 37.58 137 39.18 87 41.30 37
33.97 286 35.06 236 36.25 186 37.60 136 39.21 86 41.37 36
33.98 285 35.08 235 36.27 185 37.63 135 39.25 85 41.42 35
34.00 284 35.09 234 36.31 184 37.67 134 39.28 84 41.47 34
34.03 283 35.13 233 36.32 183 37.70 133 39.33 83 41.52 33
34.05 282 35.14 232 36.36 182 37.72 132 39.37 82 41.59 32
34.07 281 35.16 231 36.37 181 37.75 131 39.40 81 41.64 31
34.09 280 35.20 230 36.41 180 37.79 130 39.43 80 41.69 30
34.12 279 35.21 229 36.42 179 37.82 129 39.47 79 41.75 29
34.14 278 35.23 228 36.46 178 37.84 128 39.52 78 41.80 28
34.15 277 35.26 227 36.47 177 37.87 127 39.55 77 41.87 27
34.17 276 35.28 226 36.51 176 37.90 126 39.58 76 41.94 26
34.20 275 35.31 225 36.54 175 37.94 125 39.62 75 41.99 25
34.22 274 35.33 224 36.56 174 37.97 124 39.67 74 42.06 24
34.24 273 35.35 223 36.59 173 37.99 123 39.70 73 42.12 23
34.25 272 35.38 222 36.61 172 38.02 122 39.74 72 42.19 22
34.29 271 35.40 221 36.64 171 38.05 121 39.79 71 42.26 21
34.30 270 35.41 220 36.66 170 38.09 120 39.82 70 42.33 20
34.32 269 35.45 219 36.69 169 38.12 119 39.85 69 42.39 19
34.35 268 35.46 218 36.71 168 38.16 118 39.90 68 42.48 18
34.37 267 35.50 217 36.74 167 38.17 117 39.94 67 42.54 17
34.39 266 35.51 216 36.78 166 38.21 116 39.97 66 42.63 16
34.40 265 35.55 215 36.79 165 38.24 115 40.02 65 42.70 15
34.44 264 35.57 214 36.83 164 38.27 114 40.06 64 42.78 14
34.46 263 35.58 213 36.84 163 38.31 113 40.11 63 42.86 13
34.47 262 35.62 212 36.88 162 38.34 112 40.14 62 42.95 12
34.51 261 35.63 211 36.91 161 38.37 111 40.19 61 43.03 11
34.52 260 35.67 210 36.93 160 38.41 110 40.22 60 43.13 10
34.54 259 35.68 209 36.96 159 38.44 109 40.27 59 43.23 9
34.56 258 35.70 208 36.98 158 38.46 108 40.31 58 43.34 8
34.59 257 35.73 207 37.01 157 38.49 107 40.36 57 43.44 7
34.61 256 35.75 206 37.05 156 38.53 106 40.39 56 43.55 6
34.62 255 35.78 205 37.06 155 38.56 105 40.44 55 43.69 5
34.66 254 35.80 204 37.10 154 38.59 104 40.49 54 43.82 4
34.67 253 35.83 203 37.13 153 38.63 103 40.53 53 43.97 3
34.69 252 35.85 202 37.15 152 38.66 102 40.58 52 44.16 2
34.72 251 35.88 201 37.18 151 38.69 101 40.63 51 44.39 1
34.74 250 35.90 200 37.21 150 38.73 100 40.66 50
34.76 249 35.92 199 37.23 149 38.76 99 40.71 49
