26.18 1361 27.78 1248 29.37 1140 30.97 1036 32.56 936 34.16 842
26.21 1359 27.80 1246 29.40 1138 30.99 1034 32.58 935 34.18 840
26.23 1357 27.82 1245 29.42 1136 31.01 1033 32.61 934 34.20 839
26.25 1356 27.85 1243 29.44 1135 31.04 1031 32.63 932 34.22 838
26.28 1354 27.87 1242 29.46 1133 31.06 1030 32.65 931 34.25 836
26.30 1352 27.89 1240 29.49 1132 31.08 1028 32.68 929 34.27 835
26.32 1351 27.92 1238 29.51 1130 31.10 1027 32.70 928 34.29 834
26.34 1349 27.94 1237 29.53 1129 31.13 1026 32.72 927 34.32 832
26.37 1348 27.96 1235 29.56 1127 31.15 1024 32.74 925 34.34 831
26.39 1346 27.98 1234 29.58 1126 31.17 1023 32.77 924 34.36 830
26.41 1344 28.01 1232 29.60 1124 31.20 1021 32.79 923 34.38 828
26.44 1343 28.03 1231 29.62 1123 31.22 1020 32.81 921 34.41 827
26.46 1341 28.05 1229 29.65 1121 31.24 1018 32.83 920 34.43 826
26.48 1339 28.08 1227 29.67 1120 31.26 1017 32.86 918 34.45 825
26.50 1338 28.10 1226 29.69 1118 31.29 1015 32.88 917 34.47 823
26.53 1336 28.12 1224 29.71 1117 31.31 1014 32.90 916 34.50 822
26.55 1335 28.14 1223 29.74 1115 31.33 1013 32.93 914 34.52 821
26.57 1333 28.17 1221 29.76 1114 31.35 1011 32.95 913 34.54 819
26.59 1331 28.19 1220 29.78 1112 31.38 1010 32.97 912 34.57 818
26.62 1330 28.21 1218 29.81 1111 31.40 1008 32.99 910 34.59 817
26.64 1328 28.23 1216 29.83 1109 31.42 1007 33.02 909 34.61 815
26.66 1326 28.26 1215 29.85 1108 31.45 1005 33.04 907 34.63 814
26.69 1325 28.28 1213 29.87 1106 31.47 1004 33.06 906 34.66 813
26.71 1323 28.30 1212 29.90 1105 31.49 1003 33.09 905 34.68 811
26.73 1322 28.33 1210 29.92 1103 31.51 1001 33.11 903 34.70 810
26.75 1320 28.35 1209 29.94 1102 31.54 1000 33.13 902 34.73 809
26.78 1318 28.37 1207 29.97 1100 31.56 998 33.15 901 34.75 808
26.80 1317 28.39 1206 29.99 1099 31.58 997 33.18 899 34.77 806
26.82 1315 28.42 1204 30.01 1097 31.61 995 33.20 898 34.79 805
26.85 1313 28.44 1202 30.03 1096 31.63 994 33.22 897 34.82 804
26.87 1312 28.46 1201 30.06 1094 31.65 993 33.24 895 34.84 802
26.89 1310 28.49 1199 30.08 1093 31.67 991 33.27 894 34.86 801
26.91 1309 28.51 1198 30.10 1091 31.70 990 33.29 892 34.88 800
26.94 1307 28.53 1196 30.12 1090 31.72 988 33.31 891 34.91 799
26.96 1305 28.55 1195 30.15 1089 31.74 987 33.34 890 34.93 797
26.98 1304 28.58 1193 30.17 1087 31.76 985 33.36 888 34.95 796
27.00 1302 28.60 1192 30.19 1086 31.79 984 33.38 887 34.98 795
27.03 1301 28.62 1190 30.22 1084 31.81 983 33.40 886 35.00 793
27.05 1299 28.64 1189 30.24 1083 31.83 981 33.43 884 35.02 792
27.07 1297 28.67 1187 30.26 1081 31.86 980 33.45 883 35.04 791
27.10 1296 28.69 1185 30.28 1080 31.88 978 33.47 882 35.07 790
27.12 1294 28.71 1184 30.31 1078 31.90 977 33.50 880 35.09 788
27.14 1292 28.74 1182 30.33 1077 31.92 976 33.52 879 35.11 787
27.16 1291 28.76 1181 30.35 1075 31.95 974 33.54 878 35.14 786
27.19 1289 28.78 1179 30.38 1074 31.97 973 33.56 876 35.16 784
27.21 1288 28.80 1178 30.40 1072 31.99 971 33.59 875 35.18 783
27.23 1286 28.83 1176 30.42 1071 32.02 970 33.61 874 35.20 782
27.26 1284 28.85 1175 30.44 1069 32.04 968 33.63 872 35.23 781
27.28 1283 28.87 1173 30.47 1068 32.06 967 33.65 871 35.25 779
27.30 1281 28.90 1172 30.49 1066 32.08 966 33.68 870 35.27 778
27.32 1280 28.92 1170 30.51 1065 32.11 964 33.70 868 35.29 777
27.35 1278 28.94 1168 30.53 1063 32.13 963 33.72 867 35.32 775
27.37 1276 28.96 1167 30.56 1062 32.15 961 33.75 866 35.34 774
27.39 1275 28.99 1165 30.58 1060 32.17 960 33.77 864 35.36 773
27.41 1273 29.01 1164 30.60 1059 32.20 959 33.79 863 35.39 772
27.44 1272 29.03 1162 30.63 1058 32.22 957 33.81 862 35.41 770
27.46 1270 29.05 1161 30.65 1056 32.24 956 33.84 860 35.43 769
27.48 1268 29.08 1159 30.67 1055 32.27 954 33.86 859 35.45 768
27.51 1267 29.10 1158 30.69 1053 32.29 953 33.88 858 35.48 767
27.53 1265 29.12 1156 30.72 1052 32.31 952 33.91 856 35.50 765
27.55 1264 29.15 1155 30.74 1050 32.33 950 33.93 855 35.52 764
27.57 1262 29.17 1153 30.76 1049 32.36 949 33.95 854 35.54 763
27.60 1261 29.19 1152 30.79 1047 32.38 947 33.97 852 35.57 762
27.62 1259 29.21 1150 30.81 1046 32.40 946 34.00 851 35.59 760
27.64 1257 29.24 1149 30.83 1044 32.42 945 34.02 850 35.61 759
27.67 1256 29.26 1147 30.85 1043 32.45 943 34.04 848 35.64 758
27.69 1254 29.28 1146 30.88 1041 32.47 942 34.06 847 35.66 756
27.71 1253 29.30 1144 30.90 1040 32.49 941 34.09 846 35.68 755
27.73 1251 29.33 1143 30.92 1039 32.52 939 34.11 844 35.70 754
27.76 1249 29.35 1141 30.94 1037 32.54 938 34.13 843 35.73 753
35.75 751 37.34 666 38.94 585 40.53 509 42.13 438 43.81 368
35.77 750 37.37 665 38.96 584 40.56 508 42.15 437 43.83 367
35.80 749 37.39 664 38.98 583 40.58 507 42.17 436 43.88 366
35.82 748 37.41 662 39.01 582 40.60 506 42.19 435 43.90 365
35.84 746 37.44 661 39.03 581 40.62 505 42.22 434 43.93 364
35.86 745 37.46 660 39.05 580 40.65 504 42.24 433 43.95 363
35.89 744 37.48 659 39.07 579 40.67 503 42.26 432 43.97 362
35.91 743 37.50 658 39.10 577 40.69 502 42.29 431 43.99 361
35.93 741 37.53 657 39.12 576 40.71 501 42.31 430 44.02 360
35.95 740 37.55 655 39.14 575 40.74 500 42.33 429 44.04 359
35.98 739 37.57 654 39.17 574 40.76 499 42.35 428 44.06 358
36.00 738 37.59 653 39.19 573 40.78 498 42.38 427 44.11 357
36.02 736 37.62 652 39.21 572 40.81 497 42.40 426 44.13 356
36.05 735 37.64 651 39.23 571 40.83 496 42.42 425 44.15 355
36.07 734 37.66 649 39.26 570 40.85 495 42.47 424 44.18 354
36.09 733 37.69 648 39.28 569 40.87 494 42.49 423 44.20 353
36.11 732 37.71 647 39.30 567 40.90 493 42.51 422 44.22 352
36.14 730 37.73 646 39.33 566 40.92 492 42.54 421 44.24 351
36.16 729 37.75 645 39.35 565 40.94 491 42.56 420 44.27 350
36.18 728 37.78 644 39.37 564 40.97 489 42.58 419 44.31 349
36.21 727 37.80 642 39.39 563 40.99 488 42.60 418 44.34 348
36.23 725 37.82 641 39.42 562 41.01 487 42.63 417 44.36 347
36.25 724 37.85 640 39.44 561 41.03 486 42.65 416 44.38 346
36.27 723 37.87 639 39.46 560 41.06 485 42.67 415 44.40 345
36.30 722 37.89 638 39.48 559 41.08 484 42.70 414 44.43 344
36.32 720 37.91 637 39.51 558 41.10 483 42.72 413 44.45 343
36.34 719 37.94 635 39.53 556 41.12 482 42.74 412 44.47 342
36.36 718 37.96 634 39.55 555 41.15 481 42.76 411 44.52 341
36.39 717 37.98 633 39.58 554 41.17 480 42.79 410 44.54 340
36.41 715 38.00 632 39.60 553 41.19 479 42.81 409 44.56 339
36.43 714 38.03 631 39.62 552 41.22 478 42.83 408 44.59 338
36.46 713 38.05 630 39.64 551 41.24 477 42.86 407 44.61 337
36.48 712 38.07 628 39.67 550 41.26 476 42.88 406 44.63 336
36.50 711 38.10 627 39.69 549 41.28 475 42.90 405 44.68 335
36.52 709 38.12 626 39.71 548 41.31 474 42.92 404 44.70 334
36.55 708 38.14 625 39.74 547 41.33 473 42.95 403 44.72 333
36.57 707 38.16 624 39.76 546 41.35 472 42.99 402 44.75 332
36.59 706 38.19 623 39.78 544 41.38 471 43.01 401 44.77 331
36.62 704 38.21 622 39.80 543 41.40 470 43.04 400 44.79 330
36.64 703 38.23 620 39.83 542 41.42 469 43.06 399 44.81 329
36.66 702 38.26 619 39.85 541 41.44 468 43.08 398 44.86 328
36.68 701 38.28 618 39.87 540 41.47 467 43.11 397 44.88 327
36.71 700 38.30 617 39.89 539 41.49 466 43.13 396 44.91 326
36.73 698 38.32 616 39.92 538 41.51 465 43.15 395 44.93 325
36.75 697 38.35 615 39.94 537 41.53 464 43.17 394 44.95 324
36.77 696 38.37 614 39.96 536 41.56 463 43.20 393 44.97 323
36.80 695 38.39 612 39.99 535 41.58 462 43.22 392 45.02 322
36.82 694 38.41 611 40.01 534 41.60 461 43.24 391 45.04 321
36.84 692 38.44 610 40.03 533 41.63 460 43.27 390 45.06 320
36.87 691 38.46 609 40.05 532 41.65 459 43.29 389 45.09 319
36.89 690 38.48 608 40.08 530 41.67 458 43.33 388 45.11 318
36.91 689 38.51 607 40.10 529 41.69 457 43.36 387 45.13 317
36.93 688 38.53 606 40.12 528 41.72 456 43.38 386 45.18 316
36.96 686 38.55 604 40.15 527 41.74 455 43.40 385 45.20 315
36.98 685 38.57 603 40.17 526 41.76 454 43.42 384 45.22 314
37.00 684 38.60 602 40.19 525 41.79 453 43.45 383 45.25 313
37.03 683 38.62 601 40.21 524 41.81 452 43.47 382 45.27 312
37.05 682 38.64 600 40.24 523 41.83 451 43.49 381 45.31 311
37.07 680 38.67 599 40.26 522 41.85 450 43.52 380 45.34 310
37.09 679 38.69 598 40.28 521 41.88 449 43.54 379 45.36 309
37.12 678 38.71 596 40.30 520 41.90 448 43.56 378 45.38 308
37.14 677 38.73 595 40.33 519 41.92 447 43.58 377 45.41 307
37.16 676 38.76 594 40.35 518 41.94 446 43.63 376 45.45 306
37.18 674 38.78 593 40.37 517 41.97 445 43.65 375 45.47 305
37.21 673 38.80 592 40.40 516 41.99 444 43.68 374 45.50 304
37.23 672 38.82 591 40.42 515 42.01 443 43.70 373 45.52 303
37.25 671 38.85 590 40.44 513 42.04 442 43.72 372 45.54 302
37.28 670 38.87 589 40.46 512 42.06 441 43.74 371 45.59 301
37.30 668 38.89 587 40.49 511 42.08 440 43.77 370 45.61 300
37.32 667 38.92 586 40.51 510 42.10 439 43.79 369 45.63 299
45.66 298 47.11 248 48.69 198 50.46 148 52.53 98 55.20 48
45.68 297 47.14 247 48.71 197 50.51 147 52.58 97 55.27 47
45.72 296 47.16 246 48.75 196 50.53 146 52.63 96 55.34 46
45.75 295 47.18 245 48.78 195 50.58 145 52.67 95 55.38 45
45.77 294 47.23 244 48.82 194 50.62 144 52.72 94 55.45 44
45.79 293 47.25 243 48.84 193 50.64 143 52.76 93 55.52 43
45.84 292 47.27 242 48.89 192 50.69 142 52.81 92 55.59 42
45.86 291 47.32 241 48.91 191 50.74 141 52.85 91 55.65 41
45.88 290 47.34 240 48.96 190 50.76 140 52.92 90 55.72 40
45.91 289 47.39 239 48.98 189 50.80 139 52.97 89 55.79 39
45.93 288 47.41 238 49.03 188 50.85 138 53.01 88 55.86 38
45.98 287 47.43 237 49.05 187 50.89 137 53.06 87 55.93 37
46.00 286 47.48 236 49.10 186 50.92 136 53.10 86 56.02 36
46.02 285 47.50 235 49.12 185 50.96 135 53.15 85 56.09 35
46.04 284 47.52 234 49.16 184 51.01 134 53.19 84 56.16 34
46.09 283 47.57 233 49.19 183 51.05 133 53.26 83 56.22 33
46.11 282 47.59 232 49.23 182 51.08 132 53.31 82 56.31 32
46.13 281 47.62 231 49.25 181 51.12 131 53.35 81 56.38 31
46.16 280 47.66 230 49.30 180 51.17 130 53.40 80 56.45 30
46.20 279 47.68 229 49.32 179 51.21 129 53.45 79 56.54 29
46.23 278 47.71 228 49.37 178 51.24 128 53.51 78 56.61 28
46.25 277 47.75 227 49.39 177 51.28 127 53.56 77 56.70 27
46.27 276 47.77 226 49.44 176 51.33 126 53.60 76 56.79 26
46.32 275 47.82 225 49.48 175 51.37 125 53.65 75 56.86 25
46.34 274 47.84 224 49.51 174 51.42 124 53.72 74 56.95 24
46.36 273 47.87 223 49.55 173 51.44 123 53.76 73 57.04 23
46.39 272 47.91 222 49.57 172 51.49 122 53.81 72 57.13 22
46.43 271 47.93 221 49.62 171 51.53 121 53.88 71 57.23 21
46.45 270 47.96 220 49.64 170 51.58 120 53.92 70 57.32 20
46.48 269 48.00 219 49.69 169 51.62 119 53.97 69 57.41 19
46.52 268 48.03 218 49.71 168 51.67 118 54.04 68 57.52 18
46.54 267 48.07 217 49.76 167 51.69 117 54.08 67 57.61 17
46.57 266 48.09 216 49.80 166 51.74 116 54.13 66 57.73 16
46.59 265 48.14 215 49.82 165 51.78 115 54.20 65 57.82 15
46.64 264 48.16 214 49.87 164 51.83 114 54.24 64 57.93 14
46.66 263 48.18 213 49.89 163 51.87 113 54.31 63 58.05 13
46.68 262 48.23 212 49.94 162 51.92 112 54.36 62 58.16 12
46.73 261 48.25 211 49.98 161 51.96 111 54.42 61 58.27 11
46.75 260 48.30 210 50.01 160 52.01 110 54.47 60 58.41 10
46.77 259 48.32 209 50.05 159 52.06 109 54.54 59 58.55 9
46.80 258 48.34 208 50.07 158 52.08 108 54.58 58 58.68 8
46.84 257 48.39 207 50.12 157 52.12 107 54.65 57 58.82 7
46.86 256 48.41 206 50.17 156 52.17 106 54.70 56 58.98 6
46.89 255 48.46 205 50.19 155 52.22 105 54.77 55 59.16 5
46.93 254 48.48 204 50.23 154 52.26 104 54.83 54 59.34 4
46.95 253 48.53 203 50.28 153 52.31 103 54.88 53 59.55 3
46.98 252 48.55 202 50.30 152 52.35 102 54.95 52 59.80 2
47.02 251 48.59 201 50.35 151 52.40 101 55.02 51 1:00.12 1
47.05 250 48.62 200 50.39 150 52.44 100 55.06 50
47.07 249 48.64 199 50.42 149 52.49 99 55.13 49
