11.50 1361
11.51 1359
11.52 1357
11.53 1356
11.54 1354
11.55 1352
11.56 1351
11.57 1349
11.58 1348
11.59 1346
11.60 1344
11.61 1343
11.62 1341
11.63 1339
11.64 1338
11.65 1336
11.66 1335
11.67 1333
11.68 1331
11.69 1330
11.70 1328
11.71 1326
11.72 1325
11.73 1323
11.74 1322
11.75 1320
11.76 1318
11.77 1317
11.78 1315
11.79 1313
11.80 1312
11.81 1310
11.82 1309
11.83 1307
11.84 1305
11.85 1304
11.86 1302
11.87 1301
11.88 1299
11.89 1297
11.90 1296
11.91 1294
11.92 1292
11.93 1291
11.94 1289
11.95 1288
11.96 1286
11.97 1284
11.98 1283
11.99 1281

12.00 1280
12.01 1278
12.02 1276
12.03 1275
12.04 1273
12.05 1272
12.06 1270
12.07 1268
12.08 1267
12.09 1265
12.10 1264
12.11 1262
12.12 1261
12.13 1259
12.14 1257
12.15 1256
12.16 1254
12.17 1253
12.18 1251
12.19 1249
12.20 1248
12.21 1246
12.22 1245
12.23 1243
12.24 1242
12.25 1240
12.26 1238
12.27 1237
12.28 1235
12.29 1234
12.30 1232
12.31 1231
12.32 1229
12.33 1227
12.34 1226
12.35 1224
12.36 1223
12.37 1221
12.38 1220
12.39 1218
12.40 1216
12.41 1215
12.42 1213
12.43 1212
12.44 1210
12.45 1209
12.46 1207
12.47 1206
12.48 1204
12.49 1202

12.50 1201
12.51 1199
12.52 1198
12.53 1196
12.54 1195
12.55 1193
12.56 1192
12.57 1190
12.58 1189
12.59 1187
12.60 1185
12.61 1184
12.62 1182
12.63 1181
12.64 1179
12.65 1178
12.66 1176
12.67 1175
12.68 1173
12.69 1172
12.70 1170
12.71 1168
12.72 1167
12.73 1165
12.74 1164
12.75 1162
12.76 1161
12.77 1159
12.78 1158
12.79 1156
12.80 1155
12.81 1153
12.82 1152
12.83 1150
12.84 1149
12.85 1147
12.86 1146
12.87 1144
12.88 1143
12.89 1141
12.90 1140
12.91 1138
12.92 1136
12.93 1135
12.94 1133
12.95 1132
12.96 1130
12.97 1129
12.98 1127
12.99 1126

13.00 1124
13.01 1123
13.02 1121
13.03 1120
13.04 1118
13.05 1117
13.06 1115
13.07 1114
13.08 1112
13.09 1111
13.10 1109
13.11 1108
13.12 1106
13.13 1105
13.14 1103
13.15 1102
13.16 1100
13.17 1099
13.18 1097
13.19 1096
13.20 1094
13.21 1093
13.22 1091
13.23 1090
13.24 1089
13.25 1087
13.26 1086
13.27 1084
13.28 1083
13.29 1081
13.30 1080
13.31 1078
13.32 1077
13.33 1075
13.34 1074
13.35 1072
13.36 1071
13.37 1069
13.38 1068
13.39 1066
13.40 1065
13.41 1063
13.42 1062
13.43 1060
13.44 1059
13.45 1058
13.46 1056
13.47 1055
13.48 1053
13.49 1052

13.50 1050
13.51 1049
13.52 1047
13.53 1046
13.54 1044
13.55 1043
13.56 1041
13.57 1040
13.58 1039
13.59 1037
13.60 1036
13.61 1034
13.62 1033
13.63 1031
13.64 1030
13.65 1028
13.66 1027
13.67 1026
13.68 1024
13.69 1023
13.70 1021
13.71 1020
13.72 1018
13.73 1017
13.74 1015
13.75 1014
13.76 1013
13.77 1011
13.78 1010
13.79 1008
13.80 1007
13.81 1005
13.82 1004
13.83 1003
13.84 1001
13.85 1000
13.86 998
13.87 997
13.88 995
13.89 994
13.90 993
13.91 991
13.92 990
13.93 988
13.94 987
13.95 985
13.96 984
13.97 983
13.98 981
13.99 980
14.00 978
14.01 977
14.02 976
14.03 974
14.04 973
14.05 971
14.06 970
14.07 968
14.08 967
14.09 966
14.10 964
14.11 963
14.12 961
14.13 960
14.14 959
14.15 957
14.16 956
14.17 954
14.18 953
14.19 952
14.20 950
14.21 949
14.22 947
14.23 946
14.24 945
14.25 943
14.26 942
14.27 941
14.28 939
14.29 938
14.30 936
14.31 935
14.32 934
14.33 932
14.34 931
14.35 929
14.36 928
14.37 927
14.38 925
14.39 924
14.40 923
14.41 921
14.42 920
14.43 918
14.44 917
14.45 916
14.46 914
14.47 913
14.48 912
14.49 910

14.50 909
14.51 907
14.52 906
14.53 905
14.54 903
14.55 902
14.56 901
14.57 899
14.58 898
14.59 897
14.60 895
14.61 894
14.62 892
14.63 891
14.64 890
14.65 888
14.66 887
14.67 886
14.68 884
14.69 883
14.70 882
14.71 880
14.72 879
14.73 878
14.74 876
14.75 875
14.76 874
14.77 872
14.78 871
14.79 870
14.80 868
14.81 867
14.82 866
14.83 864
14.84 863
14.85 862
14.86 860
14.87 859
14.88 858
14.89 856
14.90 855
14.91 854
14.92 852
14.93 851
14.94 850
14.95 848
14.96 847
14.97 846
14.98 844
14.99 843

15.00 842
15.01 840
15.02 839
15.03 838
15.04 836
15.05 835
15.06 834
15.07 832
15.08 831
15.09 830
15.10 828
15.11 827
15.12 826
15.13 825
15.14 823
15.15 822
15.16 821
15.17 819
15.18 818
15.19 817
15.20 815
15.21 814
15.22 813
15.23 811
15.24 810
15.25 809
15.26 808
15.27 806
15.28 805
15.29 804
15.30 802
15.31 801
15.32 800
15.33 799
15.34 797
15.35 796
15.36 795
15.37 793
15.38 792
15.39 791
15.40 790
15.41 788
15.42 787
15.43 786
15.44 784
15.45 783
15.46 782
15.47 781
15.48 779
15.49 778

15.50 777
15.51 775
15.52 774
15.53 773
15.54 772
15.55 770
15.56 769
15.57 768
15.58 767
15.59 765
15.60 764
15.61 763
15.62 762
15.63 760
15.64 759
15.65 758
15.66 756
15.67 755
15.68 754
15.69 753
15.70 751
15.71 750
15.72 749
15.73 748
15.74 746
15.75 745
15.76 744
15.77 743
15.78 741
15.79 740
15.80 739
15.81 738
15.82 736
15.83 735
15.84 734
15.85 733
15.86 732
15.87 730
15.88 729
15.89 728
15.90 727
15.91 725
15.92 724
15.93 723
15.94 722
15.95 720
15.96 719
15.97 718
15.98 717
15.99 715

16.00 714
16.01 713
16.02 712
16.03 711
16.04 709
16.05 708
16.06 707
16.07 706
16.08 704
16.09 703
16.10 702
16.11 701
16.12 700
16.13 698
16.14 697
16.15 696
16.16 695
16.17 694
16.18 692
16.19 691
16.20 690
16.21 689
16.22 688
16.23 686
16.24 685
16.25 684
16.26 683
16.27 682
16.28 680
16.29 679
16.30 678
16.31 677
16.32 676
16.33 674
16.34 673
16.35 672
16.36 671
16.37 670
16.38 668
16.39 667
16.40 666
16.41 665
16.42 664
16.43 662
16.44 661
16.45 660
16.46 659
16.47 658
16.48 657
16.49 655
16.50 654
16.51 653
16.52 652
16.53 651
16.54 649
16.55 648
16.56 647
16.57 646
16.58 645
16.59 644
16.60 642
16.61 641
16.62 640
16.63 639
16.64 638
16.65 637
16.66 635
16.67 634
16.68 633
16.69 632
16.70 631
16.71 630
16.72 628
16.73 627
16.74 626
16.75 625
16.76 624
16.77 623
16.78 622
16.79 620
16.80 619
16.81 618
16.82 617
16.83 616
16.84 615
16.85 614
16.86 612
16.87 611
16.88 610
16.89 609
16.90 608
16.91 607
16.92 606
16.93 604
16.94 603
16.95 602
16.96 601
16.97 600
16.98 599
16.99 598

17.00 596
17.01 595
17.02 594
17.03 593
17.04 592
17.05 591
17.06 590
17.07 589
17.08 587
17.09 586
17.10 585
17.11 584
17.12 583
17.13 582
17.14 581
17.15 580
17.16 579
17.17 577
17.18 576
17.19 575
17.20 574
17.21 573
17.22 572
17.23 571
17.24 570
17.25 569
17.26 567
17.27 566
17.28 565
17.29 564
17.30 563
17.31 562
17.32 561
17.33 560
17.34 559
17.35 558
17.36 556
17.37 555
17.38 554
17.39 553
17.40 552
17.41 551
17.42 550
17.43 549
17.44 548
17.45 547
17.46 546
17.47 544
17.48 543
17.49 542

17.50 541
17.51 540
17.52 539
17.53 538
17.54 537
17.55 536
17.56 535
17.57 534
17.58 533
17.59 532
17.60 530
17.61 529
17.62 528
17.63 527
17.64 526
17.65 525
17.66 524
17.67 523
17.68 522
17.69 521
17.70 520
17.71 519
17.72 518
17.73 517
17.74 516
17.75 515
17.76 513
17.77 512
17.78 511
17.79 510
17.80 509
17.81 508
17.82 507
17.83 506
17.84 505
17.85 504
17.86 503
17.87 502
17.88 501
17.89 500
17.90 499
17.91 498
17.92 497
17.93 496
17.94 495
17.95 494
17.96 493
17.97 492
17.98 491
17.99 489

18.00 488
18.01 487
18.02 486
18.03 485
18.04 484
18.05 483
18.06 482
18.07 481
18.08 480
18.09 479
18.10 478
18.11 477
18.12 476
18.13 475
18.14 474
18.15 473
18.16 472
18.17 471
18.18 470
18.19 469
18.20 468
18.21 467
18.22 466
18.23 465
18.24 464
18.25 463
18.26 462
18.27 461
18.28 460
18.29 459
18.30 458
18.31 457
18.32 456
18.33 455
18.34 454
18.35 453
18.36 452
18.37 451
18.38 450
18.39 449
18.40 448
18.41 447
18.42 446
18.43 445
18.44 444
18.45 443
18.46 442
18.47 441
18.48 440
18.49 439

18.50 438
18.51 437
18.52 436
18.53 435
18.54 434
18.55 433
18.56 432
18.57 431
18.58 430
18.59 429
18.60 428
18.61 427
18.62 426
18.63 425
18.65 424
18.66 423
18.67 422
18.68 421
18.69 420
18.70 419
18.71 418
18.72 417
18.73 416
18.74 415
18.75 414
18.76 413
18.77 412
18.78 411
18.79 410
18.80 409
18.81 408
18.82 407
18.83 406
18.84 405
18.85 404
18.86 403
18.88 402
18.89 401
18.90 400
18.91 399
18.92 398
18.93 397
18.94 396
18.95 395
18.96 394
18.97 393
18.98 392
18.99 391
19.00 390
19.01 389
19.03 388
19.04 387
19.05 386
19.06 385
19.07 384
19.08 383
19.09 382
19.10 381
19.11 380
19.12 379
19.13 378
19.14 377
19.16 376
19.17 375
19.18 374
19.19 373
19.20 372
19.21 371
19.22 370
19.23 369
19.24 368
19.25 367
19.27 366
19.28 365
19.29 364
19.30 363
19.31 362
19.32 361
19.33 360
19.34 359
19.35 358
19.37 357
19.38 356
19.39 355
19.40 354
19.41 353
19.42 352
19.43 351
19.44 350
19.46 349
19.47 348
19.48 347
19.49 346
19.50 345
19.51 344
19.52 343
19.53 342
19.55 341
19.56 340
19.57 339

19.58 338
19.59 337
19.60 336
19.62 335
19.63 334
19.64 333
19.65 332
19.66 331
19.67 330
19.68 329
19.70 328
19.71 327
19.72 326
19.73 325
19.74 324
19.75 323
19.77 322
19.78 321
19.79 320
19.80 319
19.81 318
19.82 317
19.84 316
19.85 315
19.86 314
19.87 313
19.88 312
19.90 311
19.91 310
19.92 309
19.93 308
19.94 307
19.96 306
19.97 305
19.98 304
19.99 303
20.00 302
20.02 301
20.03 300
20.04 299
20.05 298
20.06 297
20.08 296
20.09 295
20.10 294
20.11 293
20.13 292
20.14 291
20.15 290
20.16 289

20.17 288
20.19 287
20.20 286
20.21 285
20.22 284
20.24 283
20.25 282
20.26 281
20.27 280
20.29 279
20.30 278
20.31 277
20.32 276
20.34 275
20.35 274
20.36 273
20.37 272
20.39 271
20.40 270
20.41 269
20.43 268
20.44 267
20.45 266
20.46 265
20.48 264
20.49 263
20.50 262
20.52 261
20.53 260
20.54 259
20.55 258
20.57 257
20.58 256
20.59 255
20.61 254
20.62 253
20.63 252
20.65 251
20.66 250
20.67 249
20.69 248
20.70 247
20.71 246
20.72 245
20.74 244
20.75 243
20.76 242
20.78 241
20.79 240
20.81 239

20.82 238
20.83 237
20.85 236
20.86 235
20.87 234
20.89 233
20.90 232
20.91 231
20.93 230
20.94 229
20.95 228
20.97 227
20.98 226
21.00 225
21.01 224
21.02 223
21.04 222
21.05 221
21.06 220
21.08 219
21.09 218
21.11 217
21.12 216
21.14 215
21.15 214
21.16 213
21.18 212
21.19 211
21.21 210
21.22 209
21.23 208
21.25 207
21.26 206
21.28 205
21.29 204
21.31 203
21.32 202
21.34 201
21.35 200
21.36 199
21.38 198
21.39 197
21.41 196
21.42 195
21.44 194
21.45 193
21.47 192
21.48 191
21.50 190
21.51 189

21.53 188
21.54 187
21.56 186
21.57 185
21.59 184
21.60 183
21.62 182
21.63 181
21.65 180
21.66 179
21.68 178
21.69 177
21.71 176
21.73 175
21.74 174
21.76 173
21.77 172
21.79 171
21.80 170
21.82 169
21.83 168
21.85 167
21.87 166
21.88 165
21.90 164
21.91 163
21.93 162
21.95 161
21.96 160
21.98 159
21.99 158
22.01 157
22.03 156
22.04 155
22.06 154
22.08 153
22.09 152
22.11 151
22.13 150
22.14 149
22.16 148
22.18 147
22.19 146
22.21 145
22.23 144
22.24 143
22.26 142
22.28 141
22.29 140
22.31 139
22.33 138
22.35 137
22.36 136
22.38 135
22.40 134
22.42 133
22.43 132
22.45 131
22.47 130
22.49 129
22.50 128
22.52 127
22.54 126
22.56 125
22.58 124
22.59 123
22.61 122
22.63 121
22.65 120
22.67 119
22.69 118
22.70 117
22.72 116
22.74 115
22.76 114
22.78 113
22.80 112
22.82 111
22.84 110
22.86 109

22.87 108
22.89 107
22.91 106
22.93 105
22.95 104
22.97 103
22.99 102
23.01 101
23.03 100
23.05 99
23.07 98
23.09 97
23.11 96
23.13 95
23.15 94
23.17 93
23.19 92
23.21 91
23.24 90
23.26 89
23.28 88
23.30 87
23.32 86
23.34 85
23.36 84
23.39 83
23.41 82
23.43 81
23.45 80
23.47 79

23.50 78
23.52 77
23.54 76
23.56 75
23.59 74
23.61 73
23.63 72
23.66 71
23.68 70
23.70 69
23.73 68
23.75 67
23.77 66
23.80 65
23.82 64
23.85 63
23.87 62
23.90 61
23.92 60
23.95 59
23.97 58
24.00 57
24.02 56
24.05 55
24.08 54
24.10 53
24.13 52
24.16 51
24.18 50
24.21 49

24.24 48
24.27 47
24.30 46
24.32 45
24.35 44
24.38 43
24.41 42
24.44 41
24.47 40
24.50 39
24.53 38
24.56 37
24.60 36
24.63 35
24.66 34
24.69 33
24.73 32
24.76 31
24.79 30
24.83 29
24.86 28
24.90 27
24.94 26
24.97 25
25.01 24
25.05 23
25.09 22
25.13 21
25.17 20
25.21 19

25.26 18
25.30 17
25.35 16
25.39 15
25.44 14
25.49 13
25.54 12
25.59 11
25.65 10
25.71 9
25.77 8
25.83 7
25.90 6
25.98 5
26.06 4
26.15 3
26.26 2
26.40 1
