60.65 1300 57.82 1230 54.99 1160 52.13 1090 49.27 1020 46.41 950
60.62 1299 57.78 1229 54.94 1159 52.09 1089 49.24 1019 46.37 949
60.57 1298 57.74 1228 54.90 1158 52.05 1088 49.19 1018 46.33 948
60.53 1297 57.70 1227 54.86 1157 52.02 1087 49.16 1017 46.29 947
60.50 1296 57.66 1226 54.82 1156 51.97 1086 49.11 1016 46.25 946
60.45 1295 57.62 1225 54.78 1155 51.93 1085 49.07 1015 46.20 945
60.41 1294 57.58 1224 54.74 1154 51.89 1084 49.03 1014 46.17 944
60.37 1293 57.54 1223 54.69 1153 51.85 1083 48.99 1013 46.12 943
60.33 1292 57.50 1222 54.66 1152 51.81 1082 48.94 1012 46.08 942
60.29 1291 57.45 1221 54.62 1151 51.77 1081 48.91 1011 46.04 941
60.25 1290 57.42 1220 54.57 1150 51.72 1080 48.87 1010 46.00 940
60.21 1289 57.38 1219 54.54 1149 51.69 1079 48.83 1009 45.96 939
60.17 1288 57.33 1218 54.49 1148 51.64 1078 48.79 1008 45.92 938
60.13 1287 57.30 1217 54.46 1147 51.60 1077 48.74 1007 45.87 937
60.09 1286 57.25 1216 54.41 1146 51.56 1076 48.71 1006 45.84 936
60.05 1285 57.22 1215 54.37 1145 51.52 1075 48.66 1005 45.79 935
60.01 1284 57.17 1214 54.33 1144 51.49 1074 48.62 1004 45.76 934
59.97 1283 57.13 1213 54.29 1143 51.44 1073 48.58 1003 45.71 933
59.93 1282 57.10 1212 54.25 1142 51.40 1072 48.54 1002 45.67 932
59.88 1281 57.05 1211 54.21 1141 51.36 1071 48.50 1001 45.63 931
59.85 1280 57.01 1210 54.17 1140 51.32 1070 48.46 1000 45.59 930
59.80 1279 56.97 1209 54.13 1139 51.28 1069 48.41 999 45.55 929
59.77 1278 56.93 1208 54.09 1138 51.24 1068 48.38 998 45.51 928
59.73 1277 56.89 1207 54.04 1137 51.19 1067 48.33 997 45.46 927
59.68 1276 56.85 1206 54.01 1136 51.16 1066 48.30 996 45.43 926
59.65 1275 56.80 1205 53.96 1135 51.11 1065 48.25 995 45.38 925
59.60 1274 56.77 1204 53.93 1134 51.07 1064 48.21 994 45.34 924
59.56 1273 56.73 1203 53.88 1133 51.03 1063 48.17 993 45.30 923
59.52 1272 56.69 1202 53.84 1132 50.99 1062 48.13 992 45.26 922
59.48 1271 56.65 1201 53.81 1131 50.96 1061 48.09 991 45.22 921
59.45 1270 56.60 1200 53.76 1130 50.91 1060 48.05 990 45.18 920
59.40 1269 56.57 1199 53.72 1129 50.87 1059 48.01 989 45.13 919
59.36 1268 56.52 1198 53.68 1128 50.83 1058 47.97 988 45.10 918
59.32 1267 56.48 1197 53.64 1127 50.79 1057 47.93 987 45.05 917
59.28 1266 56.45 1196 53.60 1126 50.75 1056 47.88 986 45.02 916
59.24 1265 56.40 1195 53.56 1125 50.71 1055 47.85 985 44.97 915
59.20 1264 56.37 1194 53.51 1124 50.66 1054 47.80 984 44.93 914
59.16 1263 56.32 1193 53.48 1123 50.63 1053 47.77 983 44.89 913
59.12 1262 56.28 1192 53.43 1122 50.58 1052 47.72 982 44.85 912
59.08 1261 56.24 1191 53.40 1121 50.54 1051 47.68 981 44.80 911
59.03 1260 56.20 1190 53.36 1120 50.50 1050 47.64 980 44.77 910
59.00 1259 56.16 1189 53.31 1119 50.46 1049 47.60 979 44.72 909
58.95 1258 56.12 1188 53.28 1118 50.42 1048 47.56 978 44.69 908
58.92 1257 56.08 1187 53.23 1117 50.38 1047 47.52 977 44.64 907
58.88 1256 56.04 1186 53.19 1116 50.34 1046 47.47 976 44.60 906
58.83 1255 56.00 1185 53.15 1115 50.30 1045 47.44 975 44.56 905
58.80 1254 55.95 1184 53.11 1114 50.26 1044 47.39 974 44.52 904
58.75 1253 55.92 1183 53.07 1113 50.22 1043 47.35 973 44.48 903
58.71 1252 55.87 1182 53.03 1112 50.18 1042 47.31 972 44.44 902
58.67 1251 55.84 1181 52.99 1111 50.13 1041 47.27 971 44.39 901
58.63 1250 55.79 1180 52.95 1110 50.10 1040 47.23 970 44.36 900
58.60 1249 55.75 1179 52.91 1109 50.05 1039 47.19 969 44.31 899
58.55 1248 55.72 1178 52.87 1108 50.01 1038 47.14 968 44.27 898
58.51 1247 55.67 1177 52.83 1107 49.97 1037 47.11 967 44.23 897
58.47 1246 55.63 1176 52.78 1106 49.93 1036 47.06 966 44.19 896
58.43 1245 55.59 1175 52.75 1105 49.89 1035 47.03 965 44.15 895
58.39 1244 55.55 1174 52.70 1104 49.85 1034 46.98 964 44.11 894
58.35 1243 55.51 1173 52.66 1103 49.80 1033 46.94 963 44.06 893
58.31 1242 55.47 1172 52.62 1102 49.77 1032 46.90 962 44.03 892
58.27 1241 55.42 1171 52.58 1101 49.72 1031 46.86 961 43.98 891
58.23 1240 55.39 1170 52.54 1100 49.69 1030 46.82 960 43.95 890
58.18 1239 55.35 1169 52.50 1099 49.65 1029 46.78 959 43.90 889
58.15 1238 55.31 1168 52.46 1098 49.60 1028 46.74 958 43.86 888
58.10 1237 55.27 1167 52.42 1097 49.57 1027 46.70 957 43.82 887
58.07 1236 55.22 1166 52.38 1096 49.52 1026 46.66 956 43.78 886
58.03 1235 55.19 1165 52.34 1095 49.48 1025 46.61 955 43.74 885
57.98 1234 55.14 1164 52.30 1094 49.44 1024 46.58 954 43.70 884
57.95 1233 55.10 1163 52.25 1093 49.40 1023 46.53 953 43.65 883
57.90 1232 55.06 1162 52.22 1092 49.36 1022 46.50 952 43.62 882
57.86 1231 55.02 1161 52.17 1091 49.32 1021 46.45 951 43.57 881
43.53 880 40.65 810 37.75 740 34.83 670 31.91 600 28.97 530
43.49 879 40.60 809 37.70 739 34.79 669 31.86 599 28.92 529
43.45 878 40.56 808 37.67 738 34.75 668 31.83 598 28.88 528
43.41 877 40.52 807 37.62 737 34.71 667 31.78 597 28.84 527
43.37 876 40.48 806 37.58 736 34.67 666 31.74 596 28.79 526
43.32 875 40.44 805 37.54 735 34.62 665 31.70 595 28.76 525
43.29 874 40.40 804 37.49 734 34.59 664 31.65 594 28.71 524
43.24 873 40.35 803 37.46 733 34.54 663 31.62 593 28.67 523
43.21 872 40.32 802 37.41 732 34.50 662 31.57 592 28.63 522
43.16 871 40.27 801 37.37 731 34.46 661 31.53 591 28.58 521
43.12 870 40.24 800 37.33 730 34.41 660 31.49 590 28.54 520
43.08 869 40.19 799 37.29 729 34.38 659 31.44 589 28.50 519
43.04 868 40.15 798 37.25 728 34.33 658 31.41 588 28.46 518
43.00 867 40.11 797 37.21 727 34.29 657 31.36 587 28.42 517
42.96 866 40.07 796 37.16 726 34.25 656 31.32 586 28.37 516
42.91 865 40.03 795 37.13 725 34.21 655 31.28 585 28.33 515
42.88 864 39.99 794 37.08 724 34.17 654 31.23 584 28.29 514
42.83 863 39.94 793 37.04 723 34.12 653 31.20 583 28.24 513
42.79 862 39.90 792 37.00 722 34.08 652 31.15 582 28.21 512
42.75 861 39.86 791 36.95 721 34.04 651 31.11 581 28.16 511
42.71 860 39.81 790 36.92 720 34.00 650 31.07 580 28.12 510
42.67 859 39.78 789 36.87 719 33.96 649 31.02 579 28.08 509
42.63 858 39.73 788 36.84 718 33.92 648 30.99 578 28.03 508
42.58 857 39.70 787 36.79 717 33.87 647 30.94 577 27.99 507
42.55 856 39.65 786 36.75 716 33.83 646 30.90 576 27.95 506
42.50 855 39.61 785 36.71 715 33.79 645 30.86 575 27.91 505
42.47 854 39.57 784 36.66 714 33.75 644 30.81 574 27.87 504
42.42 853 39.53 783 36.63 713 33.71 643 30.78 573 27.82 503
42.38 852 39.49 782 36.58 712 33.66 642 30.73 572 27.78 502
42.34 851 39.45 781 36.54 711 33.63 641 30.69 571 27.74 501
42.30 850 39.40 780 36.50 710 33.58 640 30.65 570 27.70 500
42.26 849 39.37 779 36.46 709 33.54 639 30.60 569 27.65 499
42.22 848 39.32 778 36.42 708 33.50 638 30.57 568 27.61 498
42.17 847 39.28 777 36.38 707 33.45 637 30.52 567 27.57 497
42.14 846 39.24 776 36.33 706 33.42 636 30.48 566 27.53 496
42.09 845 39.19 775 36.30 705 33.37 635 30.44 565 27.49 495
42.05 844 39.16 774 36.25 704 33.33 634 30.39 564 27.44 494
42.01 843 39.11 773 36.20 703 33.29 633 30.36 563 27.40 493
41.97 842 39.07 772 36.17 702 33.24 632 30.31 562 27.36 492
41.93 841 39.03 771 36.12 701 33.21 631 30.27 561 27.31 491
41.88 840 38.99 770 36.09 700 33.16 630 30.23 560 27.28 490
41.84 839 38.95 769 36.04 699 33.13 629 30.18 559 27.23 489
41.80 838 38.91 768 36.00 698 33.08 628 30.15 558 27.18 488
41.76 837 38.86 767 35.96 697 33.03 627 30.10 557 27.15 487
41.72 836 38.83 766 35.92 696 33.00 626 30.06 556 27.10 486
41.68 835 38.78 765 35.88 695 32.95 625 30.02 555 27.07 485
41.63 834 38.75 764 35.83 694 32.91 624 29.97 554 27.02 484
41.60 833 38.70 763 35.79 693 32.87 623 29.94 553 26.97 483
41.55 832 38.66 762 35.75 692 32.83 622 29.89 552 26.94 482
41.51 831 38.62 761 35.71 691 32.79 621 29.84 551 26.89 481
41.47 830 38.57 760 35.67 690 32.74 620 29.81 550 26.85 480
41.43 829 38.54 759 35.63 689 32.70 619 29.76 549 26.81 479
41.39 828 38.49 758 35.58 688 32.66 618 29.73 548 26.76 478
41.35 827 38.45 757 35.55 687 32.62 617 29.68 547 26.72 477
41.30 826 38.41 756 35.50 686 32.58 616 29.63 546 26.68 476
41.27 825 38.37 755 35.46 685 32.53 615 29.60 545 26.64 475
41.22 824 38.33 754 35.42 684 32.49 614 29.55 544 26.60 474
41.19 823 38.29 753 35.37 683 32.45 613 29.52 543 26.55 473
41.14 822 38.24 752 35.34 682 32.41 612 29.47 542 26.51 472
41.10 821 38.21 751 35.29 681 32.37 611 29.42 541 26.47 471
41.06 820 38.16 750 35.25 680 32.33 610 29.39 540 26.43 470
41.02 819 38.12 749 35.21 679 32.28 609 29.34 539 26.38 469
40.98 818 38.08 748 35.17 678 32.24 608 29.30 538 26.34 468
40.94 817 38.03 747 35.13 677 32.20 607 29.26 537 26.30 467
40.89 816 38.00 746 35.08 676 32.16 606 29.21 536 26.25 466
40.86 815 37.95 745 35.04 675 32.12 605 29.18 535 26.22 465
40.81 814 37.91 744 35.00 674 32.07 604 29.13 534 26.17 464
40.77 813 37.87 743 34.96 673 32.03 603 29.09 533 26.12 463
40.73 812 37.83 742 34.92 672 31.99 602 29.05 532 26.09 462
40.68 811 37.79 741 34.88 671 31.95 601 29.00 531 26.04 461
26.01 460 23.02 390 20.01 320 16.97 250 13.89 180 10.74 110
25.96 459 22.97 389 19.96 319 16.92 249 13.84 179 10.70 109
25.91 458 22.93 388 19.92 318 16.88 248 13.80 178 10.65 108
25.88 457 22.89 387 19.88 317 16.84 247 13.75 177 10.61 107
25.83 456 22.84 386 19.84 316 16.79 246 13.70 176 10.56 106
25.79 455 22.81 385 19.79 315 16.75 245 13.66 175 10.51 105
25.75 454 22.76 384 19.75 314 16.70 244 13.62 174 10.47 104
25.70 453 22.72 383 19.71 313 16.67 243 13.58 173 10.42 103
25.66 452 22.68 382 19.66 312 16.62 242 13.53 172 10.38 102
25.62 451 22.63 381 19.62 311 16.57 241 13.49 171 10.33 101
25.58 450 22.59 380 19.57 310 16.53 240 13.44 170 10.29 100
25.53 449 22.55 379 19.54 309 16.48 239 13.39 169 10.24 99
25.49 448 22.51 378 19.49 308 16.45 238 13.35 168 10.20 98
25.45 447 22.46 377 19.44 307 16.40 237 13.30 167 10.15 97
25.40 446 22.41 376 19.41 306 16.35 236 13.27 166 10.10 96
25.37 445 22.38 375 19.36 305 16.31 235 13.22 165 10.06 95
25.32 444 22.33 374 19.32 304 16.26 234 13.17 164 10.01 94
25.27 443 22.29 373 19.27 303 16.23 233 13.13 163 9.97 93
25.24 442 22.25 372 19.23 302 16.18 232 13.08 162 9.92 92
25.19 441 22.20 371 19.19 301 16.14 231 13.04 161 9.88 91
25.16 440 22.16 370 19.14 300 16.09 230 12.99 160 9.83 90
25.11 439 22.12 369 19.10 299 16.04 229 12.95 159 9.78 89
25.06 438 22.08 368 19.06 298 16.01 228 12.91 158 9.74 88
25.03 437 22.03 367 19.01 297 15.96 227 12.86 157 9.69 87
24.98 436 21.99 366 18.97 296 15.92 226 12.82 156 9.65 86
24.94 435 21.95 365 18.92 295 15.87 225 12.77 155 9.60 85
24.90 434 21.90 364 18.89 294 15.82 224 12.73 154 9.56 84
24.85 433 21.86 363 18.84 293 15.79 223 12.68 153 9.51 83
24.81 432 21.82 362 18.79 292 15.74 222 12.64 152 9.46 82
24.77 431 21.77 361 18.75 291 15.70 221 12.59 151 9.42 81
24.73 430 21.73 360 18.71 290 15.65 220 12.54 150 9.37 80
24.68 429 21.69 359 18.67 289 15.61 219 12.50 149 9.33 79
24.64 428 21.65 358 18.62 288 15.56 218 12.46 148 9.28 78
24.60 427 21.60 357 18.58 287 15.52 217 12.42 147 9.24 77
24.55 426 21.56 356 18.54 286 15.48 216 12.37 146 9.18 76
24.52 425 21.52 355 18.49 285 15.43 215 12.32 145 9.13 75
24.47 424 21.47 354 18.45 284 15.39 214 12.28 144 9.09 74
24.42 423 21.43 353 18.40 283 15.34 213 12.23 143 9.04 73
24.39 422 21.39 352 18.37 282 15.30 212 12.19 142 9.00 72
24.34 421 21.34 351 18.32 281 15.26 211 12.14 141 8.95 71
24.30 420 21.30 350 18.27 280 15.21 210 12.10 140 8.91 70
24.26 419 21.26 349 18.23 279 15.17 209 12.05 139 8.86 69
24.21 418 21.22 348 18.19 278 15.12 208 12.00 138 8.82 68
24.17 417 21.17 347 18.15 277 15.08 207 11.97 137 8.77 67
24.13 416 21.13 346 18.10 276 15.04 206 11.92 136 8.72 66
24.09 415 21.09 345 18.05 275 14.99 205 11.88 135 8.68 65
24.04 414 21.04 344 18.02 274 14.95 204 11.83 134 8.62 64
24.00 413 21.00 343 17.97 273 14.90 203 11.79 133 8.58 63
23.96 412 20.96 342 17.93 272 14.86 202 11.74 132 8.53 62
23.91 411 20.92 341 17.88 271 14.81 201 11.69 131 8.49 61
23.88 410 20.87 340 17.84 270 14.77 200 11.65 130 8.44 60
23.83 409 20.82 339 17.80 269 14.73 199 11.60 129 8.39 59
23.78 408 20.79 338 17.75 268 14.68 198 11.56 128 8.35 58
23.75 407 20.74 337 17.71 267 14.64 197 11.51 127 8.30 57
23.70 406 20.70 336 17.66 266 14.59 196 11.47 126 8.26 56
23.66 405 20.66 335 17.63 265 14.55 195 11.42 125 8.20 55
23.62 404 20.61 334 17.58 264 14.51 194 11.37 124 8.16 54
23.57 403 20.57 333 17.53 263 14.46 193 11.33 123 8.11 53
23.53 402 20.52 332 17.49 262 14.42 192 11.28 122 8.07 52
23.49 401 20.49 331 17.45 261 14.37 191 11.25 121 8.02 51
23.45 400 20.44 330 17.41 260 14.33 190 11.20 120 7.97 50
23.40 399 20.39 329 17.36 259 14.28 189 11.15 119 7.92 49
23.36 398 20.36 328 17.31 258 14.24 188 11.11 118 7.87 48
23.32 397 20.31 327 17.27 257 14.20 187 11.06 117 7.83 47
23.27 396 20.27 326 17.23 256 14.15 186 11.02 116 7.78 46
23.23 395 20.22 325 17.19 255 14.11 185 10.97 115 7.74 45
23.19 394 20.18 324 17.14 254 14.06 184 10.93 114 7.69 44
23.15 393 20.14 323 17.10 253 14.02 183 10.88 113 7.64 43
23.10 392 20.09 322 17.06 252 13.97 182 10.83 112 7.59 42
23.06 391 20.06 321 17.01 251 13.93 181 10.79 111 7.54 41
7.50 40 7.16 33 6.82 26 6.48 19 6.13 12 5.77 5
7.44 39 7.12 32 6.78 25 6.43 18 6.08 11 5.72 4
7.40 38 7.06 31 6.72 24 6.38 17 6.03 10 5.66 3
7.35 37 7.01 30 6.68 23 6.33 16 5.97 9 5.61 2
7.31 36 6.97 29 6.63 22 6.28 15 5.93 8 5.55 1
7.26 35 6.92 28 6.58 21 6.23 14 5.87 7
7.21 34 6.87 27 6.53 20 6.18 13 5.82 6
