56.42 1300 53.78 1230 51.15 1160 48.50 1090 45.84 1020 43.17 950
56.39 1299 53.75 1229 51.11 1159 48.45 1089 45.80 1019 43.13 949
56.34 1298 53.71 1228 51.07 1158 48.42 1088 45.76 1018 43.10 948
56.31 1297 53.67 1227 51.03 1157 48.39 1087 45.72 1017 43.06 947
56.27 1296 53.64 1226 51.00 1156 48.34 1086 45.68 1016 43.02 946
56.23 1295 53.60 1225 50.95 1155 48.31 1085 45.65 1015 42.98 945
56.20 1294 53.56 1224 50.92 1154 48.27 1084 45.61 1014 42.94 944
56.16 1293 53.52 1223 50.88 1153 48.23 1083 45.57 1013 42.90 943
56.12 1292 53.49 1222 50.84 1152 48.19 1082 45.53 1012 42.87 942
56.08 1291 53.44 1221 50.81 1151 48.16 1081 45.50 1011 42.83 941
56.05 1290 53.41 1220 50.77 1150 48.11 1080 45.46 1010 42.79 940
56.01 1289 53.38 1219 50.73 1149 48.08 1079 45.42 1009 42.75 939
55.97 1288 53.33 1218 50.69 1148 48.04 1078 45.38 1008 42.72 938
55.93 1287 53.30 1217 50.66 1147 48.00 1077 45.34 1007 42.67 937
55.89 1286 53.26 1216 50.61 1146 47.96 1076 45.31 1006 42.64 936
55.86 1285 53.22 1215 50.58 1145 47.93 1075 45.27 1005 42.60 935
55.82 1284 53.18 1214 50.54 1144 47.89 1074 45.23 1004 42.56 934
55.78 1283 53.15 1213 50.50 1143 47.85 1073 45.19 1003 42.52 933
55.75 1282 53.11 1212 50.47 1142 47.82 1072 45.16 1002 42.49 932
55.71 1281 53.07 1211 50.43 1141 47.77 1071 45.11 1001 42.44 931
55.67 1280 53.04 1210 50.39 1140 47.74 1070 45.08 1000 42.41 930
55.63 1279 52.99 1209 50.35 1139 47.70 1069 45.04 999 42.37 929
55.59 1278 52.96 1208 50.32 1138 47.66 1068 45.00 998 42.33 928
55.56 1277 52.92 1207 50.27 1137 47.62 1067 44.96 997 42.29 927
55.52 1276 52.88 1206 50.24 1136 47.59 1066 44.93 996 42.26 926
55.48 1275 52.84 1205 50.20 1135 47.54 1065 44.88 995 42.21 925
55.44 1274 52.81 1204 50.16 1134 47.51 1064 44.85 994 42.18 924
55.41 1273 52.77 1203 50.12 1133 47.47 1063 44.81 993 42.14 923
55.37 1272 52.73 1202 50.09 1132 47.43 1062 44.77 992 42.10 922
55.33 1271 52.70 1201 50.05 1131 47.40 1061 44.73 991 42.06 921
55.30 1270 52.65 1200 50.01 1130 47.36 1060 44.70 990 42.03 920
55.25 1269 52.62 1199 49.98 1129 47.32 1059 44.66 989 41.98 919
55.22 1268 52.58 1198 49.93 1128 47.28 1058 44.62 988 41.95 918
55.18 1267 52.54 1197 49.90 1127 47.25 1057 44.59 987 41.91 917
55.14 1266 52.51 1196 49.86 1126 47.20 1056 44.54 986 41.87 916
55.10 1265 52.47 1195 49.82 1125 47.17 1055 44.51 985 41.83 915
55.07 1264 52.43 1194 49.78 1124 47.13 1054 44.47 984 41.80 914
55.03 1263 52.39 1193 49.75 1123 47.09 1053 44.43 983 41.75 913
54.99 1262 52.36 1192 49.70 1122 47.05 1052 44.39 982 41.72 912
54.96 1261 52.31 1191 49.67 1121 47.02 1051 44.36 981 41.68 911
54.91 1260 52.28 1190 49.64 1120 46.97 1050 44.31 980 41.64 910
54.88 1259 52.24 1189 49.59 1119 46.94 1049 44.28 979 41.60 909
54.84 1258 52.20 1188 49.56 1118 46.90 1048 44.24 978 41.57 908
54.80 1257 52.17 1187 49.52 1117 46.86 1047 44.20 977 41.53 907
54.77 1256 52.13 1186 49.48 1116 46.83 1046 44.16 976 41.49 906
54.73 1255 52.09 1185 49.44 1115 46.79 1045 44.13 975 41.45 905
54.69 1254 52.05 1184 49.41 1114 46.75 1044 44.08 974 41.41 904
54.65 1253 52.02 1183 49.36 1113 46.71 1043 44.05 973 41.37 903
54.62 1252 51.97 1182 49.33 1112 46.68 1042 44.01 972 41.34 902
54.57 1251 51.94 1181 49.30 1111 46.63 1041 43.97 971 41.30 901
54.54 1250 51.90 1180 49.25 1110 46.60 1040 43.93 970 41.26 900
54.51 1249 51.86 1179 49.22 1109 46.56 1039 43.90 969 41.22 899
54.46 1248 51.83 1178 49.18 1108 46.52 1038 43.85 968 41.18 898
54.43 1247 51.79 1177 49.14 1107 46.48 1037 43.82 967 41.14 897
54.39 1246 51.75 1176 49.10 1106 46.45 1036 43.78 966 41.11 896
54.35 1245 51.71 1175 49.07 1105 46.40 1035 43.74 965 41.07 895
54.31 1244 51.68 1174 49.02 1104 46.37 1034 43.70 964 41.03 894
54.28 1243 51.63 1173 48.99 1103 46.33 1033 43.67 963 40.99 893
54.24 1242 51.60 1172 48.95 1102 46.29 1032 43.62 962 40.96 892
54.20 1241 51.56 1171 48.91 1101 46.25 1031 43.59 961 40.91 891
54.17 1240 51.52 1170 48.87 1100 46.22 1030 43.56 960 40.88 890
54.12 1239 51.49 1169 48.84 1099 46.18 1029 43.51 959 40.84 889
54.09 1238 51.45 1168 48.80 1098 46.14 1028 43.48 958 40.80 888
54.05 1237 51.41 1167 48.76 1097 46.11 1027 43.44 957 40.76 887
54.01 1236 51.37 1166 48.73 1096 46.06 1026 43.40 956 40.73 886
53.98 1235 51.34 1165 48.68 1095 46.03 1025 43.36 955 40.68 885
53.94 1234 51.29 1164 48.65 1094 45.99 1024 43.33 954 40.65 884
53.90 1233 51.26 1163 48.61 1093 45.95 1023 43.28 953 40.61 883
53.86 1232 51.22 1162 48.57 1092 45.91 1022 43.25 952 40.57 882
53.83 1231 51.18 1161 48.53 1091 45.88 1021 43.21 951 40.53 881
40.50 880 37.81 810 35.12 740 32.40 670 29.68 600 26.95 530
40.45 879 37.77 809 35.07 739 32.36 669 29.64 599 26.90 529
40.42 878 37.73 808 35.04 738 32.33 668 29.61 598 26.86 528
40.38 877 37.69 807 35.00 737 32.28 667 29.56 597 26.83 527
40.34 876 37.66 806 34.96 736 32.25 666 29.52 596 26.78 526
40.30 875 37.61 805 34.92 735 32.21 665 29.49 595 26.75 525
40.27 874 37.58 804 34.88 734 32.17 664 29.44 594 26.71 524
40.22 873 37.54 803 34.84 733 32.13 663 29.41 593 26.66 523
40.19 872 37.50 802 34.80 732 32.09 662 29.37 592 26.63 522
40.15 871 37.46 801 34.77 731 32.05 661 29.33 591 26.59 521
40.11 870 37.43 800 34.72 730 32.01 660 29.29 590 26.55 520
40.07 869 37.38 799 34.69 729 31.98 659 29.25 589 26.51 519
40.04 868 37.35 798 34.65 728 31.94 658 29.22 588 26.47 518
39.99 867 37.31 797 34.61 727 31.90 657 29.17 587 26.44 517
39.96 866 37.27 796 34.57 726 31.86 656 29.13 586 26.39 516
39.92 865 37.23 795 34.54 725 31.83 655 29.10 585 26.35 515
39.88 864 37.20 794 34.49 724 31.78 654 29.05 584 26.32 514
39.84 863 37.16 793 34.45 723 31.74 653 29.02 583 26.27 513
39.81 862 37.11 792 34.42 722 31.71 652 28.98 582 26.24 512
39.77 861 37.08 791 34.38 721 31.66 651 28.93 581 26.20 511
39.73 860 37.04 790 34.34 720 31.63 650 28.90 580 26.15 510
39.69 859 37.00 789 34.30 719 31.59 649 28.86 579 26.12 509
39.65 858 36.96 788 34.26 718 31.55 648 28.82 578 26.08 508
39.61 857 36.93 787 34.22 717 31.51 647 28.78 577 26.04 507
39.58 856 36.88 786 34.19 716 31.47 646 28.75 576 26.00 506
39.54 855 36.85 785 34.15 715 31.43 645 28.71 575 25.96 505
39.50 854 36.81 784 34.10 714 31.39 644 28.66 574 25.93 504
39.46 853 36.77 783 34.07 713 31.36 643 28.63 573 25.88 503
39.43 852 36.73 782 34.03 712 31.32 642 28.59 572 25.84 502
39.38 851 36.70 781 33.99 711 31.28 641 28.55 571 25.81 501
39.35 850 36.65 780 33.95 710 31.24 640 28.51 570 25.76 500
39.31 849 36.62 779 33.92 709 31.20 639 28.47 569 25.72 499
39.27 848 36.58 778 33.87 708 31.16 638 28.43 568 25.69 498
39.23 847 36.54 777 33.84 707 31.12 637 28.39 567 25.64 497
39.20 846 36.50 776 33.80 706 31.09 636 28.36 566 25.61 496
39.15 845 36.46 775 33.76 705 31.04 635 28.31 565 25.57 495
39.12 844 36.42 774 33.72 704 31.00 634 28.27 564 25.53 494
39.08 843 36.38 773 33.68 703 30.97 633 28.24 563 25.49 493
39.04 842 36.35 772 33.64 702 30.92 632 28.20 562 25.45 492
39.00 841 36.31 771 33.60 701 30.89 631 28.16 561 25.41 491
38.96 840 36.27 770 33.57 700 30.85 630 28.12 560 25.37 490
38.92 839 36.23 769 33.53 699 30.81 629 28.08 559 25.33 489
38.88 838 36.19 768 33.49 698 30.77 628 28.04 558 25.29 488
38.85 837 36.15 767 33.45 697 30.73 627 28.00 557 25.25 487
38.80 836 36.12 766 33.41 696 30.69 626 27.97 556 25.21 486
38.77 835 36.08 765 33.37 695 30.65 625 27.92 555 25.18 485
38.73 834 36.04 764 33.33 694 30.62 624 27.88 554 25.13 484
38.69 833 36.00 763 33.30 693 30.58 623 27.85 553 25.09 483
38.65 832 35.97 762 33.25 692 30.54 622 27.80 552 25.06 482
38.62 831 35.92 761 33.22 691 30.50 621 27.76 551 25.02 481
38.58 830 35.88 760 33.18 690 30.46 620 27.73 550 24.97 480
38.54 829 35.85 759 33.14 689 30.42 619 27.69 549 24.94 479
38.50 828 35.80 758 33.10 688 30.38 618 27.65 548 24.90 478
38.46 827 35.77 757 33.07 687 30.35 617 27.61 547 24.85 477
38.42 826 35.73 756 33.02 686 30.30 616 27.57 546 24.82 476
38.39 825 35.69 755 32.98 685 30.26 615 27.53 545 24.78 475
38.35 824 35.65 754 32.95 684 30.23 614 27.49 544 24.74 474
38.31 823 35.62 753 32.90 683 30.18 613 27.46 543 24.70 473
38.27 822 35.57 752 32.87 682 30.15 612 27.41 542 24.66 472
38.24 821 35.54 751 32.83 681 30.11 611 27.37 541 24.62 471
38.19 820 35.50 750 32.79 680 30.07 610 27.34 540 24.58 470
38.16 819 35.46 749 32.75 679 30.03 609 27.29 539 24.54 469
38.12 818 35.42 748 32.72 678 29.99 608 27.26 538 24.51 468
38.08 817 35.38 747 32.68 677 29.95 607 27.22 537 24.46 467
38.04 816 35.34 746 32.63 676 29.91 606 27.17 536 24.42 466
38.01 815 35.30 745 32.60 675 29.88 605 27.14 535 24.39 465
37.96 814 35.27 744 32.56 674 29.84 604 27.10 534 24.34 464
37.93 813 35.23 743 32.52 673 29.79 603 27.06 533 24.30 463
37.89 812 35.19 742 32.48 672 29.76 602 27.02 532 24.27 462
37.84 811 35.15 741 32.45 671 29.72 601 26.98 531 24.23 461
24.19 460 21.41 390 18.61 320 15.78 250 12.92 180 9.99 110
24.15 459 21.37 389 18.57 319 15.74 249 12.88 179 9.95 109
24.11 458 21.33 388 18.53 318 15.70 248 12.83 178 9.91 108
24.07 457 21.29 387 18.50 317 15.66 247 12.79 177 9.87 107
24.03 456 21.25 386 18.45 316 15.62 246 12.75 176 9.82 106
23.99 455 21.22 385 18.41 315 15.58 245 12.71 175 9.78 105
23.95 454 21.17 384 18.37 314 15.54 244 12.67 174 9.74 104
23.91 453 21.13 383 18.33 313 15.50 243 12.63 173 9.70 103
23.87 452 21.10 382 18.29 312 15.46 242 12.59 172 9.65 102
23.83 451 21.05 381 18.25 311 15.42 241 12.54 171 9.61 101
23.79 450 21.01 380 18.21 310 15.38 240 12.50 170 9.57 100
23.75 449 20.98 379 18.17 309 15.33 239 12.46 169 9.53 99
23.71 448 20.94 378 18.13 308 15.30 238 12.42 168 9.48 98
23.67 447 20.89 377 18.09 307 15.26 237 12.37 167 9.44 97
23.63 446 20.85 376 18.05 306 15.21 236 12.34 166 9.40 96
23.60 445 20.82 375 18.01 305 15.17 235 12.30 165 9.36 95
23.55 444 20.77 374 17.97 304 15.13 234 12.26 164 9.31 94
23.51 443 20.73 373 17.93 303 15.09 233 12.21 163 9.27 93
23.48 442 20.70 372 17.89 302 15.05 232 12.17 162 9.23 92
23.43 441 20.65 371 17.85 301 15.01 231 12.13 161 9.19 91
23.40 440 20.61 370 17.81 300 14.97 230 12.09 160 9.14 90
23.36 439 20.58 369 17.76 299 14.92 229 12.04 159 9.10 89
23.32 438 20.54 368 17.73 298 14.89 228 12.01 158 9.06 88
23.28 437 20.49 367 17.69 297 14.85 227 11.97 157 9.02 87
23.24 436 20.46 366 17.65 296 14.81 226 11.92 156 8.97 86
23.20 435 20.42 365 17.60 295 14.76 225 11.88 155 8.93 85
23.16 434 20.37 364 17.57 294 14.72 224 11.84 154 8.89 84
23.12 433 20.33 363 17.53 293 14.69 223 11.80 153 8.85 83
23.08 432 20.30 362 17.48 292 14.64 222 11.75 152 8.80 82
23.04 431 20.25 361 17.44 291 14.60 221 11.71 151 8.76 81
23.00 430 20.21 360 17.41 290 14.56 220 11.67 150 8.72 80
22.96 429 20.18 359 17.36 289 14.52 219 11.63 149 8.68 79
22.92 428 20.14 358 17.32 288 14.47 218 11.59 148 8.63 78
22.88 427 20.09 357 17.28 287 14.44 217 11.55 147 8.59 77
22.84 426 20.06 356 17.25 286 14.40 216 11.51 146 8.54 76
22.81 425 20.02 355 17.20 285 14.36 215 11.46 145 8.50 75
22.76 424 19.97 354 17.16 284 14.31 214 11.42 144 8.46 74
22.72 423 19.93 353 17.12 283 14.27 213 11.38 143 8.41 73
22.69 422 19.90 352 17.08 282 14.24 212 11.34 142 8.37 72
22.64 421 19.86 351 17.04 281 14.19 211 11.29 141 8.33 71
22.60 420 19.81 350 17.00 280 14.15 210 11.25 140 8.29 70
22.57 419 19.78 349 16.96 279 14.11 209 11.21 139 8.24 69
22.52 418 19.74 348 16.92 278 14.07 208 11.17 138 8.20 68
22.48 417 19.69 347 16.88 277 14.02 207 11.13 137 8.16 67
22.45 416 19.65 346 16.84 276 13.99 206 11.09 136 8.12 66
22.41 415 19.62 345 16.79 275 13.95 205 11.05 135 8.07 65
22.36 414 19.57 344 16.76 274 13.90 204 11.01 134 8.02 64
22.33 413 19.53 343 16.72 273 13.86 203 10.96 133 7.98 63
22.29 412 19.50 342 16.68 272 13.82 202 10.92 132 7.94 62
22.24 411 19.46 341 16.63 271 13.78 201 10.88 131 7.89 61
22.21 410 19.41 340 16.60 270 13.74 200 10.84 130 7.85 60
22.17 409 19.37 339 16.56 269 13.70 199 10.79 129 7.81 59
22.13 408 19.34 338 16.51 268 13.66 198 10.75 128 7.77 58
22.09 407 19.29 337 16.47 267 13.62 197 10.71 127 7.72 57
22.05 406 19.25 336 16.43 266 13.57 196 10.67 126 7.68 56
22.01 405 19.22 335 16.40 265 13.53 195 10.62 125 7.63 55
21.97 404 19.18 334 16.35 264 13.50 194 10.58 124 7.59 54
21.93 403 19.13 333 16.31 263 13.45 193 10.54 123 7.55 53
21.89 402 19.09 332 16.27 262 13.41 192 10.50 122 7.50 52
21.85 401 19.06 331 16.23 261 13.37 191 10.46 121 7.46 51
21.81 400 19.01 330 16.19 260 13.33 190 10.42 120 7.42 50
21.77 399 18.97 329 16.15 259 13.28 189 10.38 119 7.37 49
21.73 398 18.94 328 16.11 258 13.25 188 10.33 118 7.32 48
21.69 397 18.89 327 16.06 257 13.21 187 10.29 117 7.28 47
21.65 396 18.85 326 16.03 256 13.16 186 10.25 116 7.24 46
21.61 395 18.81 325 15.99 255 13.12 185 10.21 115 7.20 45
21.57 394 18.78 324 15.94 254 13.08 184 10.16 114 7.15 44
21.53 393 18.73 323 15.90 253 13.04 183 10.12 113 7.10 43
21.49 392 18.69 322 15.87 252 12.99 182 10.08 112 7.06 42
21.45 391 18.66 321 15.83 251 12.96 181 10.04 111 7.02 41
6.98 40 6.66 33 6.35 26 6.02 19 5.70 12 5.37 5
6.93 39 6.62 32 6.30 25 5.98 18 5.66 11 5.32 4
6.88 38 6.57 31 6.25 24 5.94 17 5.61 10 5.27 3
6.84 37 6.53 30 6.21 23 5.89 16 5.56 9 5.22 2
6.80 36 6.48 29 6.17 22 5.85 15 5.51 8 5.17 1
6.75 35 6.44 28 6.12 21 5.79 14 5.46 7
6.70 34 6.39 27 6.07 20 5.75 13 5.41 6
