52.19 1300 49.75 1230 47.31 1160 44.86 1090 42.40 1020 39.94 950
52.16 1299 49.72 1229 47.27 1159 44.82 1089 42.37 1019 39.90 949
52.12 1298 49.68 1228 47.24 1158 44.79 1088 42.33 1018 39.87 948
52.08 1297 49.65 1227 47.20 1157 44.76 1087 42.29 1017 39.83 947
52.05 1296 49.62 1226 47.17 1156 44.72 1086 42.26 1016 39.79 946
52.01 1295 49.58 1225 47.13 1155 44.69 1085 42.22 1015 39.75 945
51.98 1294 49.54 1224 47.10 1154 44.65 1084 42.18 1014 39.72 944
51.94 1293 49.51 1223 47.06 1153 44.61 1083 42.15 1013 39.68 943
51.91 1292 49.47 1222 47.03 1152 44.58 1082 42.11 1012 39.65 942
51.87 1291 49.43 1221 47.00 1151 44.54 1081 42.08 1011 39.61 941
51.84 1290 49.40 1220 46.96 1150 44.50 1080 42.05 1010 39.58 940
51.81 1289 49.37 1219 46.93 1149 44.47 1079 42.01 1009 39.54 939
51.77 1288 49.33 1218 46.89 1148 44.43 1078 41.98 1008 39.51 938
51.74 1287 49.30 1217 46.86 1147 44.40 1077 41.94 1007 39.47 937
51.70 1286 49.26 1216 46.82 1146 44.36 1076 41.91 1006 39.44 936
51.67 1285 49.23 1215 46.78 1145 44.33 1075 41.87 1005 39.40 935
51.64 1284 49.19 1214 46.75 1144 44.30 1074 41.84 1004 39.37 934
51.60 1283 49.16 1213 46.71 1143 44.26 1073 41.80 1003 39.33 933
51.57 1282 49.13 1212 46.68 1142 44.23 1072 41.77 1002 39.30 932
51.53 1281 49.09 1211 46.64 1141 44.19 1071 41.73 1001 39.26 931
51.50 1280 49.06 1210 46.61 1140 44.16 1070 41.70 1000 39.23 930
51.46 1279 49.02 1209 46.57 1139 44.12 1069 41.66 999 39.19 929
51.42 1278 48.99 1208 46.54 1138 44.09 1068 41.63 998 39.16 928
51.39 1277 48.95 1207 46.50 1137 44.05 1067 41.59 997 39.12 927
51.35 1276 48.92 1206 46.47 1136 44.02 1066 41.56 996 39.09 926
51.32 1275 48.88 1205 46.43 1135 43.98 1065 41.52 995 39.05 925
51.28 1274 48.85 1204 46.40 1134 43.95 1064 41.48 994 39.02 924
51.25 1273 48.81 1203 46.36 1133 43.91 1063 41.45 993 38.98 923
51.21 1272 48.77 1202 46.33 1132 43.88 1062 41.41 992 38.95 922
51.18 1271 48.74 1201 46.30 1131 43.84 1061 41.37 991 38.91 921
51.15 1270 48.70 1200 46.26 1130 43.80 1060 41.34 990 38.87 920
51.11 1269 48.67 1199 46.23 1129 43.77 1059 41.31 989 38.83 919
51.08 1268 48.63 1198 46.19 1128 43.73 1058 41.27 988 38.80 918
51.04 1267 48.60 1197 46.16 1127 43.70 1057 41.24 987 38.76 917
51.01 1266 48.57 1196 46.12 1126 43.66 1056 41.20 986 38.73 916
50.97 1265 48.53 1195 46.09 1125 43.63 1055 41.17 985 38.69 915
50.94 1264 48.50 1194 46.05 1124 43.59 1054 41.13 984 38.66 914
50.91 1263 48.46 1193 46.01 1123 43.56 1053 41.10 983 38.62 913
50.87 1262 48.43 1192 45.97 1122 43.52 1052 41.06 982 38.59 912
50.83 1261 48.39 1191 45.94 1121 43.49 1051 41.03 981 38.55 911
50.80 1260 48.36 1190 45.91 1120 43.45 1050 40.99 980 38.52 910
50.76 1259 48.32 1189 45.87 1119 43.42 1049 40.96 979 38.48 909
50.72 1258 48.29 1188 45.84 1118 43.38 1048 40.92 978 38.45 908
50.69 1257 48.26 1187 45.80 1117 43.35 1047 40.89 977 38.41 907
50.66 1256 48.22 1186 45.77 1116 43.32 1046 40.85 976 38.38 906
50.62 1255 48.18 1185 45.73 1115 43.28 1045 40.82 975 38.34 905
50.59 1254 48.15 1184 45.70 1114 43.25 1044 40.78 974 38.31 904
50.55 1253 48.11 1183 45.66 1113 43.21 1043 40.75 973 38.27 903
50.52 1252 48.07 1182 45.63 1112 43.18 1042 40.71 972 38.24 902
50.48 1251 48.04 1181 45.60 1111 43.14 1041 40.67 971 38.20 901
50.45 1250 48.00 1180 45.56 1110 43.10 1040 40.64 970 38.17 900
50.42 1249 47.97 1179 45.53 1109 43.07 1039 40.60 969 38.13 899
50.38 1248 47.94 1178 45.49 1108 43.03 1038 40.56 968 38.10 898
50.35 1247 47.90 1177 45.46 1107 42.99 1037 40.53 967 38.06 897
50.31 1246 47.87 1176 45.42 1106 42.96 1036 40.49 966 38.02 896
50.28 1245 47.83 1175 45.39 1105 42.92 1035 40.46 965 37.99 895
50.24 1244 47.80 1174 45.35 1104 42.89 1034 40.42 964 37.95 894
50.21 1243 47.76 1173 45.31 1103 42.85 1033 40.39 963 37.91 893
50.17 1242 47.73 1172 45.28 1102 42.82 1032 40.35 962 37.88 892
50.13 1241 47.69 1171 45.24 1101 42.78 1031 40.32 961 37.84 891
50.10 1240 47.66 1170 45.20 1100 42.75 1030 40.29 960 37.81 890
50.06 1239 47.63 1169 45.17 1099 42.72 1029 40.25 959 37.77 889
50.03 1238 47.59 1168 45.14 1098 42.68 1028 40.22 958 37.74 888
49.99 1237 47.56 1167 45.10 1097 42.65 1027 40.18 957 37.70 887
49.96 1236 47.52 1166 45.07 1096 42.61 1026 40.15 956 37.67 886
49.93 1235 47.48 1165 45.03 1095 42.58 1025 40.11 955 37.63 885
49.89 1234 47.45 1164 45.00 1094 42.54 1024 40.08 954 37.60 884
49.86 1233 47.41 1163 44.96 1093 42.51 1023 40.04 953 37.56 883
49.82 1232 47.37 1162 44.93 1092 42.47 1022 40.01 952 37.53 882
49.79 1231 47.34 1161 44.89 1091 42.44 1021 39.97 951 37.49 881
37.46 880 34.97 810 32.48 740 29.97 670 27.46 600 24.92 530
37.42 879 34.93 809 32.44 739 29.93 669 27.42 599 24.89 529
37.39 878 34.90 808 32.41 738 29.90 668 27.39 598 24.85 528
37.35 877 34.86 807 32.37 737 29.86 667 27.35 597 24.81 527
37.32 876 34.83 806 32.34 736 29.83 666 27.31 596 24.77 526
37.28 875 34.79 805 32.30 735 29.79 665 27.28 595 24.74 525
37.25 874 34.76 804 32.26 734 29.76 664 27.24 594 24.70 524
37.21 873 34.72 803 32.23 733 29.72 663 27.20 593 24.66 523
37.18 872 34.69 802 32.19 732 29.68 662 27.17 592 24.63 522
37.14 871 34.65 801 32.16 731 29.65 661 27.13 591 24.59 521
37.10 870 34.62 800 32.12 730 29.61 660 27.09 590 24.55 520
37.07 869 34.58 799 32.09 729 29.58 659 27.06 589 24.52 519
37.03 868 34.55 798 32.05 728 29.54 658 27.02 588 24.48 518
36.99 867 34.51 797 32.02 727 29.51 657 26.98 587 24.45 517
36.96 866 34.48 796 31.98 726 29.47 656 26.95 586 24.41 516
36.92 865 34.44 795 31.95 725 29.44 655 26.91 585 24.37 515
36.89 864 34.41 794 31.91 724 29.40 654 26.87 584 24.34 514
36.85 863 34.37 793 31.87 723 29.36 653 26.84 583 24.30 513
36.82 862 34.33 792 31.84 722 29.33 652 26.80 582 24.27 512
36.78 861 34.30 791 31.80 721 29.29 651 26.76 581 24.23 511
36.75 860 34.26 790 31.77 720 29.26 650 26.73 580 24.19 510
36.71 859 34.23 789 31.73 719 29.22 649 26.69 579 24.16 509
36.68 858 34.19 788 31.69 718 29.19 648 26.66 578 24.12 508
36.64 857 34.16 787 31.66 717 29.15 647 26.62 577 24.08 507
36.61 856 34.12 786 31.62 716 29.11 646 26.59 576 24.05 506
36.57 855 34.09 785 31.58 715 29.08 645 26.55 575 24.01 505
36.54 854 34.05 784 31.55 714 29.04 644 26.51 574 23.98 504
36.50 853 34.01 783 31.51 713 29.01 643 26.48 573 23.94 503
36.47 852 33.98 782 31.47 712 28.97 642 26.44 572 23.90 502
36.43 851 33.94 781 31.44 711 28.93 641 26.41 571 23.87 501
36.40 850 33.90 780 31.40 710 28.90 640 26.37 570 23.83 500
36.36 849 33.87 779 31.37 709 28.86 639 26.33 569 23.79 499
36.33 848 33.83 778 31.33 708 28.82 638 26.30 568 23.76 498
36.29 847 33.80 777 31.30 707 28.79 637 26.26 567 23.72 497
36.26 846 33.76 776 31.26 706 28.75 636 26.23 566 23.69 496
36.22 845 33.72 775 31.23 705 28.71 635 26.19 565 23.65 495
36.18 844 33.69 774 31.19 704 28.68 634 26.15 564 23.61 494
36.15 843 33.65 773 31.15 703 28.64 633 26.12 563 23.58 493
36.11 842 33.62 772 31.12 702 28.60 632 26.08 562 23.54 492
36.07 841 33.58 771 31.08 701 28.57 631 26.05 561 23.50 491
36.04 840 33.55 770 31.05 700 28.53 630 26.01 560 23.47 490
36.00 839 33.51 769 31.01 699 28.50 629 25.97 559 23.43 489
35.96 838 33.48 768 30.98 698 28.46 628 25.94 558 23.39 488
35.93 837 33.44 767 30.94 697 28.42 627 25.90 557 23.36 487
35.89 836 33.41 766 30.91 696 28.39 626 25.87 556 23.32 486
35.86 835 33.37 765 30.87 695 28.35 625 25.83 555 23.29 485
35.82 834 33.34 764 30.83 694 28.32 624 25.79 554 23.25 484
35.79 833 33.30 763 30.80 693 28.28 623 25.76 553 23.21 483
35.75 832 33.27 762 30.76 692 28.25 622 25.72 552 23.18 482
35.72 831 33.23 761 30.73 691 28.21 621 25.68 551 23.14 481
35.68 830 33.19 760 30.69 690 28.17 620 25.65 550 23.10 480
35.65 829 33.16 759 30.66 689 28.14 619 25.61 549 23.07 479
35.61 828 33.12 758 30.62 688 28.10 618 25.58 548 23.03 478
35.58 827 33.09 757 30.59 687 28.07 617 25.54 547 22.99 477
35.54 826 33.05 756 30.55 686 28.03 616 25.50 546 22.96 476
35.51 825 33.02 755 30.51 685 27.99 615 25.47 545 22.92 475
35.47 824 32.98 754 30.48 684 27.96 614 25.43 544 22.89 474
35.44 823 32.95 753 30.44 683 27.92 613 25.40 543 22.85 473
35.40 822 32.91 752 30.41 682 27.89 612 25.36 542 22.81 472
35.37 821 32.87 751 30.37 681 27.85 611 25.32 541 22.78 471
35.33 820 32.84 750 30.33 680 27.82 610 25.29 540 22.74 470
35.30 819 32.80 749 30.30 679 27.78 609 25.25 539 22.70 469
35.26 818 32.76 748 30.26 678 27.74 608 25.22 538 22.67 468
35.23 817 32.72 747 30.22 677 27.71 607 25.18 537 22.63 467
35.19 816 32.69 746 30.19 676 27.67 606 25.14 536 22.59 466
35.15 815 32.65 745 30.15 675 27.64 605 25.11 535 22.56 465
35.12 814 32.62 744 30.11 674 27.60 604 25.07 534 22.52 464
35.08 813 32.58 743 30.08 673 27.56 603 25.03 533 22.48 463
35.04 812 32.55 742 30.04 672 27.53 602 25.00 532 22.45 462
35.01 811 32.51 741 30.01 671 27.49 601 24.96 531 22.41 461
22.38 460 19.81 390 17.22 320 14.60 250 11.95 180 9.24 110
22.34 459 19.77 389 17.18 319 14.56 249 11.91 179 9.21 109
22.30 458 19.73 388 17.14 318 14.52 248 11.87 178 9.17 108
22.27 457 19.70 387 17.11 317 14.49 247 11.83 177 9.13 107
22.23 456 19.66 386 17.07 316 14.45 246 11.79 176 9.09 106
22.19 455 19.62 385 17.03 315 14.41 245 11.75 175 9.05 105
22.16 454 19.59 384 16.99 314 14.37 244 11.72 174 9.01 104
22.12 453 19.55 383 16.96 313 14.34 243 11.68 173 8.97 103
22.08 452 19.51 382 16.92 312 14.30 242 11.64 172 8.93 102
22.05 451 19.48 381 16.88 311 14.26 241 11.60 171 8.89 101
22.01 450 19.44 380 16.84 310 14.22 240 11.56 170 8.85 100
21.97 449 19.40 379 16.81 309 14.18 239 11.53 169 8.81 99
21.94 448 19.36 378 16.77 308 14.15 238 11.49 168 8.77 98
21.90 447 19.33 377 16.73 307 14.11 237 11.45 167 8.73 97
21.86 446 19.29 376 16.70 306 14.07 236 11.41 166 8.69 96
21.83 445 19.25 375 16.66 305 14.03 235 11.38 165 8.65 95
21.79 444 19.22 374 16.62 304 13.99 234 11.34 164 8.62 94
21.75 443 19.18 373 16.58 303 13.96 233 11.30 163 8.58 93
21.72 442 19.14 372 16.55 302 13.92 232 11.26 162 8.54 92
21.68 441 19.11 371 16.51 301 13.88 231 11.22 161 8.50 91
21.65 440 19.07 370 16.47 300 13.84 230 11.18 160 8.46 90
21.61 439 19.03 369 16.43 299 13.81 229 11.14 159 8.42 89
21.57 438 19.00 368 16.40 298 13.77 228 11.11 158 8.38 88
21.54 437 18.96 367 16.36 297 13.73 227 11.07 157 8.34 87
21.50 436 18.92 366 16.32 296 13.70 226 11.03 156 8.30 86
21.46 435 18.89 365 16.28 295 13.66 225 10.99 155 8.26 85
21.43 434 18.85 364 16.25 294 13.62 224 10.95 154 8.22 84
21.39 433 18.81 363 16.21 293 13.59 223 10.91 153 8.18 83
21.35 432 18.78 362 16.17 292 13.55 222 10.87 152 8.14 82
21.32 431 18.74 361 16.13 291 13.51 221 10.83 151 8.10 81
21.28 430 18.70 360 16.10 290 13.47 220 10.79 150 8.07 80
21.24 429 18.67 359 16.06 289 13.43 219 10.75 149 8.03 79
21.20 428 18.63 358 16.02 288 13.39 218 10.72 148 7.99 78
21.17 427 18.59 357 15.98 287 13.36 217 10.68 147 7.95 77
21.13 426 18.55 356 15.95 286 13.32 216 10.64 146 7.90 76
21.09 425 18.52 355 15.91 285 13.28 215 10.60 145 7.86 75
21.06 424 18.48 354 15.87 284 13.24 214 10.57 144 7.82 74
21.02 423 18.44 353 15.83 283 13.20 213 10.53 143 7.78 73
20.98 422 18.41 352 15.80 282 13.17 212 10.49 142 7.74 72
20.95 421 18.37 351 15.76 281 13.13 211 10.45 141 7.70 71
20.91 420 18.33 350 15.72 280 13.09 210 10.41 140 7.66 70
20.87 419 18.30 349 15.68 279 13.05 209 10.37 139 7.62 69
20.84 418 18.26 348 15.65 278 13.01 208 10.33 138 7.59 68
20.80 417 18.22 347 15.61 277 12.97 207 10.30 137 7.55 67
20.76 416 18.18 346 15.57 276 12.94 206 10.26 136 7.51 66
20.73 415 18.15 345 15.54 275 12.90 205 10.22 135 7.47 65
20.69 414 18.11 344 15.50 274 12.86 204 10.18 134 7.42 64
20.65 413 18.07 343 15.46 273 12.82 203 10.14 133 7.38 63
20.62 412 18.04 342 15.43 272 12.78 202 10.10 132 7.34 62
20.58 411 18.00 341 15.39 271 12.74 201 10.06 131 7.30 61
20.54 410 17.96 340 15.35 270 12.71 200 10.02 130 7.26 60
20.51 409 17.92 339 15.32 269 12.67 199 9.98 129 7.22 59
20.47 408 17.89 338 15.28 268 12.63 198 9.94 128 7.18 58
20.43 407 17.85 337 15.24 267 12.59 197 9.91 127 7.15 57
20.40 406 17.81 336 15.20 266 12.56 196 9.87 126 7.11 56
20.36 405 17.78 335 15.17 265 12.52 195 9.83 125 7.06 55
20.32 404 17.74 334 15.13 264 12.48 194 9.79 124 7.02 54
20.28 403 17.70 333 15.09 263 12.45 193 9.75 123 6.98 53
20.25 402 17.66 332 15.05 262 12.41 192 9.71 122 6.94 52
20.21 401 17.63 331 15.02 261 12.37 191 9.68 121 6.90 51
20.17 400 17.59 330 14.98 260 12.33 190 9.64 120 6.86 50
20.14 399 17.55 329 14.94 259 12.29 189 9.60 119 6.81 49
20.10 398 17.52 328 14.90 258 12.26 188 9.56 118 6.78 48
20.06 397 17.48 327 14.86 257 12.22 187 9.52 117 6.74 47
20.03 396 17.44 326 14.83 256 12.18 186 9.48 116 6.70 46
19.99 395 17.40 325 14.79 255 12.14 185 9.44 115 6.66 45
19.95 394 17.37 324 14.75 254 12.10 184 9.40 114 6.62 44
19.92 393 17.33 323 14.71 253 12.06 183 9.36 113 6.57 43
19.88 392 17.29 322 14.68 252 12.02 182 9.32 112 6.53 42
19.84 391 17.26 321 14.64 251 11.99 181 9.28 111 6.49 41
6.45 40 6.16 33 5.87 26 5.57 19 5.27 12 4.97 5
6.41 39 6.12 32 5.83 25 5.53 18 5.23 11 4.92 4
6.37 38 6.08 31 5.78 24 5.49 17 5.19 10 4.87 3
6.33 37 6.04 30 5.75 23 5.45 16 5.14 9 4.83 2
6.29 36 6.00 29 5.71 22 5.41 15 5.10 8 4.78 1
6.25 35 5.96 28 5.66 21 5.36 14 5.05 7
6.20 34 5.91 27 5.62 20 5.32 13 5.01 6
