53.42 1350 51.01 1280 48.60 1210 46.17 1140 43.74 1070 41.30 1000
53.39 1349 50.97 1279 48.56 1209 46.13 1139 43.70 1069 41.27 999
53.35 1348 50.94 1278 48.53 1208 46.10 1138 43.67 1068 41.23 998
53.32 1347 50.91 1277 48.49 1207 46.06 1137 43.63 1067 41.20 997
53.28 1346 50.87 1276 48.45 1206 46.03 1136 43.60 1066 41.16 996
53.25 1345 50.84 1275 48.42 1205 45.99 1135 43.56 1065 41.13 995
53.21 1344 50.80 1274 48.38 1204 45.96 1134 43.53 1064 41.09 994
53.18 1343 50.77 1273 48.35 1203 45.92 1133 43.49 1063 41.06 993
53.14 1342 50.73 1272 48.31 1202 45.89 1132 43.46 1062 41.02 992
53.11 1341 50.70 1271 48.28 1201 45.86 1131 43.43 1061 40.98 991
53.07 1340 50.67 1270 48.24 1200 45.82 1130 43.39 1060 40.95 990
53.04 1339 50.63 1269 48.21 1199 45.79 1129 43.36 1059 40.92 989
53.00 1338 50.60 1268 48.17 1198 45.75 1128 43.32 1058 40.88 988
52.97 1337 50.56 1267 48.14 1197 45.72 1127 43.29 1057 40.85 987
52.93 1336 50.53 1266 48.11 1196 45.68 1126 43.25 1056 40.81 986
52.90 1335 50.49 1265 48.07 1195 45.65 1125 43.22 1055 40.78 985
52.87 1334 50.46 1264 48.04 1194 45.61 1124 43.18 1054 40.74 984
52.83 1333 50.43 1263 48.00 1193 45.58 1123 43.15 1053 40.71 983
52.80 1332 50.39 1262 47.97 1192 45.54 1122 43.11 1052 40.67 982
52.76 1331 50.36 1261 47.93 1191 45.51 1121 43.08 1051 40.64 981
52.73 1330 50.32 1260 47.90 1190 45.48 1120 43.04 1050 40.60 980
52.69 1329 50.29 1259 47.86 1189 45.44 1119 43.01 1049 40.57 979
52.66 1328 50.25 1258 47.83 1188 45.41 1118 42.97 1048 40.53 978
52.63 1327 50.22 1257 47.80 1187 45.37 1117 42.94 1047 40.50 977
52.59 1326 50.18 1256 47.76 1186 45.34 1116 42.91 1046 40.46 976
52.56 1325 50.15 1255 47.73 1185 45.30 1115 42.87 1045 40.43 975
52.52 1324 50.11 1254 47.69 1184 45.27 1114 42.84 1044 40.39 974
52.49 1323 50.08 1253 47.66 1183 45.23 1113 42.80 1043 40.36 973
52.46 1322 50.04 1252 47.62 1182 45.20 1112 42.77 1042 40.32 972
52.42 1321 50.00 1251 47.59 1181 45.17 1111 42.73 1041 40.29 971
52.39 1320 49.97 1250 47.55 1180 45.13 1110 42.70 1040 40.25 970
52.35 1319 49.94 1249 47.52 1179 45.10 1109 42.66 1039 40.22 969
52.32 1318 49.90 1248 47.49 1178 45.06 1108 42.63 1038 40.18 968
52.28 1317 49.87 1247 47.45 1177 45.03 1107 42.59 1037 40.15 967
52.25 1316 49.83 1246 47.42 1176 44.99 1106 42.56 1036 40.11 966
52.22 1315 49.80 1245 47.38 1175 44.96 1105 42.52 1035 40.08 965
52.18 1314 49.76 1244 47.35 1174 44.92 1104 42.49 1034 40.04 964
52.15 1313 49.73 1243 47.31 1173 44.89 1103 42.45 1033 40.01 963
52.11 1312 49.70 1242 47.28 1172 44.85 1102 42.42 1032 39.97 962
52.08 1311 49.66 1241 47.24 1171 44.82 1101 42.38 1031 39.94 961
52.04 1310 49.63 1240 47.21 1170 44.78 1100 42.35 1030 39.91 960
52.01 1309 49.59 1239 47.18 1169 44.75 1099 42.32 1029 39.87 959
51.98 1308 49.56 1238 47.14 1168 44.72 1098 42.28 1028 39.84 958
51.94 1307 49.52 1237 47.11 1167 44.68 1097 42.25 1027 39.80 957
51.91 1306 49.49 1236 47.07 1166 44.65 1096 42.21 1026 39.77 956
51.87 1305 49.46 1235 47.04 1165 44.61 1095 42.18 1025 39.73 955
51.84 1304 49.42 1234 47.00 1164 44.58 1094 42.14 1024 39.70 954
51.80 1303 49.39 1233 46.97 1163 44.54 1093 42.11 1023 39.66 953
51.77 1302 49.35 1232 46.93 1162 44.51 1092 42.07 1022 39.63 952
51.73 1301 49.32 1231 46.90 1161 44.47 1091 42.04 1021 39.59 951
51.70 1300 49.28 1230 46.87 1160 44.44 1090 42.00 1020 39.56 950
51.66 1299 49.25 1229 46.83 1159 44.40 1089 41.97 1019 39.52 949
51.63 1298 49.21 1228 46.80 1158 44.37 1088 41.93 1018 39.49 948
51.59 1297 49.18 1227 46.76 1157 44.33 1087 41.90 1017 39.45 947
51.56 1296 49.15 1226 46.73 1156 44.30 1086 41.86 1016 39.42 946
51.52 1295 49.11 1225 46.69 1155 44.26 1085 41.83 1015 39.38 945
51.49 1294 49.08 1224 46.66 1154 44.23 1084 41.79 1014 39.35 944
51.45 1293 49.04 1223 46.62 1153 44.19 1083 41.76 1013 39.31 943
51.42 1292 49.01 1222 46.59 1152 44.16 1082 41.72 1012 39.28 942
51.38 1291 48.97 1221 46.55 1151 44.12 1081 41.69 1011 39.24 941
51.35 1290 48.94 1220 46.52 1150 44.09 1080 41.65 1010 39.21 940
51.32 1289 48.91 1219 46.48 1149 44.05 1079 41.62 1009 39.17 939
51.28 1288 48.87 1218 46.45 1148 44.01 1078 41.58 1008 39.14 938
51.25 1287 48.84 1217 46.41 1147 43.98 1077 41.55 1007 39.10 937
51.21 1286 48.80 1216 46.38 1146 43.94 1076 41.51 1006 39.07 936
51.18 1285 48.77 1215 46.34 1145 43.91 1075 41.48 1005 39.03 935
51.15 1284 48.73 1214 46.31 1144 43.88 1074 41.44 1004 39.00 934
51.11 1283 48.70 1213 46.27 1143 43.84 1073 41.41 1003 38.96 933
51.08 1282 48.67 1212 46.24 1142 43.81 1072 41.37 1002 38.93 932
51.04 1281 48.63 1211 46.20 1141 43.77 1071 41.34 1001 38.89 931
38.86 930 36.40 860 33.94 790 31.47 720 28.98 650 26.48 580
38.82 929 36.37 859 33.90 789 31.43 719 28.94 649 26.44 579
38.79 928 36.33 858 33.87 788 31.40 718 28.91 648 26.41 578
38.75 927 36.30 857 33.83 787 31.36 717 28.87 647 26.37 577
38.72 926 36.26 856 33.80 786 31.33 716 28.83 646 26.34 576
38.68 925 36.23 855 33.76 785 31.29 715 28.80 645 26.30 575
38.65 924 36.19 854 33.73 784 31.25 714 28.76 644 26.26 574
38.61 923 36.16 853 33.69 783 31.22 713 28.73 643 26.23 573
38.58 922 36.12 852 33.66 782 31.18 712 28.69 642 26.19 572
38.54 921 36.09 851 33.62 781 31.15 711 28.66 641 26.16 571
38.51 920 36.05 850 33.58 780 31.11 710 28.62 640 26.12 570
38.47 919 36.02 849 33.55 779 31.08 709 28.58 639 26.08 569
38.44 918 35.98 848 33.51 778 31.04 708 28.55 638 26.05 568
38.40 917 35.95 847 33.48 777 31.01 707 28.51 637 26.01 567
38.37 916 35.91 846 33.44 776 30.97 706 28.48 636 25.98 566
38.33 915 35.88 845 33.41 775 30.94 705 28.44 635 25.94 565
38.30 914 35.84 844 33.37 774 30.90 704 28.41 634 25.90 564
38.26 913 35.80 843 33.34 773 30.86 703 28.37 633 25.87 563
38.23 912 35.77 842 33.30 772 30.83 702 28.33 632 25.83 562
38.19 911 35.73 841 33.27 771 30.79 701 28.30 631 25.80 561
38.16 910 35.70 840 33.23 770 30.76 700 28.26 630 25.76 560
38.12 909 35.66 839 33.20 769 30.72 699 28.23 629 25.73 559
38.09 908 35.63 838 33.16 768 30.69 698 28.19 628 25.69 558
38.05 907 35.59 837 33.13 767 30.65 697 28.16 627 25.66 557
38.02 906 35.56 836 33.09 766 30.62 696 28.12 626 25.62 556
37.98 905 35.52 835 33.06 765 30.58 695 28.09 625 25.59 555
37.95 904 35.49 834 33.02 764 30.54 694 28.05 624 25.55 554
37.91 903 35.45 833 32.99 763 30.51 693 28.02 623 25.52 553
37.88 902 35.42 832 32.95 762 30.47 692 27.98 622 25.48 552
37.84 901 35.38 831 32.92 761 30.44 691 27.95 621 25.44 551
37.81 900 35.35 830 32.88 760 30.40 690 27.91 620 25.41 550
37.77 899 35.31 829 32.85 759 30.37 689 27.88 619 25.37 549
37.74 898 35.28 828 32.81 758 30.33 688 27.84 618 25.34 548
37.70 897 35.24 827 32.77 757 30.30 687 27.81 617 25.30 547
37.67 896 35.21 826 32.74 756 30.26 686 27.77 616 25.26 546
37.63 895 35.17 825 32.70 755 30.22 685 27.73 615 25.23 545
37.60 894 35.14 824 32.67 754 30.19 684 27.70 614 25.19 544
37.56 893 35.10 823 32.63 753 30.15 683 27.66 613 25.16 543
37.53 892 35.06 822 32.60 752 30.12 682 27.63 612 25.12 542
37.49 891 35.03 821 32.56 751 30.08 681 27.59 611 25.08 541
37.46 890 34.99 820 32.53 750 30.05 680 27.56 610 25.05 540
37.42 889 34.96 819 32.49 749 30.01 679 27.52 609 25.01 539
37.39 888 34.92 818 32.46 748 29.98 678 27.48 608 24.98 538
37.35 887 34.89 817 32.42 747 29.94 677 27.45 607 24.94 537
37.32 886 34.85 816 32.39 746 29.90 676 27.41 606 24.90 536
37.28 885 34.82 815 32.35 745 29.87 675 27.38 605 24.87 535
37.25 884 34.78 814 32.32 744 29.83 674 27.34 604 24.83 534
37.21 883 34.75 813 32.28 743 29.80 673 27.30 603 24.79 533
37.18 882 34.71 812 32.25 742 29.76 672 27.27 602 24.76 532
37.14 881 34.68 811 32.21 741 29.73 671 27.23 601 24.72 531
37.11 880 34.64 810 32.18 740 29.69 670 27.20 600 24.69 530
37.07 879 34.61 809 32.14 739 29.65 669 27.16 599 24.65 529
37.04 878 34.57 808 32.11 738 29.62 668 27.13 598 24.61 528
37.00 877 34.54 807 32.07 737 29.58 667 27.09 597 24.58 527
36.97 876 34.50 806 32.03 736 29.55 666 27.05 596 24.54 526
36.93 875 34.47 805 32.00 735 29.51 665 27.02 595 24.51 525
36.90 874 34.43 804 31.96 734 29.48 664 26.98 594 24.47 524
36.86 873 34.40 803 31.93 733 29.44 663 26.95 593 24.43 523
36.83 872 34.36 802 31.89 732 29.40 662 26.91 592 24.40 522
36.79 871 34.32 801 31.86 731 29.37 661 26.87 591 24.36 521
36.76 870 34.29 800 31.82 730 29.33 660 26.84 590 24.32 520
36.72 869 34.25 799 31.79 729 29.30 659 26.80 589 24.29 519
36.69 868 34.22 798 31.75 728 29.26 658 26.77 588 24.25 518
36.65 867 34.18 797 31.72 727 29.23 657 26.73 587 24.22 517
36.62 866 34.15 796 31.68 726 29.19 656 26.69 586 24.18 516
36.58 865 34.11 795 31.65 725 29.16 655 26.66 585 24.14 515
36.54 864 34.08 794 31.61 724 29.12 654 26.62 584 24.11 514
36.51 863 34.04 793 31.57 723 29.08 653 26.59 583 24.07 513
36.47 862 34.01 792 31.54 722 29.05 652 26.55 582 24.04 512
36.44 861 33.97 791 31.50 721 29.01 651 26.51 581 24.00 511
23.97 510 21.44 440 18.89 370 16.32 300 13.71 230 11.07 160
23.93 509 21.40 439 18.86 369 16.28 299 13.68 229 11.03 159
23.90 508 21.36 438 18.82 368 16.25 298 13.64 228 11.00 158
23.86 507 21.33 437 18.78 367 16.21 297 13.61 227 10.96 157
23.82 506 21.29 436 18.75 366 16.17 296 13.57 226 10.93 156
23.79 505 21.25 435 18.71 365 16.13 295 13.53 225 10.89 155
23.75 504 21.22 434 18.67 364 16.10 294 13.49 224 10.85 154
23.72 503 21.18 433 18.63 363 16.06 293 13.46 223 10.81 153
23.68 502 21.15 432 18.60 362 16.02 292 13.42 222 10.77 152
23.65 501 21.11 431 18.56 361 15.98 291 13.38 221 10.73 151
23.61 500 21.08 430 18.52 360 15.95 290 13.34 220 10.69 150
23.57 499 21.04 429 18.49 359 15.91 289 13.30 219 10.65 149
23.54 498 21.01 428 18.45 358 15.87 288 13.26 218 10.62 148
23.50 497 20.97 427 18.41 357 15.83 287 13.23 217 10.58 147
23.47 496 20.93 426 18.38 356 15.80 286 13.19 216 10.54 146
23.43 495 20.90 425 18.34 355 15.76 285 13.15 215 10.51 145
23.39 494 20.86 424 18.30 354 15.72 284 13.11 214 10.47 144
23.36 493 20.82 423 18.26 353 15.69 283 13.08 213 10.43 143
23.32 492 20.79 422 18.23 352 15.65 282 13.04 212 10.39 142
23.28 491 20.75 421 18.19 351 15.61 281 13.01 211 10.35 141
23.25 490 20.71 420 18.15 350 15.58 280 12.97 210 10.31 140
23.21 489 20.68 419 18.12 349 15.54 279 12.93 209 10.27 139
23.17 488 20.64 418 18.08 348 15.51 278 12.89 208 10.23 138
23.14 487 20.60 417 18.05 347 15.47 277 12.85 207 10.20 137
23.10 486 20.57 416 18.01 346 15.43 276 12.82 206 10.16 136
23.07 485 20.53 415 17.98 345 15.39 275 12.78 205 10.12 135
23.03 484 20.49 414 17.94 344 15.36 274 12.74 204 10.08 134
22.99 483 20.46 413 17.90 343 15.32 273 12.70 203 10.05 133
22.96 482 20.42 412 17.87 342 15.28 272 12.66 202 10.01 132
22.92 481 20.38 411 17.83 341 15.24 271 12.62 201 9.97 131
22.88 480 20.35 410 17.79 340 15.21 270 12.59 200 9.93 130
22.85 479 20.31 409 17.75 339 15.17 269 12.55 199 9.89 129
22.81 478 20.27 408 17.72 338 15.13 268 12.51 198 9.85 128
22.77 477 20.24 407 17.68 337 15.09 267 12.48 197 9.81 127
22.74 476 20.20 406 17.64 336 15.05 266 12.44 196 9.77 126
22.70 475 20.16 405 17.61 335 15.02 265 12.40 195 9.73 125
22.67 474 20.13 404 17.57 334 14.98 264 12.37 194 9.69 124
22.63 473 20.09 403 17.53 333 14.95 263 12.33 193 9.66 123
22.59 472 20.05 402 17.49 332 14.91 262 12.29 192 9.62 122
22.56 471 20.02 401 17.46 331 14.87 261 12.25 191 9.59 121
22.52 470 19.98 400 17.42 330 14.84 260 12.21 190 9.55 120
22.49 469 19.95 399 17.38 329 14.80 259 12.17 189 9.51 119
22.45 468 19.91 398 17.35 328 14.76 258 12.14 188 9.47 118
22.42 467 19.88 397 17.31 327 14.72 257 12.10 187 9.43 117
22.38 466 19.84 396 17.27 326 14.69 256 12.06 186 9.39 116
22.34 465 19.80 395 17.24 325 14.65 255 12.02 185 9.35 115
22.31 464 19.77 394 17.20 324 14.61 254 11.99 184 9.31 114
22.27 463 19.73 393 17.16 323 14.57 253 11.95 183 9.27 113
22.24 462 19.69 392 17.13 322 14.54 252 11.91 182 9.24 112
22.20 461 19.66 391 17.09 321 14.50 251 11.88 181 9.20 111
22.17 460 19.62 390 17.06 320 14.46 250 11.84 180 9.16 110
22.13 459 19.58 389 17.02 319 14.42 249 11.80 179 9.12 109
22.09 458 19.55 388 16.98 318 14.38 248 11.76 178 9.08 108
22.06 457 19.51 387 16.95 317 14.35 247 11.72 177 9.04 107
22.02 456 19.47 386 16.91 316 14.31 246 11.68 176 9.00 106
21.98 455 19.44 385 16.87 315 14.28 245 11.64 175 8.96 105
21.95 454 19.40 384 16.83 314 14.24 244 11.61 174 8.92 104
21.91 453 19.36 383 16.80 313 14.21 243 11.57 173 8.88 103
21.87 452 19.33 382 16.76 312 14.17 242 11.53 172 8.85 102
21.84 451 19.29 381 16.72 311 14.13 241 11.49 171 8.81 101
21.80 450 19.25 380 16.68 310 14.09 240 11.46 170 8.77 100
21.76 449 19.22 379 16.65 309 14.05 239 11.42 169 8.73 99
21.73 448 19.18 378 16.61 308 14.02 238 11.38 168 8.69 98
21.69 447 19.14 377 16.57 307 13.98 237 11.34 167 8.65 97
21.65 446 19.10 376 16.54 306 13.94 236 11.31 166 8.61 96
21.62 445 19.07 375 16.50 305 13.90 235 11.27 165 8.57 95
21.58 444 19.03 374 16.46 304 13.86 234 11.23 164 8.53 94
21.54 443 19.00 373 16.43 303 13.83 233 11.19 163 8.50 93
21.51 442 18.96 372 16.39 302 13.79 232 11.15 162 8.46 92
21.47 441 18.93 371 16.35 301 13.75 231 11.11 161 8.42 91
8.38 90 7.79 75 7.19 60 6.59 45 5.98 30 5.36 15
8.34 89 7.75 74 7.16 59 6.56 44 5.94 29 5.31 14
8.30 88 7.71 73 7.12 58 6.51 43 5.90 28 5.27 13
8.26 87 7.67 72 7.08 57 6.47 42 5.85 27 5.22 12
8.22 86 7.63 71 7.04 56 6.43 41 5.82 26 5.18 11
8.18 85 7.59 70 6.99 55 6.39 40 5.78 25 5.14 10
8.14 84 7.55 69 6.95 54 6.35 39 5.73 24 5.09 9
8.11 83 7.51 68 6.91 53 6.31 38 5.69 23 5.05 8
8.07 82 7.48 67 6.88 52 6.27 37 5.65 22 5.01 7
8.03 81 7.44 66 6.84 51 6.23 36 5.61 21 4.96 6
7.99 80 7.40 65 6.80 50 6.19 35 5.57 20 4.92 5
7.95 79 7.35 64 6.75 49 6.14 34 5.52 19 4.87 4
7.91 78 7.31 63 6.71 48 6.10 33 5.48 18 4.83 3
7.87 77 7.27 62 6.67 47 6.07 32 5.44 17 4.78 2
7.83 76 7.23 61 6.63 46 6.02 31 5.40 16 4.73 1
