49.04 1350 46.83 1280 44.61 1210 42.39 1140 40.16 1070 37.92 1000
49.01 1349 46.79 1279 44.58 1209 42.35 1139 40.12 1069 37.88 999
48.98 1348 46.77 1278 44.55 1208 42.32 1138 40.09 1068 37.86 998
48.95 1347 46.74 1277 44.51 1207 42.29 1137 40.06 1067 37.82 997
48.92 1346 46.70 1276 44.48 1206 42.26 1136 40.03 1066 37.79 996
48.88 1345 46.67 1275 44.45 1205 42.22 1135 39.99 1065 37.76 995
48.85 1344 46.64 1274 44.42 1204 42.20 1134 39.96 1064 37.73 994
48.82 1343 46.61 1273 44.39 1203 42.16 1133 39.93 1063 37.69 993
48.79 1342 46.57 1272 44.36 1202 42.13 1132 39.90 1062 37.66 992
48.75 1341 46.54 1271 44.33 1201 42.10 1131 39.87 1061 37.63 991
48.72 1340 46.52 1270 44.29 1200 42.07 1130 39.84 1060 37.60 990
48.70 1339 46.48 1269 44.26 1199 42.04 1129 39.81 1059 37.57 989
48.66 1338 46.45 1268 44.23 1198 42.00 1128 39.77 1058 37.53 988
48.63 1337 46.42 1267 44.20 1197 41.97 1127 39.74 1057 37.50 987
48.60 1336 46.39 1266 44.17 1196 41.94 1126 39.71 1056 37.47 986
48.57 1335 46.35 1265 44.13 1195 41.91 1125 39.68 1055 37.44 985
48.54 1334 46.32 1264 44.11 1194 41.87 1124 39.64 1054 37.40 984
48.50 1333 46.29 1263 44.07 1193 41.85 1123 39.61 1053 37.38 983
48.47 1332 46.26 1262 44.04 1192 41.81 1122 39.58 1052 37.34 982
48.44 1331 46.23 1261 44.01 1191 41.78 1121 39.55 1051 37.31 981
48.41 1330 46.19 1260 43.98 1190 41.75 1120 39.51 1050 37.28 980
48.37 1329 46.16 1259 43.94 1189 41.72 1119 39.49 1049 37.25 979
48.35 1328 46.13 1258 43.91 1188 41.69 1118 39.45 1048 37.21 978
48.32 1327 46.10 1257 43.88 1187 41.65 1117 39.42 1047 37.18 977
48.28 1326 46.07 1256 43.85 1186 41.62 1116 39.39 1046 37.15 976
48.25 1325 46.04 1255 43.82 1185 41.59 1115 39.36 1045 37.12 975
48.22 1324 46.01 1254 43.78 1184 41.56 1114 39.33 1044 37.08 974
48.19 1323 45.97 1253 43.75 1183 41.52 1113 39.29 1043 37.05 973
48.16 1322 45.94 1252 43.72 1182 41.50 1112 39.26 1042 37.02 972
48.12 1321 45.91 1251 43.69 1181 41.47 1111 39.23 1041 36.99 971
48.10 1320 45.88 1250 43.65 1180 41.43 1110 39.20 1040 36.95 970
48.06 1319 45.85 1249 43.63 1179 41.40 1109 39.16 1039 36.93 969
48.03 1318 45.81 1248 43.60 1178 41.37 1108 39.14 1038 36.89 968
48.00 1317 45.79 1247 43.56 1177 41.34 1107 39.10 1037 36.86 967
47.97 1316 45.75 1246 43.53 1176 41.30 1106 39.07 1036 36.83 966
47.94 1315 45.72 1245 43.50 1175 41.27 1105 39.04 1035 36.80 965
47.90 1314 45.69 1244 43.47 1174 41.24 1104 39.01 1034 36.76 964
47.87 1313 45.66 1243 43.43 1173 41.21 1103 38.97 1033 36.73 963
47.84 1312 45.63 1242 43.40 1172 41.17 1102 38.94 1032 36.70 962
47.81 1311 45.59 1241 43.37 1171 41.14 1101 38.91 1031 36.67 961
47.77 1310 45.56 1240 43.34 1170 41.11 1100 38.88 1030 36.64 960
47.75 1309 45.53 1239 43.31 1169 41.08 1099 38.85 1029 36.60 959
47.72 1308 45.50 1238 43.28 1168 41.05 1098 38.81 1028 36.58 958
47.68 1307 45.46 1237 43.25 1167 41.02 1097 38.79 1027 36.54 957
47.65 1306 45.44 1236 43.21 1166 40.99 1096 38.75 1026 36.51 956
47.62 1305 45.41 1235 43.18 1165 40.95 1095 38.72 1025 36.48 955
47.59 1304 45.37 1234 43.15 1164 40.92 1094 38.68 1024 36.45 954
47.56 1303 45.34 1233 43.12 1163 40.89 1093 38.66 1023 36.41 953
47.52 1302 45.31 1232 43.08 1162 40.86 1092 38.62 1022 36.38 952
47.49 1301 45.28 1231 43.05 1161 40.82 1091 38.59 1021 36.35 951
47.46 1300 45.24 1230 43.03 1160 40.79 1090 38.56 1020 36.32 950
47.43 1299 45.21 1229 42.99 1159 40.76 1089 38.53 1019 36.28 949
47.39 1298 45.18 1228 42.96 1158 40.73 1088 38.49 1018 36.25 948
47.37 1297 45.15 1227 42.93 1157 40.70 1087 38.46 1017 36.22 947
47.34 1296 45.12 1226 42.90 1156 40.67 1086 38.43 1016 36.19 946
47.30 1295 45.09 1225 42.86 1155 40.64 1085 38.40 1015 36.15 945
47.27 1294 45.06 1224 42.83 1154 40.60 1084 38.36 1014 36.12 944
47.24 1293 45.02 1223 42.80 1153 40.57 1083 38.33 1013 36.09 943
47.21 1292 44.99 1222 42.77 1152 40.54 1082 38.30 1012 36.06 942
47.17 1291 44.96 1221 42.74 1151 40.51 1081 38.27 1011 36.02 941
47.14 1290 44.93 1220 42.70 1150 40.47 1080 38.24 1010 36.00 940
47.12 1289 44.90 1219 42.68 1149 40.44 1079 38.21 1009 35.96 939
47.08 1288 44.86 1218 42.64 1148 40.41 1078 38.18 1008 35.93 938
47.05 1287 44.83 1217 42.61 1147 40.38 1077 38.14 1007 35.90 937
47.02 1286 44.80 1216 42.58 1146 40.34 1076 38.11 1006 35.87 936
46.99 1285 44.77 1215 42.55 1145 40.32 1075 38.08 1005 35.83 935
46.96 1284 44.73 1214 42.51 1144 40.29 1074 38.05 1004 35.80 934
46.92 1283 44.71 1213 42.48 1143 40.25 1073 38.01 1003 35.77 933
46.89 1282 44.68 1212 42.45 1142 40.22 1072 37.98 1002 35.74 932
46.86 1281 44.64 1211 42.42 1141 40.19 1071 37.95 1001 35.70 931
35.67 930 33.42 860 31.15 790 28.89 720 26.61 650 24.31 580
35.64 929 33.39 859 31.13 789 28.85 719 26.57 649 24.28 579
35.61 928 33.36 858 31.09 788 28.82 718 26.54 648 24.25 578
35.57 927 33.32 857 31.06 787 28.79 717 26.51 647 24.21 577
35.55 926 33.29 856 31.03 786 28.76 716 26.47 646 24.18 576
35.51 925 33.26 855 31.00 785 28.72 715 26.44 645 24.15 575
35.48 924 33.23 854 30.96 784 28.69 714 26.41 644 24.11 574
35.45 923 33.19 853 30.93 783 28.66 713 26.38 643 24.08 573
35.42 922 33.16 852 30.90 782 28.62 712 26.34 642 24.05 572
35.38 921 33.13 851 30.87 781 28.59 711 26.31 641 24.02 571
35.35 920 33.10 850 30.83 780 28.56 710 26.28 640 23.98 570
35.32 919 33.06 849 30.80 779 28.53 709 26.24 639 23.95 569
35.29 918 33.04 848 30.77 778 28.49 708 26.21 638 23.92 568
35.25 917 33.00 847 30.74 777 28.47 707 26.18 637 23.88 567
35.22 916 32.97 846 30.70 776 28.43 706 26.15 636 23.85 566
35.19 915 32.94 845 30.67 775 28.40 705 26.11 635 23.82 565
35.16 914 32.91 844 30.64 774 28.37 704 26.08 634 23.78 564
35.12 913 32.87 843 30.60 773 28.33 703 26.05 633 23.75 563
35.10 912 32.84 842 30.58 772 28.30 702 26.01 632 23.72 562
35.06 911 32.81 841 30.54 771 28.27 701 25.98 631 23.69 561
35.03 910 32.77 840 30.51 770 28.24 700 25.95 630 23.65 560
34.99 909 32.74 839 30.48 769 28.20 699 25.92 629 23.62 559
34.97 908 32.71 838 30.45 768 28.17 698 25.88 628 23.59 558
34.93 907 32.68 837 30.41 767 28.14 697 25.85 627 23.55 557
34.90 906 32.64 836 30.38 766 28.11 696 25.82 626 23.52 556
34.87 905 32.61 835 30.35 765 28.07 695 25.78 625 23.49 555
34.84 904 32.58 834 30.32 764 28.04 694 25.76 624 23.45 554
34.80 903 32.55 833 30.28 763 28.01 693 25.72 623 23.42 553
34.77 902 32.51 832 30.25 762 27.97 692 25.69 622 23.39 552
34.74 901 32.48 831 30.22 761 27.94 691 25.66 621 23.35 551
34.71 900 32.45 830 30.18 760 27.91 690 25.62 620 23.32 550
34.67 899 32.42 829 30.15 759 27.88 689 25.59 619 23.29 549
34.64 898 32.38 828 30.12 758 27.84 688 25.56 618 23.26 548
34.61 897 32.36 827 30.09 757 27.82 687 25.53 617 23.22 547
34.58 896 32.32 826 30.05 756 27.78 686 25.49 616 23.19 546
34.54 895 32.29 825 30.03 755 27.74 685 25.46 615 23.16 545
34.52 894 32.26 824 29.99 754 27.72 684 25.43 614 23.12 544
34.48 893 32.23 823 29.96 753 27.68 683 25.39 613 23.10 543
34.45 892 32.19 822 29.92 752 27.65 682 25.36 612 23.06 542
34.42 891 32.16 821 29.90 751 27.62 681 25.33 611 23.02 541
34.39 890 32.13 820 29.86 750 27.59 680 25.30 610 23.00 540
34.35 889 32.10 819 29.83 749 27.55 679 25.26 609 22.96 539
34.32 888 32.06 818 29.80 748 27.52 678 25.23 608 22.93 538
34.29 887 32.03 817 29.76 747 27.49 677 25.20 607 22.90 537
34.26 886 32.00 816 29.73 746 27.45 676 25.16 606 22.86 536
34.22 885 31.97 815 29.70 745 27.42 675 25.13 605 22.83 535
34.19 884 31.93 814 29.67 744 27.39 674 25.10 604 22.80 534
34.16 883 31.91 813 29.63 743 27.36 673 25.06 603 22.76 533
34.13 882 31.87 812 29.60 742 27.32 672 25.03 602 22.73 532
34.09 881 31.83 811 29.57 741 27.29 671 25.00 601 22.70 531
34.07 880 31.81 810 29.54 740 27.26 670 24.97 600 22.67 530
34.03 879 31.77 809 29.50 739 27.22 669 24.93 599 22.63 529
34.00 878 31.74 808 29.47 738 27.19 668 24.90 598 22.60 528
33.97 877 31.71 807 29.44 737 27.16 667 24.87 597 22.57 527
33.94 876 31.68 806 29.41 736 27.13 666 24.83 596 22.53 526
33.90 875 31.64 805 29.37 735 27.09 665 24.80 595 22.50 525
33.87 874 31.61 804 29.34 734 27.06 664 24.77 594 22.47 524
33.84 873 31.58 803 29.31 733 27.03 663 24.74 593 22.43 523
33.81 872 31.55 802 29.27 732 26.99 662 24.70 592 22.40 522
33.77 871 31.51 801 29.25 731 26.96 661 24.67 591 22.37 521
33.74 870 31.48 800 29.21 730 26.93 660 24.64 590 22.33 520
33.71 869 31.45 799 29.18 729 26.90 659 24.60 589 22.30 519
33.68 868 31.42 798 29.15 728 26.86 658 24.58 588 22.27 518
33.64 867 31.38 797 29.12 727 26.84 657 24.54 587 22.24 517
33.61 866 31.36 796 29.08 726 26.80 656 24.50 586 22.20 516
33.58 865 31.32 795 29.05 725 26.77 655 24.48 585 22.17 515
33.55 864 31.29 794 29.02 724 26.74 654 24.44 584 22.14 514
33.51 863 31.25 793 28.98 723 26.70 653 24.41 583 22.10 513
33.49 862 31.22 792 28.95 722 26.67 652 24.38 582 22.07 512
33.45 861 31.19 791 28.92 721 26.64 651 24.34 581 22.04 511
22.00 510 19.68 440 17.34 370 14.98 300 12.59 230 10.17 160
21.97 509 19.65 439 17.31 369 14.94 299 12.56 229 10.13 159
21.94 508 19.61 438 17.27 368 14.91 298 12.53 228 10.10 158
21.90 507 19.58 437 17.24 367 14.88 297 12.49 227 10.07 157
21.87 506 19.55 436 17.21 366 14.84 296 12.45 226 10.03 156
21.84 505 19.51 435 17.17 365 14.81 295 12.42 225 9.99 155
21.81 504 19.48 434 17.14 364 14.78 294 12.38 224 9.96 154
21.77 503 19.45 433 17.10 363 14.74 293 12.35 223 9.92 153
21.74 502 19.41 432 17.07 362 14.71 292 12.32 222 9.89 152
21.71 501 19.38 431 17.04 361 14.67 291 12.28 221 9.85 151
21.67 500 19.35 430 17.00 360 14.64 290 12.25 220 9.82 150
21.64 499 19.31 429 16.97 359 14.61 289 12.21 219 9.78 149
21.61 498 19.28 428 16.94 358 14.57 288 12.18 218 9.75 148
21.57 497 19.25 427 16.90 357 14.54 287 12.15 217 9.72 147
21.54 496 19.21 426 16.87 356 14.51 286 12.11 216 9.68 146
21.51 495 19.18 425 16.84 355 14.47 285 12.08 215 9.64 145
21.47 494 19.15 424 16.80 354 14.44 284 12.04 214 9.61 144
21.44 493 19.11 423 16.77 353 14.40 283 12.00 213 9.57 143
21.41 492 19.08 422 16.74 352 14.37 282 11.98 212 9.54 142
21.37 491 19.05 421 16.70 351 14.34 281 11.94 211 9.50 141
21.34 490 19.01 420 16.67 350 14.30 280 11.90 210 9.47 140
21.31 489 18.98 419 16.64 349 14.26 279 11.87 209 9.43 139
21.27 488 18.95 418 16.60 348 14.24 278 11.83 208 9.39 138
21.24 487 18.91 417 16.57 347 14.20 277 11.80 207 9.37 137
21.21 486 18.88 416 16.53 346 14.16 276 11.77 206 9.33 136
21.18 485 18.85 415 16.50 345 14.13 275 11.73 205 9.29 135
21.14 484 18.81 414 16.47 344 14.10 274 11.70 204 9.26 134
21.11 483 18.78 413 16.43 343 14.06 273 11.66 203 9.22 133
21.08 482 18.75 412 16.40 342 14.03 272 11.63 202 9.19 132
21.04 481 18.71 411 16.37 341 13.99 271 11.59 201 9.15 131
21.01 480 18.68 410 16.33 340 13.96 270 11.56 200 9.12 130
20.98 479 18.65 409 16.30 339 13.93 269 11.53 199 9.08 129
20.94 478 18.61 408 16.27 338 13.89 268 11.49 198 9.04 128
20.91 477 18.58 407 16.23 337 13.86 267 11.45 197 9.01 127
20.88 476 18.55 406 16.19 336 13.82 266 11.42 196 8.97 126
20.84 475 18.51 405 16.17 335 13.79 265 11.38 195 8.94 125
20.81 474 18.48 404 16.13 334 13.76 264 11.35 194 8.90 124
20.78 473 18.45 403 16.09 333 13.72 263 11.32 193 8.87 123
20.74 472 18.41 402 16.06 332 13.68 262 11.28 192 8.83 122
20.71 471 18.38 401 16.03 331 13.66 261 11.25 191 8.80 121
20.68 470 18.35 400 15.99 330 13.62 260 11.21 190 8.77 120
20.64 469 18.31 399 15.96 329 13.58 259 11.17 189 8.73 119
20.61 468 18.28 398 15.93 328 13.55 258 11.15 188 8.69 118
20.58 467 18.25 397 15.89 327 13.51 257 11.11 187 8.66 117
20.54 466 18.21 396 15.86 326 13.48 256 11.07 186 8.62 116
20.51 465 18.18 395 15.82 325 13.45 255 11.04 185 8.59 115
20.48 464 18.15 394 15.79 324 13.41 254 11.00 184 8.55 114
20.44 463 18.11 393 15.76 323 13.38 253 10.97 183 8.51 113
20.41 462 18.08 392 15.72 322 13.35 252 10.93 182 8.48 112
20.38 461 18.05 391 15.69 321 13.31 251 10.90 181 8.44 111
20.35 460 18.01 390 15.66 320 13.28 250 10.87 180 8.41 110
20.31 459 17.98 389 15.62 319 13.24 249 10.83 179 8.37 109
20.28 458 17.95 388 15.59 318 13.21 248 10.80 178 8.34 108
20.25 457 17.91 387 15.56 317 13.18 247 10.76 177 8.30 107
20.21 456 17.88 386 15.52 316 13.14 246 10.72 176 8.26 106
20.18 455 17.85 385 15.49 315 13.11 245 10.69 175 8.23 105
20.15 454 17.81 384 15.45 314 13.07 244 10.66 174 8.19 104
20.11 453 17.78 383 15.42 313 13.04 243 10.62 173 8.16 103
20.08 452 17.75 382 15.39 312 13.01 242 10.59 172 8.12 102
20.05 451 17.71 381 15.35 311 12.97 241 10.55 171 8.09 101
20.01 450 17.68 380 15.32 310 12.93 240 10.52 170 8.05 100
19.98 449 17.65 379 15.29 309 12.90 239 10.48 169 8.01 99
19.95 448 17.61 378 15.25 308 12.87 238 10.45 168 7.98 98
19.91 447 17.58 377 15.22 307 12.83 237 10.41 167 7.94 97
19.88 446 17.54 376 15.19 306 12.80 236 10.38 166 7.91 96
19.85 445 17.51 375 15.15 305 12.76 235 10.35 165 7.87 95
19.81 444 17.47 374 15.12 304 12.73 234 10.31 164 7.84 94
19.78 443 17.44 373 15.08 303 12.70 233 10.27 163 7.80 93
19.75 442 17.41 372 15.05 302 12.66 232 10.24 162 7.76 92
19.71 441 17.37 371 15.02 301 12.63 231 10.20 161 7.73 91
7.69 90 7.15 75 6.61 60 6.05 45 5.49 30 4.92 15
7.66 89 7.11 74 6.57 59 6.02 44 5.45 29 4.87 14
7.62 88 7.08 73 6.53 58 5.98 43 5.42 28 4.84 13
7.59 87 7.04 72 6.50 57 5.94 42 5.38 27 4.80 12
7.55 86 7.01 71 6.46 56 5.90 41 5.34 26 4.76 11
7.51 85 6.97 70 6.42 55 5.87 40 5.30 25 4.72 10
7.48 84 6.93 69 6.38 54 5.83 39 5.26 24 4.67 9
7.44 83 6.90 68 6.35 53 5.79 38 5.23 23 4.64 8
7.41 82 6.86 67 6.31 52 5.75 37 5.19 22 4.60 7
7.37 81 6.83 66 6.28 51 5.72 36 5.15 21 4.55 6
7.33 80 6.79 65 6.24 50 5.68 35 5.11 20 4.52 5
7.30 79 6.75 64 6.20 49 5.64 34 5.07 19 4.47 4
7.26 78 6.71 63 6.16 48 5.60 33 5.03 18 4.43 3
7.23 77 6.68 62 6.13 47 5.57 32 5.00 17 4.39 2
7.18 76 6.64 61 6.09 46 5.53 31 4.95 16 4.35 1
