44.67 1350 42.65 1280 40.64 1210 38.61 1140 36.58 1070 34.54 1000
44.64 1349 42.62 1279 40.60 1209 38.58 1139 36.55 1069 34.51 999
44.61 1348 42.60 1278 40.58 1208 38.55 1138 36.52 1068 34.48 998
44.58 1347 42.57 1277 40.54 1207 38.52 1137 36.49 1067 34.45 997
44.56 1346 42.54 1276 40.52 1206 38.49 1136 36.46 1066 34.42 996
44.52 1345 42.51 1275 40.49 1205 38.46 1135 36.43 1065 34.39 995
44.50 1344 42.48 1274 40.46 1204 38.43 1134 36.40 1064 34.36 994
44.47 1343 42.45 1273 40.43 1203 38.40 1133 36.37 1063 34.33 993
44.44 1342 42.42 1272 40.40 1202 38.38 1132 36.34 1062 34.30 992
44.41 1341 42.39 1271 40.37 1201 38.35 1131 36.32 1061 34.27 991
44.38 1340 42.37 1270 40.34 1200 38.32 1130 36.28 1060 34.25 990
44.35 1339 42.34 1269 40.32 1199 38.29 1129 36.26 1059 34.22 989
44.32 1338 42.31 1268 40.28 1198 38.26 1128 36.23 1058 34.19 988
44.30 1337 42.28 1267 40.26 1197 38.23 1127 36.20 1057 34.16 987
44.26 1336 42.25 1266 40.23 1196 38.20 1126 36.17 1056 34.13 986
44.24 1335 42.22 1265 40.20 1195 38.17 1125 36.14 1055 34.10 985
44.21 1334 42.19 1264 40.17 1194 38.14 1124 36.11 1054 34.07 984
44.18 1333 42.17 1263 40.14 1193 38.11 1123 36.08 1053 34.04 983
44.15 1332 42.13 1262 40.11 1192 38.08 1122 36.05 1052 34.01 982
44.12 1331 42.11 1261 40.08 1191 38.06 1121 36.02 1051 33.99 981
44.09 1330 42.07 1260 40.06 1190 38.03 1120 35.99 1050 33.95 980
44.06 1329 42.05 1259 40.02 1189 38.00 1119 35.97 1049 33.93 979
44.04 1328 42.02 1258 40.00 1188 37.97 1118 35.93 1048 33.89 978
44.01 1327 41.99 1257 39.97 1187 37.94 1117 35.91 1047 33.87 977
43.98 1326 41.96 1256 39.94 1186 37.91 1116 35.88 1046 33.84 976
43.95 1325 41.93 1255 39.91 1185 37.88 1115 35.85 1045 33.81 975
43.92 1324 41.91 1254 39.88 1184 37.85 1114 35.82 1044 33.78 974
43.89 1323 41.87 1253 39.85 1183 37.82 1113 35.79 1043 33.75 973
43.87 1322 41.85 1252 39.82 1182 37.80 1112 35.76 1042 33.72 972
43.83 1321 41.81 1251 39.80 1181 37.77 1111 35.73 1041 33.69 971
43.81 1320 41.79 1250 39.76 1180 37.74 1110 35.70 1040 33.66 970
43.77 1319 41.76 1249 39.74 1179 37.71 1109 35.67 1039 33.63 969
43.75 1318 41.73 1248 39.71 1178 37.68 1108 35.65 1038 33.60 968
43.72 1317 41.70 1247 39.68 1177 37.65 1107 35.61 1037 33.57 967
43.69 1316 41.67 1246 39.65 1176 37.62 1106 35.59 1036 33.54 966
43.66 1315 41.65 1245 39.62 1175 37.59 1105 35.56 1035 33.52 965
43.63 1314 41.61 1244 39.59 1174 37.56 1104 35.53 1034 33.48 964
43.61 1313 41.59 1243 39.56 1173 37.54 1103 35.50 1033 33.46 963
43.57 1312 41.56 1242 39.53 1172 37.50 1102 35.47 1032 33.43 962
43.55 1311 41.53 1241 39.50 1171 37.48 1101 35.44 1031 33.40 961
43.51 1310 41.50 1240 39.48 1170 37.44 1100 35.41 1030 33.37 960
43.49 1309 41.47 1239 39.45 1169 37.42 1099 35.39 1029 33.34 959
43.46 1308 41.44 1238 39.42 1168 37.39 1098 35.35 1028 33.31 958
43.43 1307 41.41 1237 39.39 1167 37.36 1097 35.33 1027 33.28 957
43.40 1306 41.38 1236 39.36 1166 37.33 1096 35.29 1026 33.26 956
43.37 1305 41.36 1235 39.33 1165 37.30 1095 35.27 1025 33.22 955
43.35 1304 41.33 1234 39.30 1164 37.27 1094 35.24 1024 33.20 954
43.32 1303 41.30 1233 39.27 1163 37.24 1093 35.21 1023 33.16 953
43.29 1302 41.27 1232 39.24 1162 37.22 1092 35.18 1022 33.14 952
43.26 1301 41.24 1231 39.22 1161 37.18 1091 35.15 1021 33.11 951
43.23 1300 41.21 1230 39.19 1160 37.16 1090 35.12 1020 33.08 950
43.20 1299 41.18 1229 39.16 1159 37.12 1089 35.09 1019 33.05 949
43.17 1298 41.15 1228 39.13 1158 37.10 1088 35.06 1018 33.02 948
43.14 1297 41.12 1227 39.10 1157 37.07 1087 35.03 1017 32.99 947
43.12 1296 41.10 1226 39.07 1156 37.04 1086 35.00 1016 32.96 946
43.08 1295 41.07 1225 39.04 1155 37.01 1085 34.98 1015 32.93 945
43.06 1294 41.04 1224 39.01 1154 36.98 1084 34.94 1014 32.90 944
43.03 1293 41.01 1223 38.98 1153 36.96 1083 34.92 1013 32.87 943
43.00 1292 40.98 1222 38.96 1152 36.92 1082 34.88 1012 32.85 942
42.97 1291 40.95 1221 38.93 1151 36.90 1081 34.86 1011 32.81 941
42.94 1290 40.92 1220 38.90 1150 36.86 1080 34.83 1010 32.79 940
42.92 1289 40.90 1219 38.87 1149 36.84 1079 34.80 1009 32.75 939
42.88 1288 40.86 1218 38.84 1148 36.81 1078 34.77 1008 32.73 938
42.86 1287 40.84 1217 38.81 1147 36.78 1077 34.74 1007 32.70 937
42.82 1286 40.80 1216 38.78 1146 36.75 1076 34.71 1006 32.67 936
42.80 1285 40.78 1215 38.75 1145 36.72 1075 34.68 1005 32.64 935
42.77 1284 40.75 1214 38.72 1144 36.69 1074 34.66 1004 32.61 934
42.74 1283 40.72 1213 38.69 1143 36.66 1073 34.62 1003 32.58 933
42.71 1282 40.69 1212 38.67 1142 36.64 1072 34.60 1002 32.55 932
42.68 1281 40.66 1211 38.64 1141 36.60 1071 34.57 1001 32.52 931
32.49 930 30.44 860 28.38 790 26.31 720 24.23 650 22.14 580
32.46 929 30.41 859 28.35 789 26.28 719 24.20 649 22.11 579
32.44 928 30.38 858 28.32 788 26.25 718 24.18 648 22.09 578
32.40 927 30.35 857 28.29 787 26.22 717 24.14 647 22.05 577
32.38 926 30.32 856 28.26 786 26.20 716 24.11 646 22.03 576
32.34 925 30.29 855 28.23 785 26.16 715 24.08 645 21.99 575
32.32 924 30.27 854 28.20 784 26.13 714 24.05 644 21.96 574
32.29 923 30.23 853 28.18 783 26.10 713 24.03 643 21.94 573
32.26 922 30.21 852 28.14 782 26.07 712 23.99 642 21.90 572
32.23 921 30.17 851 28.12 781 26.05 711 23.97 641 21.88 571
32.20 920 30.15 850 28.08 780 26.01 710 23.94 640 21.84 570
32.17 919 30.12 849 28.06 779 25.99 709 23.90 639 21.81 569
32.14 918 30.09 848 28.03 778 25.95 708 23.88 638 21.79 568
32.11 917 30.06 847 28.00 777 25.93 707 23.84 637 21.75 567
32.08 916 30.03 846 27.97 776 25.90 706 23.82 636 21.73 566
32.05 915 30.00 845 27.93 775 25.87 705 23.79 635 21.69 565
32.02 914 29.97 844 27.91 774 25.84 704 23.75 634 21.66 564
31.99 913 29.94 843 27.88 773 25.80 703 23.73 633 21.64 563
31.97 912 29.91 842 27.85 772 25.78 702 23.69 632 21.60 562
31.93 911 29.88 841 27.82 771 25.75 701 23.67 631 21.58 561
31.91 910 29.85 840 27.79 770 25.72 700 23.64 630 21.54 560
31.87 909 29.82 839 27.76 769 25.69 699 23.61 629 21.51 559
31.85 908 29.79 838 27.73 768 25.66 698 23.58 628 21.49 558
31.82 907 29.76 837 27.70 767 25.63 697 23.54 627 21.45 557
31.79 906 29.73 836 27.67 766 25.60 696 23.52 626 21.43 556
31.76 905 29.71 835 27.64 765 25.57 695 23.49 625 21.39 555
31.73 904 29.67 834 27.62 764 25.54 694 23.46 624 21.36 554
31.70 903 29.65 833 27.58 763 25.51 693 23.43 623 21.34 553
31.67 902 29.61 832 27.56 762 25.48 692 23.40 622 21.30 552
31.64 901 29.59 831 27.52 761 25.45 691 23.37 621 21.27 551
31.61 900 29.56 830 27.49 760 25.42 690 23.34 620 21.25 550
31.58 899 29.53 829 27.47 759 25.39 689 23.31 619 21.21 549
31.56 898 29.50 828 27.43 758 25.36 688 23.28 618 21.19 548
31.52 897 29.47 827 27.41 757 25.34 687 23.25 617 21.15 547
31.50 896 29.44 826 27.37 756 25.30 686 23.22 616 21.12 546
31.46 895 29.41 825 27.35 755 25.27 685 23.19 615 21.10 545
31.44 894 29.38 824 27.32 754 25.24 684 23.16 614 21.06 544
31.41 893 29.35 823 27.29 753 25.21 683 23.13 613 21.04 543
31.38 892 29.32 822 27.26 752 25.19 682 23.10 612 21.00 542
31.35 891 29.30 821 27.23 751 25.15 681 23.07 611 20.97 541
31.32 890 29.26 820 27.20 750 25.13 680 23.04 610 20.95 540
31.29 889 29.24 819 27.17 749 25.09 679 23.01 609 20.91 539
31.26 888 29.20 818 27.14 748 25.07 678 22.98 608 20.89 538
31.23 887 29.18 817 27.11 747 25.04 677 22.95 607 20.85 537
31.20 886 29.15 816 27.08 746 25.00 676 22.92 606 20.82 536
31.17 885 29.12 815 27.05 745 24.98 675 22.89 605 20.80 535
31.15 884 29.09 814 27.02 744 24.94 674 22.86 604 20.76 534
31.11 883 29.06 813 26.99 743 24.92 673 22.83 603 20.73 533
31.09 882 29.03 812 26.96 742 24.89 672 22.80 602 20.70 532
31.05 881 29.00 811 26.93 741 24.86 671 22.77 601 20.67 531
31.03 880 28.97 810 26.91 740 24.83 670 22.74 600 20.65 530
31.00 879 28.94 809 26.87 739 24.79 669 22.71 599 20.61 529
30.97 878 28.91 808 26.85 738 24.77 668 22.68 598 20.58 528
30.94 877 28.88 807 26.81 737 24.74 667 22.65 597 20.55 527
30.91 876 28.85 806 26.79 736 24.71 666 22.62 596 20.52 526
30.88 875 28.82 805 26.76 735 24.68 665 22.59 595 20.50 525
30.85 874 28.79 804 26.72 734 24.65 664 22.56 594 20.46 524
30.82 873 28.76 803 26.70 733 24.62 663 22.53 593 20.43 523
30.79 872 28.74 802 26.66 732 24.59 662 22.50 592 20.40 522
30.76 871 28.70 801 26.64 731 24.56 661 22.47 591 20.37 521
30.74 870 28.68 800 26.61 730 24.53 660 22.44 590 20.34 520
30.70 869 28.64 799 26.58 729 24.50 659 22.41 589 20.31 519
30.68 868 28.62 798 26.55 728 24.47 658 22.38 588 20.28 518
30.64 867 28.59 797 26.52 727 24.44 657 22.35 587 20.26 517
30.62 866 28.56 796 26.49 726 24.41 656 22.32 586 20.22 516
30.59 865 28.53 795 26.46 725 24.38 655 22.29 585 20.19 515
30.56 864 28.50 794 26.43 724 24.35 654 22.26 584 20.16 514
30.53 863 28.47 793 26.40 723 24.32 653 22.24 583 20.13 513
30.50 862 28.44 792 26.37 722 24.29 652 22.20 582 20.11 512
30.47 861 28.41 791 26.34 721 24.26 651 22.17 581 20.07 511
20.04 510 17.93 440 15.79 370 13.64 300 11.47 230 9.26 160
20.01 509 17.90 439 15.77 369 13.61 299 11.44 229 9.23 159
19.98 508 17.86 438 15.73 368 13.59 298 11.41 228 9.20 158
19.95 507 17.84 437 15.70 367 13.55 297 11.38 227 9.17 157
19.92 506 17.81 436 15.68 366 13.52 296 11.34 226 9.14 156
19.89 505 17.77 435 15.64 365 13.49 295 11.31 225 9.10 155
19.86 504 17.75 434 15.61 364 13.46 294 11.28 224 9.07 154
19.83 503 17.71 433 15.58 363 13.43 293 11.25 223 9.04 153
19.80 502 17.68 432 15.55 362 13.40 292 11.22 222 9.01 152
19.77 501 17.66 431 15.52 361 13.36 291 11.19 221 8.97 151
19.74 500 17.62 430 15.49 360 13.34 290 11.16 220 8.94 150
19.71 499 17.59 429 15.46 359 13.31 289 11.12 219 8.91 149
19.68 498 17.57 428 15.43 358 13.27 288 11.09 218 8.88 148
19.65 497 17.53 427 15.40 357 13.24 287 11.06 217 8.85 147
19.62 496 17.50 426 15.37 356 13.21 286 11.03 216 8.82 146
19.59 495 17.47 425 15.34 355 13.18 285 11.00 215 8.79 145
19.56 494 17.44 424 15.30 354 13.15 284 10.97 214 8.75 144
19.53 493 17.41 423 15.27 353 13.12 283 10.93 213 8.72 143
19.50 492 17.38 422 15.25 352 13.09 282 10.91 212 8.69 142
19.47 491 17.35 421 15.21 351 13.06 281 10.88 211 8.65 141
19.44 490 17.32 420 15.18 350 13.03 280 10.84 210 8.62 140
19.41 489 17.29 419 15.16 349 12.99 279 10.81 209 8.59 139
19.38 488 17.26 418 15.12 348 12.97 278 10.78 208 8.56 138
19.35 487 17.23 417 15.09 347 12.93 277 10.75 207 8.53 137
19.32 486 17.20 416 15.06 346 12.90 276 10.72 206 8.50 136
19.29 485 17.17 415 15.03 345 12.87 275 10.69 205 8.47 135
19.26 484 17.14 414 15.00 344 12.84 274 10.65 204 8.43 134
19.23 483 17.11 413 14.97 343 12.81 273 10.62 203 8.40 133
19.20 482 17.08 412 14.94 342 12.78 272 10.59 202 8.37 132
19.17 481 17.04 411 14.91 341 12.75 271 10.56 201 8.34 131
19.13 480 17.02 410 14.88 340 12.72 270 10.53 200 8.30 130
19.11 479 16.99 409 14.84 339 12.69 269 10.50 199 8.27 129
19.08 478 16.95 408 14.82 338 12.65 268 10.47 198 8.24 128
19.04 477 16.93 407 14.78 337 12.62 267 10.43 197 8.21 127
19.02 476 16.89 406 14.75 336 12.59 266 10.40 196 8.17 126
18.99 475 16.86 405 14.73 335 12.56 265 10.37 195 8.14 125
18.96 474 16.84 404 14.69 334 12.53 264 10.34 194 8.11 124
18.93 473 16.80 403 14.66 333 12.50 263 10.31 193 8.08 123
18.89 472 16.77 402 14.63 332 12.47 262 10.28 192 8.04 122
18.87 471 16.74 401 14.60 331 12.44 261 10.24 191 8.02 121
18.84 470 16.71 400 14.57 330 12.41 260 10.21 190 7.98 120
18.80 469 16.68 399 14.54 329 12.37 259 10.18 189 7.95 119
18.78 468 16.65 398 14.51 328 12.34 258 10.15 188 7.92 118
18.74 467 16.62 397 14.48 327 12.31 257 10.12 187 7.89 117
18.71 466 16.59 396 14.45 326 12.28 256 10.09 186 7.85 116
18.69 465 16.56 395 14.41 325 12.25 255 10.06 185 7.82 115
18.65 464 16.53 394 14.39 324 12.22 254 10.02 184 7.79 114
18.62 463 16.50 393 14.35 323 12.19 253 9.99 183 7.76 113
18.59 462 16.46 392 14.32 322 12.16 252 9.96 182 7.72 112
18.56 461 16.44 391 14.30 321 12.13 251 9.93 181 7.69 111
18.54 460 16.41 390 14.26 320 12.09 250 9.90 180 7.66 110
18.50 459 16.37 389 14.23 319 12.06 249 9.87 179 7.63 109
18.47 458 16.35 388 14.20 318 12.03 248 9.83 178 7.59 108
18.44 457 16.31 387 14.17 317 12.00 247 9.80 177 7.56 107
18.41 456 16.28 386 14.14 316 11.97 246 9.77 176 7.53 106
18.38 455 16.26 385 14.11 315 11.94 245 9.74 175 7.50 105
18.35 454 16.22 384 14.07 314 11.90 244 9.71 174 7.46 104
18.32 453 16.19 383 14.05 313 11.88 243 9.68 173 7.43 103
18.29 452 16.16 382 14.02 312 11.85 242 9.64 172 7.40 102
18.26 451 16.13 381 13.98 311 11.81 241 9.61 171 7.37 101
18.23 450 16.10 380 13.95 310 11.78 240 9.58 170 7.33 100
18.20 449 16.07 379 13.92 309 11.75 239 9.55 169 7.30 99
18.17 448 16.04 378 13.89 308 11.72 238 9.51 168 7.27 98
18.14 447 16.01 377 13.86 307 11.69 237 9.48 167 7.23 97
18.11 446 15.98 376 13.83 306 11.66 236 9.46 166 7.20 96
18.08 445 15.95 375 13.80 305 11.62 235 9.42 165 7.17 95
18.05 444 15.92 374 13.77 304 11.59 234 9.39 164 7.14 94
18.01 443 15.88 373 13.74 303 11.57 233 9.36 163 7.10 93
17.99 442 15.86 372 13.71 302 11.53 232 9.33 162 7.07 92
17.96 441 15.83 371 13.68 301 11.50 231 9.29 161 7.04 91
7.01 90 6.51 75 6.02 60 5.52 45 5.00 30 4.48 15
6.97 89 6.48 74 5.98 59 5.48 44 4.97 29 4.44 14
6.94 88 6.45 73 5.95 58 5.44 43 4.94 28 4.41 13
6.91 87 6.41 72 5.92 57 5.41 42 4.90 27 4.37 12
6.88 86 6.38 71 5.89 56 5.38 41 4.86 26 4.34 11
6.84 85 6.35 70 5.85 55 5.35 40 4.83 25 4.30 10
6.81 84 6.32 69 5.81 54 5.31 39 4.79 24 4.26 9
6.78 83 6.28 68 5.78 53 5.27 38 4.76 23 4.23 8
6.75 82 6.25 67 5.75 52 5.24 37 4.73 22 4.19 7
6.71 81 6.22 66 5.72 51 5.21 36 4.69 21 4.15 6
6.68 80 6.19 65 5.68 50 5.18 35 4.66 20 4.11 5
6.65 79 6.15 64 5.65 49 5.14 34 4.62 19 4.08 4
6.62 78 6.11 63 5.61 48 5.10 33 4.58 18 4.04 3
6.58 77 6.08 62 5.58 47 5.07 32 4.55 17 4.00 2
6.54 76 6.05 61 5.55 46 5.03 31 4.51 16 3.96 1
