40.25 1350 38.44 1280 36.62 1210 34.79 1140 32.96 1070 31.12 1000
40.23 1349 38.41 1279 36.59 1209 34.76 1139 32.93 1069 31.09 999
40.20 1348 38.38 1278 36.56 1208 34.74 1138 32.91 1068 31.07 998
40.17 1347 38.36 1277 36.54 1207 34.71 1137 32.88 1067 31.04 997
40.15 1346 38.33 1276 36.51 1206 34.69 1136 32.86 1066 31.02 996
40.12 1345 38.31 1275 36.48 1205 34.66 1135 32.83 1065 30.99 995
40.10 1344 38.28 1274 36.46 1204 34.63 1134 32.80 1064 30.97 994
40.07 1343 38.25 1273 36.44 1203 34.60 1133 32.77 1063 30.94 993
40.04 1342 38.23 1272 36.41 1202 34.58 1132 32.75 1062 30.91 992
40.02 1341 38.20 1271 36.38 1201 34.56 1131 32.73 1061 30.88 991
39.99 1340 38.18 1270 36.35 1200 34.53 1130 32.70 1060 30.86 990
39.97 1339 38.15 1269 36.33 1199 34.50 1129 32.67 1059 30.84 989
39.94 1338 38.13 1268 36.30 1198 34.48 1128 32.64 1058 30.81 988
39.92 1337 38.10 1267 36.28 1197 34.45 1127 32.62 1057 30.78 987
39.89 1336 38.07 1266 36.25 1196 34.42 1126 32.59 1056 30.75 986
39.86 1335 38.04 1265 36.22 1195 34.40 1125 32.57 1055 30.73 985
39.84 1334 38.02 1264 36.20 1194 34.37 1124 32.54 1054 30.70 984
39.81 1333 38.00 1263 36.17 1193 34.35 1123 32.51 1053 30.68 983
39.79 1332 37.97 1262 36.15 1192 34.32 1122 32.49 1052 30.65 982
39.76 1331 37.94 1261 36.12 1191 34.29 1121 32.46 1051 30.62 981
39.73 1330 37.91 1260 36.09 1190 34.27 1120 32.43 1050 30.60 980
39.70 1329 37.89 1259 36.07 1189 34.24 1119 32.41 1049 30.57 979
39.68 1328 37.86 1258 36.04 1188 34.22 1118 32.38 1048 30.54 978
39.66 1327 37.84 1257 36.02 1187 34.19 1117 32.36 1047 30.52 977
39.63 1326 37.81 1256 35.99 1186 34.16 1116 32.33 1046 30.49 976
39.60 1325 37.79 1255 35.97 1185 34.13 1115 32.30 1045 30.47 975
39.58 1324 37.76 1254 35.94 1184 34.11 1114 32.28 1044 30.44 974
39.55 1323 37.73 1253 35.91 1183 34.08 1113 32.25 1043 30.41 973
39.53 1322 37.71 1252 35.88 1182 34.06 1112 32.23 1042 30.38 972
39.50 1321 37.68 1251 35.86 1181 34.03 1111 32.20 1041 30.36 971
39.48 1320 37.66 1250 35.83 1180 34.01 1110 32.17 1040 30.33 970
39.45 1319 37.63 1249 35.81 1179 33.98 1109 32.14 1039 30.31 969
39.42 1318 37.60 1248 35.78 1178 33.95 1108 32.12 1038 30.28 968
39.39 1317 37.58 1247 35.75 1177 33.93 1107 32.09 1037 30.26 967
39.37 1316 37.55 1246 35.73 1176 33.90 1106 32.07 1036 30.23 966
39.35 1315 37.53 1245 35.70 1175 33.88 1105 32.04 1035 30.20 965
39.32 1314 37.50 1244 35.68 1174 33.85 1104 32.02 1034 30.17 964
39.29 1313 37.47 1243 35.65 1173 33.82 1103 31.99 1033 30.15 963
39.26 1312 37.45 1242 35.63 1172 33.79 1102 31.96 1032 30.12 962
39.24 1311 37.42 1241 35.60 1171 33.77 1101 31.93 1031 30.10 961
39.21 1310 37.40 1240 35.57 1170 33.74 1100 31.91 1030 30.07 960
39.19 1309 37.37 1239 35.55 1169 33.72 1099 31.89 1029 30.04 959
39.16 1308 37.35 1238 35.52 1168 33.69 1098 31.86 1028 30.02 958
39.14 1307 37.32 1237 35.50 1167 33.67 1097 31.83 1027 29.99 957
39.11 1306 37.29 1236 35.47 1166 33.64 1096 31.80 1026 29.97 956
39.08 1305 37.27 1235 35.44 1165 33.61 1095 31.78 1025 29.94 955
39.06 1304 37.24 1234 35.41 1164 33.59 1094 31.75 1024 29.91 954
39.04 1303 37.22 1233 35.39 1163 33.56 1093 31.73 1023 29.89 953
39.01 1302 37.19 1232 35.36 1162 33.54 1092 31.70 1022 29.86 952
38.98 1301 37.16 1231 35.34 1161 33.51 1091 31.68 1021 29.83 951
38.95 1300 37.13 1230 35.31 1160 33.48 1090 31.65 1020 29.81 950
38.93 1299 37.11 1229 35.28 1159 33.45 1089 31.62 1019 29.78 949
38.90 1298 37.08 1228 35.26 1158 33.43 1088 31.59 1018 29.76 948
38.88 1297 37.06 1227 35.23 1157 33.41 1087 31.57 1017 29.73 947
38.85 1296 37.03 1226 35.21 1156 33.38 1086 31.54 1016 29.70 946
38.82 1295 37.00 1225 35.18 1155 33.35 1085 31.52 1015 29.67 945
38.80 1294 36.98 1224 35.16 1154 33.32 1084 31.49 1014 29.65 944
38.77 1293 36.95 1223 35.13 1153 33.30 1083 31.46 1013 29.62 943
38.75 1292 36.93 1222 35.10 1152 33.27 1082 31.43 1012 29.60 942
38.72 1291 36.90 1221 35.08 1151 33.25 1081 31.41 1011 29.57 941
38.69 1290 36.88 1220 35.05 1150 33.22 1080 31.39 1010 29.54 940
38.67 1289 36.85 1219 35.03 1149 33.20 1079 31.36 1009 29.52 939
38.64 1288 36.82 1218 35.00 1148 33.17 1078 31.33 1008 29.49 938
38.62 1287 36.80 1217 34.97 1147 33.14 1077 31.31 1007 29.46 937
38.59 1286 36.77 1216 34.94 1146 33.11 1076 31.28 1006 29.44 936
38.57 1285 36.75 1215 34.92 1145 33.09 1075 31.25 1005 29.41 935
38.54 1284 36.72 1214 34.89 1144 33.07 1074 31.23 1004 29.39 934
38.51 1283 36.69 1213 34.87 1143 33.04 1073 31.20 1003 29.36 933
38.49 1282 36.67 1212 34.84 1142 33.01 1072 31.18 1002 29.33 932
38.46 1281 36.64 1211 34.82 1141 32.98 1071 31.15 1001 29.30 931
29.28 930 27.43 860 25.57 790 23.71 720 21.84 650 19.95 580
29.25 929 27.40 859 25.55 789 23.68 719 21.81 649 19.93 579
29.23 928 27.38 858 25.52 788 23.66 718 21.79 648 19.90 578
29.20 927 27.35 857 25.50 787 23.63 717 21.76 647 19.87 577
29.18 926 27.33 856 25.47 786 23.61 716 21.73 646 19.85 576
29.15 925 27.30 855 25.44 785 23.58 715 21.70 645 19.82 575
29.12 924 27.27 854 25.41 784 23.55 714 21.67 644 19.79 574
29.09 923 27.24 853 25.39 783 23.52 713 21.65 643 19.77 573
29.07 922 27.22 852 25.36 782 23.49 712 21.62 642 19.74 572
29.04 921 27.19 851 25.34 781 23.47 711 21.60 641 19.71 571
29.02 920 27.17 850 25.31 780 23.44 710 21.57 640 19.68 570
28.99 919 27.14 849 25.28 779 23.42 709 21.54 639 19.66 569
28.96 918 27.11 848 25.25 778 23.39 708 21.52 638 19.63 568
28.93 917 27.09 847 25.23 777 23.36 707 21.49 637 19.60 567
28.91 916 27.06 846 25.20 776 23.34 706 21.46 636 19.58 566
28.88 915 27.03 845 25.17 775 23.31 705 21.43 635 19.55 565
28.86 914 27.01 844 25.15 774 23.28 704 21.40 634 19.52 564
28.83 913 26.98 843 25.12 773 23.25 703 21.38 633 19.50 563
28.81 912 26.96 842 25.10 772 23.23 702 21.35 632 19.47 562
28.78 911 26.93 841 25.07 771 23.20 701 21.33 631 19.44 561
28.75 910 26.90 840 25.04 770 23.18 700 21.30 630 19.41 560
28.72 909 26.87 839 25.01 769 23.15 699 21.28 629 19.39 559
28.70 908 26.85 838 24.99 768 23.12 698 21.25 628 19.36 558
28.67 907 26.82 837 24.96 767 23.09 697 21.22 627 19.33 557
28.65 906 26.79 836 24.94 766 23.07 696 21.19 626 19.31 556
28.62 905 26.77 835 24.91 765 23.04 695 21.16 625 19.28 555
28.59 904 26.74 834 24.88 764 23.01 694 21.14 624 19.25 554
28.56 903 26.72 833 24.86 763 22.99 693 21.11 623 19.23 553
28.54 902 26.69 832 24.83 762 22.96 692 21.09 622 19.20 552
28.51 901 26.66 831 24.80 761 22.94 691 21.06 621 19.17 551
28.49 900 26.63 830 24.77 760 22.91 690 21.03 620 19.14 550
28.46 899 26.61 829 24.75 759 22.88 689 21.01 619 19.12 549
28.44 898 26.58 828 24.72 758 22.85 688 20.98 618 19.09 548
28.41 897 26.56 827 24.70 757 22.83 687 20.95 617 19.06 547
28.38 896 26.53 826 24.67 756 22.80 686 20.92 616 19.03 546
28.35 895 26.50 825 24.64 755 22.77 685 20.89 615 19.01 545
28.33 894 26.48 824 24.61 754 22.75 684 20.87 614 18.98 544
28.30 893 26.45 823 24.59 753 22.72 683 20.84 613 18.96 543
28.28 892 26.42 822 24.56 752 22.70 682 20.82 612 18.93 542
28.25 891 26.40 821 24.54 751 22.67 681 20.79 611 18.90 541
28.22 890 26.37 820 24.51 750 22.64 680 20.76 610 18.87 540
28.19 889 26.35 819 24.49 749 22.61 679 20.74 609 18.85 539
28.17 888 26.32 818 24.46 748 22.59 678 20.71 608 18.82 538
28.14 887 26.29 817 24.43 747 22.56 677 20.68 607 18.79 537
28.12 886 26.26 816 24.40 746 22.53 676 20.65 606 18.76 536
28.09 885 26.24 815 24.37 745 22.51 675 20.63 605 18.74 535
28.07 884 26.21 814 24.35 744 22.48 674 20.60 604 18.71 534
28.04 883 26.19 813 24.32 743 22.45 673 20.57 603 18.68 533
28.01 882 26.16 812 24.30 742 22.43 672 20.55 602 18.66 532
27.98 881 26.13 811 24.27 741 22.40 671 20.52 601 18.63 531
27.96 880 26.11 810 24.24 740 22.37 670 20.49 600 18.60 530
27.93 879 26.08 809 24.22 739 22.34 669 20.47 599 18.58 529
27.91 878 26.05 808 24.19 738 22.32 668 20.44 598 18.55 528
27.88 877 26.02 807 24.16 737 22.29 667 20.41 597 18.52 527
27.85 876 26.00 806 24.14 736 22.27 666 20.38 596 18.49 526
27.83 875 25.97 805 24.11 735 22.24 665 20.36 595 18.47 525
27.80 874 25.95 804 24.08 734 22.21 664 20.33 594 18.44 524
27.77 873 25.92 803 24.06 733 22.18 663 20.31 593 18.41 523
27.75 872 25.89 802 24.03 732 22.16 662 20.28 592 18.39 522
27.72 871 25.86 801 24.00 731 22.13 661 20.25 591 18.36 521
27.70 870 25.84 800 23.97 730 22.10 660 20.22 590 18.33 520
27.67 869 25.81 799 23.95 729 22.08 659 20.20 589 18.31 519
27.64 868 25.79 798 23.92 728 22.05 658 20.17 588 18.28 518
27.61 867 25.76 797 23.90 727 22.03 657 20.14 587 18.25 517
27.59 866 25.74 796 23.87 726 22.00 656 20.11 586 18.22 516
27.56 865 25.71 795 23.85 725 21.97 655 20.09 585 18.19 515
27.54 864 25.68 794 23.82 724 21.94 654 20.06 584 18.17 514
27.51 863 25.65 793 23.79 723 21.91 653 20.04 583 18.14 513
27.48 862 25.62 792 23.76 722 21.89 652 20.01 582 18.12 512
27.46 861 25.60 791 23.73 721 21.86 651 19.98 581 18.09 511
18.06 510 16.16 440 14.23 370 12.30 300 10.33 230 8.35 160
18.04 509 16.13 439 14.21 369 12.27 299 10.31 229 8.32 159
18.01 508 16.10 438 14.18 368 12.24 298 10.28 228 8.29 158
17.98 507 16.07 437 14.15 367 12.21 297 10.25 227 8.26 157
17.95 506 16.05 436 14.13 366 12.18 296 10.22 226 8.23 156
17.92 505 16.02 435 14.10 365 12.15 295 10.19 225 8.20 155
17.90 504 15.99 434 14.07 364 12.13 294 10.16 224 8.17 154
17.87 503 15.96 433 14.04 363 12.10 293 10.14 223 8.15 153
17.84 502 15.93 432 14.01 362 12.07 292 10.11 222 8.12 152
17.82 501 15.91 431 13.99 361 12.04 291 10.08 221 8.09 151
17.79 500 15.88 430 13.96 360 12.02 290 10.05 220 8.06 150
17.76 499 15.85 429 13.93 359 11.99 289 10.02 219 8.03 149
17.74 498 15.83 428 13.90 358 11.96 288 9.99 218 8.00 148
17.71 497 15.80 427 13.87 357 11.93 287 9.97 217 7.98 147
17.68 496 15.77 426 13.85 356 11.91 286 9.94 216 7.95 146
17.65 495 15.75 425 13.82 355 11.88 285 9.91 215 7.92 145
17.62 494 15.72 424 13.79 354 11.85 284 9.88 214 7.89 144
17.60 493 15.69 423 13.76 353 11.82 283 9.85 213 7.86 143
17.57 492 15.66 422 13.74 352 11.80 282 9.83 212 7.83 142
17.54 491 15.63 421 13.71 351 11.77 281 9.80 211 7.80 141
17.52 490 15.61 420 13.68 350 11.74 280 9.77 210 7.77 140
17.49 489 15.58 419 13.66 349 11.71 279 9.74 209 7.74 139
17.46 488 15.55 418 13.63 348 11.68 278 9.71 208 7.71 138
17.44 487 15.52 417 13.60 347 11.66 277 9.68 207 7.69 137
17.41 486 15.50 416 13.57 346 11.63 276 9.66 206 7.66 136
17.38 485 15.47 415 13.55 345 11.60 275 9.63 205 7.63 135
17.35 484 15.44 414 13.52 344 11.57 274 9.60 204 7.60 134
17.33 483 15.42 413 13.49 343 11.54 273 9.57 203 7.57 133
17.30 482 15.39 412 13.46 342 11.51 272 9.54 202 7.54 132
17.27 481 15.36 411 13.43 341 11.49 271 9.51 201 7.51 131
17.24 480 15.34 410 13.40 340 11.46 270 9.49 200 7.48 130
17.22 479 15.31 409 13.38 339 11.43 269 9.46 199 7.45 129
17.19 478 15.28 408 13.35 338 11.40 268 9.43 198 7.42 128
17.16 477 15.25 407 13.32 337 11.37 267 9.40 197 7.39 127
17.14 476 15.22 406 13.29 336 11.34 266 9.37 196 7.37 126
17.11 475 15.19 405 13.27 335 11.32 265 9.34 195 7.34 125
17.08 474 15.17 404 13.24 334 11.29 264 9.32 194 7.31 124
17.06 473 15.14 403 13.21 333 11.26 263 9.29 193 7.28 123
17.03 472 15.11 402 13.18 332 11.23 262 9.26 192 7.25 122
17.00 471 15.09 401 13.16 331 11.21 261 9.23 191 7.22 121
16.97 470 15.06 400 13.13 330 11.18 260 9.20 190 7.19 120
16.94 469 15.03 399 13.10 329 11.15 259 9.17 189 7.17 119
16.92 468 15.01 398 13.08 328 11.12 258 9.15 188 7.14 118
16.89 467 14.98 397 13.05 327 11.09 257 9.12 187 7.11 117
16.86 466 14.95 396 13.02 326 11.07 256 9.09 186 7.08 116
16.84 465 14.92 395 12.99 325 11.04 255 9.06 185 7.05 115
16.81 464 14.90 394 12.96 324 11.01 254 9.03 184 7.02 114
16.78 463 14.87 393 12.93 323 10.98 253 9.00 183 6.99 113
16.76 462 14.84 392 12.91 322 10.96 252 8.97 182 6.96 112
16.73 461 14.81 391 12.88 321 10.93 251 8.95 181 6.93 111
16.70 460 14.78 390 12.85 320 10.90 250 8.92 180 6.90 110
16.67 459 14.75 389 12.82 319 10.87 249 8.89 179 6.87 109
16.64 458 14.73 388 12.79 318 10.84 248 8.86 178 6.84 108
16.62 457 14.70 387 12.77 317 10.82 247 8.83 177 6.81 107
16.59 456 14.67 386 12.74 316 10.79 246 8.80 176 6.78 106
16.56 455 14.65 385 12.71 315 10.76 245 8.77 175 6.75 105
16.54 454 14.62 384 12.68 314 10.73 244 8.75 174 6.73 104
16.51 453 14.59 383 12.66 313 10.70 243 8.72 173 6.70 103
16.48 452 14.57 382 12.63 312 10.68 242 8.69 172 6.67 102
16.46 451 14.54 381 12.60 311 10.65 241 8.66 171 6.64 101
16.43 450 14.51 380 12.57 310 10.62 240 8.63 170 6.61 100
16.40 449 14.48 379 12.55 309 10.59 239 8.60 169 6.58 99
16.37 448 14.46 378 12.52 308 10.56 238 8.57 168 6.55 98
16.34 447 14.43 377 12.49 307 10.53 237 8.54 167 6.52 97
16.32 446 14.40 376 12.47 306 10.51 236 8.52 166 6.49 96
16.29 445 14.37 375 12.44 305 10.48 235 8.49 165 6.46 95
16.26 444 14.34 374 12.41 304 10.45 234 8.46 164 6.43 94
16.23 443 14.31 373 12.38 303 10.42 233 8.43 163 6.40 93
16.21 442 14.29 372 12.35 302 10.39 232 8.40 162 6.37 92
16.18 441 14.26 371 12.32 301 10.36 231 8.37 161 6.34 91
6.31 90 5.87 75 5.42 60 4.97 45 4.51 30 4.04 15
6.29 89 5.84 74 5.39 59 4.94 44 4.48 29 4.00 14
6.26 88 5.81 73 5.36 58 4.91 43 4.45 28 3.97 13
6.23 87 5.78 72 5.33 57 4.88 42 4.41 27 3.94 12
6.20 86 5.75 71 5.30 56 4.85 41 4.38 26 3.91 11
6.17 85 5.72 70 5.27 55 4.82 40 4.35 25 3.87 10
6.14 84 5.69 69 5.24 54 4.78 39 4.32 24 3.84 9
6.11 83 5.66 68 5.21 53 4.75 38 4.29 23 3.81 8
6.08 82 5.63 67 5.18 52 4.72 37 4.26 22 3.77 7
6.05 81 5.60 66 5.15 51 4.69 36 4.22 21 3.74 6
6.02 80 5.57 65 5.12 50 4.67 35 4.20 20 3.71 5
5.99 79 5.54 64 5.09 49 4.63 34 4.16 19 3.67 4
5.96 78 5.51 63 5.06 48 4.60 33 4.13 18 3.64 3
5.93 77 5.48 62 5.03 47 4.57 32 4.10 17 3.60 2
5.90 76 5.45 61 5.00 46 4.54 31 4.07 16 3.57 1
