35.79 1350 34.18 1280 32.56 1210 30.94 1140 29.31 1070 27.68 1000
35.77 1349 34.15 1279 32.54 1209 30.91 1139 29.28 1069 27.65 999
35.75 1348 34.13 1278 32.52 1208 30.89 1138 29.26 1068 27.63 998
35.73 1347 34.11 1277 32.49 1207 30.87 1137 29.24 1067 27.60 997
35.70 1346 34.09 1276 32.47 1206 30.85 1136 29.22 1066 27.58 996
35.68 1345 34.07 1275 32.44 1205 30.82 1135 29.19 1065 27.56 995
35.66 1344 34.04 1274 32.42 1204 30.80 1134 29.17 1064 27.54 994
35.63 1343 34.02 1273 32.40 1203 30.77 1133 29.14 1063 27.51 993
35.61 1342 33.99 1272 32.37 1202 30.75 1132 29.12 1062 27.49 992
35.58 1341 33.97 1271 32.35 1201 30.73 1131 29.10 1061 27.46 991
35.56 1340 33.95 1270 32.33 1200 30.70 1130 29.08 1060 27.44 990
35.54 1339 33.92 1269 32.31 1199 30.68 1129 29.06 1059 27.42 989
35.52 1338 33.90 1268 32.28 1198 30.66 1128 29.03 1058 27.40 988
35.50 1337 33.88 1267 32.26 1197 30.64 1127 29.01 1057 27.37 987
35.47 1336 33.86 1266 32.24 1196 30.61 1126 28.98 1056 27.35 986
35.45 1335 33.83 1265 32.21 1195 30.59 1125 28.96 1055 27.33 985
35.43 1334 33.81 1264 32.19 1194 30.56 1124 28.94 1054 27.30 984
35.40 1333 33.79 1263 32.17 1193 30.54 1123 28.91 1053 27.28 983
35.38 1332 33.76 1262 32.14 1192 30.52 1122 28.89 1052 27.25 982
35.35 1331 33.74 1261 32.12 1191 30.50 1121 28.87 1051 27.23 981
35.33 1330 33.72 1260 32.10 1190 30.47 1120 28.84 1050 27.21 980
35.31 1329 33.69 1259 32.07 1189 30.45 1119 28.82 1049 27.19 979
35.29 1328 33.67 1258 32.05 1188 30.43 1118 28.79 1048 27.16 978
35.27 1327 33.65 1257 32.03 1187 30.40 1117 28.77 1047 27.14 977
35.24 1326 33.63 1256 32.00 1186 30.38 1116 28.75 1046 27.11 976
35.22 1325 33.60 1255 31.98 1185 30.35 1115 28.73 1045 27.09 975
35.19 1324 33.58 1254 31.96 1184 30.33 1114 28.71 1044 27.07 974
35.17 1323 33.55 1253 31.94 1183 30.31 1113 28.68 1043 27.05 973
35.15 1322 33.53 1252 31.91 1182 30.29 1112 28.66 1042 27.02 972
35.13 1321 33.51 1251 31.89 1181 30.27 1111 28.63 1041 27.00 971
35.10 1320 33.49 1250 31.86 1180 30.24 1110 28.61 1040 26.97 970
35.08 1319 33.47 1249 31.84 1179 30.22 1109 28.59 1039 26.95 969
35.06 1318 33.44 1248 31.82 1178 30.19 1108 28.56 1038 26.93 968
35.03 1317 33.42 1247 31.80 1177 30.17 1107 28.54 1037 26.90 967
35.01 1316 33.39 1246 31.77 1176 30.15 1106 28.52 1036 26.88 966
34.99 1315 33.37 1245 31.75 1175 30.13 1105 28.49 1035 26.86 965
34.96 1314 33.35 1244 31.73 1174 30.10 1104 28.47 1034 26.83 964
34.94 1313 33.32 1243 31.70 1173 30.08 1103 28.44 1033 26.81 963
34.92 1312 33.30 1242 31.68 1172 30.05 1102 28.42 1032 26.78 962
34.90 1311 33.28 1241 31.65 1171 30.03 1101 28.40 1031 26.76 961
34.87 1310 33.26 1240 31.63 1170 30.00 1100 28.38 1030 26.74 960
34.85 1309 33.23 1239 31.61 1169 29.98 1099 28.36 1029 26.72 959
34.83 1308 33.21 1238 31.59 1168 29.96 1098 28.33 1028 26.70 958
34.80 1307 33.18 1237 31.57 1167 29.94 1097 28.31 1027 26.67 957
34.78 1306 33.16 1236 31.54 1166 29.92 1096 28.28 1026 26.65 956
34.75 1305 33.14 1235 31.52 1165 29.89 1095 28.26 1025 26.62 955
34.73 1304 33.12 1234 31.49 1164 29.87 1094 28.24 1024 26.60 954
34.71 1303 33.09 1233 31.47 1163 29.84 1093 28.21 1023 26.58 953
34.69 1302 33.07 1232 31.45 1162 29.82 1092 28.19 1022 26.56 952
34.67 1301 33.05 1231 31.42 1161 29.80 1091 28.17 1021 26.53 951
34.64 1300 33.02 1230 31.40 1160 29.78 1090 28.14 1020 26.51 950
34.62 1299 33.00 1229 31.38 1159 29.75 1089 28.12 1019 26.48 949
34.59 1298 32.97 1228 31.36 1158 29.73 1088 28.09 1018 26.46 948
34.57 1297 32.95 1227 31.33 1157 29.71 1087 28.07 1017 26.44 947
34.55 1296 32.93 1226 31.31 1156 29.68 1086 28.05 1016 26.41 946
34.52 1295 32.91 1225 31.28 1155 29.66 1085 28.03 1015 26.39 945
34.50 1294 32.89 1224 31.26 1154 29.63 1084 28.00 1014 26.37 944
34.48 1293 32.86 1223 31.24 1153 29.61 1083 27.98 1013 26.34 943
34.46 1292 32.84 1222 31.22 1152 29.59 1082 27.95 1012 26.32 942
34.43 1291 32.81 1221 31.19 1151 29.57 1081 27.93 1011 26.29 941
34.41 1290 32.79 1220 31.17 1150 29.54 1080 27.91 1010 26.27 940
34.39 1289 32.77 1219 31.15 1149 29.52 1079 27.89 1009 26.25 939
34.36 1288 32.75 1218 31.12 1148 29.49 1078 27.87 1008 26.23 938
34.34 1287 32.72 1217 31.10 1147 29.47 1077 27.84 1007 26.20 937
34.32 1286 32.70 1216 31.07 1146 29.45 1076 27.82 1006 26.18 936
34.30 1285 32.68 1215 31.05 1145 29.43 1075 27.79 1005 26.15 935
34.27 1284 32.65 1214 31.03 1144 29.40 1074 27.77 1004 26.13 934
34.25 1283 32.63 1213 31.01 1143 29.38 1073 27.75 1003 26.11 933
34.23 1282 32.61 1212 30.99 1142 29.36 1072 27.72 1002 26.09 932
34.20 1281 32.58 1211 30.96 1141 29.33 1071 27.70 1001 26.06 931
26.04 930 24.39 860 22.74 790 21.09 720 19.42 650 17.75 580
26.01 929 24.37 859 22.72 789 21.06 719 19.39 649 17.72 579
25.99 928 24.35 858 22.69 788 21.04 718 19.37 648 17.70 578
25.97 927 24.32 857 22.67 787 21.01 717 19.35 647 17.67 577
25.94 926 24.30 856 22.65 786 20.99 716 19.32 646 17.65 576
25.92 925 24.27 855 22.63 785 20.97 715 19.30 645 17.63 575
25.90 924 24.25 854 22.60 784 20.94 714 19.27 644 17.60 574
25.87 923 24.23 853 22.58 783 20.92 713 19.25 643 17.58 573
25.85 922 24.21 852 22.55 782 20.89 712 19.23 642 17.55 572
25.82 921 24.18 851 22.53 781 20.87 711 19.21 641 17.53 571
25.80 920 24.16 850 22.50 780 20.85 710 19.18 640 17.50 570
25.78 919 24.13 849 22.48 779 20.82 709 19.15 639 17.48 569
25.76 918 24.11 848 22.46 778 20.80 708 19.13 638 17.46 568
25.73 917 24.09 847 22.44 777 20.78 707 19.11 637 17.43 567
25.71 916 24.07 846 22.41 776 20.75 706 19.09 636 17.41 566
25.68 915 24.04 845 22.38 775 20.73 705 19.06 635 17.38 565
25.66 914 24.02 844 22.36 774 20.70 704 19.03 634 17.36 564
25.64 913 23.99 843 22.34 773 20.68 703 19.01 633 17.34 563
25.62 912 23.97 842 22.32 772 20.66 702 18.99 632 17.31 562
25.59 911 23.95 841 22.29 771 20.63 701 18.97 631 17.29 561
25.57 910 23.92 840 22.27 770 20.61 700 18.94 630 17.26 560
25.54 909 23.90 839 22.24 769 20.58 699 18.92 629 17.24 559
25.52 908 23.87 838 22.22 768 20.56 698 18.89 628 17.22 558
25.50 907 23.85 837 22.20 767 20.54 697 18.87 627 17.19 557
25.47 906 23.83 836 22.18 766 20.52 696 18.85 626 17.17 556
25.45 905 23.80 835 22.15 765 20.49 695 18.82 625 17.14 555
25.43 904 23.78 834 22.13 764 20.46 694 18.80 624 17.12 554
25.40 903 23.76 833 22.10 763 20.44 693 18.77 623 17.10 553
25.38 902 23.73 832 22.08 762 20.42 692 18.75 622 17.07 552
25.35 901 23.71 831 22.06 761 20.40 691 18.73 621 17.05 551
25.33 900 23.68 830 22.03 760 20.37 690 18.70 620 17.02 550
25.31 899 23.66 829 22.01 759 20.35 689 18.68 619 17.00 549
25.29 898 23.64 828 21.98 758 20.32 688 18.65 618 16.98 548
25.26 897 23.62 827 21.96 757 20.30 687 18.63 617 16.95 547
25.24 896 23.59 826 21.94 756 20.28 686 18.61 616 16.93 546
25.21 895 23.57 825 21.92 755 20.25 685 18.58 615 16.90 545
25.19 894 23.54 824 21.89 754 20.23 684 18.56 614 16.88 544
25.17 893 23.52 823 21.87 753 20.20 683 18.53 613 16.86 543
25.15 892 23.50 822 21.84 752 20.18 682 18.51 612 16.83 542
25.12 891 23.48 821 21.82 751 20.16 681 18.49 611 16.81 541
25.10 890 23.45 820 21.80 750 20.14 680 18.47 610 16.78 540
25.07 889 23.43 819 21.77 749 20.11 679 18.44 609 16.76 539
25.05 888 23.40 818 21.75 748 20.09 678 18.41 608 16.74 538
25.03 887 23.38 817 21.72 747 20.06 677 18.39 607 16.71 537
25.00 886 23.36 816 21.70 746 20.04 676 18.37 606 16.69 536
24.98 885 23.33 815 21.68 745 20.02 675 18.35 605 16.66 535
24.96 884 23.31 814 21.65 744 19.99 674 18.32 604 16.64 534
24.93 883 23.29 813 21.63 743 19.97 673 18.29 603 16.61 533
24.91 882 23.26 812 21.61 742 19.94 672 18.27 602 16.59 532
24.88 881 23.24 811 21.58 741 19.92 671 18.25 601 16.57 531
24.86 880 23.21 810 21.56 740 19.90 670 18.23 600 16.54 530
24.84 879 23.19 809 21.53 739 19.87 669 18.20 599 16.52 529
24.82 878 23.17 808 21.51 738 19.85 668 18.18 598 16.49 528
24.79 877 23.14 807 21.49 737 19.82 667 18.15 597 16.47 527
24.77 876 23.12 806 21.47 736 19.80 666 18.13 596 16.45 526
24.74 875 23.09 805 21.44 735 19.78 665 18.11 595 16.42 525
24.72 874 23.07 804 21.41 734 19.75 664 18.08 594 16.40 524
24.70 873 23.05 803 21.39 733 19.73 663 18.06 593 16.37 523
24.68 872 23.03 802 21.37 732 19.70 662 18.03 592 16.35 522
24.65 871 23.00 801 21.35 731 19.68 661 18.01 591 16.33 521
24.63 870 22.98 800 21.32 730 19.66 660 17.99 590 16.30 520
24.60 869 22.95 799 21.30 729 19.63 659 17.96 589 16.28 519
24.58 868 22.93 798 21.27 728 19.61 658 17.94 588 16.25 518
24.56 867 22.91 797 21.25 727 19.59 657 17.91 587 16.23 517
24.54 866 22.89 796 21.23 726 19.56 656 17.89 586 16.21 516
24.51 865 22.86 795 21.21 725 19.54 655 17.87 585 16.18 515
24.49 864 22.84 794 21.18 724 19.51 654 17.84 584 16.16 514
24.46 863 22.81 793 21.15 723 19.49 653 17.82 583 16.13 513
24.44 862 22.79 792 21.13 722 19.47 652 17.79 582 16.11 512
24.42 861 22.77 791 21.11 721 19.44 651 17.77 581 16.09 511
16.06 510 14.37 440 12.66 370 10.93 300 9.19 230 7.42 160
16.04 509 14.34 439 12.64 369 10.91 299 9.16 229 7.40 159
16.01 508 14.32 438 12.61 368 10.89 298 9.14 228 7.37 158
15.99 507 14.30 437 12.58 367 10.86 297 9.12 227 7.35 157
15.97 506 14.27 436 12.56 366 10.83 296 9.09 226 7.32 156
15.94 505 14.24 435 12.54 365 10.81 295 9.07 225 7.30 155
15.92 504 14.22 434 12.51 364 10.79 294 9.04 224 7.27 154
15.89 503 14.20 433 12.48 363 10.76 293 9.02 223 7.24 153
15.87 502 14.17 432 12.46 362 10.74 292 8.99 222 7.22 152
15.85 501 14.15 431 12.44 361 10.71 291 8.97 221 7.19 151
15.82 500 14.12 430 12.41 360 10.69 290 8.94 220 7.17 150
15.79 499 14.10 429 12.39 359 10.66 289 8.91 219 7.14 149
15.77 498 14.08 428 12.36 358 10.64 288 8.89 218 7.12 148
15.75 497 14.05 427 12.34 357 10.61 287 8.87 217 7.09 147
15.73 496 14.02 426 12.32 356 10.59 286 8.84 216 7.07 146
15.70 495 14.00 425 12.29 355 10.56 285 8.82 215 7.04 145
15.67 494 13.98 424 12.26 354 10.54 284 8.79 214 7.01 144
15.65 493 13.95 423 12.24 353 10.51 283 8.76 213 6.99 143
15.63 492 13.93 422 12.22 352 10.49 282 8.74 212 6.96 142
15.60 491 13.90 421 12.19 351 10.46 281 8.72 211 6.94 141
15.58 490 13.88 420 12.17 350 10.44 280 8.69 210 6.91 140
15.55 489 13.86 419 12.14 349 10.41 279 8.66 209 6.88 139
15.53 488 13.83 418 12.12 348 10.39 278 8.64 208 6.86 138
15.51 487 13.80 417 12.09 347 10.37 277 8.61 207 6.84 137
15.48 486 13.78 416 12.07 346 10.34 276 8.59 206 6.81 136
15.46 485 13.76 415 12.05 345 10.31 275 8.56 205 6.78 135
15.43 484 13.73 414 12.02 344 10.29 274 8.54 204 6.76 134
15.41 483 13.71 413 11.99 343 10.27 273 8.51 203 6.73 133
15.39 482 13.68 412 11.97 342 10.24 272 8.49 202 6.71 132
15.36 481 13.66 411 11.95 341 10.21 271 8.46 201 6.68 131
15.33 480 13.64 410 11.92 340 10.19 270 8.44 200 6.65 130
15.31 479 13.61 409 11.89 339 10.17 269 8.41 199 6.63 129
15.29 478 13.59 408 11.87 338 10.14 268 8.39 198 6.60 128
15.26 477 13.56 407 11.85 337 10.11 267 8.36 197 6.58 127
15.24 476 13.54 406 11.82 336 10.09 266 8.33 196 6.55 126
15.21 475 13.51 405 11.80 335 10.07 265 8.31 195 6.52 125
15.19 474 13.49 404 11.77 334 10.04 264 8.29 194 6.50 124
15.17 473 13.47 403 11.75 333 10.02 263 8.26 193 6.47 123
15.14 472 13.44 402 11.72 332 9.99 262 8.24 192 6.45 122
15.12 471 13.42 401 11.70 331 9.97 261 8.21 191 6.42 121
15.09 470 13.39 400 11.68 330 9.94 260 8.18 190 6.40 120
15.07 469 13.37 399 11.65 329 9.92 259 8.16 189 6.37 119
15.05 468 13.35 398 11.63 328 9.89 258 8.14 188 6.35 118
15.02 467 13.32 397 11.60 327 9.86 257 8.11 187 6.32 117
14.99 466 13.29 396 11.58 326 9.84 256 8.08 186 6.29 116
14.97 465 13.27 395 11.55 325 9.82 255 8.06 185 6.27 115
14.95 464 13.25 394 11.53 324 9.79 254 8.03 184 6.24 114
14.92 463 13.22 393 11.50 323 9.76 253 8.01 183 6.22 113
14.90 462 13.19 392 11.48 322 9.74 252 7.98 182 6.19 112
14.87 461 13.17 391 11.46 321 9.72 251 7.96 181 6.16 111
14.85 460 13.15 390 11.43 320 9.69 250 7.93 180 6.14 110
14.83 459 13.12 389 11.40 319 9.67 249 7.91 179 6.11 109
14.80 458 13.10 388 11.38 318 9.64 248 7.88 178 6.09 108
14.78 457 13.07 387 11.36 317 9.62 247 7.85 177 6.06 107
14.75 456 13.05 386 11.33 316 9.59 246 7.83 176 6.03 106
14.73 455 13.03 385 11.30 315 9.57 245 7.80 175 6.01 105
14.71 454 13.00 384 11.28 314 9.54 244 7.78 174 5.98 104
14.68 453 12.97 383 11.26 313 9.52 243 7.76 173 5.95 103
14.66 452 12.95 382 11.23 312 9.49 242 7.73 172 5.93 102
14.63 451 12.93 381 11.21 311 9.47 241 7.70 171 5.90 101
14.61 450 12.90 380 11.18 310 9.44 240 7.68 170 5.88 100
14.58 449 12.88 379 11.16 309 9.42 239 7.65 169 5.85 99
14.56 448 12.85 378 11.13 308 9.39 238 7.63 168 5.82 98
14.54 447 12.83 377 11.11 307 9.37 237 7.60 167 5.80 97
14.51 446 12.80 376 11.09 306 9.34 236 7.58 166 5.77 96
14.49 445 12.78 375 11.06 305 9.32 235 7.55 165 5.75 95
14.46 444 12.76 374 11.03 304 9.29 234 7.53 164 5.72 94
14.44 443 12.73 373 11.01 303 9.27 233 7.50 163 5.69 93
14.42 442 12.71 372 10.99 302 9.24 232 7.47 162 5.67 92
14.39 441 12.68 371 10.96 301 9.22 231 7.45 161 5.64 91
5.62 90 5.22 75 4.82 60 4.42 45 4.01 30 3.59 15
5.59 89 5.19 74 4.80 59 4.39 44 3.98 29 3.56 14
5.56 88 5.17 73 4.77 58 4.36 43 3.96 28 3.53 13
5.54 87 5.14 72 4.74 57 4.34 42 3.92 27 3.50 12
5.51 86 5.11 71 4.72 56 4.31 41 3.90 26 3.48 11
5.49 85 5.09 70 4.69 55 4.28 40 3.87 25 3.44 10
5.46 84 5.06 69 4.66 54 4.25 39 3.84 24 3.41 9
5.43 83 5.04 68 4.63 53 4.23 38 3.82 23 3.39 8
5.41 82 5.01 67 4.61 52 4.20 37 3.79 22 3.36 7
5.38 81 4.98 66 4.58 51 4.18 36 3.76 21 3.32 6
5.35 80 4.96 65 4.56 50 4.15 35 3.73 20 3.30 5
5.33 79 4.93 64 4.52 49 4.12 34 3.70 19 3.27 4
5.30 78 4.90 63 4.50 48 4.09 33 3.67 18 3.24 3
5.28 77 4.87 62 4.47 47 4.07 32 3.65 17 3.20 2
5.25 76 4.85 61 4.45 46 4.03 31 3.62 16 3.17 1
