34.32 1350 32.77 1280 31.22 1210 29.66 1140 28.10 1070 26.54 1000
34.30 1349 32.75 1279 31.19 1209 29.64 1139 28.08 1069 26.51 999
34.27 1348 32.73 1278 31.17 1208 29.62 1138 28.06 1068 26.49 998
34.25 1347 32.71 1277 31.15 1207 29.59 1137 28.03 1067 26.47 997
34.23 1346 32.68 1276 31.13 1206 29.57 1136 28.01 1066 26.45 996
34.21 1345 32.66 1275 31.10 1205 29.55 1135 27.99 1065 26.42 995
34.19 1344 32.64 1274 31.08 1204 29.53 1134 27.97 1064 26.40 994
34.16 1343 32.62 1273 31.06 1203 29.50 1133 27.94 1063 26.38 993
34.14 1342 32.59 1272 31.04 1202 29.48 1132 27.92 1062 26.36 992
34.12 1341 32.57 1271 31.02 1201 29.46 1131 27.90 1061 26.33 991
34.10 1340 32.55 1270 30.99 1200 29.44 1130 27.88 1060 26.31 990
34.08 1339 32.53 1269 30.97 1199 29.42 1129 27.86 1059 26.29 989
34.05 1338 32.51 1268 30.95 1198 29.39 1128 27.83 1058 26.27 988
34.03 1337 32.48 1267 30.93 1197 29.37 1127 27.81 1057 26.25 987
34.01 1336 32.46 1266 30.91 1196 29.35 1126 27.79 1056 26.22 986
33.99 1335 32.44 1265 30.88 1195 29.33 1125 27.77 1055 26.20 985
33.97 1334 32.42 1264 30.86 1194 29.30 1124 27.74 1054 26.18 984
33.94 1333 32.40 1263 30.84 1193 29.28 1123 27.72 1053 26.16 983
33.92 1332 32.37 1262 30.82 1192 29.26 1122 27.70 1052 26.13 982
33.90 1331 32.35 1261 30.79 1191 29.24 1121 27.68 1051 26.11 981
33.88 1330 32.33 1260 30.77 1190 29.22 1120 27.65 1050 26.09 980
33.85 1329 32.31 1259 30.75 1189 29.19 1119 27.63 1049 26.07 979
33.83 1328 32.28 1258 30.73 1188 29.17 1118 27.61 1048 26.04 978
33.81 1327 32.26 1257 30.71 1187 29.15 1117 27.59 1047 26.02 977
33.79 1326 32.24 1256 30.68 1186 29.13 1116 27.57 1046 26.00 976
33.77 1325 32.22 1255 30.66 1185 29.10 1115 27.54 1045 25.98 975
33.74 1324 32.20 1254 30.64 1184 29.08 1114 27.52 1044 25.95 974
33.72 1323 32.17 1253 30.62 1183 29.06 1113 27.50 1043 25.93 973
33.70 1322 32.15 1252 30.59 1182 29.04 1112 27.48 1042 25.91 972
33.68 1321 32.13 1251 30.57 1181 29.02 1111 27.45 1041 25.89 971
33.66 1320 32.11 1250 30.55 1180 28.99 1110 27.43 1040 25.86 970
33.63 1319 32.09 1249 30.53 1179 28.97 1109 27.41 1039 25.84 969
33.61 1318 32.06 1248 30.51 1178 28.95 1108 27.39 1038 25.82 968
33.59 1317 32.04 1247 30.48 1177 28.93 1107 27.36 1037 25.80 967
33.57 1316 32.02 1246 30.46 1176 28.90 1106 27.34 1036 25.77 966
33.55 1315 32.00 1245 30.44 1175 28.88 1105 27.32 1035 25.75 965
33.52 1314 31.97 1244 30.42 1174 28.86 1104 27.30 1034 25.73 964
33.50 1313 31.95 1243 30.39 1173 28.84 1103 27.27 1033 25.71 963
33.48 1312 31.93 1242 30.37 1172 28.81 1102 27.25 1032 25.68 962
33.46 1311 31.91 1241 30.35 1171 28.79 1101 27.23 1031 25.66 961
33.43 1310 31.89 1240 30.33 1170 28.77 1100 27.21 1030 25.64 960
33.41 1309 31.86 1239 30.31 1169 28.75 1099 27.19 1029 25.62 959
33.39 1308 31.84 1238 30.28 1168 28.73 1098 27.16 1028 25.60 958
33.37 1307 31.82 1237 30.26 1167 28.70 1097 27.14 1027 25.57 957
33.35 1306 31.80 1236 30.24 1166 28.68 1096 27.12 1026 25.55 956
33.32 1305 31.78 1235 30.22 1165 28.66 1095 27.10 1025 25.53 955
33.30 1304 31.75 1234 30.19 1164 28.64 1094 27.07 1024 25.51 954
33.28 1303 31.73 1233 30.17 1163 28.61 1093 27.05 1023 25.48 953
33.26 1302 31.71 1232 30.15 1162 28.59 1092 27.03 1022 25.46 952
33.24 1301 31.69 1231 30.13 1161 28.57 1091 27.01 1021 25.44 951
33.21 1300 31.66 1230 30.11 1160 28.55 1090 26.98 1020 25.42 950
33.19 1299 31.64 1229 30.08 1159 28.52 1089 26.96 1019 25.39 949
33.17 1298 31.62 1228 30.06 1158 28.50 1088 26.94 1018 25.37 948
33.15 1297 31.60 1227 30.04 1157 28.48 1087 26.92 1017 25.35 947
33.13 1296 31.58 1226 30.02 1156 28.46 1086 26.89 1016 25.33 946
33.10 1295 31.55 1225 29.99 1155 28.44 1085 26.87 1015 25.30 945
33.08 1294 31.53 1224 29.97 1154 28.41 1084 26.85 1014 25.28 944
33.06 1293 31.51 1223 29.95 1153 28.39 1083 26.83 1013 25.26 943
33.04 1292 31.49 1222 29.93 1152 28.37 1082 26.80 1012 25.24 942
33.01 1291 31.46 1221 29.91 1151 28.35 1081 26.78 1011 25.21 941
32.99 1290 31.44 1220 29.88 1150 28.32 1080 26.76 1010 25.19 940
32.97 1289 31.42 1219 29.86 1149 28.30 1079 26.74 1009 25.17 939
32.95 1288 31.40 1218 29.84 1148 28.28 1078 26.72 1008 25.15 938
32.93 1287 31.38 1217 29.82 1147 28.26 1077 26.69 1007 25.12 937
32.90 1286 31.35 1216 29.79 1146 28.23 1076 26.67 1006 25.10 936
32.88 1285 31.33 1215 29.77 1145 28.21 1075 26.65 1005 25.08 935
32.86 1284 31.31 1214 29.75 1144 28.19 1074 26.63 1004 25.06 934
32.84 1283 31.29 1213 29.73 1143 28.17 1073 26.60 1003 25.03 933
32.82 1282 31.27 1212 29.71 1142 28.15 1072 26.58 1002 25.01 932
32.79 1281 31.24 1211 29.68 1141 28.12 1071 26.56 1001 24.98 931
24.96 930 23.39 860 21.80 790 20.22 720 18.62 650 17.01 580
24.94 929 23.36 859 21.78 789 20.19 719 18.59 649 16.99 579
24.92 928 23.34 858 21.76 788 20.17 718 18.57 648 16.97 578
24.89 927 23.32 857 21.74 787 20.15 717 18.55 647 16.94 577
24.87 926 23.30 856 21.71 786 20.13 716 18.52 646 16.92 576
24.85 925 23.27 855 21.69 785 20.10 715 18.50 645 16.90 575
24.83 924 23.25 854 21.67 784 20.08 714 18.48 644 16.87 574
24.80 923 23.23 853 21.65 783 20.06 713 18.46 643 16.85 573
24.78 922 23.21 852 21.62 782 20.03 712 18.43 642 16.83 572
24.76 921 23.18 851 21.60 781 20.01 711 18.41 641 16.81 571
24.74 920 23.16 850 21.58 780 19.99 710 18.39 640 16.78 570
24.71 919 23.14 849 21.56 779 19.97 709 18.36 639 16.76 569
24.69 918 23.12 848 21.53 778 19.94 708 18.34 638 16.74 568
24.67 917 23.09 847 21.51 777 19.92 707 18.32 637 16.71 567
24.65 916 23.07 846 21.49 776 19.90 706 18.30 636 16.69 566
24.62 915 23.05 845 21.46 775 19.88 705 18.27 635 16.67 565
24.60 914 23.03 844 21.44 774 19.85 704 18.25 634 16.64 564
24.58 913 23.00 843 21.42 773 19.83 703 18.23 633 16.62 563
24.56 912 22.98 842 21.40 772 19.81 702 18.20 632 16.60 562
24.53 911 22.96 841 21.37 771 19.78 701 18.18 631 16.58 561
24.51 910 22.93 840 21.35 770 19.76 700 18.16 630 16.55 560
24.49 909 22.91 839 21.33 769 19.74 699 18.14 629 16.53 559
24.47 908 22.89 838 21.31 768 19.72 698 18.11 628 16.51 558
24.44 907 22.87 837 21.28 767 19.69 697 18.09 627 16.48 557
24.42 906 22.84 836 21.26 766 19.67 696 18.07 626 16.46 556
24.40 905 22.82 835 21.24 765 19.65 695 18.04 625 16.44 555
24.38 904 22.80 834 21.22 764 19.62 694 18.02 624 16.41 554
24.35 903 22.78 833 21.19 763 19.60 693 18.00 623 16.39 553
24.33 902 22.75 832 21.17 762 19.58 692 17.98 622 16.37 552
24.31 901 22.73 831 21.15 761 19.56 691 17.95 621 16.34 551
24.29 900 22.71 830 21.12 760 19.53 690 17.93 620 16.32 550
24.26 899 22.69 829 21.10 759 19.51 689 17.91 619 16.30 549
24.24 898 22.66 828 21.08 758 19.49 688 17.88 618 16.28 548
24.22 897 22.64 827 21.06 757 19.47 687 17.86 617 16.25 547
24.20 896 22.62 826 21.03 756 19.44 686 17.84 616 16.23 546
24.17 895 22.60 825 21.01 755 19.42 685 17.81 615 16.21 545
24.15 894 22.57 824 20.99 754 19.40 684 17.79 614 16.18 544
24.13 893 22.55 823 20.97 753 19.37 683 17.77 613 16.16 543
24.11 892 22.53 822 20.94 752 19.35 682 17.75 612 16.14 542
24.08 891 22.51 821 20.92 751 19.33 681 17.72 611 16.11 541
24.06 890 22.48 820 20.90 750 19.31 680 17.70 610 16.09 540
24.04 889 22.46 819 20.88 749 19.28 679 17.68 609 16.07 539
24.02 888 22.44 818 20.85 748 19.26 678 17.65 608 16.05 538
23.99 887 22.42 817 20.83 747 19.24 677 17.63 607 16.02 537
23.97 886 22.39 816 20.81 746 19.21 676 17.61 606 16.00 536
23.95 885 22.37 815 20.78 745 19.19 675 17.59 605 15.98 535
23.93 884 22.35 814 20.76 744 19.17 674 17.56 604 15.95 534
23.90 883 22.33 813 20.74 743 19.15 673 17.54 603 15.93 533
23.88 882 22.30 812 20.72 742 19.12 672 17.52 602 15.91 532
23.86 881 22.28 811 20.69 741 19.10 671 17.49 601 15.88 531
23.84 880 22.26 810 20.67 740 19.08 670 17.47 600 15.86 530
23.81 879 22.23 809 20.65 739 19.05 669 17.45 599 15.84 529
23.79 878 22.21 808 20.63 738 19.03 668 17.43 598 15.81 528
23.77 877 22.19 807 20.60 737 19.01 667 17.40 597 15.79 527
23.75 876 22.17 806 20.58 736 18.99 666 17.38 596 15.77 526
23.72 875 22.14 805 20.56 735 18.96 665 17.36 595 15.75 525
23.70 874 22.12 804 20.53 734 18.94 664 17.33 594 15.72 524
23.68 873 22.10 803 20.51 733 18.92 663 17.31 593 15.70 523
23.66 872 22.08 802 20.49 732 18.89 662 17.29 592 15.68 522
23.63 871 22.05 801 20.47 731 18.87 661 17.26 591 15.65 521
23.61 870 22.03 800 20.44 730 18.85 660 17.24 590 15.63 520
23.59 869 22.01 799 20.42 729 18.83 659 17.22 589 15.61 519
23.57 868 21.99 798 20.40 728 18.80 658 17.20 588 15.58 518
23.54 867 21.96 797 20.38 727 18.78 657 17.17 587 15.56 517
23.52 866 21.94 796 20.35 726 18.75 656 17.15 586 15.54 516
23.50 865 21.92 795 20.33 725 18.73 655 17.13 585 15.51 515
23.48 864 21.90 794 20.31 724 18.71 654 17.10 584 15.49 514
23.45 863 21.87 793 20.28 723 18.68 653 17.08 583 15.47 513
23.43 862 21.85 792 20.26 722 18.66 652 17.06 582 15.45 512
23.41 861 21.83 791 20.24 721 18.64 651 17.03 581 15.42 511
15.40 510 13.78 440 12.13 370 10.48 300 8.81 230 7.12 160
15.38 509 13.75 439 12.11 369 10.46 299 8.79 229 7.09 159
15.35 508 13.73 438 12.09 368 10.44 298 8.77 228 7.07 158
15.33 507 13.71 437 12.06 367 10.41 297 8.74 227 7.05 157
15.31 506 13.68 436 12.04 366 10.39 296 8.72 226 7.02 156
15.28 505 13.66 435 12.02 365 10.36 295 8.69 225 7.00 155
15.26 504 13.64 434 11.99 364 10.34 294 8.67 224 6.97 154
15.24 503 13.61 433 11.97 363 10.32 293 8.65 223 6.95 153
15.21 502 13.59 432 11.95 362 10.29 292 8.62 222 6.92 152
15.19 501 13.57 431 11.92 361 10.27 291 8.60 221 6.90 151
15.17 500 13.54 430 11.90 360 10.25 290 8.57 220 6.87 150
15.14 499 13.52 429 11.88 359 10.22 289 8.55 219 6.85 149
15.12 498 13.50 428 11.85 358 10.20 288 8.52 218 6.83 148
15.10 497 13.47 427 11.83 357 10.17 287 8.50 217 6.80 147
15.08 496 13.45 426 11.81 356 10.15 286 8.48 216 6.78 146
15.05 495 13.43 425 11.78 355 10.13 285 8.45 215 6.75 145
15.03 494 13.40 424 11.76 354 10.10 284 8.43 214 6.73 144
15.01 493 13.38 423 11.73 353 10.08 283 8.40 213 6.70 143
14.98 492 13.36 422 11.71 352 10.06 282 8.38 212 6.68 142
14.96 491 13.33 421 11.69 351 10.03 281 8.36 211 6.65 141
14.94 490 13.31 420 11.66 350 10.01 280 8.33 210 6.63 140
14.91 489 13.29 419 11.64 349 9.98 279 8.31 209 6.60 139
14.89 488 13.26 418 11.62 348 9.96 278 8.28 208 6.58 138
14.87 487 13.24 417 11.59 347 9.94 277 8.26 207 6.56 137
14.84 486 13.22 416 11.57 346 9.91 276 8.24 206 6.53 136
14.82 485 13.19 415 11.55 345 9.89 275 8.21 205 6.51 135
14.80 484 13.17 414 11.52 344 9.87 274 8.19 204 6.48 134
14.77 483 13.15 413 11.50 343 9.84 273 8.16 203 6.46 133
14.75 482 13.12 412 11.48 342 9.82 272 8.14 202 6.43 132
14.73 481 13.10 411 11.45 341 9.79 271 8.11 201 6.41 131
14.70 480 13.08 410 11.43 340 9.77 270 8.09 200 6.38 130
14.68 479 13.05 409 11.40 339 9.75 269 8.07 199 6.36 129
14.66 478 13.03 408 11.38 338 9.72 268 8.04 198 6.33 128
14.63 477 13.01 407 11.36 337 9.70 267 8.02 197 6.31 127
14.61 476 12.98 406 11.33 336 9.67 266 7.99 196 6.28 126
14.59 475 12.96 405 11.31 335 9.65 265 7.97 195 6.25 125
14.57 474 12.94 404 11.29 334 9.63 264 7.95 194 6.23 124
14.54 473 12.91 403 11.26 333 9.60 263 7.92 193 6.20 123
14.52 472 12.89 402 11.24 332 9.58 262 7.90 192 6.18 122
14.50 471 12.87 401 11.22 331 9.56 261 7.87 191 6.16 121
14.47 470 12.84 400 11.19 330 9.53 260 7.85 190 6.13 120
14.45 469 12.82 399 11.17 329 9.51 259 7.82 189 6.11 119
14.43 468 12.80 398 11.15 328 9.48 258 7.80 188 6.08 118
14.40 467 12.77 397 11.12 327 9.46 257 7.78 187 6.06 117
14.38 466 12.75 396 11.10 326 9.44 256 7.75 186 6.03 116
14.36 465 12.72 395 11.07 325 9.41 255 7.73 185 6.01 115
14.33 464 12.70 394 11.05 324 9.39 254 7.70 184 5.98 114
14.31 463 12.68 393 11.03 323 9.36 253 7.68 183 5.96 113
14.29 462 12.65 392 11.00 322 9.34 252 7.65 182 5.93 112
14.26 461 12.63 391 10.98 321 9.32 251 7.63 181 5.91 111
14.24 460 12.61 390 10.96 320 9.29 250 7.61 180 5.88 110
14.22 459 12.58 389 10.93 319 9.27 249 7.58 179 5.86 109
14.19 458 12.56 388 10.91 318 9.24 248 7.56 178 5.83 108
14.17 457 12.54 387 10.89 317 9.22 247 7.53 177 5.81 107
14.15 456 12.51 386 10.86 316 9.20 246 7.51 176 5.78 106
14.12 455 12.49 385 10.84 315 9.17 245 7.48 175 5.76 105
14.10 454 12.46 384 10.81 314 9.15 244 7.46 174 5.73 104
14.08 453 12.44 383 10.79 313 9.13 243 7.44 173 5.71 103
14.05 452 12.42 382 10.77 312 9.10 242 7.41 172 5.68 102
14.03 451 12.39 381 10.74 311 9.08 241 7.39 171 5.66 101
14.01 450 12.37 380 10.72 310 9.05 240 7.36 170 5.63 100
13.98 449 12.35 379 10.70 309 9.03 239 7.34 169 5.61 99
13.96 448 12.32 378 10.67 308 9.01 238 7.31 168 5.58 98
13.94 447 12.30 377 10.65 307 8.98 237 7.29 167 5.56 97
13.91 446 12.27 376 10.63 306 8.96 236 7.27 166 5.53 96
13.89 445 12.25 375 10.60 305 8.93 235 7.24 165 5.51 95
13.87 444 12.23 374 10.58 304 8.91 234 7.22 164 5.48 94
13.84 443 12.20 373 10.55 303 8.89 233 7.19 163 5.46 93
13.82 442 12.18 372 10.53 302 8.86 232 7.17 162 5.43 92
13.80 441 12.16 371 10.51 301 8.84 231 7.14 161 5.41 91
5.38 90 5.00 75 4.62 60 4.24 45 3.84 30 3.44 15
5.36 89 4.98 74 4.60 59 4.21 44 3.82 29 3.41 14
5.33 88 4.95 73 4.57 58 4.18 43 3.79 28 3.39 13
5.31 87 4.93 72 4.55 57 4.16 42 3.76 27 3.36 12
5.28 86 4.90 71 4.52 56 4.13 41 3.74 26 3.33 11
5.26 85 4.88 70 4.49 55 4.11 40 3.71 25 3.30 10
5.23 84 4.85 69 4.47 54 4.08 39 3.68 24 3.27 9
5.21 83 4.83 68 4.44 53 4.05 38 3.66 23 3.25 8
5.18 82 4.80 67 4.42 52 4.03 37 3.63 22 3.22 7
5.16 81 4.78 66 4.39 51 4.00 36 3.60 21 3.19 6
5.13 80 4.75 65 4.37 50 3.98 35 3.58 20 3.16 5
5.11 79 4.72 64 4.34 49 3.95 34 3.55 19 3.13 4
5.08 78 4.70 63 4.31 48 3.92 33 3.52 18 3.10 3
5.06 77 4.67 62 4.29 47 3.90 32 3.50 17 3.07 2
5.03 76 4.65 61 4.26 46 3.87 31 3.47 16 3.06 1
