29.78 1350 28.44 1280 27.09 1210 25.74 1140 24.39 1070 23.03 1000
29.76 1349 28.42 1279 27.07 1209 25.72 1139 24.36 1069 23.01 999
29.74 1348 28.40 1278 27.05 1208 25.70 1138 24.35 1068 22.99 998
29.72 1347 28.38 1277 27.03 1207 25.68 1137 24.33 1067 22.97 997
29.71 1346 28.36 1276 27.01 1206 25.66 1136 24.31 1066 22.95 996
29.68 1345 28.34 1275 26.99 1205 25.64 1135 24.29 1065 22.93 995
29.67 1344 28.32 1274 26.97 1204 25.62 1134 24.27 1064 22.91 994
29.64 1343 28.30 1273 26.96 1203 25.60 1133 24.25 1063 22.89 993
29.63 1342 28.28 1272 26.94 1202 25.58 1132 24.23 1062 22.87 992
29.61 1341 28.26 1271 26.92 1201 25.57 1131 24.21 1061 22.85 991
29.59 1340 28.25 1270 26.90 1200 25.55 1130 24.19 1060 22.83 990
29.57 1339 28.22 1269 26.88 1199 25.53 1129 24.17 1059 22.81 989
29.55 1338 28.21 1268 26.86 1198 25.51 1128 24.15 1058 22.79 988
29.53 1337 28.19 1267 26.84 1197 25.49 1127 24.13 1057 22.78 987
29.51 1336 28.17 1266 26.82 1196 25.47 1126 24.11 1056 22.75 986
29.49 1335 28.15 1265 26.80 1195 25.45 1125 24.10 1055 22.74 985
29.48 1334 28.13 1264 26.78 1194 25.43 1124 24.07 1054 22.71 984
29.45 1333 28.11 1263 26.76 1193 25.41 1123 24.06 1053 22.70 983
29.44 1332 28.09 1262 26.74 1192 25.39 1122 24.03 1052 22.68 982
29.41 1331 28.07 1261 26.72 1191 25.37 1121 24.02 1051 22.66 981
29.40 1330 28.05 1260 26.70 1190 25.35 1120 24.00 1050 22.64 980
29.38 1329 28.03 1259 26.68 1189 25.33 1119 23.98 1049 22.62 979
29.36 1328 28.01 1258 26.67 1188 25.32 1118 23.96 1048 22.60 978
29.34 1327 27.99 1257 26.65 1187 25.29 1117 23.94 1047 22.58 977
29.32 1326 27.98 1256 26.63 1186 25.28 1116 23.92 1046 22.56 976
29.30 1325 27.96 1255 26.61 1185 25.25 1115 23.90 1045 22.54 975
29.28 1324 27.94 1254 26.59 1184 25.24 1114 23.88 1044 22.52 974
29.26 1323 27.92 1253 26.57 1183 25.22 1113 23.86 1043 22.50 973
29.25 1322 27.90 1252 26.55 1182 25.20 1112 23.84 1042 22.48 972
29.22 1321 27.88 1251 26.53 1181 25.18 1111 23.82 1041 22.46 971
29.21 1320 27.86 1250 26.51 1180 25.16 1110 23.80 1040 22.44 970
29.18 1319 27.84 1249 26.49 1179 25.14 1109 23.78 1039 22.42 969
29.17 1318 27.82 1248 26.47 1178 25.12 1108 23.77 1038 22.40 968
29.15 1317 27.80 1247 26.45 1177 25.10 1107 23.74 1037 22.38 967
29.13 1316 27.78 1246 26.44 1176 25.08 1106 23.73 1036 22.36 966
29.11 1315 27.76 1245 26.41 1175 25.06 1105 23.70 1035 22.35 965
29.09 1314 27.74 1244 26.40 1174 25.04 1104 23.69 1034 22.32 964
29.07 1313 27.73 1243 26.37 1173 25.02 1103 23.67 1033 22.31 963
29.05 1312 27.71 1242 26.36 1172 25.00 1102 23.65 1032 22.28 962
29.03 1311 27.69 1241 26.34 1171 24.99 1101 23.63 1031 22.27 961
29.01 1310 27.67 1240 26.32 1170 24.96 1100 23.61 1030 22.25 960
28.99 1309 27.65 1239 26.30 1169 24.95 1099 23.59 1029 22.23 959
28.98 1308 27.63 1238 26.28 1168 24.93 1098 23.57 1028 22.21 958
28.95 1307 27.61 1237 26.26 1167 24.91 1097 23.55 1027 22.19 957
28.94 1306 27.59 1236 26.24 1166 24.89 1096 23.53 1026 22.17 956
28.92 1305 27.57 1235 26.22 1165 24.87 1095 23.51 1025 22.15 955
28.90 1304 27.55 1234 26.20 1164 24.85 1094 23.49 1024 22.13 954
28.88 1303 27.53 1233 26.18 1163 24.83 1093 23.47 1023 22.11 953
28.86 1302 27.51 1232 26.16 1162 24.81 1092 23.45 1022 22.09 952
28.84 1301 27.50 1231 26.14 1161 24.79 1091 23.44 1021 22.07 951
28.82 1300 27.47 1230 26.13 1160 24.77 1090 23.41 1020 22.05 950
28.80 1299 27.46 1229 26.11 1159 24.75 1089 23.40 1019 22.03 949
28.78 1298 27.43 1228 26.09 1158 24.73 1088 23.37 1018 22.02 948
28.76 1297 27.42 1227 26.07 1157 24.72 1087 23.36 1017 21.99 947
28.75 1296 27.40 1226 26.05 1156 24.69 1086 23.34 1016 21.98 946
28.72 1295 27.38 1225 26.03 1155 24.68 1085 23.32 1015 21.95 945
28.71 1294 27.36 1224 26.01 1154 24.66 1084 23.30 1014 21.94 944
28.68 1293 27.34 1223 25.99 1153 24.64 1083 23.28 1013 21.92 943
28.67 1292 27.32 1222 25.97 1152 24.62 1082 23.26 1012 21.90 942
28.65 1291 27.30 1221 25.95 1151 24.60 1081 23.24 1011 21.88 941
28.63 1290 27.28 1220 25.93 1150 24.58 1080 23.22 1010 21.86 940
28.61 1289 27.27 1219 25.91 1149 24.56 1079 23.20 1009 21.84 939
28.59 1288 27.24 1218 25.89 1148 24.54 1078 23.18 1008 21.82 938
28.57 1287 27.23 1217 25.88 1147 24.52 1077 23.16 1007 21.80 937
28.55 1286 27.20 1216 25.85 1146 24.50 1076 23.14 1006 21.78 936
28.53 1285 27.19 1215 25.84 1145 24.48 1075 23.12 1005 21.76 935
28.52 1284 27.17 1214 25.81 1144 24.46 1074 23.11 1004 21.74 934
28.49 1283 27.15 1213 25.80 1143 24.44 1073 23.08 1003 21.72 933
28.48 1282 27.13 1212 25.78 1142 24.43 1072 23.07 1002 21.70 932
28.45 1281 27.11 1211 25.76 1141 24.40 1071 23.04 1001 21.68 931
21.66 930 20.30 860 18.92 790 17.54 720 16.16 650 14.76 580
21.64 929 20.27 859 18.90 789 17.52 719 16.14 649 14.74 579
21.62 928 20.26 858 18.88 788 17.50 718 16.12 648 14.72 578
21.60 927 20.24 857 18.86 787 17.48 717 16.10 647 14.70 577
21.59 926 20.22 856 18.84 786 17.46 716 16.08 646 14.69 576
21.56 925 20.20 855 18.82 785 17.44 715 16.06 645 14.66 575
21.55 924 20.18 854 18.80 784 17.42 714 16.04 644 14.64 574
21.52 923 20.16 853 18.78 783 17.40 713 16.02 643 14.63 573
21.51 922 20.14 852 18.76 782 17.38 712 16.00 642 14.60 572
21.49 921 20.12 851 18.75 781 17.36 711 15.98 641 14.59 571
21.47 920 20.10 850 18.72 780 17.34 710 15.96 640 14.56 570
21.45 919 20.08 849 18.71 779 17.33 709 15.94 639 14.54 569
21.43 918 20.06 848 18.68 778 17.30 708 15.92 638 14.53 568
21.41 917 20.04 847 18.67 777 17.29 707 15.90 637 14.50 567
21.39 916 20.02 846 18.65 776 17.27 706 15.88 636 14.49 566
21.37 915 20.00 845 18.62 775 17.25 705 15.86 635 14.46 565
21.35 914 19.98 844 18.61 774 17.23 704 15.84 634 14.44 564
21.33 913 19.96 843 18.59 773 17.20 703 15.82 633 14.43 563
21.31 912 19.94 842 18.57 772 17.19 702 15.80 632 14.40 562
21.29 911 19.92 841 18.55 771 17.17 701 15.78 631 14.39 561
21.27 910 19.90 840 18.53 770 17.15 700 15.76 630 14.36 560
21.25 909 19.88 839 18.51 769 17.13 699 15.74 629 14.34 559
21.23 908 19.86 838 18.49 768 17.11 698 15.72 628 14.33 558
21.21 907 19.84 837 18.47 767 17.09 697 15.70 627 14.30 557
21.19 906 19.82 836 18.45 766 17.07 696 15.68 626 14.29 556
21.17 905 19.81 835 18.43 765 17.05 695 15.66 625 14.26 555
21.16 904 19.78 834 18.41 764 17.03 694 15.64 624 14.24 554
21.13 903 19.77 833 18.39 763 17.01 693 15.62 623 14.23 553
21.12 902 19.74 832 18.37 762 16.99 692 15.60 622 14.20 552
21.09 901 19.73 831 18.35 761 16.97 691 15.58 621 14.18 551
21.08 900 19.71 830 18.33 760 16.95 690 15.56 620 14.16 550
21.06 899 19.69 829 18.31 759 16.93 689 15.54 619 14.14 549
21.04 898 19.67 828 18.29 758 16.91 688 15.52 618 14.13 548
21.02 897 19.65 827 18.27 757 16.89 687 15.50 617 14.10 547
21.00 896 19.63 826 18.25 756 16.87 686 15.48 616 14.08 546
20.98 895 19.61 825 18.23 755 16.85 685 15.46 615 14.06 545
20.96 894 19.59 824 18.21 754 16.83 684 15.44 614 14.04 544
20.94 893 19.57 823 18.19 753 16.81 683 15.42 613 14.03 543
20.92 892 19.55 822 18.17 752 16.79 682 15.40 612 14.00 542
20.90 891 19.53 821 18.16 751 16.77 681 15.38 611 13.98 541
20.88 890 19.51 820 18.13 750 16.75 680 15.36 610 13.97 540
20.86 889 19.49 819 18.12 749 16.73 679 15.34 609 13.94 539
20.84 888 19.47 818 18.09 748 16.71 678 15.32 608 13.93 538
20.82 887 19.45 817 18.07 747 16.69 677 15.30 607 13.90 537
20.80 886 19.43 816 18.06 746 16.67 676 15.28 606 13.88 536
20.78 885 19.41 815 18.03 745 16.65 675 15.26 605 13.87 535
20.76 884 19.39 814 18.02 744 16.63 674 15.24 604 13.84 534
20.74 883 19.38 813 17.99 743 16.61 673 15.22 603 13.82 533
20.73 882 19.35 812 17.98 742 16.59 672 15.20 602 13.80 532
20.70 881 19.33 811 17.96 741 16.57 671 15.18 601 13.78 531
20.69 880 19.31 810 17.94 740 16.55 670 15.16 600 13.77 530
20.67 879 19.29 809 17.92 739 16.53 669 15.14 599 13.74 529
20.65 878 19.28 808 17.90 738 16.51 668 15.12 598 13.72 528
20.63 877 19.25 807 17.88 737 16.49 667 15.10 597 13.70 527
20.61 876 19.24 806 17.86 736 16.47 666 15.08 596 13.68 526
20.59 875 19.21 805 17.84 735 16.45 665 15.06 595 13.67 525
20.57 874 19.20 804 17.82 734 16.44 664 15.04 594 13.64 524
20.55 873 19.18 803 17.80 733 16.41 663 15.02 593 13.62 523
20.53 872 19.16 802 17.78 732 16.39 662 15.00 592 13.60 522
20.51 871 19.14 801 17.76 731 16.37 661 14.98 591 13.58 521
20.49 870 19.12 800 17.74 730 16.35 660 14.96 590 13.56 520
20.47 869 19.10 799 17.72 729 16.34 659 14.94 589 13.54 519
20.45 868 19.08 798 17.70 728 16.31 658 14.92 588 13.52 518
20.43 867 19.06 797 17.68 727 16.30 657 14.90 587 13.50 517
20.41 866 19.04 796 17.66 726 16.28 656 14.88 586 13.48 516
20.39 865 19.02 795 17.64 725 16.26 655 14.86 585 13.46 515
20.37 864 19.00 794 17.62 724 16.24 654 14.84 584 13.44 514
20.35 863 18.98 793 17.60 723 16.21 653 14.82 583 13.42 513
20.34 862 18.96 792 17.58 722 16.20 652 14.80 582 13.40 512
20.31 861 18.94 791 17.56 721 16.18 651 14.78 581 13.38 511
13.36 510 11.95 440 10.53 370 9.10 300 7.65 230 6.18 160
13.34 509 11.93 439 10.51 369 9.08 299 7.63 229 6.15 159
13.32 508 11.91 438 10.49 368 9.06 298 7.61 228 6.14 158
13.30 507 11.89 437 10.47 367 9.04 297 7.59 227 6.11 157
13.28 506 11.87 436 10.45 366 9.01 296 7.56 226 6.09 156
13.26 505 11.85 435 10.43 365 8.99 295 7.54 225 6.07 155
13.24 504 11.83 434 10.41 364 8.98 294 7.52 224 6.05 154
13.22 503 11.81 433 10.39 363 8.95 293 7.50 223 6.03 153
13.20 502 11.79 432 10.37 362 8.93 292 7.48 222 6.01 152
13.18 501 11.77 431 10.35 361 8.91 291 7.46 221 5.98 151
13.16 500 11.75 430 10.33 360 8.89 290 7.44 220 5.96 150
13.14 499 11.73 429 10.31 359 8.87 289 7.42 219 5.94 149
13.12 498 11.71 428 10.29 358 8.85 288 7.40 218 5.92 148
13.10 497 11.69 427 10.27 357 8.83 287 7.38 217 5.90 147
13.08 496 11.67 426 10.25 356 8.81 286 7.36 216 5.88 146
13.06 495 11.65 425 10.23 355 8.79 285 7.33 215 5.86 145
13.04 494 11.63 424 10.20 354 8.77 284 7.31 214 5.84 144
13.02 493 11.61 423 10.18 353 8.75 283 7.29 213 5.81 143
13.00 492 11.59 422 10.17 352 8.73 282 7.27 212 5.79 142
12.98 491 11.57 421 10.14 351 8.71 281 7.25 211 5.77 141
12.96 490 11.55 420 10.12 350 8.68 280 7.23 210 5.75 140
12.94 489 11.53 419 10.10 349 8.66 279 7.21 209 5.73 139
12.92 488 11.51 418 10.08 348 8.65 278 7.19 208 5.71 138
12.90 487 11.49 417 10.06 347 8.62 277 7.17 207 5.69 137
12.88 486 11.47 416 10.04 346 8.60 276 7.15 206 5.67 136
12.86 485 11.45 415 10.02 345 8.58 275 7.13 205 5.65 135
12.84 484 11.42 414 10.00 344 8.56 274 7.10 204 5.62 134
12.82 483 11.41 413 9.98 343 8.54 273 7.08 203 5.60 133
12.80 482 11.39 412 9.96 342 8.52 272 7.06 202 5.58 132
12.78 481 11.36 411 9.94 341 8.50 271 7.04 201 5.56 131
12.76 480 11.35 410 9.92 340 8.48 270 7.02 200 5.54 130
12.74 479 11.33 409 9.90 339 8.46 269 7.00 199 5.52 129
12.72 478 11.30 408 9.88 338 8.44 268 6.98 198 5.49 128
12.70 477 11.29 407 9.86 337 8.42 267 6.96 197 5.47 127
12.68 476 11.26 406 9.84 336 8.39 266 6.94 196 5.45 126
12.66 475 11.24 405 9.82 335 8.38 265 6.91 195 5.43 125
12.64 474 11.23 404 9.80 334 8.35 264 6.90 194 5.41 124
12.62 473 11.20 403 9.77 333 8.33 263 6.87 193 5.38 123
12.60 472 11.18 402 9.75 332 8.31 262 6.85 192 5.36 122
12.58 471 11.16 401 9.74 331 8.29 261 6.83 191 5.35 121
12.56 470 11.14 400 9.71 330 8.27 260 6.81 190 5.32 120
12.54 469 11.12 399 9.69 329 8.25 259 6.79 189 5.30 119
12.52 468 11.10 398 9.67 328 8.23 258 6.77 188 5.28 118
12.50 467 11.08 397 9.65 327 8.21 257 6.75 187 5.26 117
12.48 466 11.06 396 9.63 326 8.19 256 6.73 186 5.24 116
12.46 465 11.04 395 9.61 325 8.17 255 6.70 185 5.22 115
12.44 464 11.02 394 9.59 324 8.15 254 6.68 184 5.19 114
12.41 463 11.00 393 9.57 323 8.12 253 6.66 183 5.17 113
12.40 462 10.98 392 9.55 322 8.11 252 6.64 182 5.15 112
12.38 461 10.96 391 9.53 321 8.09 251 6.62 181 5.13 111
12.36 460 10.94 390 9.51 320 8.06 250 6.60 180 5.11 110
12.34 459 10.92 389 9.49 319 8.04 249 6.58 179 5.09 109
12.32 458 10.90 388 9.47 318 8.02 248 6.56 178 5.06 108
12.30 457 10.88 387 9.45 317 8.00 247 6.54 177 5.04 107
12.28 456 10.86 386 9.43 316 7.98 246 6.51 176 5.02 106
12.25 455 10.84 385 9.41 315 7.96 245 6.49 175 5.00 105
12.24 454 10.82 384 9.38 314 7.94 244 6.47 174 4.98 104
12.22 453 10.80 383 9.37 313 7.92 243 6.45 173 4.96 103
12.19 452 10.78 382 9.34 312 7.90 242 6.43 172 4.93 102
12.18 451 10.76 381 9.32 311 7.88 241 6.41 171 4.91 101
12.15 450 10.73 380 9.30 310 7.86 240 6.39 170 4.89 100
12.13 449 10.72 379 9.28 309 7.83 239 6.37 169 4.87 99
12.12 448 10.70 378 9.26 308 7.82 238 6.34 168 4.85 98
12.09 447 10.67 377 9.24 307 7.79 237 6.32 167 4.82 97
12.07 446 10.65 376 9.22 306 7.77 236 6.31 166 4.80 96
12.05 445 10.63 375 9.20 305 7.75 235 6.28 165 4.78 95
12.03 444 10.61 374 9.18 304 7.73 234 6.26 164 4.76 94
12.01 443 10.59 373 9.16 303 7.71 233 6.24 163 4.74 93
11.99 442 10.57 372 9.14 302 7.69 232 6.22 162 4.72 92
11.97 441 10.55 371 9.12 301 7.67 231 6.20 161 4.69 91
4.67 90 4.34 75 4.01 60 3.68 45 3.34 30 2.99 15
4.65 89 4.32 74 3.99 59 3.66 44 3.31 29 2.96 14
4.63 88 4.30 73 3.97 58 3.63 43 3.29 28 2.94 13
4.61 87 4.28 72 3.95 57 3.61 42 3.27 27 2.91 12
4.59 86 4.26 71 3.93 56 3.59 41 3.24 26 2.89 11
4.56 85 4.23 70 3.90 55 3.57 40 3.22 25 2.87 10
4.54 84 4.21 69 3.88 54 3.54 39 3.20 24 2.84 9
4.52 83 4.19 68 3.86 53 3.52 38 3.17 23 2.82 8
4.50 82 4.17 67 3.83 52 3.50 37 3.15 22 2.79 7
4.48 81 4.15 66 3.81 51 3.47 36 3.13 21 2.77 6
4.46 80 4.13 65 3.79 50 3.45 35 3.11 20 2.74 5
4.43 79 4.10 64 3.77 49 3.43 34 3.08 19 2.72 4
4.41 78 4.08 63 3.74 48 3.40 33 3.06 18 2.69 3
4.39 77 4.06 62 3.72 47 3.38 32 3.04 17 2.67 2
4.36 76 4.03 61 3.70 46 3.36 31 3.01 16 2.66 1
