25.20 1350 24.06 1280 22.92 1210 21.78 1140 20.63 1070 19.48 1000
25.18 1349 24.04 1279 22.91 1209 21.76 1139 20.62 1069 19.47 999
25.16 1348 24.03 1278 22.89 1208 21.75 1138 20.60 1068 19.45 998
25.15 1347 24.01 1277 22.87 1207 21.73 1137 20.58 1067 19.43 997
25.14 1346 24.00 1276 22.86 1206 21.71 1136 20.57 1066 19.42 996
25.12 1345 23.98 1275 22.84 1205 21.70 1135 20.55 1065 19.40 995
25.10 1344 23.96 1274 22.82 1204 21.68 1134 20.54 1064 19.39 994
25.08 1343 23.95 1273 22.81 1203 21.66 1133 20.52 1063 19.37 993
25.07 1342 23.93 1272 22.79 1202 21.65 1132 20.50 1062 19.35 992
25.05 1341 23.92 1271 22.78 1201 21.63 1131 20.49 1061 19.33 991
25.04 1340 23.90 1270 22.76 1200 21.62 1130 20.47 1060 19.32 990
25.02 1339 23.88 1269 22.74 1199 21.60 1129 20.45 1059 19.30 989
25.00 1338 23.87 1268 22.73 1198 21.58 1128 20.44 1058 19.29 988
24.99 1337 23.85 1267 22.71 1197 21.57 1127 20.42 1057 19.27 987
24.97 1336 23.83 1266 22.70 1196 21.55 1126 20.40 1056 19.25 986
24.96 1335 23.82 1265 22.68 1195 21.53 1125 20.39 1055 19.24 985
24.94 1334 23.80 1264 22.66 1194 21.52 1124 20.37 1054 19.22 984
24.92 1333 23.79 1263 22.64 1193 21.50 1123 20.36 1053 19.21 983
24.91 1332 23.77 1262 22.63 1192 21.48 1122 20.34 1052 19.19 982
24.89 1331 23.75 1261 22.61 1191 21.47 1121 20.32 1051 19.17 981
24.87 1330 23.74 1260 22.60 1190 21.45 1120 20.30 1050 19.15 980
24.86 1329 23.72 1259 22.58 1189 21.44 1119 20.29 1049 19.14 979
24.84 1328 23.70 1258 22.56 1188 21.42 1118 20.27 1048 19.12 978
24.83 1327 23.69 1257 22.55 1187 21.40 1117 20.26 1047 19.11 977
24.81 1326 23.67 1256 22.53 1186 21.39 1116 20.24 1046 19.09 976
24.79 1325 23.65 1255 22.52 1185 21.37 1115 20.22 1045 19.07 975
24.78 1324 23.64 1254 22.50 1184 21.35 1114 20.21 1044 19.05 974
24.76 1323 23.62 1253 22.48 1183 21.34 1113 20.19 1043 19.04 973
24.75 1322 23.61 1252 22.46 1182 21.32 1112 20.18 1042 19.02 972
24.73 1321 23.59 1251 22.45 1181 21.31 1111 20.16 1041 19.01 971
24.71 1320 23.57 1250 22.43 1180 21.29 1110 20.14 1040 18.99 970
24.69 1319 23.56 1249 22.42 1179 21.27 1109 20.12 1039 18.97 969
24.68 1318 23.54 1248 22.40 1178 21.26 1108 20.11 1038 18.96 968
24.66 1317 23.53 1247 22.38 1177 21.24 1107 20.09 1037 18.94 967
24.65 1316 23.51 1246 22.37 1176 21.22 1106 20.08 1036 18.92 966
24.63 1315 23.49 1245 22.35 1175 21.21 1105 20.06 1035 18.91 965
24.61 1314 23.47 1244 22.34 1174 21.19 1104 20.04 1034 18.89 964
24.60 1313 23.46 1243 22.32 1173 21.17 1103 20.02 1033 18.87 963
24.58 1312 23.45 1242 22.30 1172 21.16 1102 20.01 1032 18.86 962
24.57 1311 23.43 1241 22.28 1171 21.14 1101 19.99 1031 18.84 961
24.55 1310 23.41 1240 22.27 1170 21.12 1100 19.98 1030 18.83 960
24.53 1309 23.39 1239 22.25 1169 21.11 1099 19.96 1029 18.81 959
24.52 1308 23.38 1238 22.24 1168 21.09 1098 19.94 1028 18.79 958
24.50 1307 23.36 1237 22.22 1167 21.08 1097 19.93 1027 18.78 957
24.49 1306 23.35 1236 22.20 1166 21.06 1096 19.91 1026 18.76 956
24.47 1305 23.33 1235 22.19 1165 21.04 1095 19.90 1025 18.74 955
24.45 1304 23.31 1234 22.17 1164 21.03 1094 19.88 1024 18.73 954
24.44 1303 23.30 1233 22.16 1163 21.01 1093 19.86 1023 18.71 953
24.42 1302 23.28 1232 22.14 1162 20.99 1092 19.84 1022 18.69 952
24.40 1301 23.27 1231 22.12 1161 20.98 1091 19.83 1021 18.68 951
24.39 1300 23.25 1230 22.11 1160 20.96 1090 19.81 1020 18.66 950
24.37 1299 23.23 1229 22.09 1159 20.94 1089 19.80 1019 18.64 949
24.35 1298 23.21 1228 22.07 1158 20.93 1088 19.78 1018 18.63 948
24.34 1297 23.20 1227 22.06 1157 20.91 1087 19.76 1017 18.61 947
24.32 1296 23.18 1226 22.04 1156 20.90 1086 19.75 1016 18.60 946
24.31 1295 23.17 1225 22.02 1155 20.88 1085 19.73 1015 18.58 945
24.29 1294 23.15 1224 22.01 1154 20.86 1084 19.71 1014 18.56 944
24.27 1293 23.13 1223 21.99 1153 20.85 1083 19.70 1013 18.54 943
24.26 1292 23.12 1222 21.98 1152 20.83 1082 19.68 1012 18.53 942
24.24 1291 23.10 1221 21.96 1151 20.81 1081 19.66 1011 18.51 941
24.22 1290 23.09 1220 21.94 1150 20.80 1080 19.65 1010 18.50 940
24.21 1289 23.07 1219 21.93 1149 20.78 1079 19.63 1009 18.48 939
24.19 1288 23.05 1218 21.91 1148 20.76 1078 19.62 1008 18.46 938
24.18 1287 23.04 1217 21.89 1147 20.75 1077 19.60 1007 18.45 937
24.16 1286 23.02 1216 21.88 1146 20.73 1076 19.58 1006 18.43 936
24.14 1285 23.00 1215 21.86 1145 20.72 1075 19.57 1005 18.41 935
24.13 1284 22.99 1214 21.84 1144 20.70 1074 19.55 1004 18.40 934
24.11 1283 22.97 1213 21.83 1143 20.68 1073 19.53 1003 18.38 933
24.10 1282 22.96 1212 21.81 1142 20.67 1072 19.52 1002 18.36 932
24.08 1281 22.94 1211 21.80 1141 20.65 1071 19.50 1001 18.35 931
18.33 930 17.17 860 16.01 790 14.84 720 13.67 650 12.49 580
18.31 929 17.16 859 15.99 789 14.83 719 13.65 649 12.47 579
18.30 928 17.14 858 15.98 788 14.81 718 13.64 648 12.46 578
18.28 927 17.12 857 15.96 787 14.79 717 13.62 647 12.44 577
18.26 926 17.11 856 15.94 786 14.78 716 13.60 646 12.43 576
18.25 925 17.09 855 15.93 785 14.76 715 13.59 645 12.41 575
18.23 924 17.07 854 15.91 784 14.74 714 13.57 644 12.39 574
18.21 923 17.06 853 15.90 783 14.73 713 13.55 643 12.38 573
18.20 922 17.04 852 15.88 782 14.71 712 13.54 642 12.36 572
18.18 921 17.02 851 15.86 781 14.69 711 13.52 641 12.34 571
18.17 920 17.01 850 15.84 780 14.68 710 13.50 640 12.32 570
18.15 919 16.99 849 15.83 779 14.66 709 13.49 639 12.31 569
18.13 918 16.98 848 15.81 778 14.64 708 13.47 638 12.29 568
18.11 917 16.96 847 15.80 777 14.63 707 13.45 637 12.27 567
18.10 916 16.94 846 15.78 776 14.61 706 13.44 636 12.26 566
18.08 915 16.92 845 15.76 775 14.59 705 13.42 635 12.24 565
18.07 914 16.91 844 15.74 774 14.58 704 13.40 634 12.22 564
18.05 913 16.89 843 15.73 773 14.56 703 13.39 633 12.21 563
18.03 912 16.88 842 15.71 772 14.54 702 13.37 632 12.19 562
18.02 911 16.86 841 15.69 771 14.52 701 13.35 631 12.17 561
18.00 910 16.84 840 15.68 770 14.51 700 13.33 630 12.16 560
17.98 909 16.82 839 15.66 769 14.49 699 13.32 629 12.14 559
17.97 908 16.81 838 15.65 768 14.48 698 13.30 628 12.12 558
17.95 907 16.79 837 15.63 767 14.46 697 13.28 627 12.10 557
17.93 906 16.77 836 15.61 766 14.44 696 13.27 626 12.09 556
17.92 905 16.76 835 15.59 765 14.43 695 13.25 625 12.07 555
17.90 904 16.74 834 15.58 764 14.41 694 13.24 624 12.05 554
17.88 903 16.73 833 15.56 763 14.39 693 13.22 623 12.04 553
17.87 902 16.71 832 15.55 762 14.37 692 13.20 622 12.02 552
17.85 901 16.69 831 15.53 761 14.36 691 13.18 621 12.00 551
17.84 900 16.67 830 15.51 760 14.34 690 13.17 620 11.99 550
17.82 899 16.66 829 15.49 759 14.33 689 13.15 619 11.97 549
17.80 898 16.64 828 15.48 758 14.31 688 13.13 618 11.95 548
17.78 897 16.63 827 15.46 757 14.29 687 13.12 617 11.93 547
17.77 896 16.61 826 15.44 756 14.27 686 13.10 616 11.92 546
17.75 895 16.59 825 15.43 755 14.26 685 13.08 615 11.90 545
17.74 894 16.57 824 15.41 754 14.24 684 13.07 614 11.88 544
17.72 893 16.56 823 15.40 753 14.22 683 13.05 613 11.87 543
17.70 892 16.54 822 15.38 752 14.21 682 13.03 612 11.85 542
17.68 891 16.53 821 15.36 751 14.19 681 13.01 611 11.83 541
17.67 890 16.51 820 15.34 750 14.18 680 13.00 610 11.82 540
17.65 889 16.49 819 15.33 749 14.16 679 12.98 609 11.80 539
17.64 888 16.48 818 15.31 748 14.14 678 12.96 608 11.78 538
17.62 887 16.46 817 15.29 747 14.12 677 12.95 607 11.77 537
17.60 886 16.44 816 15.28 746 14.11 676 12.93 606 11.75 536
17.59 885 16.43 815 15.26 745 14.09 675 12.92 605 11.73 535
17.57 884 16.41 814 15.24 744 14.07 674 12.90 604 11.71 534
17.55 883 16.39 813 15.23 743 14.06 673 12.88 603 11.70 533
17.54 882 16.38 812 15.21 742 14.04 672 12.86 602 11.68 532
17.52 881 16.36 811 15.19 741 14.03 671 12.85 601 11.66 531
17.50 880 16.34 810 15.18 740 14.01 670 12.83 600 11.65 530
17.49 879 16.33 809 15.16 739 13.99 669 12.81 599 11.63 529
17.47 878 16.31 808 15.15 738 13.97 668 12.80 598 11.61 528
17.45 877 16.29 807 15.13 737 13.96 667 12.78 597 11.60 527
17.44 876 16.28 806 15.11 736 13.94 666 12.76 596 11.58 526
17.42 875 16.26 805 15.09 735 13.92 665 12.75 595 11.56 525
17.41 874 16.24 804 15.08 734 13.91 664 12.73 594 11.55 524
17.39 873 16.23 803 15.06 733 13.89 663 12.71 593 11.53 523
17.37 872 16.21 802 15.04 732 13.87 662 12.70 592 11.51 522
17.35 871 16.19 801 15.03 731 13.86 661 12.68 591 11.49 521
17.34 870 16.18 800 15.01 730 13.84 660 12.66 590 11.48 520
17.32 869 16.16 799 15.00 729 13.82 659 12.64 589 11.46 519
17.31 868 16.15 798 14.98 728 13.80 658 12.63 588 11.44 518
17.29 867 16.13 797 14.96 727 13.79 657 12.61 587 11.43 517
17.27 866 16.11 796 14.94 726 13.77 656 12.59 586 11.41 516
17.25 865 16.09 795 14.93 725 13.76 655 12.58 585 11.39 515
17.24 864 16.08 794 14.91 724 13.74 654 12.56 584 11.38 514
17.22 863 16.06 793 14.89 723 13.72 653 12.54 583 11.36 513
17.21 862 16.04 792 14.88 722 13.71 652 12.53 582 11.34 512
17.19 861 16.03 791 14.86 721 13.69 651 12.51 581 11.32 511
11.31 510 10.12 440 8.91 370 7.70 300 6.47 230 5.23 160
11.29 509 10.10 439 8.90 369 7.68 299 6.45 229 5.21 159
11.27 508 10.08 438 8.88 368 7.67 298 6.44 228 5.19 158
11.25 507 10.06 437 8.86 367 7.65 297 6.42 227 5.17 157
11.24 506 10.05 436 8.84 366 7.63 296 6.40 226 5.16 156
11.22 505 10.03 435 8.83 365 7.61 295 6.38 225 5.14 155
11.21 504 10.01 434 8.81 364 7.60 294 6.36 224 5.12 154
11.19 503 9.99 433 8.79 363 7.58 293 6.35 223 5.10 153
11.17 502 9.98 432 8.77 362 7.56 292 6.33 222 5.08 152
11.16 501 9.96 431 8.76 361 7.54 291 6.31 221 5.06 151
11.14 500 9.94 430 8.74 360 7.53 290 6.29 220 5.05 150
11.12 499 9.92 429 8.72 359 7.51 289 6.28 219 5.03 149
11.10 498 9.91 428 8.71 358 7.49 288 6.26 218 5.01 148
11.09 497 9.89 427 8.69 357 7.47 287 6.24 217 4.99 147
11.07 496 9.87 426 8.67 356 7.46 286 6.23 216 4.98 146
11.05 495 9.86 425 8.65 355 7.44 285 6.21 215 4.96 145
11.03 494 9.84 424 8.64 354 7.42 284 6.19 214 4.94 144
11.02 493 9.82 423 8.62 353 7.40 283 6.17 213 4.92 143
11.00 492 9.81 422 8.60 352 7.39 282 6.16 212 4.90 142
10.98 491 9.79 421 8.58 351 7.37 281 6.14 211 4.88 141
10.97 490 9.77 420 8.57 350 7.35 280 6.12 210 4.87 140
10.95 489 9.76 419 8.55 349 7.33 279 6.10 209 4.85 139
10.93 488 9.74 418 8.53 348 7.32 278 6.08 208 4.83 138
10.92 487 9.72 417 8.51 347 7.30 277 6.06 207 4.81 137
10.90 486 9.70 416 8.50 346 7.28 276 6.05 206 4.80 136
10.88 485 9.69 415 8.48 345 7.26 275 6.03 205 4.78 135
10.87 484 9.67 414 8.46 344 7.25 274 6.01 204 4.76 134
10.85 483 9.65 413 8.44 343 7.23 273 5.99 203 4.74 133
10.83 482 9.63 412 8.43 342 7.21 272 5.98 202 4.72 132
10.81 481 9.62 411 8.41 341 7.19 271 5.96 201 4.70 131
10.80 480 9.60 410 8.39 340 7.18 270 5.94 200 4.69 130
10.78 479 9.58 409 8.37 339 7.16 269 5.92 199 4.67 129
10.76 478 9.56 408 8.36 338 7.14 268 5.91 198 4.65 128
10.74 477 9.55 407 8.34 337 7.12 267 5.89 197 4.63 127
10.73 476 9.53 406 8.32 336 7.10 266 5.87 196 4.61 126
10.71 475 9.51 405 8.31 335 7.09 265 5.85 195 4.59 125
10.70 474 9.50 404 8.29 334 7.07 264 5.84 194 4.58 124
10.68 473 9.48 403 8.27 333 7.05 263 5.82 193 4.56 123
10.66 472 9.46 402 8.25 332 7.03 262 5.80 192 4.54 122
10.65 471 9.45 401 8.24 331 7.02 261 5.78 191 4.52 121
10.63 470 9.43 400 8.22 330 7.00 260 5.76 190 4.51 120
10.61 469 9.41 399 8.20 329 6.98 259 5.74 189 4.49 119
10.59 468 9.40 398 8.19 328 6.96 258 5.73 188 4.47 118
10.58 467 9.38 397 8.17 327 6.95 257 5.71 187 4.45 117
10.56 466 9.36 396 8.15 326 6.93 256 5.69 186 4.43 116
10.54 465 9.34 395 8.13 325 6.91 255 5.67 185 4.41 115
10.52 464 9.33 394 8.12 324 6.89 254 5.66 184 4.40 114
10.51 463 9.31 393 8.10 323 6.88 253 5.64 183 4.38 113
10.49 462 9.29 392 8.08 322 6.86 252 5.62 182 4.36 112
10.47 461 9.27 391 8.07 321 6.84 251 5.60 181 4.34 111
10.46 460 9.26 390 8.05 320 6.82 250 5.59 180 4.32 110
10.44 459 9.24 389 8.03 319 6.81 249 5.57 179 4.30 109
10.42 458 9.22 388 8.01 318 6.79 248 5.55 178 4.29 108
10.41 457 9.20 387 8.00 317 6.77 247 5.53 177 4.27 107
10.39 456 9.19 386 7.98 316 6.75 246 5.51 176 4.25 106
10.37 455 9.17 385 7.96 315 6.74 245 5.49 175 4.23 105
10.35 454 9.15 384 7.94 314 6.72 244 5.48 174 4.21 104
10.34 453 9.13 383 7.93 313 6.70 243 5.46 173 4.19 103
10.32 452 9.12 382 7.91 312 6.68 242 5.44 172 4.18 102
10.30 451 9.10 381 7.89 311 6.67 241 5.42 171 4.16 101
10.28 450 9.08 380 7.87 310 6.65 240 5.41 170 4.14 100
10.27 449 9.07 379 7.86 309 6.63 239 5.39 169 4.12 99
10.25 448 9.05 378 7.84 308 6.61 238 5.37 168 4.10 98
10.23 447 9.03 377 7.82 307 6.60 237 5.35 167 4.08 97
10.22 446 9.01 376 7.80 306 6.58 236 5.34 166 4.06 96
10.20 445 9.00 375 7.79 305 6.56 235 5.32 165 4.05 95
10.18 444 8.98 374 7.77 304 6.54 234 5.30 164 4.03 94
10.16 443 8.96 373 7.75 303 6.53 233 5.28 163 4.01 93
10.15 442 8.95 372 7.74 302 6.51 232 5.26 162 3.99 92
10.13 441 8.93 371 7.72 301 6.49 231 5.24 161 3.97 91
3.95 90 3.68 75 3.40 60 3.11 45 2.82 30 2.53 15
3.94 89 3.66 74 3.38 59 3.09 44 2.80 29 2.51 14
3.92 88 3.64 73 3.36 58 3.07 43 2.79 28 2.49 13
3.90 87 3.62 72 3.34 57 3.05 42 2.76 27 2.47 12
3.88 86 3.60 71 3.32 56 3.04 41 2.75 26 2.45 11
3.86 85 3.58 70 3.30 55 3.02 40 2.73 25 2.43 10
3.84 84 3.57 69 3.28 54 3.00 39 2.71 24 2.40 9
3.83 83 3.55 68 3.26 53 2.98 38 2.69 23 2.39 8
3.81 82 3.53 67 3.25 52 2.96 37 2.67 22 2.36 7
3.79 81 3.51 66 3.23 51 2.94 36 2.65 21 2.34 6
3.77 80 3.49 65 3.21 50 2.92 35 2.63 20 2.32 5
3.75 79 3.47 64 3.19 49 2.90 34 2.61 19 2.30 4
3.73 78 3.45 63 3.17 48 2.88 33 2.59 18 2.28 3
3.72 77 3.43 62 3.15 47 2.86 32 2.57 17 2.26 2
3.69 76 3.41 61 3.13 46 2.84 31 2.55 16 2.25 1
