20.58 1350 19.65 1280 18.72 1210 17.79 1140 16.85 1070 15.91 1000
20.56 1349 19.63 1279 18.70 1209 17.77 1139 16.84 1069 15.90 999
20.55 1348 19.62 1278 18.69 1208 17.76 1138 16.82 1068 15.88 998
20.54 1347 19.61 1277 18.68 1207 17.74 1137 16.81 1067 15.87 997
20.53 1346 19.60 1276 18.67 1206 17.73 1136 16.80 1066 15.86 996
20.51 1345 19.58 1275 18.65 1205 17.72 1135 16.78 1065 15.84 995
20.50 1344 19.57 1274 18.64 1204 17.71 1134 16.77 1064 15.83 994
20.48 1343 19.56 1273 18.63 1203 17.69 1133 16.75 1063 15.82 993
20.47 1342 19.54 1272 18.61 1202 17.68 1132 16.74 1062 15.80 992
20.46 1341 19.53 1271 18.60 1201 17.67 1131 16.73 1061 15.79 991
20.44 1340 19.52 1270 18.58 1200 17.65 1130 16.72 1060 15.78 990
20.43 1339 19.50 1269 18.57 1199 17.64 1129 16.70 1059 15.76 989
20.42 1338 19.49 1268 18.56 1198 17.62 1128 16.69 1058 15.75 988
20.41 1337 19.48 1267 18.55 1197 17.61 1127 16.68 1057 15.74 987
20.39 1336 19.46 1266 18.53 1196 17.60 1126 16.66 1056 15.72 986
20.38 1335 19.45 1265 18.52 1195 17.59 1125 16.65 1055 15.71 985
20.37 1334 19.44 1264 18.51 1194 17.57 1124 16.63 1054 15.70 984
20.35 1333 19.42 1263 18.49 1193 17.56 1123 16.62 1053 15.68 983
20.34 1332 19.41 1262 18.48 1192 17.54 1122 16.61 1052 15.67 982
20.32 1331 19.40 1261 18.46 1191 17.53 1121 16.60 1051 15.66 981
20.31 1330 19.38 1260 18.45 1190 17.52 1120 16.58 1050 15.64 980
20.30 1329 19.37 1259 18.44 1189 17.50 1119 16.57 1049 15.63 979
20.29 1328 19.36 1258 18.43 1188 17.49 1118 16.55 1048 15.61 978
20.27 1327 19.34 1257 18.41 1187 17.48 1117 16.54 1047 15.60 977
20.26 1326 19.33 1256 18.40 1186 17.47 1116 16.53 1046 15.59 976
20.25 1325 19.32 1255 18.39 1185 17.45 1115 16.51 1045 15.58 975
20.23 1324 19.30 1254 18.37 1184 17.44 1114 16.50 1044 15.56 974
20.22 1323 19.29 1253 18.36 1183 17.42 1113 16.49 1043 15.55 973
20.21 1322 19.28 1252 18.34 1182 17.41 1112 16.48 1042 15.53 972
20.19 1321 19.26 1251 18.33 1181 17.40 1111 16.46 1041 15.52 971
20.18 1320 19.25 1250 18.32 1180 17.38 1110 16.45 1040 15.51 970
20.17 1319 19.24 1249 18.31 1179 17.37 1109 16.43 1039 15.49 969
20.15 1318 19.22 1248 18.29 1178 17.36 1108 16.42 1038 15.48 968
20.14 1317 19.21 1247 18.28 1177 17.35 1107 16.41 1037 15.47 967
20.13 1316 19.20 1246 18.27 1176 17.33 1106 16.39 1036 15.45 966
20.11 1315 19.18 1245 18.25 1175 17.32 1105 16.38 1035 15.44 965
20.10 1314 19.17 1244 18.24 1174 17.30 1104 16.37 1034 15.43 964
20.09 1313 19.16 1243 18.22 1173 17.29 1103 16.35 1033 15.41 963
20.07 1312 19.15 1242 18.21 1172 17.28 1102 16.34 1032 15.40 962
20.06 1311 19.13 1241 18.20 1171 17.26 1101 16.33 1031 15.39 961
20.05 1310 19.12 1240 18.19 1170 17.25 1100 16.31 1030 15.37 960
20.03 1309 19.10 1239 18.17 1169 17.24 1099 16.30 1029 15.36 959
20.02 1308 19.09 1238 18.16 1168 17.23 1098 16.29 1028 15.35 958
20.01 1307 19.08 1237 18.15 1167 17.21 1097 16.27 1027 15.33 957
19.99 1306 19.06 1236 18.13 1166 17.20 1096 16.26 1026 15.32 956
19.98 1305 19.05 1235 18.12 1165 17.18 1095 16.25 1025 15.31 955
19.97 1304 19.04 1234 18.10 1164 17.17 1094 16.23 1024 15.29 954
19.96 1303 19.03 1233 18.09 1163 17.16 1093 16.22 1023 15.28 953
19.94 1302 19.01 1232 18.08 1162 17.14 1092 16.21 1022 15.27 952
19.93 1301 19.00 1231 18.07 1161 17.13 1091 16.19 1021 15.25 951
19.91 1300 18.98 1230 18.05 1160 17.12 1090 16.18 1020 15.24 950
19.90 1299 18.97 1229 18.04 1159 17.10 1089 16.17 1019 15.22 949
19.89 1298 18.96 1228 18.03 1158 17.09 1088 16.15 1018 15.21 948
19.87 1297 18.94 1227 18.01 1157 17.08 1087 16.14 1017 15.20 947
19.86 1296 18.93 1226 18.00 1156 17.06 1086 16.12 1016 15.19 946
19.85 1295 18.92 1225 17.98 1155 17.05 1085 16.11 1015 15.17 945
19.84 1294 18.91 1224 17.97 1154 17.04 1084 16.10 1014 15.16 944
19.82 1293 18.89 1223 17.96 1153 17.02 1083 16.09 1013 15.14 943
19.81 1292 18.88 1222 17.95 1152 17.01 1082 16.07 1012 15.13 942
19.79 1291 18.86 1221 17.93 1151 17.00 1081 16.06 1011 15.12 941
19.78 1290 18.85 1220 17.92 1150 16.98 1080 16.05 1010 15.10 940
19.77 1289 18.84 1219 17.91 1149 16.97 1079 16.03 1009 15.09 939
19.75 1288 18.82 1218 17.89 1148 16.96 1078 16.02 1008 15.08 938
19.74 1287 18.81 1217 17.88 1147 16.94 1077 16.00 1007 15.06 937
19.73 1286 18.80 1216 17.86 1146 16.93 1076 15.99 1006 15.05 936
19.72 1285 18.79 1215 17.85 1145 16.92 1075 15.98 1005 15.04 935
19.70 1284 18.77 1214 17.84 1144 16.90 1074 15.97 1004 15.02 934
19.69 1283 18.76 1213 17.83 1143 16.89 1073 15.95 1003 15.01 933
19.68 1282 18.75 1212 17.81 1142 16.88 1072 15.94 1002 15.00 932
19.66 1281 18.73 1211 17.80 1141 16.86 1071 15.92 1001 14.98 931
14.97 930 14.02 860 13.07 790 12.12 720 11.17 650 10.20 580
14.95 929 14.01 859 13.06 789 12.11 719 11.15 649 10.19 579
14.94 928 14.00 858 13.05 788 12.10 718 11.14 648 10.18 578
14.93 927 13.98 857 13.03 787 12.08 717 11.12 647 10.16 577
14.92 926 13.97 856 13.02 786 12.07 716 11.11 646 10.15 576
14.90 925 13.96 855 13.01 785 12.05 715 11.10 645 10.13 575
14.89 924 13.94 854 12.99 784 12.04 714 11.08 644 10.12 574
14.87 923 13.93 853 12.98 783 12.03 713 11.07 643 10.11 573
14.86 922 13.92 852 12.97 782 12.01 712 11.05 642 10.09 572
14.85 921 13.90 851 12.95 781 12.00 711 11.04 641 10.08 571
14.83 920 13.89 850 12.94 780 11.98 710 11.03 640 10.06 570
14.82 919 13.87 849 12.93 779 11.97 709 11.01 639 10.05 569
14.81 918 13.86 848 12.91 778 11.96 708 11.00 638 10.04 568
14.79 917 13.85 847 12.90 777 11.95 707 10.99 637 10.02 567
14.78 916 13.84 846 12.88 776 11.93 706 10.97 636 10.01 566
14.77 915 13.82 845 12.87 775 11.92 705 10.96 635 10.00 565
14.75 914 13.81 844 12.86 774 11.90 704 10.94 634 9.98 564
14.74 913 13.79 843 12.84 773 11.89 703 10.93 633 9.97 563
14.73 912 13.78 842 12.83 772 11.88 702 10.92 632 9.95 562
14.71 911 13.77 841 12.82 771 11.86 701 10.90 631 9.94 561
14.70 910 13.75 840 12.80 770 11.85 700 10.89 630 9.93 560
14.68 909 13.74 839 12.79 769 11.83 699 10.88 629 9.91 559
14.67 908 13.72 838 12.78 768 11.82 698 10.86 628 9.90 558
14.66 907 13.71 837 12.76 767 11.81 697 10.85 627 9.88 557
14.65 906 13.70 836 12.75 766 11.80 696 10.84 626 9.87 556
14.63 905 13.69 835 12.73 765 11.78 695 10.82 625 9.86 555
14.62 904 13.67 834 12.72 764 11.77 694 10.81 624 9.84 554
14.60 903 13.66 833 12.71 763 11.75 693 10.79 623 9.83 553
14.59 902 13.64 832 12.70 762 11.74 692 10.78 622 9.82 552
14.58 901 13.63 831 12.68 761 11.73 691 10.77 621 9.80 551
14.56 900 13.62 830 12.67 760 11.71 690 10.75 620 9.79 550
14.55 899 13.60 829 12.65 759 11.70 689 10.74 619 9.77 549
14.54 898 13.59 828 12.64 758 11.68 688 10.72 618 9.76 548
14.52 897 13.58 827 12.63 757 11.67 687 10.71 617 9.75 547
14.51 896 13.56 826 12.61 756 11.66 686 10.70 616 9.73 546
14.50 895 13.55 825 12.60 755 11.64 685 10.68 615 9.72 545
14.48 894 13.54 824 12.58 754 11.63 684 10.67 614 9.70 544
14.47 893 13.52 823 12.57 753 11.62 683 10.66 613 9.69 543
14.46 892 13.51 822 12.56 752 11.60 682 10.64 612 9.68 542
14.44 891 13.50 821 12.55 751 11.59 681 10.63 611 9.66 541
14.43 890 13.48 820 12.53 750 11.58 680 10.62 610 9.65 540
14.41 889 13.47 819 12.52 749 11.56 679 10.60 609 9.64 539
14.40 888 13.45 818 12.50 748 11.55 678 10.59 608 9.62 538
14.39 887 13.44 817 12.49 747 11.53 677 10.57 607 9.61 537
14.38 886 13.43 816 12.48 746 11.52 676 10.56 606 9.59 536
14.36 885 13.42 815 12.46 745 11.51 675 10.55 605 9.58 535
14.35 884 13.40 814 12.45 744 11.49 674 10.53 604 9.57 534
14.33 883 13.39 813 12.43 743 11.48 673 10.52 603 9.55 533
14.32 882 13.37 812 12.42 742 11.47 672 10.51 602 9.54 532
14.31 881 13.36 811 12.41 741 11.45 671 10.49 601 9.52 531
14.29 880 13.35 810 12.40 740 11.44 670 10.48 600 9.51 530
14.28 879 13.33 809 12.38 739 11.42 669 10.46 599 9.50 529
14.27 878 13.32 808 12.37 738 11.41 668 10.45 598 9.48 528
14.25 877 13.30 807 12.35 737 11.40 667 10.44 597 9.47 527
14.24 876 13.29 806 12.34 736 11.38 666 10.42 596 9.46 526
14.23 875 13.28 805 12.33 735 11.37 665 10.41 595 9.44 525
14.21 874 13.27 804 12.31 734 11.36 664 10.39 594 9.43 524
14.20 873 13.25 803 12.30 733 11.34 663 10.38 593 9.41 523
14.19 872 13.24 802 12.28 732 11.33 662 10.37 592 9.40 522
14.17 871 13.22 801 12.27 731 11.32 661 10.35 591 9.39 521
14.16 870 13.21 800 12.26 730 11.30 660 10.34 590 9.37 520
14.14 869 13.20 799 12.25 729 11.29 659 10.33 589 9.36 519
14.13 868 13.18 798 12.23 728 11.27 658 10.31 588 9.34 518
14.12 867 13.17 797 12.22 727 11.26 657 10.30 587 9.33 517
14.11 866 13.16 796 12.20 726 11.25 656 10.28 586 9.32 516
14.09 865 13.14 795 12.19 725 11.23 655 10.27 585 9.30 515
14.08 864 13.13 794 12.18 724 11.22 654 10.26 584 9.29 514
14.06 863 13.12 793 12.16 723 11.20 653 10.24 583 9.28 513
14.05 862 13.10 792 12.15 722 11.19 652 10.23 582 9.26 512
14.04 861 13.09 791 12.13 721 11.18 651 10.21 581 9.25 511
9.23 510 8.26 440 7.28 370 6.29 300 5.29 230 4.27 160
9.22 509 8.25 439 7.27 369 6.27 299 5.27 229 4.25 159
9.21 508 8.23 438 7.25 368 6.26 298 5.26 228 4.24 158
9.19 507 8.22 437 7.24 367 6.25 297 5.24 227 4.23 157
9.18 506 8.20 436 7.22 366 6.23 296 5.23 226 4.21 156
9.16 505 8.19 435 7.21 365 6.22 295 5.21 225 4.20 155
9.15 504 8.18 434 7.19 364 6.20 294 5.20 224 4.18 154
9.14 503 8.16 433 7.18 363 6.19 293 5.19 223 4.17 153
9.12 502 8.15 432 7.17 362 6.17 292 5.17 222 4.15 152
9.11 501 8.14 431 7.15 361 6.16 291 5.16 221 4.14 151
9.10 500 8.12 430 7.14 360 6.15 290 5.14 220 4.12 150
9.08 499 8.11 429 7.12 359 6.13 289 5.13 219 4.11 149
9.07 498 8.09 428 7.11 358 6.12 288 5.11 218 4.09 148
9.05 497 8.08 427 7.09 357 6.10 287 5.10 217 4.08 147
9.04 496 8.06 426 7.08 356 6.09 286 5.08 216 4.06 146
9.03 495 8.05 425 7.07 355 6.07 285 5.07 215 4.05 145
9.01 494 8.04 424 7.05 354 6.06 284 5.05 214 4.03 144
9.00 493 8.02 423 7.04 353 6.04 283 5.04 213 4.02 143
8.98 492 8.01 422 7.03 352 6.03 282 5.03 212 4.00 142
8.97 491 7.99 421 7.01 351 6.02 281 5.01 211 3.99 141
8.96 490 7.98 420 7.00 350 6.00 280 5.00 210 3.97 140
8.94 489 7.97 419 6.98 349 5.99 279 4.98 209 3.96 139
8.93 488 7.95 418 6.97 348 5.98 278 4.97 208 3.94 138
8.92 487 7.94 417 6.95 347 5.96 277 4.95 207 3.93 137
8.90 486 7.93 416 6.94 346 5.95 276 4.94 206 3.92 136
8.89 485 7.91 415 6.93 345 5.93 275 4.93 205 3.90 135
8.87 484 7.90 414 6.91 344 5.92 274 4.91 204 3.89 134
8.86 483 7.88 413 6.90 343 5.90 273 4.90 203 3.87 133
8.85 482 7.87 412 6.88 342 5.89 272 4.88 202 3.86 132
8.83 481 7.85 411 6.87 341 5.87 271 4.87 201 3.84 131
8.82 480 7.84 410 6.85 340 5.86 270 4.85 200 3.83 130
8.80 479 7.83 409 6.84 339 5.85 269 4.84 199 3.81 129
8.79 478 7.81 408 6.83 338 5.83 268 4.82 198 3.80 128
8.77 477 7.80 407 6.81 337 5.82 267 4.81 197 3.78 127
8.76 476 7.78 406 6.80 336 5.80 266 4.79 196 3.77 126
8.75 475 7.77 405 6.79 335 5.79 265 4.78 195 3.75 125
8.74 474 7.76 404 6.77 334 5.77 264 4.77 194 3.74 124
8.72 473 7.74 403 6.76 333 5.76 263 4.75 193 3.72 123
8.71 472 7.73 402 6.74 332 5.74 262 4.74 192 3.71 122
8.69 471 7.72 401 6.73 331 5.73 261 4.72 191 3.70 121
8.68 470 7.70 400 6.71 330 5.72 260 4.71 190 3.68 120
8.66 469 7.69 399 6.70 329 5.70 259 4.69 189 3.67 119
8.65 468 7.67 398 6.69 328 5.69 258 4.68 188 3.65 118
8.64 467 7.66 397 6.67 327 5.67 257 4.66 187 3.64 117
8.62 466 7.64 396 6.66 326 5.66 256 4.65 186 3.62 116
8.61 465 7.63 395 6.64 325 5.65 255 4.63 185 3.61 115
8.59 464 7.62 394 6.63 324 5.63 254 4.62 184 3.59 114
8.58 463 7.60 393 6.61 323 5.62 253 4.60 183 3.58 113
8.57 462 7.59 392 6.60 322 5.60 252 4.59 182 3.56 112
8.55 461 7.57 391 6.59 321 5.59 251 4.58 181 3.55 111
8.54 460 7.56 390 6.57 320 5.57 250 4.56 180 3.53 110
8.53 459 7.54 389 6.56 319 5.56 249 4.55 179 3.52 109
8.51 458 7.53 388 6.54 318 5.54 248 4.53 178 3.50 108
8.50 457 7.52 387 6.53 317 5.53 247 4.52 177 3.49 107
8.48 456 7.50 386 6.52 316 5.52 246 4.50 176 3.47 106
8.47 455 7.49 385 6.50 315 5.50 245 4.49 175 3.46 105
8.46 454 7.48 384 6.49 314 5.49 244 4.48 174 3.44 104
8.44 453 7.46 383 6.47 313 5.47 243 4.46 173 3.43 103
8.43 452 7.45 382 6.46 312 5.46 242 4.45 172 3.41 102
8.41 451 7.43 381 6.44 311 5.44 241 4.43 171 3.40 101
8.40 450 7.42 380 6.43 310 5.43 240 4.42 170 3.38 100
8.38 449 7.41 379 6.42 309 5.41 239 4.40 169 3.37 99
8.37 448 7.39 378 6.40 308 5.40 238 4.39 168 3.35 98
8.36 447 7.38 377 6.39 307 5.39 237 4.37 167 3.34 97
8.34 446 7.36 376 6.37 306 5.37 236 4.36 166 3.32 96
8.33 445 7.35 375 6.36 305 5.36 235 4.34 165 3.31 95
8.32 444 7.33 374 6.34 304 5.34 234 4.33 164 3.29 94
8.30 443 7.32 373 6.33 303 5.33 233 4.31 163 3.28 93
8.29 442 7.31 372 6.32 302 5.32 232 4.30 162 3.26 92
8.27 441 7.29 371 6.30 301 5.30 231 4.28 161 3.25 91
3.23 90 3.00 75 2.77 60 2.54 45 2.31 30 2.07 15
3.22 89 2.99 74 2.76 59 2.53 44 2.29 29 2.05 14
3.20 88 2.97 73 2.74 58 2.51 43 2.28 28 2.03 13
3.19 87 2.96 72 2.73 57 2.50 42 2.26 27 2.02 12
3.17 86 2.94 71 2.71 56 2.48 41 2.24 26 2.00 11
3.16 85 2.93 70 2.70 55 2.47 40 2.23 25 1.98 10
3.14 84 2.91 69 2.68 54 2.45 39 2.21 24 1.96 9
3.13 83 2.90 68 2.67 53 2.43 38 2.20 23 1.95 8
3.11 82 2.88 67 2.65 52 2.42 37 2.18 22 1.93 7
3.10 81 2.87 66 2.64 51 2.40 36 2.16 21 1.91 6
3.08 80 2.85 65 2.62 50 2.39 35 2.15 20 1.90 5
3.07 79 2.83 64 2.60 49 2.37 34 2.13 19 1.88 4
3.05 78 2.82 63 2.59 48 2.35 33 2.11 18 1.86 3
3.04 77 2.80 62 2.57 47 2.34 32 2.10 17 1.84 2
3.02 76 2.79 61 2.56 46 2.32 31 2.08 16 1.83 1
