87.36 1350 83.38 1280 79.38 1210 75.38 1140 71.36 1070 67.34 1000
87.31 1349 83.33 1279 79.33 1209 75.33 1139 71.31 1069 67.28 999
87.25 1348 83.27 1278 79.28 1208 75.27 1138 71.25 1068 67.22 998
87.19 1347 83.21 1277 79.22 1207 75.21 1137 71.19 1067 67.16 997
87.14 1346 83.15 1276 79.16 1206 75.15 1136 71.14 1066 67.10 996
87.08 1345 83.09 1275 79.10 1205 75.09 1135 71.08 1065 67.05 995
87.02 1344 83.03 1274 79.04 1204 75.03 1134 71.02 1064 67.00 994
86.97 1343 82.99 1273 78.99 1203 74.99 1133 70.97 1063 66.94 993
86.91 1342 82.93 1272 78.93 1202 74.93 1132 70.91 1062 66.88 992
86.85 1341 82.87 1271 78.87 1201 74.87 1131 70.85 1061 66.82 991
86.79 1340 82.81 1270 78.82 1200 74.81 1130 70.79 1060 66.76 990
86.74 1339 82.75 1269 78.76 1199 74.75 1129 70.73 1059 66.70 989
86.68 1338 82.69 1268 78.70 1198 74.69 1128 70.67 1058 66.65 988
86.63 1337 82.64 1267 78.65 1197 74.64 1127 70.62 1057 66.59 987
86.57 1336 82.59 1266 78.59 1196 74.58 1126 70.56 1056 66.53 986
86.51 1335 82.53 1265 78.53 1195 74.52 1125 70.50 1055 66.47 985
86.45 1334 82.47 1264 78.47 1194 74.46 1124 70.44 1054 66.41 984
86.39 1333 82.41 1263 78.41 1193 74.41 1123 70.39 1053 66.35 983
86.34 1332 82.35 1262 78.35 1192 74.35 1122 70.34 1052 66.30 982
86.29 1331 82.30 1261 78.31 1191 74.30 1121 70.28 1051 66.24 981
86.23 1330 82.24 1260 78.25 1190 74.24 1120 70.22 1050 66.18 980
86.17 1329 82.18 1259 78.19 1189 74.18 1119 70.16 1049 66.12 979
86.11 1328 82.13 1258 78.13 1188 74.12 1118 70.10 1048 66.07 978
86.05 1327 82.07 1257 78.07 1187 74.06 1117 70.04 1047 66.01 977
86.00 1326 82.01 1256 78.01 1186 74.00 1116 69.99 1046 65.96 976
85.95 1325 81.96 1255 77.96 1185 73.95 1115 69.93 1045 65.90 975
85.89 1324 81.90 1254 77.90 1184 73.89 1114 69.87 1044 65.84 974
85.83 1323 81.84 1253 77.84 1183 73.83 1113 69.81 1043 65.78 973
85.77 1322 81.78 1252 77.79 1182 73.78 1112 69.75 1042 65.72 972
85.71 1321 81.72 1251 77.73 1181 73.72 1111 69.69 1041 65.67 971
85.66 1320 81.67 1250 77.67 1180 73.67 1110 69.65 1040 65.61 970
85.60 1319 81.62 1249 77.62 1179 73.61 1109 69.59 1039 65.55 969
85.55 1318 81.56 1248 77.56 1178 73.55 1108 69.53 1038 65.49 968
85.49 1317 81.50 1247 77.50 1177 73.49 1107 69.47 1037 65.43 967
85.43 1316 81.44 1246 77.44 1176 73.43 1106 69.41 1036 65.37 966
85.37 1315 81.38 1245 77.38 1175 73.37 1105 69.35 1035 65.32 965
85.32 1314 81.33 1244 77.33 1174 73.32 1104 69.30 1034 65.26 964
85.26 1313 81.27 1243 77.27 1173 73.26 1103 69.24 1033 65.20 963
85.20 1312 81.22 1242 77.22 1172 73.20 1102 69.18 1032 65.14 962
85.15 1311 81.16 1241 77.16 1171 73.15 1101 69.12 1031 65.08 961
85.09 1310 81.10 1240 77.10 1170 73.09 1100 69.06 1030 65.02 960
85.03 1309 81.04 1239 77.04 1169 73.03 1099 69.00 1029 64.98 959
84.98 1308 80.99 1238 76.99 1168 72.98 1098 68.95 1028 64.92 958
84.92 1307 80.93 1237 76.93 1167 72.92 1097 68.89 1027 64.86 957
84.86 1306 80.87 1236 76.87 1166 72.86 1096 68.84 1026 64.80 956
84.80 1305 80.81 1235 76.81 1165 72.80 1095 68.78 1025 64.74 955
84.74 1304 80.76 1234 76.75 1164 72.74 1094 68.72 1024 64.68 954
84.69 1303 80.70 1233 76.70 1163 72.68 1093 68.67 1023 64.63 953
84.64 1302 80.65 1232 76.65 1162 72.63 1092 68.61 1022 64.57 952
84.58 1301 80.59 1231 76.59 1161 72.57 1091 68.55 1021 64.51 951
84.52 1300 80.53 1230 76.53 1160 72.52 1090 68.49 1020 64.45 950
84.46 1299 80.47 1229 76.47 1159 72.46 1089 68.43 1019 64.39 949
84.40 1298 80.41 1228 76.41 1158 72.40 1088 68.37 1018 64.34 948
84.34 1297 80.35 1227 76.35 1157 72.34 1087 68.32 1017 64.28 947
84.30 1296 80.30 1226 76.30 1156 72.29 1086 68.26 1016 64.22 946
84.24 1295 80.25 1225 76.24 1155 72.23 1085 68.20 1015 64.16 945
84.18 1294 80.19 1224 76.18 1154 72.17 1084 68.14 1014 64.10 944
84.12 1293 80.13 1223 76.13 1153 72.11 1083 68.08 1013 64.04 943
84.06 1292 80.07 1222 76.07 1152 72.05 1082 68.02 1012 63.99 942
84.00 1291 80.01 1221 76.01 1151 72.00 1081 67.98 1011 63.93 941
83.95 1290 79.96 1220 75.96 1150 71.94 1080 67.92 1010 63.87 940
83.90 1289 79.90 1219 75.90 1149 71.88 1079 67.86 1009 63.81 939
83.84 1288 79.84 1218 75.84 1148 71.83 1078 67.80 1008 63.76 938
83.78 1287 79.79 1217 75.78 1147 71.77 1077 67.74 1007 63.70 937
83.72 1286 79.73 1216 75.72 1146 71.71 1076 67.68 1006 63.65 936
83.67 1285 79.67 1215 75.67 1145 71.66 1075 67.63 1005 63.59 935
83.61 1284 79.62 1214 75.61 1144 71.60 1074 67.57 1004 63.53 934
83.55 1283 79.56 1213 75.56 1143 71.54 1073 67.51 1003 63.47 933
83.49 1282 79.50 1212 75.50 1142 71.48 1072 67.45 1002 63.41 932
83.44 1281 79.44 1211 75.44 1141 71.42 1071 67.39 1001 63.35 931
63.30 930 59.24 860 55.17 790 51.07 720 46.97 650 42.84 580
63.24 929 59.18 859 55.11 789 51.01 719 46.91 649 42.78 579
63.18 928 59.12 858 55.05 788 50.96 718 46.85 648 42.71 578
63.12 927 59.06 857 55.00 787 50.90 717 46.79 647 42.66 577
63.06 926 59.00 856 54.94 786 50.84 716 46.73 646 42.60 576
63.00 925 58.95 855 54.88 785 50.78 715 46.67 645 42.54 575
62.95 924 58.89 854 54.82 784 50.72 714 46.62 644 42.48 574
62.89 923 58.83 853 54.76 783 50.67 713 46.56 643 42.42 573
62.83 922 58.77 852 54.69 782 50.61 712 46.50 642 42.36 572
62.77 921 58.71 851 54.64 781 50.55 711 46.44 641 42.31 571
62.71 920 58.66 850 54.58 780 50.49 710 46.37 640 42.25 570
62.66 919 58.60 849 54.52 779 50.43 709 46.32 639 42.19 569
62.60 918 58.54 848 54.46 778 50.37 708 46.26 638 42.13 568
62.54 917 58.48 847 54.40 777 50.32 707 46.20 637 42.06 567
62.48 916 58.42 846 54.34 776 50.26 706 46.14 636 42.00 566
62.42 915 58.36 845 54.29 775 50.20 705 46.08 635 41.95 565
62.37 914 58.31 844 54.23 774 50.14 704 46.02 634 41.89 564
62.32 913 58.25 843 54.17 773 50.08 703 45.97 633 41.83 563
62.26 912 58.19 842 54.11 772 50.02 702 45.91 632 41.77 562
62.20 911 58.13 841 54.05 771 49.97 701 45.85 631 41.71 561
62.14 910 58.07 840 54.00 770 49.91 700 45.79 630 41.66 560
62.08 909 58.01 839 53.94 769 49.85 699 45.73 629 41.60 559
62.02 908 57.96 838 53.88 768 49.78 698 45.67 628 41.53 558
61.97 907 57.90 837 53.82 767 49.72 697 45.62 627 41.47 557
61.91 906 57.84 836 53.76 766 49.67 696 45.55 626 41.41 556
61.85 905 57.78 835 53.70 765 49.61 695 45.49 625 41.35 555
61.79 904 57.72 834 53.65 764 49.55 694 45.43 624 41.30 554
61.73 903 57.67 833 53.59 763 49.49 693 45.37 623 41.24 553
61.67 902 57.61 832 53.53 762 49.43 692 45.32 622 41.18 552
61.62 901 57.55 831 53.47 761 49.37 691 45.26 621 41.12 551
61.56 900 57.49 830 53.41 760 49.32 690 45.20 620 41.06 550
61.50 899 57.43 829 53.35 759 49.26 689 45.14 619 41.00 549
61.44 898 57.37 828 53.30 758 49.20 688 45.08 618 40.94 548
61.38 897 57.32 827 53.24 757 49.14 687 45.02 617 40.88 547
61.33 896 57.26 826 53.18 756 49.08 686 44.97 616 40.82 546
61.27 895 57.20 825 53.12 755 49.02 685 44.91 615 40.76 545
61.21 894 57.15 824 53.06 754 48.97 684 44.85 614 40.70 544
61.15 893 57.09 823 53.00 753 48.91 683 44.79 613 40.65 543
61.09 892 57.03 822 52.95 752 48.85 682 44.72 612 40.59 542
61.03 891 56.98 821 52.89 751 48.79 681 44.67 611 40.53 541
60.98 890 56.92 820 52.83 750 48.73 680 44.61 610 40.47 540
60.92 889 56.86 819 52.77 749 48.67 679 44.55 609 40.40 539
60.86 888 56.80 818 52.71 748 48.62 678 44.49 608 40.34 538
60.80 887 56.74 817 52.66 747 48.56 677 44.43 607 40.29 537
60.74 886 56.68 816 52.60 746 48.50 676 44.37 606 40.23 536
60.68 885 56.63 815 52.54 745 48.43 675 44.32 605 40.17 535
60.63 884 56.57 814 52.48 744 48.37 674 44.26 604 40.11 534
60.57 883 56.51 813 52.42 743 48.32 673 44.20 603 40.05 533
60.52 882 56.45 812 52.36 742 48.26 672 44.14 602 40.00 532
60.46 881 56.39 811 52.31 741 48.20 671 44.08 601 39.93 531
60.40 880 56.34 810 52.25 740 48.14 670 44.01 600 39.87 530
60.34 879 56.28 809 52.19 739 48.08 669 43.96 599 39.81 529
60.29 878 56.22 808 52.13 738 48.02 668 43.90 598 39.75 528
60.23 877 56.16 807 52.07 737 47.97 667 43.84 597 39.69 527
60.17 876 56.10 806 52.01 736 47.91 666 43.78 596 39.64 526
60.11 875 56.04 805 51.96 735 47.85 665 43.72 595 39.58 525
60.05 874 55.99 804 51.90 734 47.79 664 43.67 594 39.52 524
60.00 873 55.93 803 51.84 733 47.73 663 43.61 593 39.45 523
59.94 872 55.87 802 51.78 732 47.67 662 43.55 592 39.39 522
59.88 871 55.81 801 51.72 731 47.62 661 43.49 591 39.34 521
59.82 870 55.75 800 51.67 730 47.56 660 43.43 590 39.28 520
59.76 869 55.69 799 51.61 729 47.50 659 43.37 589 39.22 519
59.70 868 55.64 798 51.55 728 47.44 658 43.31 588 39.16 518
59.65 867 55.58 797 51.48 727 47.37 657 43.25 587 39.10 517
59.59 866 55.52 796 51.42 726 47.32 656 43.19 586 39.04 516
59.53 865 55.46 795 51.36 725 47.26 655 43.13 585 38.98 515
59.47 864 55.40 794 51.31 724 47.20 654 43.07 584 38.92 514
59.41 863 55.34 793 51.25 723 47.14 653 43.01 583 38.86 513
59.35 862 55.29 792 51.19 722 47.08 652 42.96 582 38.80 512
59.30 861 55.23 791 51.13 721 47.02 651 42.90 581 38.74 511
38.68 510 34.50 440 30.29 370 26.03 300 21.73 230 17.37 160
38.63 509 34.44 439 30.23 369 25.98 299 21.67 229 17.32 159
38.57 508 34.38 438 30.17 368 25.92 298 21.62 228 17.25 158
38.50 507 34.33 437 30.11 367 25.85 297 21.55 227 17.19 157
38.44 506 34.26 436 30.04 366 25.79 296 21.49 226 17.12 156
38.38 505 34.20 435 29.99 365 25.73 295 21.43 225 17.06 155
38.33 504 34.14 434 29.93 364 25.67 294 21.36 224 17.00 154
38.27 503 34.08 433 29.87 363 25.61 293 21.31 223 16.94 153
38.21 502 34.02 432 29.80 362 25.55 292 21.24 222 16.87 152
38.15 501 33.97 431 29.74 361 25.49 291 21.18 221 16.81 151
38.08 500 33.90 430 29.68 360 25.42 290 21.12 220 16.74 150
38.02 499 33.84 429 29.63 359 25.36 289 21.05 219 16.68 149
37.97 498 33.78 428 29.56 358 25.31 288 21.00 218 16.62 148
37.91 497 33.72 427 29.50 357 25.24 287 20.94 217 16.56 147
37.85 496 33.67 426 29.44 356 25.18 286 20.87 216 16.49 146
37.79 495 33.60 425 29.38 355 25.12 285 20.81 215 16.43 145
37.73 494 33.54 424 29.32 354 25.06 284 20.74 214 16.36 144
37.67 493 33.48 423 29.26 353 25.00 283 20.68 213 16.31 143
37.61 492 33.42 422 29.20 352 24.94 282 20.63 212 16.24 142
37.55 491 33.36 421 29.14 351 24.88 281 20.56 211 16.18 141
37.49 490 33.31 420 29.08 350 24.81 280 20.50 210 16.11 140
37.43 489 33.24 419 29.01 349 24.75 279 20.43 209 16.05 139
37.37 488 33.18 418 28.96 348 24.69 278 20.37 208 15.99 138
37.32 487 33.12 417 28.90 347 24.63 277 20.32 207 15.92 137
37.26 486 33.06 416 28.84 346 24.57 276 20.25 206 15.86 136
37.19 485 33.00 415 28.77 345 24.51 275 20.19 205 15.79 135
37.13 484 32.94 414 28.71 344 24.44 274 20.12 204 15.73 134
37.07 483 32.88 413 28.66 343 24.38 273 20.06 203 15.67 133
37.01 482 32.82 412 28.60 342 24.33 272 20.00 202 15.61 132
36.96 481 32.76 411 28.53 341 24.26 271 19.94 201 15.54 131
36.90 480 32.70 410 28.47 340 24.20 270 19.88 200 15.48 130
36.83 479 32.64 409 28.41 339 24.14 269 19.81 199 15.41 129
36.77 478 32.58 408 28.35 338 24.08 268 19.75 198 15.35 128
36.71 477 32.52 407 28.29 337 24.01 267 19.69 197 15.29 127
36.66 476 32.46 406 28.23 336 23.96 266 19.63 196 15.23 126
36.60 475 32.40 405 28.17 335 23.90 265 19.57 195 15.16 125
36.54 474 32.34 404 28.11 334 23.83 264 19.50 194 15.09 124
36.48 473 32.28 403 28.04 333 23.77 263 19.44 193 15.03 123
36.41 472 32.22 402 27.99 332 23.71 262 19.37 192 14.97 122
36.35 471 32.16 401 27.93 331 23.65 261 19.32 191 14.91 121
36.30 470 32.10 400 27.87 330 23.59 260 19.26 190 14.84 120
36.24 469 32.03 399 27.80 329 23.53 259 19.19 189 14.78 119
36.18 468 31.98 398 27.74 328 23.46 258 19.13 188 14.71 118
36.12 467 31.92 397 27.68 327 23.40 257 19.06 187 14.65 117
36.05 466 31.86 396 27.62 326 23.34 256 19.00 186 14.59 116
36.00 465 31.80 395 27.56 325 23.28 255 18.94 185 14.52 115
35.94 464 31.73 394 27.50 324 23.22 254 18.88 184 14.46 114
35.88 463 31.67 393 27.44 323 23.16 253 18.82 183 14.39 113
35.82 462 31.62 392 27.37 322 23.09 252 18.75 182 14.34 112
35.76 461 31.56 391 27.32 321 23.03 251 18.69 181 14.27 111
35.70 460 31.50 390 27.26 320 22.98 250 18.63 180 14.20 110
35.64 459 31.43 389 27.20 319 22.91 249 18.57 179 14.14 109
35.58 458 31.37 388 27.13 318 22.85 248 18.50 178 14.07 108
35.52 457 31.32 387 27.07 317 22.79 247 18.44 177 14.01 107
35.46 456 31.26 386 27.01 316 22.72 246 18.37 176 13.95 106
35.40 455 31.19 385 26.96 315 22.67 245 18.32 175 13.88 105
35.34 454 31.13 384 26.89 314 22.60 244 18.26 174 13.82 104
35.28 453 31.07 383 26.83 313 22.54 243 18.19 173 13.75 103
35.22 452 31.01 382 26.77 312 22.48 242 18.13 172 13.68 102
35.16 451 30.96 381 26.70 311 22.41 241 18.06 171 13.63 101
35.10 450 30.89 380 26.65 310 22.35 240 18.00 170 13.56 100
35.04 449 30.83 379 26.59 309 22.30 239 17.94 169 13.50 99
34.99 448 30.77 378 26.53 308 22.23 238 17.88 168 13.43 98
34.92 447 30.71 377 26.46 307 22.17 237 17.81 167 13.36 97
34.86 446 30.66 376 26.40 306 22.11 236 17.75 166 13.31 96
34.80 445 30.59 375 26.34 305 22.04 235 17.68 165 13.24 95
34.74 444 30.53 374 26.28 304 21.99 234 17.63 164 13.17 94
34.68 443 30.47 373 26.22 303 21.93 233 17.56 163 13.11 93
34.63 442 30.41 372 26.16 302 21.86 232 17.50 162 13.04 92
34.56 441 30.34 371 26.10 301 21.80 231 17.44 161 12.98 91
12.92 90 11.94 75 10.96 60 9.97 45 8.96 30 7.92 15
12.85 89 11.88 74 10.89 59 9.90 44 8.89 29 7.84 14
12.78 88 11.81 73 10.83 58 9.83 43 8.81 28 7.77 13
12.72 87 11.74 72 10.76 57 9.76 42 8.74 27 7.70 12
12.66 86 11.68 71 10.69 56 9.69 41 8.67 26 7.64 11
12.59 85 11.62 70 10.63 55 9.63 40 8.61 25 7.56 10
12.53 84 11.55 69 10.56 54 9.56 39 8.54 24 7.49 9
12.46 83 11.48 68 10.50 53 9.49 38 8.47 23 7.41 8
12.39 82 11.42 67 10.43 52 9.42 37 8.40 22 7.34 7
12.34 81 11.35 66 10.36 51 9.35 36 8.34 21 7.27 6
12.27 80 11.29 65 10.30 50 9.29 35 8.27 20 7.20 5
12.20 79 11.22 64 10.23 49 9.23 34 8.20 19 7.12 4
12.14 78 11.16 63 10.16 48 9.16 33 8.12 18 7.04 3
12.07 77 11.09 62 10.09 47 9.09 32 8.05 17 6.97 2
12.00 76 11.02 61 10.03 46 9.02 31 7.99 16 6.89 1
