79.97 1350 76.33 1280 72.67 1210 69.01 1140 65.33 1070 61.64 1000
79.92 1349 76.28 1279 72.61 1209 68.95 1139 65.27 1069 61.59 999
79.87 1348 76.22 1278 72.57 1208 68.90 1138 65.22 1068 61.53 998
79.81 1347 76.17 1277 72.52 1207 68.85 1137 65.17 1067 61.48 997
79.77 1346 76.12 1276 72.46 1206 68.79 1136 65.12 1066 61.43 996
79.72 1345 76.06 1275 72.41 1205 68.74 1135 65.07 1065 61.38 995
79.66 1344 76.01 1274 72.36 1204 68.69 1134 65.02 1064 61.33 994
79.61 1343 75.96 1273 72.30 1203 68.64 1133 64.96 1063 61.27 993
79.56 1342 75.91 1272 72.25 1202 68.59 1132 64.91 1062 61.22 992
79.50 1341 75.86 1271 72.20 1201 68.54 1131 64.86 1061 61.17 991
79.45 1340 75.80 1270 72.15 1200 68.48 1130 64.80 1060 61.11 990
79.40 1339 75.75 1269 72.10 1199 68.43 1129 64.75 1059 61.06 989
79.35 1338 75.70 1268 72.05 1198 68.38 1128 64.70 1058 61.01 988
79.30 1337 75.64 1267 71.99 1197 68.32 1127 64.64 1057 60.95 987
79.24 1336 75.60 1266 71.94 1196 68.27 1126 64.59 1056 60.90 986
79.19 1335 75.55 1265 71.89 1195 68.22 1125 64.54 1055 60.85 985
79.14 1334 75.49 1264 71.83 1194 68.16 1124 64.48 1054 60.79 984
79.08 1333 75.44 1263 71.78 1193 68.12 1123 64.44 1053 60.74 983
79.04 1332 75.39 1262 71.73 1192 68.06 1122 64.38 1052 60.69 982
78.99 1331 75.33 1261 71.68 1191 68.01 1121 64.33 1051 60.63 981
78.93 1330 75.28 1260 71.63 1190 67.96 1120 64.28 1050 60.58 980
78.88 1329 75.23 1259 71.57 1189 67.90 1119 64.22 1049 60.53 979
78.83 1328 75.18 1258 71.52 1188 67.85 1118 64.17 1048 60.48 978
78.77 1327 75.13 1257 71.47 1187 67.80 1117 64.12 1047 60.43 977
78.72 1326 75.08 1256 71.41 1186 67.74 1116 64.06 1046 60.38 976
78.68 1325 75.02 1255 71.36 1185 67.69 1115 64.01 1045 60.32 975
78.62 1324 74.97 1254 71.31 1184 67.64 1114 63.96 1044 60.27 974
78.57 1323 74.92 1253 71.25 1183 67.58 1113 63.90 1043 60.22 973
78.52 1322 74.86 1252 71.21 1182 67.54 1112 63.85 1042 60.16 972
78.46 1321 74.81 1251 71.16 1181 67.49 1111 63.80 1041 60.11 971
78.41 1320 74.77 1250 71.10 1180 67.43 1110 63.75 1040 60.06 970
78.36 1319 74.71 1249 71.05 1179 67.38 1109 63.70 1039 60.00 969
78.31 1318 74.66 1248 71.00 1178 67.33 1108 63.65 1038 59.95 968
78.26 1317 74.61 1247 70.94 1177 67.27 1107 63.59 1037 59.90 967
78.20 1316 74.55 1246 70.89 1176 67.22 1106 63.54 1036 59.84 966
78.15 1315 74.50 1245 70.84 1175 67.17 1105 63.49 1035 59.79 965
78.10 1314 74.45 1244 70.78 1174 67.11 1104 63.43 1034 59.74 964
78.04 1313 74.39 1243 70.73 1173 67.06 1103 63.38 1033 59.68 963
77.99 1312 74.35 1242 70.69 1172 67.01 1102 63.33 1032 59.63 962
77.95 1311 74.29 1241 70.63 1171 66.96 1101 63.27 1031 59.58 961
77.89 1310 74.24 1240 70.58 1170 66.91 1100 63.22 1030 59.52 960
77.84 1309 74.19 1239 70.53 1169 66.86 1099 63.17 1029 59.48 959
77.79 1308 74.13 1238 70.47 1168 66.80 1098 63.11 1028 59.43 958
77.73 1307 74.08 1237 70.42 1167 66.75 1097 63.06 1027 59.37 957
77.68 1306 74.03 1236 70.37 1166 66.70 1096 63.02 1026 59.32 956
77.63 1305 73.97 1235 70.31 1165 66.64 1095 62.96 1025 59.27 955
77.57 1304 73.93 1234 70.26 1164 66.59 1094 62.91 1024 59.21 954
77.53 1303 73.88 1233 70.21 1163 66.54 1093 62.86 1023 59.16 953
77.48 1302 73.82 1232 70.16 1162 66.48 1092 62.80 1022 59.11 952
77.42 1301 73.77 1231 70.11 1161 66.43 1091 62.75 1021 59.05 951
77.37 1300 73.72 1230 70.05 1160 66.38 1090 62.70 1020 59.00 950
77.32 1299 73.66 1229 70.00 1159 66.33 1089 62.64 1019 58.95 949
77.26 1298 73.61 1228 69.95 1158 66.28 1088 62.59 1018 58.89 948
77.21 1297 73.56 1227 69.89 1157 66.22 1087 62.54 1017 58.84 947
77.16 1296 73.50 1226 69.84 1156 66.17 1086 62.48 1016 58.79 946
77.11 1295 73.46 1225 69.79 1155 66.12 1085 62.43 1015 58.73 945
77.06 1294 73.41 1224 69.73 1154 66.06 1084 62.38 1014 58.68 944
77.00 1293 73.35 1223 69.69 1153 66.01 1083 62.32 1013 58.63 943
76.95 1292 73.30 1222 69.64 1152 65.96 1082 62.27 1012 58.57 942
76.90 1291 73.25 1221 69.58 1151 65.90 1081 62.23 1011 58.52 941
76.84 1290 73.19 1220 69.53 1150 65.85 1080 62.17 1010 58.47 940
76.80 1289 73.14 1219 69.48 1149 65.80 1079 62.12 1009 58.41 939
76.75 1288 73.09 1218 69.42 1148 65.75 1078 62.07 1008 58.37 938
76.69 1287 73.04 1217 69.37 1147 65.70 1077 62.01 1007 58.31 937
76.64 1286 72.99 1216 69.32 1146 65.65 1076 61.96 1006 58.26 936
76.59 1285 72.93 1215 69.26 1145 65.59 1075 61.91 1005 58.21 935
76.53 1284 72.88 1214 69.21 1144 65.54 1074 61.85 1004 58.15 934
76.48 1283 72.83 1213 69.17 1143 65.49 1073 61.80 1003 58.10 933
76.43 1282 72.77 1212 69.11 1142 65.43 1072 61.75 1002 58.05 932
76.38 1281 72.72 1211 69.06 1141 65.38 1071 61.69 1001 57.99 931
57.94 930 54.23 860 50.50 790 46.75 720 42.99 650 39.22 580
57.89 929 54.17 859 50.45 789 46.70 719 42.94 649 39.16 579
57.83 928 54.12 858 50.40 788 46.65 718 42.89 648 39.10 578
57.78 927 54.07 857 50.34 787 46.59 717 42.83 647 39.05 577
57.73 926 54.01 856 50.29 786 46.54 716 42.78 646 38.99 576
57.67 925 53.96 855 50.24 785 46.49 715 42.73 645 38.94 575
57.62 924 53.91 854 50.18 784 46.43 714 42.67 644 38.89 574
57.57 923 53.85 853 50.13 783 46.38 713 42.62 643 38.83 573
57.51 922 53.80 852 50.07 782 46.33 712 42.57 642 38.78 572
57.46 921 53.75 851 50.01 781 46.27 711 42.51 641 38.73 571
57.41 920 53.69 850 49.96 780 46.22 710 42.45 640 38.67 570
57.35 919 53.64 849 49.91 779 46.17 709 42.40 639 38.62 569
57.30 918 53.59 848 49.85 778 46.11 708 42.34 638 38.57 568
57.25 917 53.53 847 49.80 777 46.06 707 42.29 637 38.50 567
57.19 916 53.48 846 49.75 776 46.01 706 42.24 636 38.45 566
57.14 915 53.43 845 49.69 775 45.95 705 42.18 635 38.40 565
57.10 914 53.37 844 49.64 774 45.90 704 42.13 634 38.34 564
57.04 913 53.32 843 49.59 773 45.85 703 42.08 633 38.29 563
56.99 912 53.27 842 49.53 772 45.79 702 42.02 632 38.24 562
56.94 911 53.21 841 49.48 771 45.74 701 41.97 631 38.18 561
56.88 910 53.16 840 49.43 770 45.69 700 41.92 630 38.13 560
56.83 909 53.11 839 49.37 769 45.63 699 41.86 629 38.08 559
56.78 908 53.05 838 49.32 768 45.57 698 41.81 628 38.02 558
56.72 907 53.00 837 49.27 767 45.52 697 41.76 627 37.96 557
56.67 906 52.95 836 49.21 766 45.46 696 41.70 626 37.91 556
56.62 905 52.89 835 49.16 765 45.41 695 41.64 625 37.86 555
56.56 904 52.84 834 49.11 764 45.36 694 41.59 624 37.80 554
56.51 903 52.79 833 49.05 763 45.30 693 41.54 623 37.75 553
56.46 902 52.73 832 49.00 762 45.25 692 41.48 622 37.70 552
56.40 901 52.68 831 48.95 761 45.20 691 41.43 621 37.64 551
56.35 900 52.63 830 48.89 760 45.14 690 41.38 620 37.59 550
56.30 899 52.57 829 48.84 759 45.09 689 41.32 619 37.54 549
56.24 898 52.52 828 48.79 758 45.04 688 41.27 618 37.47 548
56.19 897 52.47 827 48.73 757 44.98 687 41.22 617 37.42 547
56.14 896 52.41 826 48.68 756 44.93 686 41.16 616 37.37 546
56.08 895 52.36 825 48.63 755 44.88 685 41.11 615 37.31 545
56.03 894 52.32 824 48.57 754 44.82 684 41.06 614 37.26 544
55.98 893 52.26 823 48.52 753 44.77 683 41.00 613 37.21 543
55.92 892 52.21 822 48.47 752 44.72 682 40.94 612 37.15 542
55.87 891 52.16 821 48.41 751 44.66 681 40.89 611 37.10 541
55.82 890 52.10 820 48.36 750 44.61 680 40.83 610 37.05 540
55.76 889 52.05 819 48.31 749 44.56 679 40.78 609 36.99 539
55.71 888 52.00 818 48.25 748 44.50 678 40.73 608 36.93 538
55.66 887 51.94 817 48.20 747 44.45 677 40.67 607 36.88 537
55.60 886 51.89 816 48.15 746 44.40 676 40.62 606 36.83 536
55.55 885 51.84 815 48.09 745 44.33 675 40.57 605 36.77 535
55.50 884 51.78 814 48.04 744 44.28 674 40.51 604 36.72 534
55.44 883 51.73 813 47.99 743 44.23 673 40.46 603 36.67 533
55.40 882 51.68 812 47.93 742 44.17 672 40.41 602 36.61 532
55.35 881 51.62 811 47.88 741 44.12 671 40.35 601 36.55 531
55.29 880 51.57 810 47.83 740 44.07 670 40.29 600 36.50 530
55.24 879 51.52 809 47.77 739 44.01 669 40.24 599 36.44 529
55.19 878 51.46 808 47.72 738 43.96 668 40.18 598 36.39 528
55.13 877 51.41 807 47.67 737 43.91 667 40.13 597 36.34 527
55.08 876 51.36 806 47.61 736 43.85 666 40.08 596 36.28 526
55.03 875 51.30 805 47.56 735 43.80 665 40.02 595 36.23 525
54.97 874 51.25 804 47.51 734 43.75 664 39.97 594 36.18 524
54.92 873 51.20 803 47.45 733 43.70 663 39.92 593 36.11 523
54.87 872 51.14 802 47.40 732 43.64 662 39.86 592 36.06 522
54.81 871 51.09 801 47.35 731 43.59 661 39.81 591 36.01 521
54.76 870 51.04 800 47.29 730 43.54 660 39.76 590 35.95 520
54.71 869 50.98 799 47.24 729 43.48 659 39.70 589 35.90 519
54.65 868 50.93 798 47.19 728 43.43 658 39.64 588 35.85 518
54.60 867 50.88 797 47.13 727 43.37 657 39.59 587 35.79 517
54.55 866 50.82 796 47.07 726 43.31 656 39.54 586 35.74 516
54.49 865 50.77 795 47.02 725 43.26 655 39.48 585 35.68 515
54.44 864 50.72 794 46.97 724 43.21 654 39.43 584 35.63 514
54.39 863 50.66 793 46.91 723 43.15 653 39.38 583 35.57 513
54.33 862 50.61 792 46.86 722 43.10 652 39.32 582 35.52 512
54.28 861 50.56 791 46.81 721 43.05 651 39.27 581 35.47 511
35.41 510 31.58 440 27.72 370 23.83 300 19.89 230 15.90 160
35.36 509 31.53 439 27.67 369 23.78 299 19.84 229 15.85 159
35.31 508 31.47 438 27.62 368 23.73 298 19.79 228 15.79 158
35.24 507 31.42 437 27.56 367 23.66 297 19.73 227 15.74 157
35.19 506 31.36 436 27.50 366 23.61 296 19.67 226 15.67 156
35.14 505 31.31 435 27.45 365 23.56 295 19.62 225 15.62 155
35.08 504 31.25 434 27.40 364 23.50 294 19.56 224 15.56 154
35.03 503 31.20 433 27.34 363 23.44 293 19.50 223 15.50 153
34.98 502 31.15 432 27.28 362 23.39 292 19.44 222 15.44 152
34.92 501 31.09 431 27.23 361 23.33 291 19.39 221 15.39 151
34.86 500 31.03 430 27.17 360 23.27 290 19.33 220 15.33 150
34.81 499 30.98 429 27.12 359 23.22 289 19.27 219 15.27 149
34.75 498 30.92 428 27.06 358 23.17 288 19.22 218 15.21 148
34.70 497 30.87 427 27.00 357 23.10 287 19.17 217 15.16 147
34.65 496 30.82 426 26.95 356 23.05 286 19.10 216 15.10 146
34.59 495 30.76 425 26.90 355 23.00 285 19.05 215 15.04 145
34.54 494 30.70 424 26.84 354 22.94 284 18.99 214 14.98 144
34.49 493 30.65 423 26.78 353 22.88 283 18.93 213 14.93 143
34.43 492 30.60 422 26.73 352 22.83 282 18.88 212 14.86 142
34.37 491 30.54 421 26.68 351 22.77 281 18.82 211 14.81 141
34.32 490 30.49 420 26.62 350 22.71 280 18.77 210 14.75 140
34.27 489 30.43 419 26.56 349 22.66 279 18.70 209 14.70 139
34.21 488 30.37 418 26.51 348 22.61 278 18.65 208 14.63 138
34.16 487 30.32 417 26.45 347 22.54 277 18.60 207 14.57 137
34.11 486 30.27 416 26.40 346 22.49 276 18.54 206 14.52 136
34.04 485 30.21 415 26.34 345 22.44 275 18.48 205 14.46 135
33.99 484 30.15 414 26.28 344 22.37 274 18.42 204 14.40 134
33.94 483 30.10 413 26.23 343 22.32 273 18.37 203 14.34 133
33.88 482 30.04 412 26.18 342 22.27 272 18.31 202 14.29 132
33.83 481 29.99 411 26.12 341 22.21 271 18.25 201 14.22 131
33.78 480 29.94 410 26.06 340 22.15 270 18.20 200 14.17 130
33.71 479 29.88 409 26.01 339 22.10 269 18.14 199 14.11 129
33.66 478 29.82 408 25.96 338 22.05 268 18.08 198 14.06 128
33.61 477 29.77 407 25.89 337 21.98 267 18.03 197 13.99 127
33.55 476 29.72 406 25.84 336 21.93 266 17.97 196 13.94 126
33.50 475 29.66 405 25.79 335 21.88 265 17.91 195 13.88 125
33.45 474 29.60 404 25.73 334 21.81 264 17.85 194 13.82 124
33.39 473 29.55 403 25.67 333 21.76 263 17.80 193 13.76 123
33.33 472 29.49 402 25.62 332 21.71 262 17.74 192 13.70 122
33.28 471 29.44 401 25.56 331 21.65 261 17.68 191 13.65 121
33.23 470 29.39 400 25.51 330 21.59 260 17.63 190 13.58 120
33.17 469 29.32 399 25.45 329 21.54 259 17.57 189 13.53 119
33.12 468 29.27 398 25.40 328 21.48 258 17.51 188 13.47 118
33.07 467 29.22 397 25.34 327 21.42 257 17.45 187 13.41 117
33.00 466 29.16 396 25.28 326 21.37 256 17.40 186 13.35 116
32.95 465 29.11 395 25.23 325 21.31 255 17.34 185 13.29 115
32.90 464 29.05 394 25.17 324 21.25 254 17.28 184 13.24 114
32.84 463 29.00 393 25.12 323 21.20 253 17.23 183 13.18 113
32.79 462 28.94 392 25.06 322 21.14 252 17.17 182 13.12 112
32.74 461 28.89 391 25.00 321 21.09 251 17.11 181 13.06 111
32.68 460 28.84 390 24.95 320 21.03 250 17.05 180 13.00 110
32.62 459 28.77 389 24.90 319 20.97 249 17.00 179 12.94 109
32.57 458 28.72 388 24.84 318 20.92 248 16.94 178 12.88 108
32.51 457 28.67 387 24.78 317 20.86 247 16.88 177 12.83 107
32.46 456 28.61 386 24.73 316 20.80 246 16.82 176 12.77 106
32.41 455 28.55 385 24.68 315 20.75 245 16.77 175 12.70 105
32.35 454 28.50 384 24.61 314 20.69 244 16.71 174 12.65 104
32.29 453 28.44 383 24.56 313 20.63 243 16.65 173 12.59 103
32.24 452 28.39 382 24.51 312 20.58 242 16.60 172 12.53 102
32.19 451 28.34 381 24.45 311 20.52 241 16.54 171 12.47 101
32.13 450 28.28 380 24.39 310 20.46 240 16.48 170 12.41 100
32.08 449 28.22 379 24.34 309 20.41 239 16.42 169 12.36 99
32.03 448 28.17 378 24.29 308 20.35 238 16.37 168 12.30 98
31.96 447 28.12 377 24.22 307 20.29 237 16.30 167 12.23 97
31.91 446 28.06 376 24.17 306 20.24 236 16.25 166 12.18 96
31.86 445 28.00 375 24.12 305 20.18 235 16.19 165 12.12 95
31.80 444 27.95 374 24.05 304 20.13 234 16.14 164 12.06 94
31.75 443 27.89 373 24.00 303 20.07 233 16.07 163 12.00 93
31.70 442 27.84 372 23.95 302 20.01 232 16.02 162 11.94 92
31.63 441 27.78 371 23.89 301 19.96 231 15.97 161 11.88 91
11.83 90 10.93 75 10.03 60 9.12 45 8.20 30 7.25 15
11.76 89 10.87 74 9.97 59 9.06 44 8.14 29 7.18 14
11.70 88 10.81 73 9.91 58 9.00 43 8.07 28 7.11 13
11.65 87 10.75 72 9.85 57 8.94 42 8.00 27 7.05 12
11.59 86 10.70 71 9.79 56 8.87 41 7.94 26 6.99 11
11.52 85 10.63 70 9.73 55 8.81 40 7.88 25 6.92 10
11.47 84 10.57 69 9.67 54 8.75 39 7.82 24 6.86 9
11.41 83 10.51 68 9.61 53 8.69 38 7.75 23 6.79 8
11.35 82 10.46 67 9.55 52 8.63 37 7.69 22 6.72 7
11.29 81 10.39 66 9.49 51 8.56 36 7.63 21 6.65 6
11.23 80 10.33 65 9.43 50 8.50 35 7.57 20 6.59 5
11.17 79 10.27 64 9.36 49 8.45 34 7.51 19 6.52 4
11.11 78 10.22 63 9.30 48 8.39 33 7.43 18 6.45 3
11.05 77 10.15 62 9.24 47 8.32 32 7.37 17 6.38 2
10.99 76 10.09 61 9.19 46 8.26 31 7.31 16 6.31 1
