72.59 1350 69.28 1280 65.96 1210 62.63 1140 59.29 1070 55.95 1000
72.54 1349 69.23 1279 65.91 1209 62.58 1139 59.25 1069 55.90 999
72.49 1348 69.18 1278 65.87 1208 62.54 1138 59.20 1068 55.85 998
72.44 1347 69.13 1277 65.82 1207 62.49 1137 59.15 1067 55.80 997
72.40 1346 69.09 1276 65.77 1206 62.44 1136 59.11 1066 55.75 996
72.35 1345 69.04 1275 65.72 1205 62.39 1135 59.06 1065 55.71 995
72.30 1344 68.99 1274 65.67 1204 62.34 1134 59.01 1064 55.66 994
72.26 1343 68.95 1273 65.63 1203 62.30 1133 58.96 1063 55.62 993
72.21 1342 68.90 1272 65.58 1202 62.25 1132 58.91 1062 55.57 992
72.16 1341 68.85 1271 65.53 1201 62.21 1131 58.87 1061 55.52 991
72.11 1340 68.80 1270 65.49 1200 62.16 1130 58.82 1060 55.47 990
72.07 1339 68.76 1269 65.44 1199 62.11 1129 58.77 1059 55.42 989
72.02 1338 68.71 1268 65.39 1198 62.06 1128 58.72 1058 55.37 988
71.97 1337 68.66 1267 65.34 1197 62.01 1127 58.67 1057 55.32 987
71.93 1336 68.62 1266 65.29 1196 61.96 1126 58.62 1056 55.28 986
71.88 1335 68.57 1265 65.25 1195 61.92 1125 58.58 1055 55.23 985
71.83 1334 68.52 1264 65.20 1194 61.87 1124 58.53 1054 55.18 984
71.78 1333 68.47 1263 65.15 1193 61.83 1123 58.49 1053 55.13 983
71.74 1332 68.42 1262 65.10 1192 61.78 1122 58.44 1052 55.08 982
71.69 1331 68.38 1261 65.06 1191 61.73 1121 58.39 1051 55.03 981
71.64 1330 68.33 1260 65.01 1190 61.68 1120 58.34 1050 54.99 980
71.59 1329 68.28 1259 64.96 1189 61.63 1119 58.29 1049 54.94 979
71.55 1328 68.24 1258 64.92 1188 61.58 1118 58.24 1048 54.90 978
71.50 1327 68.19 1257 64.87 1187 61.54 1117 58.20 1047 54.85 977
71.45 1326 68.14 1256 64.82 1186 61.49 1116 58.15 1046 54.80 976
71.41 1325 68.09 1255 64.77 1185 61.44 1115 58.10 1045 54.75 975
71.36 1324 68.05 1254 64.72 1184 61.39 1114 58.05 1044 54.70 974
71.31 1323 68.00 1253 64.67 1183 61.34 1113 58.00 1043 54.66 973
71.26 1322 67.95 1252 64.63 1182 61.30 1112 57.95 1042 54.61 972
71.22 1321 67.90 1251 64.59 1181 61.25 1111 57.91 1041 54.56 971
71.17 1320 67.86 1250 64.54 1180 61.21 1110 57.87 1040 54.51 970
71.12 1319 67.81 1249 64.49 1179 61.16 1109 57.82 1039 54.46 969
71.08 1318 67.76 1248 64.44 1178 61.11 1108 57.77 1038 54.41 968
71.03 1317 67.71 1247 64.39 1177 61.06 1107 57.72 1037 54.36 967
70.98 1316 67.67 1246 64.34 1176 61.01 1106 57.67 1036 54.32 966
70.93 1315 67.62 1245 64.29 1175 60.96 1105 57.62 1035 54.27 965
70.89 1314 67.57 1244 64.25 1174 60.91 1104 57.58 1034 54.22 964
70.84 1313 67.52 1243 64.20 1173 60.87 1103 57.53 1033 54.17 963
70.79 1312 67.48 1242 64.16 1172 60.82 1102 57.48 1032 54.12 962
70.75 1311 67.43 1241 64.11 1171 60.78 1101 57.43 1031 54.07 961
70.70 1310 67.38 1240 64.06 1170 60.73 1100 57.38 1030 54.03 960
70.65 1309 67.34 1239 64.01 1169 60.68 1099 57.33 1029 53.99 959
70.60 1308 67.29 1238 63.96 1168 60.63 1098 57.28 1028 53.94 958
70.55 1307 67.24 1237 63.92 1167 60.58 1097 57.24 1027 53.89 957
70.51 1306 67.19 1236 63.87 1166 60.54 1096 57.20 1026 53.84 956
70.46 1305 67.14 1235 63.82 1165 60.49 1095 57.15 1025 53.79 955
70.41 1304 67.10 1234 63.77 1164 60.44 1094 57.10 1024 53.74 954
70.37 1303 67.05 1233 63.73 1163 60.39 1093 57.05 1023 53.70 953
70.32 1302 67.01 1232 63.68 1162 60.34 1092 57.00 1022 53.65 952
70.27 1301 66.96 1231 63.63 1161 60.29 1091 56.95 1021 53.60 951
70.22 1300 66.91 1230 63.58 1160 60.25 1090 56.91 1020 53.55 950
70.18 1299 66.86 1229 63.54 1159 60.21 1089 56.86 1019 53.50 949
70.13 1298 66.81 1228 63.49 1158 60.16 1088 56.81 1018 53.45 948
70.08 1297 66.76 1227 63.44 1157 60.11 1087 56.76 1017 53.41 947
70.04 1296 66.71 1226 63.39 1156 60.06 1086 56.71 1016 53.36 946
69.99 1295 66.67 1225 63.34 1155 60.01 1085 56.66 1015 53.31 945
69.94 1294 66.63 1224 63.29 1154 59.96 1084 56.62 1014 53.26 944
69.89 1293 66.58 1223 63.25 1153 59.91 1083 56.57 1013 53.21 943
69.84 1292 66.53 1222 63.21 1152 59.87 1082 56.52 1012 53.16 942
69.80 1291 66.48 1221 63.16 1151 59.82 1081 56.48 1011 53.11 941
69.75 1290 66.43 1220 63.11 1150 59.77 1080 56.43 1010 53.07 940
69.71 1289 66.38 1219 63.06 1149 59.72 1079 56.38 1009 53.02 939
69.66 1288 66.34 1218 63.01 1148 59.68 1078 56.33 1008 52.98 938
69.61 1287 66.30 1217 62.96 1147 59.63 1077 56.28 1007 52.93 937
69.56 1286 66.25 1216 62.92 1146 59.58 1076 56.24 1006 52.88 936
69.51 1285 66.20 1215 62.87 1145 59.54 1075 56.19 1005 52.83 935
69.47 1284 66.15 1214 62.82 1144 59.49 1074 56.14 1004 52.78 934
69.42 1283 66.10 1213 62.78 1143 59.44 1073 56.09 1003 52.74 933
69.37 1282 66.05 1212 62.73 1142 59.39 1072 56.04 1002 52.69 932
69.33 1281 66.00 1211 62.68 1141 59.34 1071 55.99 1001 52.64 931
52.59 930 49.22 860 45.84 790 42.43 720 39.02 650 35.59 580
52.54 929 49.17 859 45.79 789 42.39 719 38.97 649 35.55 579
52.49 928 49.12 858 45.74 788 42.34 718 38.93 648 35.49 578
52.45 927 49.07 857 45.69 787 42.29 717 38.88 647 35.44 577
52.40 926 49.02 856 45.65 786 42.24 716 38.83 646 35.39 576
52.35 925 48.98 855 45.60 785 42.19 715 38.78 645 35.34 575
52.30 924 48.93 854 45.55 784 42.14 714 38.73 644 35.30 574
52.25 923 48.88 853 45.50 783 42.10 713 38.68 643 35.25 573
52.20 922 48.83 852 45.44 782 42.05 712 38.64 642 35.20 572
52.15 921 48.78 851 45.40 781 42.00 711 38.59 641 35.15 571
52.11 920 48.73 850 45.35 780 41.95 710 38.53 640 35.10 570
52.06 919 48.69 849 45.30 779 41.90 709 38.48 639 35.05 569
52.01 918 48.64 848 45.25 778 41.85 708 38.43 638 35.01 568
51.96 917 48.59 847 45.20 777 41.81 707 38.39 637 34.95 567
51.91 916 48.54 846 45.15 776 41.76 706 38.34 636 34.90 566
51.86 915 48.49 845 45.10 775 41.71 705 38.29 635 34.85 565
51.82 914 48.44 844 45.06 774 41.66 704 38.24 634 34.80 564
51.78 913 48.40 843 45.01 773 41.61 703 38.19 633 34.76 563
51.73 912 48.35 842 44.96 772 41.56 702 38.14 632 34.71 562
51.68 911 48.30 841 44.91 771 41.52 701 38.09 631 34.66 561
51.63 910 48.25 840 44.86 770 41.47 700 38.05 630 34.61 560
51.58 909 48.20 839 44.81 769 41.42 699 38.00 629 34.56 559
51.53 908 48.15 838 44.77 768 41.36 698 37.95 628 34.51 558
51.49 907 48.11 837 44.72 767 41.31 697 37.90 627 34.46 557
51.44 906 48.06 836 44.67 766 41.26 696 37.84 626 34.41 556
51.39 905 48.01 835 44.62 765 41.22 695 37.80 625 34.36 555
51.34 904 47.96 834 44.57 764 41.17 694 37.75 624 34.31 554
51.29 903 47.91 833 44.52 763 41.12 693 37.70 623 34.26 553
51.24 902 47.86 832 44.48 762 41.07 692 37.65 622 34.21 552
51.19 901 47.81 831 44.43 761 41.02 691 37.60 621 34.17 551
51.15 900 47.77 830 44.38 760 40.97 690 37.55 620 34.12 550
51.10 899 47.72 829 44.33 759 40.93 689 37.51 619 34.07 549
51.05 898 47.67 828 44.28 758 40.88 688 37.46 618 34.01 548
51.00 897 47.62 827 44.23 757 40.83 687 37.41 617 33.96 547
50.95 896 47.57 826 44.19 756 40.78 686 37.36 616 33.92 546
50.90 895 47.52 825 44.14 755 40.73 685 37.31 615 33.87 545
50.86 894 47.48 824 44.09 754 40.68 684 37.26 614 33.82 544
50.81 893 47.44 823 44.04 753 40.64 683 37.22 613 33.77 543
50.76 892 47.39 822 43.99 752 40.59 682 37.16 612 33.72 542
50.71 891 47.34 821 43.94 751 40.54 681 37.11 611 33.67 541
50.66 890 47.29 820 43.89 750 40.49 680 37.06 610 33.63 540
50.61 889 47.24 819 43.85 749 40.44 679 37.01 609 33.57 539
50.57 888 47.19 818 43.80 748 40.39 678 36.97 608 33.52 538
50.52 887 47.15 817 43.75 747 40.35 677 36.92 607 33.47 537
50.47 886 47.10 816 43.70 746 40.30 676 36.87 606 33.42 536
50.42 885 47.05 815 43.65 745 40.24 675 36.82 605 33.38 535
50.37 884 47.00 814 43.60 744 40.19 674 36.77 604 33.33 534
50.32 883 46.95 813 43.56 743 40.14 673 36.72 603 33.28 533
50.28 882 46.90 812 43.51 742 40.10 672 36.68 602 33.23 532
50.23 881 46.86 811 43.46 741 40.05 671 36.63 601 33.17 531
50.19 880 46.81 810 43.41 740 40.00 670 36.57 600 33.13 530
50.14 879 46.76 809 43.36 739 39.95 669 36.52 599 33.08 529
50.09 878 46.71 808 43.31 738 39.90 668 36.47 598 33.03 528
50.04 877 46.66 807 43.27 737 39.85 667 36.43 597 32.98 527
49.99 876 46.61 806 43.22 736 39.80 666 36.38 596 32.93 526
49.94 875 46.56 805 43.17 735 39.76 665 36.33 595 32.88 525
49.90 874 46.52 804 43.12 734 39.71 664 36.28 594 32.84 524
49.85 873 46.47 803 43.07 733 39.66 663 36.23 593 32.78 523
49.80 872 46.42 802 43.02 732 39.61 662 36.18 592 32.73 522
49.75 871 46.37 801 42.98 731 39.56 661 36.13 591 32.68 521
49.70 870 46.32 800 42.93 730 39.51 660 36.09 590 32.63 520
49.65 869 46.27 799 42.88 729 39.47 659 36.04 589 32.59 519
49.61 868 46.23 798 42.83 728 39.42 658 35.98 588 32.54 518
49.56 867 46.18 797 42.77 727 39.36 657 35.93 587 32.49 517
49.51 866 46.13 796 42.73 726 39.31 656 35.88 586 32.44 516
49.46 865 46.08 795 42.68 725 39.26 655 35.84 585 32.38 515
49.41 864 46.03 794 42.63 724 39.22 654 35.79 584 32.34 514
49.36 863 45.98 793 42.58 723 39.17 653 35.74 583 32.29 513
49.32 862 45.94 792 42.53 722 39.12 652 35.69 582 32.24 512
49.27 861 45.89 791 42.48 721 39.07 651 35.64 581 32.19 511
32.14 510 28.67 440 25.16 370 21.63 300 18.06 230 14.44 160
32.09 509 28.62 439 25.12 369 21.58 299 18.01 229 14.39 159
32.05 508 28.57 438 25.07 368 21.53 298 17.96 228 14.33 158
31.99 507 28.52 437 25.02 367 21.48 297 17.90 227 14.28 157
31.94 506 28.46 436 24.96 366 21.43 296 17.86 226 14.23 156
31.89 505 28.42 435 24.91 365 21.38 295 17.81 225 14.18 155
31.84 504 28.37 434 24.87 364 21.33 294 17.75 224 14.12 154
31.79 503 28.32 433 24.82 363 21.28 293 17.70 223 14.07 153
31.75 502 28.27 432 24.76 362 21.23 292 17.65 222 14.02 152
31.70 501 28.22 431 24.71 361 21.18 291 17.60 221 13.97 151
31.64 500 28.17 430 24.66 360 21.12 290 17.55 220 13.91 150
31.59 499 28.12 429 24.62 359 21.07 289 17.49 219 13.86 149
31.54 498 28.07 428 24.56 358 21.03 288 17.44 218 13.81 148
31.50 497 28.02 427 24.51 357 20.97 287 17.40 217 13.76 147
31.45 496 27.97 426 24.46 356 20.92 286 17.34 216 13.70 146
31.40 495 27.91 425 24.41 355 20.87 285 17.29 215 13.65 145
31.35 494 27.87 424 24.36 354 20.82 284 17.23 214 13.60 144
31.30 493 27.82 423 24.31 353 20.77 283 17.19 213 13.55 143
31.25 492 27.77 422 24.26 352 20.72 282 17.14 212 13.49 142
31.20 491 27.72 421 24.21 351 20.67 281 17.08 211 13.44 141
31.15 490 27.67 420 24.16 350 20.61 280 17.03 210 13.39 140
31.10 489 27.62 419 24.11 349 20.57 279 16.98 209 13.34 139
31.05 488 27.57 418 24.06 348 20.52 278 16.93 208 13.28 138
31.00 487 27.52 417 24.01 347 20.46 277 16.88 207 13.23 137
30.96 486 27.47 416 23.96 346 20.41 276 16.82 206 13.18 136
30.90 485 27.42 415 23.91 345 20.36 275 16.78 205 13.12 135
30.85 484 27.37 414 23.86 344 20.31 274 16.72 204 13.07 134
30.80 483 27.32 413 23.81 343 20.26 273 16.67 203 13.02 133
30.75 482 27.27 412 23.76 342 20.21 272 16.62 202 12.97 132
30.71 481 27.22 411 23.70 341 20.16 271 16.57 201 12.91 131
30.66 480 27.17 410 23.66 340 20.11 270 16.52 200 12.86 130
30.60 479 27.12 409 23.61 339 20.06 269 16.46 199 12.81 129
30.55 478 27.07 408 23.56 338 20.01 268 16.41 198 12.76 128
30.50 477 27.02 407 23.50 337 19.95 267 16.36 197 12.70 127
30.46 476 26.97 406 23.45 336 19.90 266 16.31 196 12.65 126
30.41 475 26.92 405 23.41 335 19.86 265 16.26 195 12.60 125
30.36 474 26.87 404 23.36 334 19.80 264 16.20 194 12.54 124
30.31 473 26.82 403 23.30 333 19.75 263 16.15 193 12.49 123
30.25 472 26.77 402 23.25 332 19.70 262 16.10 192 12.44 122
30.21 471 26.72 401 23.20 331 19.65 261 16.05 191 12.39 121
30.16 470 26.67 400 23.16 330 19.60 260 16.00 190 12.33 120
30.11 469 26.62 399 23.10 329 19.55 259 15.94 189 12.28 119
30.06 468 26.57 398 23.05 328 19.49 258 15.90 188 12.23 118
30.01 467 26.52 397 23.00 327 19.45 257 15.84 187 12.17 117
29.96 466 26.47 396 22.95 326 19.40 256 15.79 186 12.12 116
29.91 465 26.42 395 22.90 325 19.34 255 15.73 185 12.06 115
29.86 464 26.37 394 22.85 324 19.29 254 15.69 184 12.02 114
29.81 463 26.32 393 22.80 323 19.24 253 15.64 183 11.96 113
29.76 462 26.27 392 22.74 322 19.19 252 15.58 182 11.91 112
29.71 461 26.22 391 22.70 321 19.14 251 15.53 181 11.85 111
29.67 460 26.17 390 22.65 320 19.09 250 15.48 180 11.80 110
29.61 459 26.12 389 22.60 319 19.03 249 15.43 179 11.75 109
29.56 458 26.07 388 22.54 318 18.99 248 15.37 178 11.69 108
29.51 457 26.02 387 22.49 317 18.94 247 15.32 177 11.64 107
29.46 456 25.97 386 22.45 316 18.88 246 15.27 176 11.59 106
29.42 455 25.91 385 22.40 315 18.83 245 15.22 175 11.53 105
29.37 454 25.87 384 22.34 314 18.78 244 15.17 174 11.48 104
29.31 453 25.82 383 22.29 313 18.73 243 15.11 173 11.43 103
29.26 452 25.77 382 22.24 312 18.68 242 15.07 172 11.37 102
29.21 451 25.72 381 22.19 311 18.62 241 15.01 171 11.32 101
29.17 450 25.66 380 22.14 310 18.57 240 14.96 170 11.27 100
29.12 449 25.62 379 22.09 309 18.53 239 14.90 169 11.22 99
29.07 448 25.57 378 22.04 308 18.47 238 14.86 168 11.16 98
29.01 447 25.52 377 21.99 307 18.42 237 14.80 167 11.10 97
28.96 446 25.47 376 21.94 306 18.37 236 14.75 166 11.06 96
28.92 445 25.41 375 21.89 305 18.32 235 14.69 165 11.00 95
28.87 444 25.37 374 21.83 304 18.27 234 14.65 164 10.94 94
28.82 443 25.32 373 21.78 303 18.22 233 14.59 163 10.89 93
28.77 442 25.27 372 21.74 302 18.16 232 14.54 162 10.84 92
28.71 441 25.21 371 21.69 301 18.11 231 14.49 161 10.78 91
10.73 90 9.92 75 9.10 60 8.28 45 7.44 30 6.58 15
10.68 89 9.87 74 9.05 59 8.22 44 7.39 29 6.51 14
10.62 88 9.81 73 9.00 58 8.17 43 7.32 28 6.46 13
10.57 87 9.76 72 8.94 57 8.11 42 7.26 27 6.40 12
10.52 86 9.71 71 8.89 56 8.06 41 7.21 26 6.35 11
10.46 85 9.65 70 8.83 55 8.00 40 7.15 25 6.28 10
10.41 84 9.60 69 8.77 54 7.94 39 7.10 24 6.22 9
10.35 83 9.54 68 8.72 53 7.89 38 7.04 23 6.16 8
10.30 82 9.49 67 8.67 52 7.83 37 6.98 22 6.10 7
10.25 81 9.43 66 8.61 51 7.77 36 6.93 21 6.04 6
10.19 80 9.38 65 8.56 50 7.72 35 6.87 20 5.98 5
10.14 79 9.32 64 8.50 49 7.67 34 6.81 19 5.92 4
10.09 78 9.27 63 8.44 48 7.61 33 6.75 18 5.85 3
10.03 77 9.22 62 8.39 47 7.56 32 6.69 17 5.79 2
9.98 76 9.16 61 8.34 46 7.50 31 6.64 16 5.72 1
