75.85 1350 72.39 1280 68.92 1210 65.45 1140 61.96 1070 58.46 1000
75.80 1349 72.34 1279 68.87 1209 65.40 1139 61.91 1069 58.41 999
75.75 1348 72.29 1278 68.83 1208 65.35 1138 61.86 1068 58.36 998
75.70 1347 72.24 1277 68.78 1207 65.29 1137 61.81 1067 58.31 997
75.65 1346 72.19 1276 68.73 1206 65.24 1136 61.76 1066 58.26 996
75.60 1345 72.14 1275 68.67 1205 65.19 1135 61.71 1065 58.21 995
75.55 1344 72.09 1274 68.62 1204 65.14 1134 61.66 1064 58.16 994
75.50 1343 72.05 1273 68.57 1203 65.10 1133 61.61 1063 58.11 993
75.45 1342 72.00 1272 68.52 1202 65.05 1132 61.56 1062 58.06 992
75.40 1341 71.95 1271 68.47 1201 65.00 1131 61.51 1061 58.01 991
75.35 1340 71.89 1270 68.43 1200 64.95 1130 61.46 1060 57.96 990
75.31 1339 71.84 1269 68.38 1199 64.90 1129 61.41 1059 57.91 989
75.26 1338 71.79 1268 68.33 1198 64.85 1128 61.36 1058 57.86 988
75.21 1337 71.74 1267 68.28 1197 64.80 1127 61.31 1057 57.81 987
75.16 1336 71.70 1266 68.23 1196 64.75 1126 61.26 1056 57.76 986
75.11 1335 71.65 1265 68.18 1195 64.70 1125 61.21 1055 57.71 985
75.06 1334 71.60 1264 68.13 1194 64.65 1124 61.16 1054 57.66 984
75.01 1333 71.55 1263 68.08 1193 64.60 1123 61.11 1053 57.61 983
74.96 1332 71.50 1262 68.03 1192 64.55 1122 61.06 1052 57.56 982
74.91 1331 71.45 1261 67.98 1191 64.50 1121 61.01 1051 57.51 981
74.86 1330 71.40 1260 67.93 1190 64.45 1120 60.96 1050 57.46 980
74.81 1329 71.35 1259 67.88 1189 64.40 1119 60.91 1049 57.41 979
74.76 1328 71.30 1258 67.83 1188 64.35 1118 60.86 1048 57.36 978
74.71 1327 71.25 1257 67.78 1187 64.30 1117 60.81 1047 57.31 977
74.66 1326 71.20 1256 67.73 1186 64.25 1116 60.76 1046 57.26 976
74.62 1325 71.15 1255 67.68 1185 64.20 1115 60.71 1045 57.21 975
74.57 1324 71.10 1254 67.63 1184 64.15 1114 60.66 1044 57.16 974
74.52 1323 71.05 1253 67.58 1183 64.10 1113 60.61 1043 57.11 973
74.47 1322 71.00 1252 67.54 1182 64.06 1112 60.56 1042 57.06 972
74.41 1321 70.95 1251 67.49 1181 64.01 1111 60.51 1041 57.01 971
74.36 1320 70.91 1250 67.44 1180 63.95 1110 60.47 1040 56.96 970
74.31 1319 70.86 1249 67.39 1179 63.90 1109 60.41 1039 56.91 969
74.27 1318 70.81 1248 67.33 1178 63.85 1108 60.36 1038 56.86 968
74.22 1317 70.76 1247 67.28 1177 63.80 1107 60.31 1037 56.81 967
74.17 1316 70.71 1246 67.23 1176 63.75 1106 60.26 1036 56.76 966
74.12 1315 70.66 1245 67.18 1175 63.70 1105 60.21 1035 56.71 965
74.07 1314 70.61 1244 67.13 1174 63.65 1104 60.16 1034 56.66 964
74.02 1313 70.55 1243 67.08 1173 63.60 1103 60.11 1033 56.60 963
73.97 1312 70.51 1242 67.04 1172 63.55 1102 60.06 1032 56.55 962
73.93 1311 70.46 1241 66.99 1171 63.51 1101 60.01 1031 56.50 961
73.88 1310 70.41 1240 66.94 1170 63.46 1100 59.96 1030 56.45 960
73.82 1309 70.36 1239 66.89 1169 63.41 1099 59.91 1029 56.41 959
73.77 1308 70.31 1238 66.84 1168 63.36 1098 59.86 1028 56.36 958
73.72 1307 70.26 1237 66.79 1167 63.31 1097 59.81 1027 56.31 957
73.67 1306 70.21 1236 66.74 1166 63.26 1096 59.77 1026 56.26 956
73.62 1305 70.16 1235 66.69 1165 63.20 1095 59.72 1025 56.21 955
73.57 1304 70.12 1234 66.64 1164 63.15 1094 59.66 1024 56.16 954
73.53 1303 70.07 1233 66.59 1163 63.10 1093 59.61 1023 56.11 953
73.48 1302 70.02 1232 66.54 1162 63.05 1092 59.56 1022 56.06 952
73.43 1301 69.96 1231 66.49 1161 63.00 1091 59.51 1021 56.01 951
73.38 1300 69.91 1230 66.44 1160 62.96 1090 59.46 1020 55.96 950
73.33 1299 69.86 1229 66.39 1159 62.91 1089 59.41 1019 55.91 949
73.28 1298 69.81 1228 66.34 1158 62.86 1088 59.36 1018 55.85 948
73.23 1297 69.76 1227 66.29 1157 62.81 1087 59.31 1017 55.80 947
73.18 1296 69.71 1226 66.24 1156 62.76 1086 59.26 1016 55.75 946
73.13 1295 69.67 1225 66.19 1155 62.71 1085 59.21 1015 55.70 945
73.08 1294 69.62 1224 66.14 1154 62.66 1084 59.16 1014 55.65 944
73.03 1293 69.57 1223 66.10 1153 62.61 1083 59.11 1013 55.60 943
72.98 1292 69.52 1222 66.05 1152 62.56 1082 59.06 1012 55.55 942
72.93 1291 69.47 1221 65.99 1151 62.51 1081 59.02 1011 55.50 941
72.88 1290 69.42 1220 65.94 1150 62.45 1080 58.96 1010 55.45 940
72.84 1289 69.37 1219 65.89 1149 62.40 1079 58.91 1009 55.40 939
72.79 1288 69.32 1218 65.84 1148 62.36 1078 58.86 1008 55.36 938
72.74 1287 69.27 1217 65.79 1147 62.31 1077 58.81 1007 55.31 937
72.69 1286 69.22 1216 65.74 1146 62.26 1076 58.76 1006 55.26 936
72.64 1285 69.17 1215 65.69 1145 62.21 1075 58.71 1005 55.21 935
72.59 1284 69.12 1214 65.64 1144 62.16 1074 58.66 1004 55.16 934
72.54 1283 69.07 1213 65.60 1143 62.11 1073 58.61 1003 55.10 933
72.48 1282 69.02 1212 65.55 1142 62.06 1072 58.56 1002 55.05 932
72.44 1281 68.97 1211 65.50 1141 62.01 1071 58.51 1001 55.00 931
54.95 930 51.43 860 47.90 790 44.34 720 40.78 650 37.19 580
54.90 929 51.38 859 47.85 789 44.29 719 40.72 649 37.14 579
54.85 928 51.33 858 47.80 788 44.24 718 40.67 648 37.08 578
54.80 927 51.28 857 47.75 787 44.19 717 40.62 647 37.03 577
54.75 926 51.23 856 47.70 786 44.14 716 40.57 646 36.98 576
54.70 925 51.18 855 47.64 785 44.09 715 40.52 645 36.93 575
54.65 924 51.13 854 47.59 784 44.04 714 40.47 644 36.88 574
54.60 923 51.08 853 47.54 783 43.99 713 40.42 643 36.83 573
54.55 922 51.02 852 47.48 782 43.94 712 40.37 642 36.78 572
54.50 921 50.97 851 47.43 781 43.89 711 40.32 641 36.73 571
54.45 920 50.92 850 47.38 780 43.84 710 40.26 640 36.68 570
54.40 919 50.87 849 47.33 779 43.78 709 40.21 639 36.63 569
54.35 918 50.82 848 47.28 778 43.73 708 40.16 638 36.58 568
54.30 917 50.77 847 47.23 777 43.68 707 40.11 637 36.52 567
54.24 916 50.72 846 47.18 776 43.63 706 40.06 636 36.47 566
54.19 915 50.67 845 47.13 775 43.58 705 40.01 635 36.42 565
54.15 914 50.62 844 47.08 774 43.53 704 39.96 634 36.37 564
54.10 913 50.57 843 47.03 773 43.48 703 39.91 633 36.32 563
54.05 912 50.52 842 46.98 772 43.43 702 39.86 632 36.27 562
54.00 911 50.47 841 46.93 771 43.38 701 39.81 631 36.22 561
53.95 910 50.42 840 46.88 770 43.33 700 39.76 630 36.16 560
53.90 909 50.37 839 46.83 769 43.28 699 39.70 629 36.11 559
53.85 908 50.32 838 46.78 768 43.22 698 39.65 628 36.06 558
53.80 907 50.27 837 46.73 767 43.17 697 39.60 627 36.00 557
53.75 906 50.22 836 46.68 766 43.12 696 39.54 626 35.95 556
53.70 905 50.17 835 46.63 765 43.07 695 39.49 625 35.90 555
53.65 904 50.11 834 46.57 764 43.02 694 39.44 624 35.85 554
53.60 903 50.06 833 46.52 763 42.97 693 39.39 623 35.80 553
53.55 902 50.01 832 46.47 762 42.92 692 39.34 622 35.75 552
53.49 901 49.96 831 46.42 761 42.87 691 39.29 621 35.70 551
53.44 900 49.91 830 46.37 760 42.82 690 39.24 620 35.65 550
53.39 899 49.86 829 46.32 759 42.76 689 39.19 619 35.60 549
53.34 898 49.81 828 46.27 758 42.71 688 39.14 618 35.54 548
53.29 897 49.76 827 46.22 757 42.66 687 39.09 617 35.49 547
53.24 896 49.71 826 46.17 756 42.61 686 39.04 616 35.44 546
53.19 895 49.66 825 46.12 755 42.56 685 38.99 615 35.39 545
53.14 894 49.62 824 46.07 754 42.51 684 38.94 614 35.34 544
53.09 893 49.57 823 46.02 753 42.46 683 38.89 613 35.29 543
53.04 892 49.52 822 45.97 752 42.41 682 38.83 612 35.24 542
52.99 891 49.47 821 45.92 751 42.36 681 38.78 611 35.19 541
52.94 890 49.41 820 45.87 750 42.31 680 38.73 610 35.14 540
52.89 889 49.36 819 45.82 749 42.26 679 38.68 609 35.08 539
52.84 888 49.31 818 45.77 748 42.21 678 38.63 608 35.03 538
52.79 887 49.26 817 45.71 747 42.16 677 38.58 607 34.98 537
52.74 886 49.21 816 45.66 746 42.11 676 38.52 606 34.93 536
52.69 885 49.16 815 45.61 745 42.05 675 38.47 605 34.88 535
52.63 884 49.11 814 45.56 744 42.00 674 38.42 604 34.82 534
52.58 883 49.06 813 45.51 743 41.95 673 38.37 603 34.77 533
52.54 882 49.01 812 45.46 742 41.90 672 38.32 602 34.72 532
52.49 881 48.96 811 45.41 741 41.85 671 38.27 601 34.66 531
52.44 880 48.91 810 45.36 740 41.80 670 38.21 600 34.61 530
52.39 879 48.86 809 45.31 739 41.74 669 38.16 599 34.56 529
52.34 878 48.81 808 45.26 738 41.69 668 38.11 598 34.51 528
52.29 877 48.76 807 45.21 737 41.64 667 38.06 597 34.46 527
52.24 876 48.71 806 45.16 736 41.59 666 38.01 596 34.41 526
52.19 875 48.66 805 45.11 735 41.54 665 37.96 595 34.36 525
52.14 874 48.61 804 45.06 734 41.49 664 37.91 594 34.31 524
52.09 873 48.56 803 45.01 733 41.44 663 37.86 593 34.25 523
52.04 872 48.50 802 44.96 732 41.39 662 37.81 592 34.20 522
51.99 871 48.45 801 44.91 731 41.34 661 37.76 591 34.15 521
51.94 870 48.40 800 44.85 730 41.29 660 37.71 590 34.10 520
51.88 869 48.35 799 44.80 729 41.24 659 37.66 589 34.05 519
51.83 868 48.30 798 44.75 728 41.19 658 37.60 588 34.00 518
51.78 867 48.25 797 44.69 727 41.13 657 37.55 587 33.95 517
51.73 866 48.20 796 44.64 726 41.08 656 37.50 586 33.90 516
51.68 865 48.15 795 44.59 725 41.03 655 37.45 585 33.84 515
51.63 864 48.10 794 44.54 724 40.98 654 37.40 584 33.79 514
51.58 863 48.05 793 44.49 723 40.93 653 37.34 583 33.74 513
51.53 862 48.00 792 44.44 722 40.88 652 37.29 582 33.69 512
51.48 861 47.95 791 44.39 721 40.83 651 37.24 581 33.64 511
33.59 510 29.95 440 26.29 370 22.60 300 18.87 230 15.08 160
33.54 509 29.90 439 26.24 369 22.55 299 18.82 229 15.03 159
33.48 508 29.85 438 26.19 368 22.50 298 18.77 228 14.97 158
33.43 507 29.80 437 26.14 367 22.44 297 18.71 227 14.92 157
33.37 506 29.74 436 26.08 366 22.39 296 18.66 226 14.87 156
33.32 505 29.69 435 26.03 365 22.34 295 18.61 225 14.81 155
33.27 504 29.64 434 25.98 364 22.29 294 18.55 224 14.76 154
33.22 503 29.59 433 25.93 363 22.23 293 18.50 223 14.70 153
33.17 502 29.54 432 25.87 362 22.18 292 18.44 222 14.65 152
33.12 501 29.49 431 25.82 361 22.13 291 18.39 221 14.60 151
33.06 500 29.43 430 25.77 360 22.07 290 18.34 220 14.54 150
33.01 499 29.38 429 25.72 359 22.02 289 18.28 219 14.49 149
32.96 498 29.33 428 25.66 358 21.97 288 18.23 218 14.43 148
32.91 497 29.28 427 25.61 357 21.91 287 18.18 217 14.38 147
32.86 496 29.23 426 25.56 356 21.86 286 18.12 216 14.32 146
32.81 495 29.17 425 25.51 355 21.81 285 18.07 215 14.27 145
32.76 494 29.12 424 25.45 354 21.76 284 18.01 214 14.21 144
32.71 493 29.07 423 25.40 353 21.70 283 17.96 213 14.16 143
32.65 492 29.02 422 25.35 352 21.65 282 17.91 212 14.10 142
32.60 491 28.97 421 25.30 351 21.60 281 17.85 211 14.05 141
32.55 490 28.92 420 25.25 350 21.54 280 17.80 210 13.99 140
32.50 489 28.86 419 25.19 349 21.49 279 17.74 209 13.94 139
32.45 488 28.81 418 25.14 348 21.44 278 17.69 208 13.88 138
32.40 487 28.76 417 25.09 347 21.38 277 17.64 207 13.82 137
32.35 486 28.71 416 25.04 346 21.33 276 17.58 206 13.77 136
32.29 485 28.65 415 24.98 345 21.28 275 17.53 205 13.71 135
32.24 484 28.60 414 24.93 344 21.22 274 17.47 204 13.66 134
32.19 483 28.55 413 24.88 343 21.17 273 17.42 203 13.60 133
32.14 482 28.49 412 24.83 342 21.12 272 17.37 202 13.55 132
32.09 481 28.44 411 24.77 341 21.06 271 17.31 201 13.49 131
32.03 480 28.39 410 24.72 340 21.01 270 17.26 200 13.44 130
31.98 479 28.33 409 24.67 339 20.96 269 17.20 199 13.38 129
31.93 478 28.28 408 24.62 338 20.91 268 17.15 198 13.33 128
31.87 477 28.23 407 24.56 337 20.85 267 17.10 197 13.27 127
31.82 476 28.18 406 24.51 336 20.80 266 17.04 196 13.22 126
31.77 475 28.13 405 24.46 335 20.75 265 16.99 195 13.16 125
31.72 474 28.07 404 24.41 334 20.69 264 16.93 194 13.10 124
31.67 473 28.02 403 24.35 333 20.64 263 16.88 193 13.05 123
31.61 472 27.97 402 24.30 332 20.59 262 16.82 192 12.99 122
31.56 471 27.92 401 24.25 331 20.53 261 16.77 191 12.94 121
31.51 470 27.87 400 24.20 330 20.48 260 16.72 190 12.88 120
31.46 469 27.81 399 24.14 329 20.43 259 16.66 189 12.83 119
31.41 468 27.76 398 24.09 328 20.37 258 16.61 188 12.77 118
31.36 467 27.71 397 24.04 327 20.32 257 16.55 187 12.72 117
31.30 466 27.66 396 23.98 326 20.27 256 16.50 186 12.67 116
31.25 465 27.61 395 23.93 325 20.21 255 16.44 185 12.61 115
31.20 464 27.55 394 23.88 324 20.16 254 16.39 184 12.56 114
31.15 463 27.50 393 23.82 323 20.11 253 16.34 183 12.50 113
31.10 462 27.45 392 23.77 322 20.05 252 16.28 182 12.45 112
31.05 461 27.40 391 23.72 321 20.00 251 16.23 181 12.39 111
31.00 460 27.35 390 23.66 320 19.95 250 16.17 180 12.33 110
30.94 459 27.29 389 23.61 319 19.89 249 16.12 179 12.28 109
30.89 458 27.24 388 23.56 318 19.84 248 16.06 178 12.22 108
30.84 457 27.19 387 23.50 317 19.79 247 16.01 177 12.17 107
30.79 456 27.14 386 23.45 316 19.73 246 15.95 176 12.11 106
30.74 455 27.08 385 23.40 315 19.68 245 15.90 175 12.05 105
30.69 454 27.03 384 23.34 314 19.62 244 15.85 174 12.00 104
30.63 453 26.98 383 23.29 313 19.57 243 15.79 173 11.94 103
30.58 452 26.93 382 23.24 312 19.52 242 15.74 172 11.88 102
30.53 451 26.88 381 23.18 311 19.46 241 15.68 171 11.83 101
30.48 450 26.82 380 23.13 310 19.41 240 15.63 170 11.77 100
30.42 449 26.77 379 23.08 309 19.36 239 15.57 169 11.72 99
30.37 448 26.72 378 23.03 308 19.30 238 15.52 168 11.66 98
30.32 447 26.67 377 22.97 307 19.25 237 15.46 167 11.60 97
30.26 446 26.61 376 22.92 306 19.20 236 15.41 166 11.55 96
30.21 445 26.56 375 22.87 305 19.14 235 15.35 165 11.49 95
30.16 444 26.51 374 22.81 304 19.09 234 15.30 164 11.43 94
30.11 443 26.45 373 22.76 303 19.04 233 15.24 163 11.38 93
30.06 442 26.40 372 22.71 302 18.98 232 15.19 162 11.32 92
30.00 441 26.35 371 22.66 301 18.93 231 15.14 161 11.27 91
11.22 90 10.36 75 9.51 60 8.65 45 7.78 30 6.87 15
11.16 89 10.31 74 9.45 59 8.59 44 7.72 29 6.81 14
11.10 88 10.25 73 9.40 58 8.54 43 7.65 28 6.75 13
11.05 87 10.20 72 9.34 57 8.48 42 7.59 27 6.69 12
10.99 86 10.14 71 9.29 56 8.42 41 7.53 26 6.63 11
10.93 85 10.09 70 9.23 55 8.36 40 7.47 25 6.56 10
10.88 84 10.03 69 9.17 54 8.30 39 7.41 24 6.50 9
10.82 83 9.97 68 9.12 53 8.24 38 7.35 23 6.44 8
10.76 82 9.92 67 9.06 52 8.18 37 7.30 22 6.38 7
10.71 81 9.86 66 9.00 51 8.12 36 7.24 21 6.31 6
10.65 80 9.80 65 8.94 50 8.06 35 7.18 20 6.25 5
10.59 79 9.74 64 8.88 49 8.01 34 7.12 19 6.18 4
10.54 78 9.69 63 8.82 48 7.95 33 7.05 18 6.12 3
10.48 77 9.63 62 8.76 47 7.89 32 6.99 17 6.05 2
10.42 76 9.57 61 8.71 46 7.84 31 6.93 16 5.98 1
