68.46 1350 65.34 1280 62.20 1210 59.07 1140 55.92 1070 52.76 1000
68.41 1349 65.29 1279 62.16 1209 59.02 1139 55.87 1069 52.72 999
68.37 1348 65.25 1278 62.12 1208 58.98 1138 55.83 1068 52.67 998
68.32 1347 65.20 1277 62.07 1207 58.93 1137 55.78 1067 52.63 997
68.28 1346 65.16 1276 62.03 1206 58.89 1136 55.74 1066 52.58 996
68.24 1345 65.11 1275 61.98 1205 58.84 1135 55.70 1065 52.54 995
68.19 1344 65.06 1274 61.94 1204 58.80 1134 55.65 1064 52.50 994
68.14 1343 65.03 1273 61.89 1203 58.76 1133 55.61 1063 52.45 993
68.10 1342 64.98 1272 61.85 1202 58.71 1132 55.56 1062 52.41 992
68.05 1341 64.93 1271 61.80 1201 58.67 1131 55.52 1061 52.36 991
68.01 1340 64.89 1270 61.76 1200 58.62 1130 55.47 1060 52.31 990
67.97 1339 64.84 1269 61.72 1199 58.57 1129 55.43 1059 52.27 989
67.92 1338 64.80 1268 61.67 1198 58.53 1128 55.38 1058 52.22 988
67.88 1337 64.75 1267 61.63 1197 58.48 1127 55.33 1057 52.18 987
67.83 1336 64.71 1266 61.58 1196 58.44 1126 55.29 1056 52.13 986
67.79 1335 64.67 1265 61.53 1195 58.39 1125 55.24 1055 52.09 985
67.74 1334 64.62 1264 61.49 1194 58.35 1124 55.20 1054 52.04 984
67.70 1333 64.58 1263 61.44 1193 58.31 1123 55.16 1053 51.99 983
67.66 1332 64.53 1262 61.40 1192 58.26 1122 55.11 1052 51.95 982
67.61 1331 64.49 1261 61.36 1191 58.22 1121 55.07 1051 51.90 981
67.57 1330 64.44 1260 61.31 1190 58.17 1120 55.02 1050 51.86 980
67.52 1329 64.39 1259 61.27 1189 58.13 1119 54.98 1049 51.81 979
67.48 1328 64.36 1258 61.22 1188 58.08 1118 54.93 1048 51.77 978
67.43 1327 64.31 1257 61.18 1187 58.03 1117 54.89 1047 51.73 977
67.38 1326 64.27 1256 61.13 1186 57.99 1116 54.84 1046 51.68 976
67.35 1325 64.22 1255 61.09 1185 57.94 1115 54.79 1045 51.64 975
67.30 1324 64.17 1254 61.04 1184 57.90 1114 54.75 1044 51.59 974
67.25 1323 64.13 1253 60.99 1183 57.85 1113 54.70 1043 51.55 973
67.21 1322 64.08 1252 60.96 1182 57.81 1112 54.66 1042 51.50 972
67.16 1321 64.04 1251 60.91 1181 57.77 1111 54.61 1041 51.45 971
67.12 1320 64.00 1250 60.86 1180 57.72 1110 54.57 1040 51.41 970
67.07 1319 63.95 1249 60.82 1179 57.68 1109 54.53 1039 51.36 969
67.03 1318 63.91 1248 60.77 1178 57.63 1108 54.48 1038 51.32 968
66.99 1317 63.86 1247 60.73 1177 57.59 1107 54.44 1037 51.27 967
66.94 1316 63.82 1246 60.68 1176 57.54 1106 54.39 1036 51.23 966
66.90 1315 63.77 1245 60.64 1175 57.49 1105 54.35 1035 51.18 965
66.85 1314 63.73 1244 60.59 1174 57.45 1104 54.30 1034 51.13 964
66.81 1313 63.68 1243 60.55 1173 57.40 1103 54.25 1033 51.09 963
66.76 1312 63.64 1242 60.51 1172 57.36 1102 54.21 1032 51.04 962
66.72 1311 63.60 1241 60.46 1171 57.32 1101 54.16 1031 51.00 961
66.68 1310 63.55 1240 60.42 1170 57.27 1100 54.12 1030 50.95 960
66.63 1309 63.50 1239 60.37 1169 57.23 1099 54.07 1029 50.91 959
66.59 1308 63.46 1238 60.32 1168 57.18 1098 54.03 1028 50.87 958
66.54 1307 63.41 1237 60.28 1167 57.14 1097 53.98 1027 50.82 957
66.49 1306 63.37 1236 60.23 1166 57.09 1096 53.94 1026 50.78 956
66.45 1305 63.32 1235 60.19 1165 57.05 1095 53.90 1025 50.73 955
66.40 1304 63.28 1234 60.14 1164 57.00 1094 53.85 1024 50.69 954
66.36 1303 63.24 1233 60.10 1163 56.95 1093 53.80 1023 50.64 953
66.32 1302 63.19 1232 60.06 1162 56.91 1092 53.76 1022 50.59 952
66.27 1301 63.15 1231 60.01 1161 56.86 1091 53.71 1021 50.55 951
66.23 1300 63.10 1230 59.97 1160 56.83 1090 53.67 1020 50.50 950
66.18 1299 63.06 1229 59.92 1159 56.78 1089 53.62 1019 50.46 949
66.14 1298 63.01 1228 59.88 1158 56.73 1088 53.58 1018 50.41 948
66.09 1297 62.96 1227 59.83 1157 56.69 1087 53.53 1017 50.37 947
66.05 1296 62.92 1226 59.78 1156 56.64 1086 53.49 1016 50.32 946
66.01 1295 62.88 1225 59.74 1155 56.60 1085 53.44 1015 50.28 945
65.96 1294 62.83 1224 59.69 1154 56.55 1084 53.39 1014 50.23 944
65.92 1293 62.79 1223 59.66 1153 56.51 1083 53.35 1013 50.18 943
65.87 1292 62.74 1222 59.61 1152 56.46 1082 53.30 1012 50.14 942
65.82 1291 62.70 1221 59.56 1151 56.41 1081 53.26 1011 50.09 941
65.78 1290 62.65 1220 59.52 1150 56.37 1080 53.22 1010 50.05 940
65.74 1289 62.61 1219 59.47 1149 56.32 1079 53.17 1009 50.00 939
65.70 1288 62.56 1218 59.43 1148 56.28 1078 53.13 1008 49.96 938
65.65 1287 62.52 1217 59.38 1147 56.24 1077 53.08 1007 49.92 937
65.60 1286 62.48 1216 59.34 1146 56.19 1076 53.04 1006 49.87 936
65.56 1285 62.43 1215 59.29 1145 56.15 1075 52.99 1005 49.83 935
65.51 1284 62.39 1214 59.24 1144 56.10 1074 52.95 1004 49.78 934
65.47 1283 62.34 1213 59.21 1143 56.06 1073 52.90 1003 49.73 933
65.42 1282 62.29 1212 59.16 1142 56.01 1072 52.85 1002 49.69 932
65.38 1281 62.25 1211 59.11 1141 55.97 1071 52.81 1001 49.64 931
49.60 930 46.42 860 43.23 790 40.02 720 36.80 650 33.57 580
49.55 929 46.37 859 43.18 789 39.97 719 36.76 649 33.52 579
49.51 928 46.33 858 43.14 788 39.93 718 36.71 648 33.47 578
49.46 927 46.28 857 43.09 787 39.88 717 36.67 647 33.42 577
49.42 926 46.24 856 43.05 786 39.84 716 36.62 646 33.38 576
49.37 925 46.19 855 43.00 785 39.79 715 36.57 645 33.33 575
49.32 924 46.14 854 42.96 784 39.75 714 36.53 644 33.29 574
49.28 923 46.10 853 42.91 783 39.70 713 36.48 643 33.24 573
49.23 922 46.05 852 42.86 782 39.66 712 36.44 642 33.20 572
49.19 921 46.01 851 42.81 781 39.61 711 36.39 641 33.15 571
49.14 920 45.96 850 42.77 780 39.56 710 36.34 640 33.11 570
49.10 919 45.92 849 42.72 779 39.52 709 36.29 639 33.06 569
49.05 918 45.87 848 42.68 778 39.47 708 36.25 638 33.01 568
49.00 917 45.82 847 42.63 777 39.43 707 36.20 637 32.96 567
48.96 916 45.78 846 42.58 776 39.38 706 36.16 636 32.91 566
48.91 915 45.73 845 42.54 775 39.34 705 36.11 635 32.87 565
48.88 914 45.69 844 42.49 774 39.29 704 36.06 634 32.82 564
48.83 913 45.64 843 42.45 773 39.24 703 36.02 633 32.78 563
48.78 912 45.60 842 42.40 772 39.20 702 35.97 632 32.73 562
48.74 911 45.55 841 42.36 771 39.15 701 35.93 631 32.69 561
48.69 910 45.51 840 42.31 770 39.11 700 35.88 630 32.64 560
48.65 909 45.46 839 42.26 769 39.06 699 35.84 629 32.60 559
48.60 908 45.41 838 42.22 768 39.01 698 35.79 628 32.54 558
48.56 907 45.37 837 42.17 767 38.96 697 35.74 627 32.50 557
48.51 906 45.32 836 42.13 766 38.92 696 35.69 626 32.45 556
48.46 905 45.28 835 42.08 765 38.87 695 35.65 625 32.41 555
48.42 904 45.23 834 42.04 764 38.83 694 35.60 624 32.36 554
48.37 903 45.19 833 41.99 763 38.78 693 35.55 623 32.31 553
48.33 902 45.14 832 41.94 762 38.73 692 35.51 622 32.27 552
48.28 901 45.09 831 41.90 761 38.69 691 35.46 621 32.22 551
48.24 900 45.05 830 41.85 760 38.64 690 35.42 620 32.18 550
48.19 899 45.00 829 41.81 759 38.60 689 35.37 619 32.13 549
48.14 898 44.96 828 41.76 758 38.55 688 35.33 618 32.08 548
48.10 897 44.91 827 41.72 757 38.51 687 35.28 617 32.03 547
48.05 896 44.87 826 41.67 756 38.46 686 35.24 616 31.99 546
48.01 895 44.82 825 41.63 755 38.42 685 35.19 615 31.94 545
47.96 894 44.78 824 41.58 754 38.37 684 35.14 614 31.90 544
47.92 893 44.74 823 41.53 753 38.32 683 35.10 613 31.85 543
47.87 892 44.69 822 41.49 752 38.28 682 35.04 612 31.80 542
47.83 891 44.65 821 41.44 751 38.23 681 35.00 611 31.76 541
47.78 890 44.60 820 41.40 750 38.19 680 34.95 610 31.71 540
47.73 889 44.55 819 41.35 749 38.14 679 34.91 609 31.66 539
47.69 888 44.51 818 41.31 748 38.10 678 34.86 608 31.61 538
47.64 887 44.46 817 41.26 747 38.05 677 34.82 607 31.57 537
47.60 886 44.42 816 41.21 746 38.00 676 34.77 606 31.52 536
47.55 885 44.37 815 41.17 745 37.95 675 34.73 605 31.48 535
47.51 884 44.33 814 41.12 744 37.91 674 34.68 604 31.43 534
47.46 883 44.28 813 41.08 743 37.86 673 34.63 603 31.39 533
47.42 882 44.23 812 41.03 742 37.81 672 34.59 602 31.34 532
47.38 881 44.19 811 40.99 741 37.77 671 34.54 601 31.29 531
47.33 880 44.14 810 40.94 740 37.72 670 34.49 600 31.24 530
47.29 879 44.10 809 40.90 739 37.68 669 34.44 599 31.20 529
47.24 878 44.05 808 40.85 738 37.63 668 34.40 598 31.15 528
47.19 877 44.01 807 40.80 737 37.59 667 34.35 597 31.10 527
47.15 876 43.96 806 40.76 736 37.54 666 34.31 596 31.06 526
47.10 875 43.92 805 40.71 735 37.49 665 34.26 595 31.01 525
47.06 874 43.87 804 40.67 734 37.45 664 34.22 594 30.97 524
47.01 873 43.82 803 40.62 733 37.40 663 34.17 593 30.91 523
46.97 872 43.78 802 40.58 732 37.36 662 34.12 592 30.87 522
46.92 871 43.73 801 40.53 731 37.31 661 34.08 591 30.82 521
46.87 870 43.69 800 40.48 730 37.27 660 34.03 590 30.78 520
46.83 869 43.64 799 40.44 729 37.22 659 33.99 589 30.73 519
46.78 868 43.60 798 40.39 728 37.18 658 33.93 588 30.69 518
46.74 867 43.55 797 40.34 727 37.12 657 33.89 587 30.64 517
46.69 866 43.50 796 40.29 726 37.08 656 33.84 586 30.59 516
46.65 865 43.46 795 40.25 725 37.03 655 33.80 585 30.54 515
46.60 864 43.41 794 40.20 724 36.98 654 33.75 584 30.50 514
46.56 863 43.37 793 40.16 723 36.94 653 33.71 583 30.45 513
46.51 862 43.32 792 40.11 722 36.89 652 33.66 582 30.40 512
46.46 861 43.28 791 40.07 721 36.85 651 33.61 581 30.36 511
30.31 510 27.03 440 23.73 370 20.40 300 17.03 230 13.61 160
30.27 509 26.99 439 23.69 369 20.35 299 16.98 229 13.57 159
30.22 508 26.94 438 23.64 368 20.31 298 16.94 228 13.52 158
30.17 507 26.90 437 23.60 367 20.26 297 16.89 227 13.47 157
30.12 506 26.84 436 23.54 366 20.21 296 16.84 226 13.42 156
30.08 505 26.80 435 23.50 365 20.16 295 16.79 225 13.37 155
30.03 504 26.75 434 23.45 364 20.12 294 16.74 224 13.32 154
29.99 503 26.71 433 23.41 363 20.07 293 16.70 223 13.27 153
29.94 502 26.66 432 23.35 362 20.02 292 16.64 222 13.22 152
29.89 501 26.62 431 23.31 361 19.97 291 16.60 221 13.17 151
29.84 500 26.56 430 23.26 360 19.92 290 16.55 220 13.12 150
29.80 499 26.52 429 23.22 359 19.88 289 16.50 219 13.07 149
29.75 498 26.47 428 23.16 358 19.83 288 16.45 218 13.02 148
29.70 497 26.43 427 23.12 357 19.78 287 16.41 217 12.98 147
29.66 496 26.38 426 23.07 356 19.73 286 16.35 216 12.92 146
29.61 495 26.33 425 23.03 355 19.69 285 16.31 215 12.88 145
29.57 494 26.28 424 22.97 354 19.64 284 16.25 214 12.82 144
29.52 493 26.24 423 22.93 353 19.59 283 16.21 213 12.78 143
29.47 492 26.19 422 22.88 352 19.54 282 16.16 212 12.72 142
29.42 491 26.14 421 22.83 351 19.50 281 16.11 211 12.68 141
29.38 490 26.10 420 22.79 350 19.44 280 16.06 210 12.63 140
29.33 489 26.05 419 22.74 349 19.40 279 16.01 209 12.58 139
29.29 488 26.00 418 22.69 348 19.35 278 15.97 208 12.53 138
29.24 487 25.95 417 22.64 347 19.30 277 15.92 207 12.47 137
29.19 486 25.91 416 22.60 346 19.25 276 15.87 206 12.43 136
29.14 485 25.86 415 22.55 345 19.21 275 15.82 205 12.37 135
29.10 484 25.81 414 22.50 344 19.15 274 15.77 204 12.33 134
29.05 483 25.76 413 22.45 343 19.11 273 15.72 203 12.28 133
29.00 482 25.72 412 22.41 342 19.06 272 15.68 202 12.23 132
28.96 481 25.67 411 22.36 341 19.01 271 15.62 201 12.18 131
28.91 480 25.63 410 22.31 340 18.96 270 15.58 200 12.13 130
28.86 479 25.57 409 22.26 339 18.92 269 15.52 199 12.08 129
28.81 478 25.53 408 22.22 338 18.87 268 15.48 198 12.03 128
28.77 477 25.48 407 22.17 337 18.82 267 15.43 197 11.98 127
28.72 476 25.44 406 22.12 336 18.77 266 15.38 196 11.93 126
28.68 475 25.39 405 22.07 335 18.73 265 15.33 195 11.88 125
28.63 474 25.34 404 22.03 334 18.67 264 15.28 194 11.83 124
28.59 473 25.29 403 21.98 333 18.63 263 15.24 193 11.78 123
28.53 472 25.25 402 21.93 332 18.58 262 15.18 192 11.73 122
28.49 471 25.20 401 21.88 331 18.53 261 15.14 191 11.68 121
28.44 470 25.16 400 21.84 330 18.48 260 15.09 190 11.63 120
28.40 469 25.10 399 21.79 329 18.44 259 15.04 189 11.58 119
28.35 468 25.06 398 21.74 328 18.38 258 14.99 188 11.53 118
28.30 467 25.01 397 21.69 327 18.34 257 14.94 187 11.48 117
28.25 466 24.97 396 21.64 326 18.29 256 14.89 186 11.43 116
28.21 465 24.92 395 21.59 325 18.24 255 14.84 185 11.38 115
28.16 464 24.87 394 21.55 324 18.19 254 14.79 184 11.33 114
28.11 463 24.82 393 21.50 323 18.15 253 14.75 183 11.28 113
28.07 462 24.77 392 21.45 322 18.10 252 14.69 182 11.23 112
28.02 461 24.73 391 21.40 321 18.05 251 14.65 181 11.18 111
27.98 460 24.68 390 21.36 320 18.00 250 14.60 180 11.13 110
27.92 459 24.63 389 21.31 319 17.95 249 14.55 179 11.08 109
27.88 458 24.58 388 21.26 318 17.91 248 14.50 178 11.03 108
27.83 457 24.54 387 21.21 317 17.86 247 14.45 177 10.98 107
27.79 456 24.49 386 21.17 316 17.81 246 14.40 176 10.93 106
27.74 455 24.44 385 21.12 315 17.76 245 14.35 175 10.88 105
27.70 454 24.39 384 21.07 314 17.71 244 14.31 174 10.83 104
27.64 453 24.35 383 21.02 313 17.66 243 14.25 173 10.78 103
27.60 452 24.30 382 20.98 312 17.62 242 14.21 172 10.72 102
27.55 451 24.26 381 20.93 311 17.56 241 14.15 171 10.68 101
27.51 450 24.20 380 20.88 310 17.52 240 14.11 170 10.63 100
27.46 449 24.16 379 20.83 309 17.47 239 14.06 169 10.58 99
27.41 448 24.11 378 20.79 308 17.42 238 14.01 168 10.53 98
27.36 447 24.07 377 20.74 307 17.37 237 13.96 167 10.47 97
27.32 446 24.02 376 20.69 306 17.33 236 13.91 166 10.43 96
27.27 445 23.97 375 20.64 305 17.27 235 13.86 165 10.37 95
27.22 444 23.92 374 20.59 304 17.23 234 13.81 164 10.32 94
27.18 443 23.88 373 20.55 303 17.18 233 13.76 163 10.28 93
27.13 442 23.83 372 20.50 302 17.13 232 13.71 162 10.22 92
27.08 441 23.78 371 20.45 301 17.08 231 13.67 161 10.17 91
10.12 90 9.35 75 8.59 60 7.81 45 7.02 30 6.21 15
10.07 89 9.31 74 8.53 59 7.76 44 6.97 29 6.14 14
10.02 88 9.26 73 8.49 58 7.70 43 6.90 28 6.09 13
9.97 87 9.20 72 8.43 57 7.65 42 6.85 27 6.04 12
9.92 86 9.16 71 8.38 56 7.60 41 6.80 26 5.98 11
9.86 85 9.10 70 8.33 55 7.54 40 6.75 25 5.92 10
9.82 84 9.05 69 8.27 54 7.49 39 6.69 24 5.87 9
9.77 83 9.00 68 8.23 53 7.44 38 6.64 23 5.81 8
9.71 82 8.95 67 8.18 52 7.38 37 6.59 22 5.76 7
9.67 81 8.90 66 8.12 51 7.33 36 6.53 21 5.70 6
9.61 80 8.84 65 8.07 50 7.28 35 6.48 20 5.64 5
9.56 79 8.79 64 8.02 49 7.23 34 6.43 19 5.58 4
9.51 78 8.75 63 7.96 48 7.18 33 6.36 18 5.52 3
9.46 77 8.69 62 7.91 47 7.13 32 6.31 17 5.46 2
9.41 76 8.64 61 7.86 46 7.07 31 6.26 16 5.40 1
