68.79 1350 65.65 1280 62.50 1210 59.35 1140 56.19 1070 53.02 1000
68.74 1349 65.61 1279 62.46 1209 59.31 1139 56.14 1069 52.97 999
68.69 1348 65.56 1278 62.42 1208 59.26 1138 56.10 1068 52.93 998
68.65 1347 65.51 1277 62.37 1207 59.22 1137 56.05 1067 52.88 997
68.61 1346 65.47 1276 62.33 1206 59.17 1136 56.01 1066 52.83 996
68.56 1345 65.42 1275 62.28 1205 59.12 1135 55.97 1065 52.80 995
68.52 1344 65.38 1274 62.24 1204 59.08 1134 55.92 1064 52.75 994
68.47 1343 65.34 1273 62.19 1203 59.04 1133 55.88 1063 52.70 993
68.43 1342 65.29 1272 62.14 1202 58.99 1132 55.83 1062 52.66 992
68.38 1341 65.25 1271 62.10 1201 58.95 1131 55.78 1061 52.61 991
68.34 1340 65.20 1270 62.06 1200 58.90 1130 55.74 1060 52.57 990
68.30 1339 65.16 1269 62.01 1199 58.86 1129 55.69 1059 52.52 989
68.25 1338 65.11 1268 61.97 1198 58.81 1128 55.65 1058 52.47 988
68.21 1337 65.06 1267 61.92 1197 58.77 1127 55.60 1057 52.43 987
68.16 1336 65.03 1266 61.88 1196 58.72 1126 55.55 1056 52.38 986
68.11 1335 64.98 1265 61.83 1195 58.67 1125 55.51 1055 52.34 985
68.07 1334 64.93 1264 61.78 1194 58.63 1124 55.46 1054 52.29 984
68.02 1333 64.89 1263 61.74 1193 58.59 1123 55.42 1053 52.24 983
67.98 1332 64.84 1262 61.69 1192 58.54 1122 55.38 1052 52.20 982
67.94 1331 64.80 1261 61.65 1191 58.50 1121 55.33 1051 52.15 981
67.89 1330 64.75 1260 61.61 1190 58.45 1120 55.29 1050 52.11 980
67.85 1329 64.70 1259 61.56 1189 58.41 1119 55.24 1049 52.06 979
67.80 1328 64.67 1258 61.52 1188 58.36 1118 55.20 1048 52.02 978
67.75 1327 64.62 1257 61.47 1187 58.31 1117 55.15 1047 51.98 977
67.71 1326 64.57 1256 61.43 1186 58.27 1116 55.10 1046 51.93 976
67.67 1325 64.53 1255 61.38 1185 58.22 1115 55.06 1045 51.89 975
67.62 1324 64.48 1254 61.33 1184 58.18 1114 55.01 1044 51.84 974
67.58 1323 64.44 1253 61.29 1183 58.13 1113 54.97 1043 51.79 973
67.53 1322 64.39 1252 61.25 1182 58.09 1112 54.92 1042 51.75 972
67.49 1321 64.35 1251 61.20 1181 58.05 1111 54.87 1041 51.70 971
67.44 1320 64.31 1250 61.16 1180 58.00 1110 54.84 1040 51.66 970
67.40 1319 64.26 1249 61.11 1179 57.95 1109 54.79 1039 51.61 969
67.36 1318 64.22 1248 61.07 1178 57.91 1108 54.74 1038 51.56 968
67.31 1317 64.17 1247 61.02 1177 57.86 1107 54.70 1037 51.52 967
67.27 1316 64.12 1246 60.97 1176 57.82 1106 54.65 1036 51.47 966
67.22 1315 64.08 1245 60.93 1175 57.77 1105 54.61 1035 51.43 965
67.17 1314 64.03 1244 60.88 1174 57.73 1104 54.56 1034 51.38 964
67.13 1313 63.99 1243 60.84 1173 57.68 1103 54.52 1033 51.34 963
67.08 1312 63.95 1242 60.80 1172 57.63 1102 54.47 1032 51.29 962
67.04 1311 63.90 1241 60.75 1171 57.60 1101 54.42 1031 51.24 961
67.00 1310 63.86 1240 60.71 1170 57.55 1100 54.38 1030 51.20 960
66.95 1309 63.81 1239 60.66 1169 57.50 1099 54.33 1029 51.16 959
66.91 1308 63.76 1238 60.61 1168 57.46 1098 54.29 1028 51.11 958
66.86 1307 63.72 1237 60.57 1167 57.41 1097 54.24 1027 51.07 957
66.81 1306 63.67 1236 60.52 1166 57.37 1096 54.20 1026 51.02 956
66.77 1305 63.63 1235 60.48 1165 57.32 1095 54.16 1025 50.98 955
66.72 1304 63.59 1234 60.43 1164 57.27 1094 54.11 1024 50.93 954
66.68 1303 63.54 1233 60.39 1163 57.23 1093 54.06 1023 50.88 953
66.64 1302 63.50 1232 60.35 1162 57.18 1092 54.02 1022 50.84 952
66.59 1301 63.45 1231 60.30 1161 57.14 1091 53.97 1021 50.79 951
66.55 1300 63.41 1230 60.26 1160 57.10 1090 53.93 1020 50.75 950
66.50 1299 63.36 1229 60.21 1159 57.05 1089 53.88 1019 50.70 949
66.46 1298 63.31 1228 60.16 1158 57.01 1088 53.83 1018 50.65 948
66.41 1297 63.27 1227 60.12 1157 56.96 1087 53.79 1017 50.61 947
66.37 1296 63.22 1226 60.07 1156 56.92 1086 53.74 1016 50.56 946
66.33 1295 63.18 1225 60.03 1155 56.87 1085 53.70 1015 50.52 945
66.28 1294 63.14 1224 59.98 1154 56.82 1084 53.65 1014 50.47 944
66.23 1293 63.09 1223 59.94 1153 56.78 1083 53.61 1013 50.43 943
66.19 1292 63.05 1222 59.90 1152 56.73 1082 53.56 1012 50.38 942
66.14 1291 63.00 1221 59.85 1151 56.69 1081 53.52 1011 50.33 941
66.10 1290 62.95 1220 59.80 1150 56.64 1080 53.48 1010 50.29 940
66.06 1289 62.91 1219 59.76 1149 56.59 1079 53.43 1009 50.24 939
66.01 1288 62.86 1218 59.71 1148 56.56 1078 53.38 1008 50.20 938
65.97 1287 62.82 1217 59.67 1147 56.51 1077 53.34 1007 50.16 937
65.92 1286 62.78 1216 59.62 1146 56.46 1076 53.29 1006 50.11 936
65.87 1285 62.73 1215 59.58 1145 56.42 1075 53.25 1005 50.07 935
65.83 1284 62.69 1214 59.53 1144 56.37 1074 53.20 1004 50.02 934
65.78 1283 62.64 1213 59.49 1143 56.33 1073 53.15 1003 49.97 933
65.74 1282 62.59 1212 59.45 1142 56.28 1072 53.11 1002 49.93 932
65.70 1281 62.55 1211 59.40 1141 56.23 1071 53.06 1001 49.88 931
49.84 930 46.64 860 43.44 790 40.21 720 36.98 650 33.73 580
49.79 929 46.60 859 43.39 789 40.17 719 36.93 649 33.68 579
49.75 928 46.55 858 43.35 788 40.12 718 36.89 648 33.63 578
49.70 927 46.50 857 43.30 787 40.08 717 36.84 647 33.59 577
49.65 926 46.46 856 43.26 786 40.03 716 36.80 646 33.54 576
49.61 925 46.41 855 43.21 785 39.98 715 36.75 645 33.49 575
49.56 924 46.37 854 43.16 784 39.94 714 36.70 644 33.45 574
49.52 923 46.32 853 43.12 783 39.89 713 36.66 643 33.40 573
49.47 922 46.27 852 43.06 782 39.85 712 36.61 642 33.36 572
49.42 921 46.23 851 43.02 781 39.80 711 36.57 641 33.31 571
49.38 920 46.18 850 42.97 780 39.75 710 36.51 640 33.26 570
49.33 919 46.14 849 42.93 779 39.71 709 36.47 639 33.22 569
49.29 918 46.09 848 42.88 778 39.66 708 36.42 638 33.17 568
49.24 917 46.05 847 42.83 777 39.62 707 36.38 637 33.12 567
49.19 916 46.00 846 42.79 776 39.57 706 36.33 636 33.07 566
49.15 915 45.95 845 42.74 775 39.52 705 36.28 635 33.03 565
49.11 914 45.91 844 42.70 774 39.48 704 36.24 634 32.98 564
49.06 913 45.86 843 42.65 773 39.43 703 36.19 633 32.94 563
49.02 912 45.82 842 42.61 772 39.39 702 36.15 632 32.89 562
48.97 911 45.77 841 42.56 771 39.34 701 36.10 631 32.84 561
48.93 910 45.72 840 42.51 770 39.30 700 36.05 630 32.80 560
48.88 909 45.68 839 42.47 769 39.25 699 36.01 629 32.75 559
48.84 908 45.63 838 42.42 768 39.20 698 35.96 628 32.70 558
48.79 907 45.59 837 42.38 767 39.15 697 35.92 627 32.65 557
48.74 906 45.54 836 42.33 766 39.10 696 35.86 626 32.61 556
48.70 905 45.49 835 42.28 765 39.06 695 35.82 625 32.56 555
48.65 904 45.45 834 42.24 764 39.01 694 35.77 624 32.52 554
48.61 903 45.40 833 42.19 763 38.97 693 35.73 623 32.47 553
48.56 902 45.36 832 42.15 762 38.92 692 35.68 622 32.42 552
48.51 901 45.31 831 42.10 761 38.88 691 35.63 621 32.38 551
48.47 900 45.27 830 42.06 760 38.83 690 35.59 620 32.33 550
48.42 899 45.22 829 42.01 759 38.78 689 35.54 619 32.29 549
48.38 898 45.17 828 41.96 758 38.74 688 35.50 618 32.23 548
48.33 897 45.13 827 41.92 757 38.69 687 35.45 617 32.19 547
48.29 896 45.08 826 41.87 756 38.65 686 35.40 616 32.14 546
48.24 895 45.04 825 41.83 755 38.60 685 35.36 615 32.09 545
48.19 894 45.00 824 41.78 754 38.55 684 35.31 614 32.05 544
48.15 893 44.95 823 41.73 753 38.51 683 35.27 613 32.00 543
48.10 892 44.91 822 41.69 752 38.46 682 35.21 612 31.96 542
48.06 891 44.86 821 41.64 751 38.42 681 35.17 611 31.91 541
48.01 890 44.81 820 41.60 750 38.37 680 35.12 610 31.87 540
47.96 889 44.77 819 41.55 749 38.32 679 35.08 609 31.81 539
47.92 888 44.72 818 41.50 748 38.28 678 35.03 608 31.77 538
47.87 887 44.68 817 41.46 747 38.23 677 34.98 607 31.72 537
47.83 886 44.63 816 41.41 746 38.19 676 34.94 606 31.67 536
47.78 885 44.59 815 41.37 745 38.13 675 34.89 605 31.63 535
47.73 884 44.54 814 41.32 744 38.09 674 34.85 604 31.58 534
47.69 883 44.49 813 41.28 743 38.04 673 34.80 603 31.54 533
47.65 882 44.45 812 41.23 742 38.00 672 34.76 602 31.49 532
47.60 881 44.40 811 41.18 741 37.95 671 34.71 601 31.44 531
47.56 880 44.36 810 41.14 740 37.90 670 34.66 600 31.39 530
47.51 879 44.31 809 41.09 739 37.86 669 34.61 599 31.35 529
47.47 878 44.26 808 41.05 738 37.81 668 34.56 598 31.30 528
47.42 877 44.22 807 41.00 737 37.77 667 34.52 597 31.25 527
47.38 876 44.17 806 40.95 736 37.72 666 34.47 596 31.21 526
47.33 875 44.13 805 40.91 735 37.68 665 34.43 595 31.16 525
47.28 874 44.08 804 40.86 734 37.63 664 34.38 594 31.12 524
47.24 873 44.03 803 40.82 733 37.58 663 34.33 593 31.06 523
47.19 872 43.99 802 40.77 732 37.54 662 34.29 592 31.02 522
47.15 871 43.94 801 40.73 731 37.49 661 34.24 591 30.97 521
47.10 870 43.90 800 40.68 730 37.45 660 34.20 590 30.93 520
47.05 869 43.85 799 40.63 729 37.40 659 34.15 589 30.88 519
47.01 868 43.81 798 40.59 728 37.35 658 34.10 588 30.83 518
46.96 867 43.76 797 40.53 727 37.30 657 34.05 587 30.79 517
46.92 866 43.71 796 40.49 726 37.25 656 34.01 586 30.74 516
46.87 865 43.67 795 40.44 725 37.21 655 33.96 585 30.69 515
46.83 864 43.62 794 40.40 724 37.16 654 33.91 584 30.64 514
46.78 863 43.58 793 40.35 723 37.12 653 33.87 583 30.60 513
46.73 862 43.53 792 40.30 722 37.07 652 33.82 582 30.55 512
46.69 861 43.48 791 40.26 721 37.03 651 33.78 581 30.50 511
30.46 510 27.16 440 23.85 370 20.50 300 17.11 230 13.68 160
30.41 509 27.12 439 23.80 369 20.45 299 17.07 229 13.63 159
30.37 508 27.07 438 23.76 368 20.41 298 17.02 228 13.58 158
30.31 507 27.03 437 23.71 367 20.35 297 16.97 227 13.54 157
30.27 506 26.97 436 23.66 366 20.31 296 16.92 226 13.48 156
30.22 505 26.93 435 23.61 365 20.26 295 16.88 225 13.44 155
30.18 504 26.88 434 23.56 364 20.22 294 16.82 224 13.38 154
30.13 503 26.84 433 23.52 363 20.16 293 16.78 223 13.34 153
30.08 502 26.79 432 23.46 362 20.12 292 16.72 222 13.28 152
30.04 501 26.74 431 23.42 361 20.07 291 16.68 221 13.24 151
29.99 500 26.69 430 23.37 360 20.02 290 16.63 220 13.18 150
29.94 499 26.64 429 23.33 359 19.97 289 16.58 219 13.14 149
29.89 498 26.60 428 23.27 358 19.93 288 16.53 218 13.08 148
29.85 497 26.55 427 23.23 357 19.87 287 16.49 217 13.04 147
29.80 496 26.51 426 23.18 356 19.83 286 16.43 216 12.98 146
29.76 495 26.45 425 23.14 355 19.78 285 16.39 215 12.94 145
29.71 494 26.41 424 23.08 354 19.73 284 16.33 214 12.89 144
29.66 493 26.36 423 23.04 353 19.68 283 16.29 213 12.84 143
29.61 492 26.32 422 22.99 352 19.64 282 16.24 212 12.79 142
29.56 491 26.27 421 22.94 351 19.59 281 16.19 211 12.74 141
29.52 490 26.22 420 22.90 350 19.54 280 16.14 210 12.69 140
29.47 489 26.17 419 22.85 349 19.49 279 16.09 209 12.64 139
29.43 488 26.12 418 22.80 348 19.44 278 16.04 208 12.59 138
29.38 487 26.08 417 22.75 347 19.39 277 16.00 207 12.53 137
29.34 486 26.03 416 22.71 346 19.34 276 15.94 206 12.49 136
29.28 485 25.99 415 22.65 345 19.30 275 15.90 205 12.43 135
29.24 484 25.93 414 22.61 344 19.25 274 15.84 204 12.39 134
29.19 483 25.89 413 22.56 343 19.20 273 15.80 203 12.33 133
29.14 482 25.84 412 22.52 342 19.15 272 15.75 202 12.29 132
29.10 481 25.80 411 22.46 341 19.10 271 15.70 201 12.24 131
29.05 480 25.75 410 22.42 340 19.05 270 15.65 200 12.19 130
29.00 479 25.70 409 22.37 339 19.01 269 15.60 199 12.14 129
28.95 478 25.65 408 22.33 338 18.96 268 15.55 198 12.09 128
28.91 477 25.61 407 22.27 337 18.91 267 15.51 197 12.04 127
28.86 476 25.56 406 22.23 336 18.86 266 15.45 196 11.99 126
28.82 475 25.51 405 22.18 335 18.82 265 15.41 195 11.94 125
28.77 474 25.46 404 22.13 334 18.76 264 15.35 194 11.88 124
28.72 473 25.41 403 22.08 333 18.72 263 15.31 193 11.84 123
28.67 472 25.37 402 22.04 332 18.67 262 15.25 192 11.78 122
28.62 471 25.32 401 21.99 331 18.62 261 15.21 191 11.74 121
28.58 470 25.28 400 21.94 330 18.57 260 15.16 190 11.69 120
28.53 469 25.22 399 21.89 329 18.53 259 15.11 189 11.64 119
28.49 468 25.18 398 21.84 328 18.47 258 15.06 188 11.59 118
28.44 467 25.13 397 21.80 327 18.43 257 15.01 187 11.53 117
28.39 466 25.09 396 21.74 326 18.38 256 14.96 186 11.49 116
28.34 465 25.04 395 21.70 325 18.33 255 14.91 185 11.43 115
28.30 464 24.99 394 21.65 324 18.28 254 14.87 184 11.39 114
28.25 463 24.94 393 21.61 323 18.24 253 14.82 183 11.33 113
28.20 462 24.89 392 21.55 322 18.18 252 14.77 182 11.29 112
28.16 461 24.85 391 21.51 321 18.14 251 14.72 181 11.23 111
28.11 460 24.80 390 21.46 320 18.09 250 14.67 180 11.18 110
28.06 459 24.75 389 21.42 319 18.04 249 14.62 179 11.13 109
28.01 458 24.70 388 21.36 318 17.99 248 14.57 178 11.08 108
27.97 457 24.66 387 21.32 317 17.95 247 14.52 177 11.04 107
27.92 456 24.61 386 21.27 316 17.89 246 14.47 176 10.98 106
27.88 455 24.56 385 21.22 315 17.85 245 14.42 175 10.93 105
27.83 454 24.51 384 21.17 314 17.79 244 14.38 174 10.88 104
27.78 453 24.47 383 21.13 313 17.75 243 14.32 173 10.83 103
27.73 452 24.42 382 21.08 312 17.70 242 14.28 172 10.78 102
27.68 451 24.37 381 21.03 311 17.65 241 14.22 171 10.73 101
27.64 450 24.32 380 20.98 310 17.60 240 14.18 170 10.68 100
27.59 449 24.27 379 20.93 309 17.56 239 14.12 169 10.63 99
27.55 448 24.23 378 20.89 308 17.50 238 14.08 168 10.58 98
27.49 447 24.18 377 20.84 307 17.46 237 14.02 167 10.52 97
27.45 446 24.14 376 20.79 306 17.41 236 13.98 166 10.48 96
27.40 445 24.08 375 20.74 305 17.36 235 13.92 165 10.42 95
27.36 444 24.04 374 20.69 304 17.31 234 13.88 164 10.37 94
27.31 443 23.99 373 20.64 303 17.27 233 13.83 163 10.32 93
27.26 442 23.95 372 20.60 302 17.21 232 13.78 162 10.27 92
27.21 441 23.89 371 20.55 301 17.17 231 13.73 161 10.22 91
10.17 90 9.40 75 8.63 60 7.85 45 7.05 30 6.23 15
10.12 89 9.35 74 8.57 59 7.79 44 7.00 29 6.17 14
10.06 88 9.30 73 8.53 58 7.74 43 6.94 28 6.12 13
10.02 87 9.25 72 8.47 57 7.69 42 6.88 27 6.07 12
9.97 86 9.20 71 8.42 56 7.63 41 6.83 26 6.01 11
9.91 85 9.15 70 8.37 55 7.58 40 6.78 25 5.95 10
9.87 84 9.09 69 8.31 54 7.53 39 6.72 24 5.90 9
9.81 83 9.04 68 8.27 53 7.47 38 6.67 23 5.84 8
9.76 82 8.99 67 8.21 52 7.42 37 6.62 22 5.78 7
9.71 81 8.94 66 8.16 51 7.37 36 6.56 21 5.72 6
9.66 80 8.89 65 8.11 50 7.31 35 6.51 20 5.67 5
9.61 79 8.83 64 8.05 49 7.27 34 6.46 19 5.61 4
9.56 78 8.79 63 8.00 48 7.21 33 6.40 18 5.55 3
9.51 77 8.73 62 7.95 47 7.16 32 6.34 17 5.49 2
9.45 76 8.68 61 7.90 46 7.11 31 6.29 16 5.42 1
