61.40 1350 58.60 1280 55.79 1210 52.98 1140 50.16 1070 47.32 1000
61.36 1349 58.56 1279 55.75 1209 52.94 1139 50.11 1069 47.28 999
61.32 1348 58.52 1278 55.72 1208 52.90 1138 50.07 1068 47.24 998
61.28 1347 58.48 1277 55.68 1207 52.86 1137 50.03 1067 47.20 997
61.24 1346 58.44 1276 55.63 1206 52.82 1136 50.00 1066 47.16 996
61.20 1345 58.40 1275 55.59 1205 52.78 1135 49.96 1065 47.13 995
61.16 1344 58.36 1274 55.55 1204 52.73 1134 49.92 1064 47.08 994
61.12 1343 58.32 1273 55.51 1203 52.70 1133 49.88 1063 47.04 993
61.08 1342 58.28 1272 55.47 1202 52.66 1132 49.83 1062 47.00 992
61.04 1341 58.24 1271 55.43 1201 52.62 1131 49.79 1061 46.96 991
61.00 1340 58.20 1270 55.40 1200 52.58 1130 49.75 1060 46.92 990
60.96 1339 58.16 1269 55.35 1199 52.54 1129 49.71 1059 46.88 989
60.92 1338 58.12 1268 55.31 1198 52.50 1128 49.67 1058 46.84 988
60.88 1337 58.08 1267 55.27 1197 52.45 1127 49.63 1057 46.80 987
60.84 1336 58.04 1266 55.23 1196 52.41 1126 49.59 1056 46.76 986
60.80 1335 58.00 1265 55.19 1195 52.37 1125 49.55 1055 46.72 985
60.76 1334 57.96 1264 55.15 1194 52.33 1124 49.51 1054 46.68 984
60.72 1333 57.92 1263 55.11 1193 52.30 1123 49.47 1053 46.63 983
60.68 1332 57.88 1262 55.07 1192 52.26 1122 49.43 1052 46.59 982
60.64 1331 57.84 1261 55.03 1191 52.22 1121 49.39 1051 46.55 981
60.60 1330 57.80 1260 54.99 1190 52.17 1120 49.35 1050 46.51 980
60.56 1329 57.76 1259 54.95 1189 52.13 1119 49.31 1049 46.47 979
60.52 1328 57.72 1258 54.91 1188 52.09 1118 49.27 1048 46.44 978
60.48 1327 57.68 1257 54.87 1187 52.05 1117 49.23 1047 46.40 977
60.44 1326 57.64 1256 54.83 1186 52.01 1116 49.19 1046 46.35 976
60.40 1325 57.60 1255 54.79 1185 51.97 1115 49.15 1045 46.31 975
60.36 1324 57.56 1254 54.75 1184 51.93 1114 49.10 1044 46.27 974
60.32 1323 57.52 1253 54.71 1183 51.89 1113 49.06 1043 46.23 973
60.28 1322 57.48 1252 54.67 1182 51.85 1112 49.02 1042 46.19 972
60.24 1321 57.44 1251 54.63 1181 51.81 1111 48.98 1041 46.15 971
60.20 1320 57.40 1250 54.59 1180 51.77 1110 48.95 1040 46.11 970
60.16 1319 57.36 1249 54.55 1179 51.73 1109 48.91 1039 46.07 969
60.12 1318 57.32 1248 54.51 1178 51.69 1108 48.87 1038 46.03 968
60.08 1317 57.28 1247 54.47 1177 51.65 1107 48.82 1037 45.99 967
60.04 1316 57.24 1246 54.43 1176 51.61 1106 48.78 1036 45.95 966
60.00 1315 57.20 1245 54.39 1175 51.57 1105 48.74 1035 45.90 965
59.96 1314 57.16 1244 54.34 1174 51.53 1104 48.70 1034 45.86 964
59.92 1313 57.11 1243 54.30 1173 51.49 1103 48.66 1033 45.82 963
59.88 1312 57.08 1242 54.27 1172 51.44 1102 48.62 1032 45.78 962
59.84 1311 57.04 1241 54.23 1171 51.41 1101 48.58 1031 45.74 961
59.80 1310 57.00 1240 54.19 1170 51.37 1100 48.54 1030 45.70 960
59.76 1309 56.96 1239 54.15 1169 51.33 1099 48.50 1029 45.67 959
59.72 1308 56.92 1238 54.11 1168 51.29 1098 48.46 1028 45.62 958
59.68 1307 56.88 1237 54.06 1167 51.25 1097 48.42 1027 45.58 957
59.64 1306 56.83 1236 54.02 1166 51.21 1096 48.38 1026 45.54 956
59.60 1305 56.79 1235 53.98 1165 51.16 1095 48.34 1025 45.50 955
59.56 1304 56.76 1234 53.94 1164 51.12 1094 48.30 1024 45.46 954
59.52 1303 56.72 1233 53.91 1163 51.08 1093 48.26 1023 45.42 953
59.48 1302 56.68 1232 53.87 1162 51.04 1092 48.22 1022 45.38 952
59.44 1301 56.64 1231 53.83 1161 51.00 1091 48.18 1021 45.34 951
59.40 1300 56.60 1230 53.79 1160 50.97 1090 48.14 1020 45.30 950
59.36 1299 56.56 1229 53.74 1159 50.93 1089 48.09 1019 45.26 949
59.32 1298 56.51 1228 53.70 1158 50.89 1088 48.05 1018 45.22 948
59.28 1297 56.47 1227 53.66 1157 50.84 1087 48.01 1017 45.17 947
59.24 1296 56.43 1226 53.62 1156 50.80 1086 47.97 1016 45.13 946
59.20 1295 56.40 1225 53.58 1155 50.76 1085 47.93 1015 45.09 945
59.16 1294 56.36 1224 53.54 1154 50.72 1084 47.89 1014 45.05 944
59.12 1293 56.32 1223 53.51 1153 50.68 1083 47.85 1013 45.01 943
59.08 1292 56.28 1222 53.46 1152 50.64 1082 47.81 1012 44.97 942
59.04 1291 56.23 1221 53.42 1151 50.60 1081 47.77 1011 44.93 941
59.00 1290 56.19 1220 53.38 1150 50.56 1080 47.73 1010 44.89 940
58.96 1289 56.15 1219 53.34 1149 50.52 1079 47.69 1009 44.85 939
58.92 1288 56.11 1218 53.30 1148 50.48 1078 47.65 1008 44.81 938
58.88 1287 56.08 1217 53.26 1147 50.44 1077 47.61 1007 44.77 937
58.84 1286 56.04 1216 53.22 1146 50.40 1076 47.57 1006 44.73 936
58.80 1285 56.00 1215 53.18 1145 50.36 1075 47.53 1005 44.69 935
58.76 1284 55.95 1214 53.14 1144 50.32 1074 47.49 1004 44.65 934
58.72 1283 55.91 1213 53.10 1143 50.28 1073 47.45 1003 44.61 933
58.68 1282 55.87 1212 53.06 1142 50.24 1072 47.41 1002 44.57 932
58.64 1281 55.83 1211 53.02 1141 50.20 1071 47.36 1001 44.53 931
44.49 930 41.63 860 38.77 790 35.89 720 33.01 650 30.11 580
44.44 929 41.59 859 38.73 789 35.85 719 32.97 649 30.07 579
44.40 928 41.55 858 38.69 788 35.81 718 32.93 648 30.02 578
44.36 927 41.51 857 38.65 787 35.77 717 32.89 647 29.98 577
44.32 926 41.47 856 38.61 786 35.73 716 32.84 646 29.94 576
44.28 925 41.43 855 38.57 785 35.69 715 32.80 645 29.90 575
44.24 924 41.39 854 38.53 784 35.65 714 32.76 644 29.86 574
44.20 923 41.35 853 38.49 783 35.61 713 32.72 643 29.82 573
44.16 922 41.31 852 38.44 782 35.57 712 32.68 642 29.77 572
44.12 921 41.26 851 38.40 781 35.53 711 32.64 641 29.73 571
44.08 920 41.22 850 38.36 780 35.49 710 32.59 640 29.69 570
44.03 919 41.18 849 38.32 779 35.44 709 32.55 639 29.65 569
43.99 918 41.14 848 38.28 778 35.40 708 32.51 638 29.61 568
43.95 917 41.10 847 38.24 777 35.36 707 32.47 637 29.56 567
43.91 916 41.06 846 38.19 776 35.32 706 32.43 636 29.52 566
43.87 915 41.02 845 38.15 775 35.28 705 32.39 635 29.48 565
43.84 914 40.98 844 38.11 774 35.24 704 32.35 634 29.44 564
43.80 913 40.94 843 38.07 773 35.20 703 32.31 633 29.40 563
43.75 912 40.90 842 38.03 772 35.16 702 32.26 632 29.36 562
43.71 911 40.86 841 37.99 771 35.12 701 32.22 631 29.32 561
43.67 910 40.81 840 37.95 770 35.08 700 32.18 630 29.28 560
43.63 909 40.77 839 37.91 769 35.04 699 32.14 629 29.24 559
43.59 908 40.73 838 37.87 768 34.99 698 32.10 628 29.19 558
43.55 907 40.69 837 37.83 767 34.95 697 32.06 627 29.15 557
43.51 906 40.65 836 37.78 766 34.91 696 32.01 626 29.11 556
43.47 905 40.61 835 37.74 765 34.86 695 31.97 625 29.06 555
43.43 904 40.57 834 37.70 764 34.82 694 31.93 624 29.02 554
43.39 903 40.53 833 37.66 763 34.78 693 31.89 623 28.98 553
43.35 902 40.49 832 37.62 762 34.74 692 31.85 622 28.94 552
43.30 901 40.45 831 37.58 761 34.70 691 31.81 621 28.90 551
43.26 900 40.40 830 37.54 760 34.66 690 31.77 620 28.86 550
43.22 899 40.36 829 37.50 759 34.62 689 31.73 619 28.82 549
43.18 898 40.32 828 37.46 758 34.58 688 31.68 618 28.77 548
43.14 897 40.28 827 37.42 757 34.54 687 31.64 617 28.73 547
43.10 896 40.24 826 37.38 756 34.50 686 31.60 616 28.69 546
43.06 895 40.20 825 37.33 755 34.46 685 31.56 615 28.65 545
43.02 894 40.17 824 37.29 754 34.41 684 31.52 614 28.61 544
42.98 893 40.13 823 37.25 753 34.37 683 31.48 613 28.57 543
42.94 892 40.08 822 37.21 752 34.33 682 31.43 612 28.53 542
42.90 891 40.04 821 37.17 751 34.29 681 31.39 611 28.48 541
42.85 890 40.00 820 37.13 750 34.25 680 31.35 610 28.44 540
42.81 889 39.96 819 37.09 749 34.21 679 31.31 609 28.40 539
42.77 888 39.92 818 37.05 748 34.17 678 31.27 608 28.36 538
42.73 887 39.88 817 37.01 747 34.13 677 31.23 607 28.31 537
42.69 886 39.84 816 36.97 746 34.09 676 31.19 606 28.27 536
42.65 885 39.80 815 36.93 745 34.04 675 31.15 605 28.23 535
42.61 884 39.76 814 36.88 744 34.00 674 31.10 604 28.19 534
42.57 883 39.72 813 36.84 743 33.96 673 31.06 603 28.15 533
42.53 882 39.67 812 36.80 742 33.92 672 31.02 602 28.11 532
42.49 881 39.63 811 36.76 741 33.88 671 30.98 601 28.06 531
42.45 880 39.59 810 36.72 740 33.83 670 30.93 600 28.02 530
42.41 879 39.55 809 36.68 739 33.79 669 30.89 599 27.98 529
42.37 878 39.51 808 36.64 738 33.75 668 30.85 598 27.94 528
42.33 877 39.47 807 36.60 737 33.71 667 30.81 597 27.90 527
42.29 876 39.43 806 36.56 736 33.67 666 30.77 596 27.86 526
42.25 875 39.39 805 36.52 735 33.63 665 30.73 595 27.82 525
42.21 874 39.35 804 36.47 734 33.59 664 30.69 594 27.78 524
42.17 873 39.31 803 36.43 733 33.55 663 30.65 593 27.73 523
42.12 872 39.27 802 36.39 732 33.51 662 30.61 592 27.69 522
42.08 871 39.22 801 36.35 731 33.47 661 30.57 591 27.65 521
42.04 870 39.18 800 36.31 730 33.42 660 30.52 590 27.60 520
42.00 869 39.14 799 36.27 729 33.38 659 30.48 589 27.56 519
41.96 868 39.10 798 36.23 728 33.34 658 30.44 588 27.52 518
41.92 867 39.06 797 36.18 727 33.30 657 30.40 587 27.48 517
41.88 866 39.02 796 36.14 726 33.25 656 30.35 586 27.44 516
41.84 865 38.98 795 36.10 725 33.21 655 30.31 585 27.39 515
41.80 864 38.94 794 36.06 724 33.17 654 30.27 584 27.35 514
41.76 863 38.90 793 36.02 723 33.13 653 30.23 583 27.31 513
41.71 862 38.86 792 35.98 722 33.09 652 30.19 582 27.27 512
41.67 861 38.82 791 35.94 721 33.05 651 30.15 581 27.23 511
27.19 510 24.25 440 21.29 370 18.30 300 15.28 230 12.21 160
27.15 509 24.21 439 21.25 369 18.26 299 15.23 229 12.17 159
27.11 508 24.17 438 21.20 368 18.22 298 15.19 228 12.12 158
27.06 507 24.12 437 21.16 367 18.17 297 15.15 227 12.08 157
27.02 506 24.08 436 21.12 366 18.13 296 15.10 226 12.03 156
26.98 505 24.04 435 21.07 365 18.09 295 15.06 225 11.99 155
26.94 504 24.00 434 21.03 364 18.05 294 15.02 224 11.95 154
26.90 503 23.95 433 20.99 363 18.00 293 14.97 223 11.90 153
26.85 502 23.91 432 20.95 362 17.96 292 14.93 222 11.86 152
26.81 501 23.87 431 20.90 361 17.92 291 14.89 221 11.82 151
26.77 500 23.82 430 20.86 360 17.87 290 14.85 220 11.77 150
26.72 499 23.78 429 20.82 359 17.83 289 14.80 219 11.73 149
26.68 498 23.74 428 20.77 358 17.79 288 14.76 218 11.68 148
26.64 497 23.70 427 20.73 357 17.74 287 14.72 217 11.64 147
26.60 496 23.66 426 20.69 356 17.70 286 14.67 216 11.59 146
26.56 495 23.61 425 20.65 355 17.66 285 14.63 215 11.55 145
26.52 494 23.57 424 20.60 354 17.62 284 14.58 214 11.50 144
26.48 493 23.53 423 20.56 353 17.57 283 14.54 213 11.46 143
26.43 492 23.49 422 20.52 352 17.53 282 14.50 212 11.41 142
26.39 491 23.45 421 20.48 351 17.49 281 14.45 211 11.37 141
26.35 490 23.41 420 20.44 350 17.44 280 14.41 210 11.32 140
26.31 489 23.36 419 20.39 349 17.40 279 14.36 209 11.28 139
26.27 488 23.32 418 20.35 348 17.36 278 14.32 208 11.24 138
26.23 487 23.28 417 20.31 347 17.31 277 14.28 207 11.19 137
26.19 486 23.24 416 20.27 346 17.27 276 14.23 206 11.15 136
26.14 485 23.20 415 20.22 345 17.23 275 14.19 205 11.10 135
26.10 484 23.15 414 20.18 344 17.18 274 14.14 204 11.06 134
26.06 483 23.11 413 20.14 343 17.14 273 14.10 203 11.01 133
26.01 482 23.07 412 20.10 342 17.10 272 14.06 202 10.97 132
25.97 481 23.03 411 20.05 341 17.05 271 14.01 201 10.92 131
25.93 480 22.99 410 20.01 340 17.01 270 13.97 200 10.88 130
25.89 479 22.94 409 19.97 339 16.97 269 13.92 199 10.83 129
25.84 478 22.90 408 19.93 338 16.93 268 13.88 198 10.79 128
25.80 477 22.86 407 19.88 337 16.88 267 13.84 197 10.74 127
25.76 476 22.81 406 19.84 336 16.84 266 13.79 196 10.70 126
25.72 475 22.77 405 19.80 335 16.80 265 13.75 195 10.66 125
25.68 474 22.73 404 19.76 334 16.75 264 13.71 194 10.61 124
25.64 473 22.69 403 19.71 333 16.71 263 13.66 193 10.57 123
25.59 472 22.64 402 19.67 332 16.67 262 13.62 192 10.52 122
25.55 471 22.60 401 19.63 331 16.62 261 13.58 191 10.48 121
25.51 470 22.56 400 19.59 330 16.58 260 13.54 190 10.43 120
25.47 469 22.51 399 19.54 329 16.54 259 13.49 189 10.39 119
25.43 468 22.47 398 19.50 328 16.49 258 13.45 188 10.34 118
25.39 467 22.43 397 19.46 327 16.45 257 13.40 187 10.29 117
25.34 466 22.39 396 19.41 326 16.41 256 13.36 186 10.25 116
25.30 465 22.35 395 19.37 325 16.36 255 13.31 185 10.21 115
25.26 464 22.30 394 19.33 324 16.32 254 13.27 184 10.16 114
25.22 463 22.26 393 19.29 323 16.28 253 13.23 183 10.12 113
25.18 462 22.22 392 19.24 322 16.23 252 13.18 182 10.08 112
25.13 461 22.18 391 19.20 321 16.19 251 13.14 181 10.03 111
25.09 460 22.14 390 19.16 320 16.15 250 13.09 180 9.98 110
25.05 459 22.09 389 19.12 319 16.10 249 13.05 179 9.94 109
25.00 458 22.05 388 19.07 318 16.06 248 13.00 178 9.89 108
24.96 457 22.01 387 19.03 317 16.02 247 12.96 177 9.85 107
24.92 456 21.97 386 18.99 316 15.97 246 12.91 176 9.80 106
24.88 455 21.92 385 18.95 315 15.93 245 12.87 175 9.76 105
24.84 454 21.88 384 18.90 314 15.88 244 12.83 174 9.71 104
24.79 453 21.84 383 18.86 313 15.84 243 12.78 173 9.67 103
24.75 452 21.80 382 18.82 312 15.80 242 12.74 172 9.62 102
24.71 451 21.76 381 18.77 311 15.75 241 12.70 171 9.58 101
24.67 450 21.71 380 18.73 310 15.71 240 12.66 170 9.53 100
24.63 449 21.67 379 18.69 309 15.67 239 12.61 169 9.49 99
24.59 448 21.63 378 18.65 308 15.62 238 12.57 168 9.44 98
24.54 447 21.59 377 18.60 307 15.58 237 12.52 167 9.39 97
24.50 446 21.55 376 18.56 306 15.54 236 12.48 166 9.35 96
24.46 445 21.50 375 18.52 305 15.49 235 12.43 165 9.30 95
24.42 444 21.46 374 18.47 304 15.45 234 12.39 164 9.26 94
24.38 443 21.42 373 18.43 303 15.41 233 12.34 163 9.22 93
24.34 442 21.38 372 18.39 302 15.36 232 12.30 162 9.17 92
24.29 441 21.33 371 18.35 301 15.32 231 12.26 161 9.12 91
9.08 90 8.39 75 7.70 60 7.01 45 6.30 30 5.57 15
9.03 89 8.35 74 7.65 59 6.96 44 6.25 29 5.51 14
8.98 88 8.30 73 7.61 58 6.91 43 6.19 28 5.46 13
8.94 87 8.25 72 7.57 57 6.86 42 6.15 27 5.42 12
8.90 86 8.21 71 7.52 56 6.81 41 6.10 26 5.37 11
8.85 85 8.17 70 7.47 55 6.77 40 6.05 25 5.31 10
8.81 84 8.12 69 7.42 54 6.72 39 6.00 24 5.27 9
8.76 83 8.07 68 7.38 53 6.67 38 5.95 23 5.21 8
8.71 82 8.03 67 7.33 52 6.62 37 5.91 22 5.16 7
8.67 81 7.98 66 7.29 51 6.58 36 5.86 21 5.11 6
8.62 80 7.93 65 7.24 50 6.53 35 5.81 20 5.06 5
8.57 79 7.89 64 7.19 49 6.49 34 5.76 19 5.01 4
8.53 78 7.84 63 7.14 48 6.44 33 5.71 18 4.95 3
8.49 77 7.80 62 7.09 47 6.39 32 5.66 17 4.90 2
8.44 76 7.75 61 7.05 46 6.34 31 5.61 16 4.84 1
