59.50 1350 56.79 1280 54.06 1210 51.34 1140 48.60 1070 45.86 1000
59.46 1349 56.75 1279 54.03 1209 51.30 1139 48.56 1069 45.82 999
59.42 1348 56.71 1278 53.99 1208 51.26 1138 48.52 1068 45.78 998
59.38 1347 56.67 1277 53.95 1207 51.22 1137 48.48 1067 45.74 997
59.35 1346 56.63 1276 53.91 1206 51.18 1136 48.45 1066 45.70 996
59.31 1345 56.59 1275 53.87 1205 51.14 1135 48.41 1065 45.67 995
59.27 1344 56.55 1274 53.83 1204 51.10 1134 48.37 1064 45.63 994
59.23 1343 56.52 1273 53.79 1203 51.07 1133 48.33 1063 45.59 993
59.19 1342 56.48 1272 53.75 1202 51.03 1132 48.29 1062 45.55 992
59.15 1341 56.44 1271 53.71 1201 50.99 1131 48.25 1061 45.51 991
59.11 1340 56.40 1270 53.68 1200 50.95 1130 48.21 1060 45.47 990
59.08 1339 56.36 1269 53.64 1199 50.91 1129 48.17 1059 45.43 989
59.04 1338 56.32 1268 53.60 1198 50.87 1128 48.13 1058 45.39 988
59.00 1337 56.28 1267 53.56 1197 50.83 1127 48.09 1057 45.35 987
58.96 1336 56.25 1266 53.52 1196 50.79 1126 48.05 1056 45.31 986
58.92 1335 56.21 1265 53.48 1195 50.75 1125 48.01 1055 45.27 985
58.88 1334 56.17 1264 53.44 1194 50.71 1124 47.98 1054 45.23 984
58.84 1333 56.13 1263 53.40 1193 50.68 1123 47.94 1053 45.19 983
58.81 1332 56.09 1262 53.36 1192 50.64 1122 47.90 1052 45.15 982
58.77 1331 56.05 1261 53.33 1191 50.60 1121 47.86 1051 45.11 981
58.73 1330 56.01 1260 53.29 1190 50.56 1120 47.82 1050 45.07 980
58.69 1329 55.97 1259 53.25 1189 50.52 1119 47.78 1049 45.03 979
58.65 1328 55.94 1258 53.21 1188 50.48 1118 47.74 1048 45.00 978
58.61 1327 55.90 1257 53.17 1187 50.44 1117 47.70 1047 44.96 977
58.57 1326 55.86 1256 53.13 1186 50.40 1116 47.66 1046 44.92 976
58.53 1325 55.82 1255 53.09 1185 50.36 1115 47.62 1045 44.88 975
58.49 1324 55.78 1254 53.05 1184 50.32 1114 47.59 1044 44.84 974
58.46 1323 55.74 1253 53.01 1183 50.28 1113 47.55 1043 44.80 973
58.42 1322 55.70 1252 52.98 1182 50.25 1112 47.51 1042 44.76 972
58.38 1321 55.66 1251 52.94 1181 50.21 1111 47.47 1041 44.72 971
58.34 1320 55.63 1250 52.90 1180 50.17 1110 47.43 1040 44.68 970
58.30 1319 55.59 1249 52.86 1179 50.13 1109 47.39 1039 44.64 969
58.26 1318 55.55 1248 52.82 1178 50.09 1108 47.35 1038 44.60 968
58.22 1317 55.51 1247 52.78 1177 50.05 1107 47.31 1037 44.56 967
58.18 1316 55.47 1246 52.74 1176 50.01 1106 47.27 1036 44.52 966
58.14 1315 55.43 1245 52.70 1175 49.97 1105 47.23 1035 44.48 965
58.10 1314 55.39 1244 52.66 1174 49.93 1104 47.19 1034 44.44 964
58.07 1313 55.35 1243 52.62 1173 49.89 1103 47.16 1033 44.40 963
58.03 1312 55.31 1242 52.59 1172 49.85 1102 47.12 1032 44.36 962
57.99 1311 55.27 1241 52.55 1171 49.82 1101 47.08 1031 44.33 961
57.95 1310 55.24 1240 52.51 1170 49.78 1100 47.04 1030 44.29 960
57.91 1309 55.20 1239 52.47 1169 49.74 1099 47.00 1029 44.25 959
57.87 1308 55.16 1238 52.43 1168 49.70 1098 46.96 1028 44.21 958
57.83 1307 55.12 1237 52.39 1167 49.66 1097 46.92 1027 44.17 957
57.79 1306 55.08 1236 52.35 1166 49.62 1096 46.88 1026 44.13 956
57.75 1305 55.04 1235 52.31 1165 49.58 1095 46.84 1025 44.09 955
57.71 1304 55.00 1234 52.27 1164 49.54 1094 46.80 1024 44.05 954
57.68 1303 54.96 1233 52.24 1163 49.50 1093 46.77 1023 44.01 953
57.64 1302 54.92 1232 52.20 1162 49.46 1092 46.73 1022 43.97 952
57.60 1301 54.88 1231 52.16 1161 49.42 1091 46.69 1021 43.94 951
57.56 1300 54.84 1230 52.12 1160 49.39 1090 46.65 1020 43.90 950
57.52 1299 54.81 1229 52.08 1159 49.35 1089 46.61 1019 43.86 949
57.48 1298 54.77 1228 52.04 1158 49.31 1088 46.57 1018 43.82 948
57.44 1297 54.73 1227 52.00 1157 49.27 1087 46.53 1017 43.78 947
57.41 1296 54.69 1226 51.96 1156 49.23 1086 46.49 1016 43.74 946
57.37 1295 54.65 1225 51.92 1155 49.19 1085 46.45 1015 43.70 945
57.33 1294 54.61 1224 51.88 1154 49.15 1084 46.41 1014 43.66 944
57.29 1293 54.57 1223 51.85 1153 49.11 1083 46.37 1013 43.62 943
57.25 1292 54.53 1222 51.81 1152 49.07 1082 46.33 1012 43.58 942
57.21 1291 54.49 1221 51.77 1151 49.03 1081 46.30 1011 43.54 941
57.17 1290 54.45 1220 51.73 1150 48.99 1080 46.26 1010 43.50 940
57.14 1289 54.42 1219 51.69 1149 48.95 1079 46.22 1009 43.46 939
57.10 1288 54.38 1218 51.65 1148 48.92 1078 46.18 1008 43.43 938
57.06 1287 54.34 1217 51.61 1147 48.88 1077 46.14 1007 43.39 937
57.02 1286 54.30 1216 51.57 1146 48.84 1076 46.10 1006 43.35 936
56.98 1285 54.26 1215 51.53 1145 48.80 1075 46.06 1005 43.31 935
56.94 1284 54.22 1214 51.49 1144 48.76 1074 46.02 1004 43.27 934
56.90 1283 54.18 1213 51.46 1143 48.72 1073 45.98 1003 43.23 933
56.86 1282 54.14 1212 51.42 1142 48.68 1072 45.94 1002 43.19 932
56.83 1281 54.10 1211 51.38 1141 48.64 1071 45.90 1001 43.15 931
43.11 930 40.34 860 37.57 790 34.78 720 31.99 650 29.18 580
43.07 929 40.31 859 37.53 789 34.74 719 31.95 649 29.14 579
43.03 928 40.27 858 37.50 788 34.70 718 31.91 648 29.09 578
42.99 927 40.23 857 37.46 787 34.67 717 31.87 647 29.05 577
42.95 926 40.19 856 37.42 786 34.63 716 31.83 646 29.01 576
42.91 925 40.15 855 37.38 785 34.59 715 31.79 645 28.97 575
42.87 924 40.11 854 37.34 784 34.55 714 31.75 644 28.93 574
42.83 923 40.07 853 37.30 783 34.51 713 31.71 643 28.89 573
42.79 922 40.03 852 37.25 782 34.47 712 31.67 642 28.85 572
42.75 921 39.99 851 37.21 781 34.43 711 31.63 641 28.81 571
42.71 920 39.95 850 37.17 780 34.39 710 31.58 640 28.77 570
42.67 919 39.91 849 37.13 779 34.35 709 31.54 639 28.73 569
42.63 918 39.87 848 37.09 778 34.31 708 31.50 638 28.69 568
42.59 917 39.83 847 37.05 777 34.27 707 31.46 637 28.65 567
42.55 916 39.79 846 37.01 776 34.23 706 31.43 636 28.61 566
42.51 915 39.75 845 36.97 775 34.19 705 31.39 635 28.57 565
42.48 914 39.71 844 36.93 774 34.15 704 31.35 634 28.53 564
42.44 913 39.67 843 36.89 773 34.11 703 31.31 633 28.49 563
42.40 912 39.63 842 36.85 772 34.07 702 31.27 632 28.45 562
42.36 911 39.59 841 36.81 771 34.03 701 31.23 631 28.41 561
42.32 910 39.55 840 36.77 770 33.99 700 31.19 630 28.37 560
42.28 909 39.51 839 36.73 769 33.95 699 31.15 629 28.33 559
42.24 908 39.47 838 36.70 768 33.90 698 31.11 628 28.28 558
42.20 907 39.43 837 36.66 767 33.87 697 31.07 627 28.24 557
42.16 906 39.39 836 36.62 766 33.83 696 31.02 626 28.21 556
42.12 905 39.35 835 36.58 765 33.79 695 30.98 625 28.17 555
42.08 904 39.31 834 36.54 764 33.75 694 30.94 624 28.13 554
42.04 903 39.27 833 36.50 763 33.71 693 30.90 623 28.09 553
42.00 902 39.23 832 36.46 762 33.67 692 30.86 622 28.05 552
41.96 901 39.19 831 36.42 761 33.63 691 30.82 621 28.01 551
41.93 900 39.15 830 36.38 760 33.59 690 30.78 620 27.97 550
41.89 899 39.12 829 36.34 759 33.55 689 30.74 619 27.93 549
41.85 898 39.08 828 36.30 758 33.51 688 30.70 618 27.88 548
41.81 897 39.04 827 36.26 757 33.47 687 30.66 617 27.84 547
41.77 896 39.00 826 36.22 756 33.43 686 30.63 616 27.80 546
41.73 895 38.96 825 36.18 755 33.39 685 30.59 615 27.76 545
41.69 894 38.92 824 36.14 754 33.35 684 30.55 614 27.72 544
41.65 893 38.88 823 36.10 753 33.31 683 30.51 613 27.68 543
41.61 892 38.84 822 36.06 752 33.27 682 30.46 612 27.64 542
41.57 891 38.80 821 36.02 751 33.23 681 30.42 611 27.60 541
41.53 890 38.76 820 35.98 750 33.19 680 30.38 610 27.56 540
41.49 889 38.72 819 35.94 749 33.15 679 30.34 609 27.52 539
41.45 888 38.69 818 35.90 748 33.11 678 30.30 608 27.48 538
41.41 887 38.65 817 35.86 747 33.07 677 30.26 607 27.44 537
41.37 886 38.61 816 35.82 746 33.03 676 30.22 606 27.40 536
41.33 885 38.57 815 35.78 745 32.99 675 30.18 605 27.36 535
41.29 884 38.53 814 35.74 744 32.95 674 30.14 604 27.32 534
41.25 883 38.49 813 35.70 743 32.91 673 30.10 603 27.28 533
41.22 882 38.45 812 35.66 742 32.87 672 30.06 602 27.24 532
41.18 881 38.41 811 35.62 741 32.83 671 30.02 601 27.19 531
41.14 880 38.37 810 35.58 740 32.79 670 29.98 600 27.15 530
41.10 879 38.33 809 35.54 739 32.75 669 29.94 599 27.11 529
41.06 878 38.29 808 35.50 738 32.71 668 29.90 598 27.07 528
41.02 877 38.25 807 35.47 737 32.67 667 29.86 597 27.03 527
40.98 876 38.21 806 35.43 736 32.63 666 29.82 596 27.00 526
40.94 875 38.17 805 35.39 735 32.59 665 29.78 595 26.96 525
40.90 874 38.13 804 35.35 734 32.55 664 29.74 594 26.92 524
40.86 873 38.09 803 35.31 733 32.51 663 29.70 593 26.87 523
40.82 872 38.05 802 35.27 732 32.47 662 29.66 592 26.83 522
40.78 871 38.01 801 35.23 731 32.43 661 29.62 591 26.79 521
40.74 870 37.97 800 35.19 730 32.39 660 29.58 590 26.75 520
40.70 869 37.93 799 35.15 729 32.35 659 29.54 589 26.71 519
40.66 868 37.89 798 35.11 728 32.31 658 29.49 588 26.67 518
40.62 867 37.85 797 35.06 727 32.26 657 29.45 587 26.63 517
40.58 866 37.81 796 35.02 726 32.23 656 29.42 586 26.59 516
40.54 865 37.77 795 34.98 725 32.19 655 29.38 585 26.55 515
40.50 864 37.73 794 34.94 724 32.15 654 29.34 584 26.51 514
40.46 863 37.69 793 34.90 723 32.11 653 29.30 583 26.47 513
40.42 862 37.65 792 34.86 722 32.07 652 29.26 582 26.43 512
40.38 861 37.61 791 34.82 721 32.03 651 29.22 581 26.39 511
26.35 510 23.50 440 20.63 370 17.73 300 14.80 230 11.83 160
26.31 509 23.46 439 20.59 369 17.69 299 14.76 229 11.79 159
26.27 508 23.42 438 20.55 368 17.65 298 14.72 228 11.75 158
26.22 507 23.38 437 20.51 367 17.61 297 14.68 227 11.71 157
26.18 506 23.33 436 20.46 366 17.57 296 14.64 226 11.66 156
26.14 505 23.29 435 20.42 365 17.53 295 14.60 225 11.62 155
26.10 504 23.25 434 20.38 364 17.49 294 14.55 224 11.58 154
26.06 503 23.21 433 20.34 363 17.44 293 14.51 223 11.54 153
26.02 502 23.17 432 20.30 362 17.40 292 14.47 222 11.49 152
25.98 501 23.13 431 20.26 361 17.36 291 14.43 221 11.45 151
25.94 500 23.09 430 20.22 360 17.32 290 14.39 220 11.40 150
25.90 499 23.05 429 20.18 359 17.28 289 14.34 219 11.36 149
25.86 498 23.01 428 20.13 358 17.24 288 14.30 218 11.32 148
25.82 497 22.97 427 20.09 357 17.19 287 14.26 217 11.28 147
25.78 496 22.93 426 20.05 356 17.15 286 14.21 216 11.23 146
25.74 495 22.88 425 20.01 355 17.11 285 14.17 215 11.19 145
25.70 494 22.84 424 19.97 354 17.07 284 14.13 214 11.15 144
25.66 493 22.80 423 19.93 353 17.02 283 14.09 213 11.11 143
25.61 492 22.76 422 19.89 352 16.98 282 14.05 212 11.06 142
25.57 491 22.72 421 19.85 351 16.94 281 14.00 211 11.02 141
25.53 490 22.68 420 19.81 350 16.90 280 13.96 210 10.97 140
25.49 489 22.64 419 19.76 349 16.86 279 13.92 209 10.93 139
25.45 488 22.60 418 19.72 348 16.82 278 13.88 208 10.89 138
25.41 487 22.56 417 19.68 347 16.77 277 13.84 207 10.84 137
25.38 486 22.52 416 19.64 346 16.73 276 13.79 206 10.80 136
25.33 485 22.48 415 19.60 345 16.69 275 13.75 205 10.76 135
25.29 484 22.43 414 19.56 344 16.65 274 13.71 204 10.72 134
25.25 483 22.39 413 19.52 343 16.61 273 13.67 203 10.67 133
25.21 482 22.35 412 19.48 342 16.57 272 13.63 202 10.63 132
25.17 481 22.31 411 19.43 341 16.52 271 13.58 201 10.58 131
25.13 480 22.27 410 19.39 340 16.48 270 13.54 200 10.54 130
25.08 479 22.23 409 19.35 339 16.44 269 13.49 199 10.50 129
25.04 478 22.19 408 19.31 338 16.40 268 13.45 198 10.46 128
25.00 477 22.15 407 19.27 337 16.36 267 13.41 197 10.41 127
24.97 476 22.11 406 19.23 336 16.32 266 13.37 196 10.37 126
24.93 475 22.07 405 19.19 335 16.28 265 13.33 195 10.33 125
24.89 474 22.02 404 19.15 334 16.23 264 13.28 194 10.28 124
24.85 473 21.98 403 19.10 333 16.19 263 13.24 193 10.24 123
24.80 472 21.94 402 19.06 332 16.15 262 13.20 192 10.19 122
24.76 471 21.90 401 19.02 331 16.11 261 13.16 191 10.15 121
24.72 470 21.86 400 18.98 330 16.07 260 13.12 190 10.11 120
24.68 469 21.82 399 18.94 329 16.03 259 13.07 189 10.07 119
24.64 468 21.78 398 18.90 328 15.98 258 13.03 188 10.02 118
24.60 467 21.74 397 18.86 327 15.94 257 12.98 187 9.98 117
24.56 466 21.70 396 18.81 326 15.90 256 12.94 186 9.94 116
24.52 465 21.66 395 18.77 325 15.85 255 12.90 185 9.89 115
24.48 464 21.61 394 18.73 324 15.81 254 12.86 184 9.85 114
24.44 463 21.57 393 18.69 323 15.77 253 12.82 183 9.80 113
24.40 462 21.53 392 18.64 322 15.73 252 12.77 182 9.76 112
24.36 461 21.49 391 18.60 321 15.69 251 12.73 181 9.72 111
24.32 460 21.45 390 18.56 320 15.65 250 12.69 180 9.67 110
24.27 459 21.41 389 18.53 319 15.60 249 12.65 179 9.63 109
24.23 458 21.37 388 18.48 318 15.56 248 12.60 178 9.59 108
24.19 457 21.33 387 18.44 317 15.52 247 12.56 177 9.55 107
24.15 456 21.29 386 18.40 316 15.48 246 12.51 176 9.50 106
24.11 455 21.24 385 18.36 315 15.44 245 12.48 175 9.45 105
24.07 454 21.20 384 18.31 314 15.39 244 12.44 174 9.41 104
24.03 453 21.16 383 18.27 313 15.35 243 12.39 173 9.37 103
23.99 452 21.12 382 18.23 312 15.31 242 12.35 172 9.32 102
23.95 451 21.08 381 18.19 311 15.27 241 12.30 171 9.28 101
23.91 450 21.04 380 18.15 310 15.23 240 12.26 170 9.24 100
23.87 449 21.00 379 18.11 309 15.19 239 12.22 169 9.20 99
23.83 448 20.96 378 18.07 308 15.14 238 12.18 168 9.15 98
23.78 447 20.92 377 18.02 307 15.10 237 12.13 167 9.10 97
23.74 446 20.88 376 17.98 306 15.06 236 12.09 166 9.06 96
23.70 445 20.83 375 17.94 305 15.01 235 12.05 165 9.02 95
23.66 444 20.79 374 17.90 304 14.97 234 12.01 164 8.97 94
23.62 443 20.75 373 17.86 303 14.93 233 11.96 163 8.93 93
23.58 442 20.71 372 17.82 302 14.89 232 11.92 162 8.88 92
23.54 441 20.67 371 17.78 301 14.85 231 11.88 161 8.84 91
8.80 90 8.13 75 7.46 60 6.79 45 6.10 30 5.39 15
8.75 89 8.09 74 7.42 59 6.74 44 6.05 29 5.34 14
8.71 88 8.05 73 7.38 58 6.70 43 6.00 28 5.29 13
8.67 87 8.00 72 7.33 57 6.65 42 5.96 27 5.25 12
8.62 86 7.96 71 7.28 56 6.60 41 5.91 26 5.20 11
8.57 85 7.91 70 7.24 55 6.56 40 5.86 25 5.15 10
8.53 84 7.87 69 7.19 54 6.51 39 5.82 24 5.10 9
8.49 83 7.82 68 7.15 53 6.46 38 5.77 23 5.05 8
8.44 82 7.78 67 7.11 52 6.42 37 5.72 22 5.00 7
8.40 81 7.73 66 7.06 51 6.37 36 5.68 21 4.95 6
8.36 80 7.69 65 7.01 50 6.33 35 5.63 20 4.90 5
8.31 79 7.64 64 6.97 49 6.29 34 5.59 19 4.85 4
8.27 78 7.60 63 6.92 48 6.24 33 5.53 18 4.80 3
8.22 77 7.56 62 6.87 47 6.19 32 5.49 17 4.75 2
8.18 76 7.51 61 6.84 46 6.15 31 5.44 16 4.69 1
