52.11 1350 49.74 1280 47.35 1210 44.97 1140 42.57 1070 40.17 1000
52.08 1349 49.70 1279 47.32 1209 44.93 1139 42.53 1069 40.13 999
52.04 1348 49.67 1278 47.29 1208 44.90 1138 42.50 1068 40.10 998
52.01 1347 49.63 1277 47.25 1207 44.86 1137 42.47 1067 40.06 997
51.98 1346 49.60 1276 47.22 1206 44.83 1136 42.44 1066 40.03 996
51.95 1345 49.56 1275 47.18 1205 44.79 1135 42.40 1065 40.00 995
51.91 1344 49.53 1274 47.15 1204 44.76 1134 42.37 1064 39.96 994
51.88 1343 49.50 1273 47.12 1203 44.73 1133 42.33 1063 39.93 993
51.84 1342 49.47 1272 47.08 1202 44.69 1132 42.30 1062 39.89 992
51.81 1341 49.43 1271 47.05 1201 44.66 1131 42.26 1061 39.86 991
51.77 1340 49.40 1270 47.02 1200 44.63 1130 42.23 1060 39.82 990
51.74 1339 49.36 1269 46.98 1199 44.59 1129 42.19 1059 39.79 989
51.71 1338 49.33 1268 46.95 1198 44.56 1128 42.16 1058 39.75 988
51.67 1337 49.29 1267 46.91 1197 44.52 1127 42.12 1057 39.72 987
51.64 1336 49.26 1266 46.88 1196 44.49 1126 42.09 1056 39.69 986
51.60 1335 49.23 1265 46.84 1195 44.45 1125 42.05 1055 39.65 985
51.57 1334 49.19 1264 46.81 1194 44.42 1124 42.02 1054 39.62 984
51.53 1333 49.16 1263 46.77 1193 44.39 1123 41.99 1053 39.58 983
51.50 1332 49.12 1262 46.74 1192 44.35 1122 41.96 1052 39.55 982
51.47 1331 49.09 1261 46.71 1191 44.32 1121 41.92 1051 39.51 981
51.44 1330 49.06 1260 46.68 1190 44.28 1120 41.89 1050 39.48 980
51.40 1329 49.02 1259 46.64 1189 44.25 1119 41.85 1049 39.44 979
51.37 1328 48.99 1258 46.61 1188 44.21 1118 41.82 1048 39.41 978
51.33 1327 48.96 1257 46.57 1187 44.18 1117 41.78 1047 39.38 977
51.30 1326 48.92 1256 46.54 1186 44.14 1116 41.75 1046 39.34 976
51.27 1325 48.89 1255 46.50 1185 44.11 1115 41.71 1045 39.31 975
51.23 1324 48.85 1254 46.47 1184 44.07 1114 41.68 1044 39.27 974
51.20 1323 48.82 1253 46.43 1183 44.04 1113 41.64 1043 39.24 973
51.16 1322 48.78 1252 46.40 1182 44.01 1112 41.61 1042 39.20 972
51.13 1321 48.75 1251 46.37 1181 43.98 1111 41.57 1041 39.17 971
51.09 1320 48.72 1250 46.33 1180 43.94 1110 41.54 1040 39.14 970
51.06 1319 48.68 1249 46.30 1179 43.91 1109 41.51 1039 39.10 969
51.03 1318 48.65 1248 46.26 1178 43.87 1108 41.47 1038 39.07 968
51.00 1317 48.62 1247 46.23 1177 43.84 1107 41.44 1037 39.03 967
50.96 1316 48.58 1246 46.19 1176 43.80 1106 41.41 1036 39.00 966
50.93 1315 48.55 1245 46.16 1175 43.77 1105 41.37 1035 38.96 965
50.89 1314 48.51 1244 46.12 1174 43.73 1104 41.34 1034 38.93 964
50.86 1313 48.48 1243 46.09 1173 43.70 1103 41.30 1033 38.89 963
50.82 1312 48.45 1242 46.06 1172 43.66 1102 41.27 1032 38.86 962
50.79 1311 48.41 1241 46.03 1171 43.63 1101 41.23 1031 38.82 961
50.76 1310 48.38 1240 45.99 1170 43.60 1100 41.20 1030 38.79 960
50.72 1309 48.34 1239 45.96 1169 43.57 1099 41.16 1029 38.76 959
50.69 1308 48.31 1238 45.92 1168 43.53 1098 41.13 1028 38.72 958
50.65 1307 48.27 1237 45.89 1167 43.50 1097 41.09 1027 38.69 957
50.62 1306 48.24 1236 45.85 1166 43.46 1096 41.06 1026 38.65 956
50.58 1305 48.20 1235 45.82 1165 43.43 1095 41.03 1025 38.62 955
50.55 1304 48.18 1234 45.78 1164 43.39 1094 40.99 1024 38.59 954
50.52 1303 48.14 1233 45.75 1163 43.36 1093 40.96 1023 38.55 953
50.49 1302 48.11 1232 45.72 1162 43.32 1092 40.92 1022 38.52 952
50.45 1301 48.07 1231 45.68 1161 43.29 1091 40.89 1021 38.48 951
50.42 1300 48.04 1230 45.65 1160 43.26 1090 40.86 1020 38.45 950
50.38 1299 48.00 1229 45.62 1159 43.22 1089 40.82 1019 38.41 949
50.35 1298 47.97 1228 45.58 1158 43.19 1088 40.79 1018 38.38 948
50.31 1297 47.93 1227 45.55 1157 43.15 1087 40.75 1017 38.34 947
50.28 1296 47.90 1226 45.51 1156 43.12 1086 40.72 1016 38.31 946
50.25 1295 47.87 1225 45.48 1155 43.08 1085 40.68 1015 38.27 945
50.21 1294 47.83 1224 45.44 1154 43.05 1084 40.65 1014 38.24 944
50.18 1293 47.80 1223 45.41 1153 43.02 1083 40.61 1013 38.20 943
50.14 1292 47.76 1222 45.38 1152 42.98 1082 40.58 1012 38.17 942
50.11 1291 47.73 1221 45.34 1151 42.95 1081 40.55 1011 38.13 941
50.07 1290 47.69 1220 45.31 1150 42.91 1080 40.51 1010 38.10 940
50.05 1289 47.66 1219 45.27 1149 42.88 1079 40.48 1009 38.06 939
50.01 1288 47.62 1218 45.24 1148 42.85 1078 40.44 1008 38.03 938
49.98 1287 47.60 1217 45.20 1147 42.81 1077 40.41 1007 38.00 937
49.94 1286 47.56 1216 45.17 1146 42.78 1076 40.37 1006 37.97 936
49.91 1285 47.53 1215 45.13 1145 42.74 1075 40.34 1005 37.93 935
49.87 1284 47.49 1214 45.10 1144 42.71 1074 40.30 1004 37.90 934
49.84 1283 47.46 1213 45.07 1143 42.67 1073 40.27 1003 37.86 933
49.80 1282 47.42 1212 45.04 1142 42.64 1072 40.24 1002 37.83 932
49.77 1281 47.39 1211 45.00 1141 42.60 1071 40.20 1001 37.79 931
37.76 930 35.34 860 32.91 790 30.47 720 28.02 650 25.56 580
37.72 929 35.30 859 32.88 789 30.43 719 27.98 649 25.52 579
37.69 928 35.27 858 32.84 788 30.40 718 27.95 648 25.48 578
37.65 927 35.23 857 32.81 787 30.36 717 27.91 647 25.45 577
37.62 926 35.20 856 32.77 786 30.33 716 27.88 646 25.41 576
37.58 925 35.16 855 32.74 785 30.29 715 27.84 645 25.38 575
37.55 924 35.13 854 32.70 784 30.26 714 27.81 644 25.34 574
37.51 923 35.09 853 32.67 783 30.22 713 27.77 643 25.31 573
37.48 922 35.06 852 32.63 782 30.19 712 27.74 642 25.27 572
37.44 921 35.02 851 32.59 781 30.15 711 27.70 641 25.24 571
37.41 920 34.99 850 32.56 780 30.12 710 27.66 640 25.20 570
37.37 919 34.95 849 32.52 779 30.08 709 27.63 639 25.17 569
37.34 918 34.92 848 32.49 778 30.05 708 27.59 638 25.13 568
37.31 917 34.88 847 32.45 777 30.01 707 27.56 637 25.09 567
37.27 916 34.85 846 32.42 776 29.98 706 27.52 636 25.06 566
37.24 915 34.82 845 32.38 775 29.94 705 27.49 635 25.02 565
37.21 914 34.78 844 32.35 774 29.91 704 27.45 634 24.99 564
37.17 913 34.75 843 32.31 773 29.88 703 27.42 633 24.95 563
37.14 912 34.71 842 32.28 772 29.84 702 27.39 632 24.92 562
37.10 911 34.68 841 32.24 771 29.81 701 27.35 631 24.88 561
37.07 910 34.64 840 32.21 770 29.77 700 27.32 630 24.85 560
37.03 909 34.61 839 32.17 769 29.74 699 27.28 629 24.81 559
37.00 908 34.57 838 32.14 768 29.70 698 27.25 628 24.77 558
36.96 907 34.54 837 32.10 767 29.66 697 27.21 627 24.74 557
36.93 906 34.50 836 32.07 766 29.63 696 27.17 626 24.70 556
36.89 905 34.47 835 32.04 765 29.59 695 27.14 625 24.67 555
36.86 904 34.43 834 32.00 764 29.56 694 27.10 624 24.63 554
36.82 903 34.40 833 31.97 763 29.52 693 27.07 623 24.60 553
36.79 902 34.36 832 31.93 762 29.49 692 27.03 622 24.56 552
36.76 901 34.33 831 31.90 761 29.45 691 27.00 621 24.53 551
36.72 900 34.29 830 31.86 760 29.42 690 26.96 620 24.50 550
36.69 899 34.26 829 31.83 759 29.38 689 26.93 619 24.46 549
36.65 898 34.22 828 31.79 758 29.35 688 26.89 618 24.42 548
36.62 897 34.19 827 31.76 757 29.31 687 26.86 617 24.39 547
36.58 896 34.15 826 31.72 756 29.28 686 26.82 616 24.35 546
36.55 895 34.12 825 31.69 755 29.24 685 26.79 615 24.32 545
36.51 894 34.09 824 31.65 754 29.21 684 26.75 614 24.28 544
36.48 893 34.06 823 31.62 753 29.17 683 26.72 613 24.25 543
36.44 892 34.02 822 31.58 752 29.14 682 26.68 612 24.21 542
36.41 891 33.99 821 31.55 751 29.11 681 26.64 611 24.18 541
36.37 890 33.95 820 31.51 750 29.07 680 26.61 610 24.14 540
36.34 889 33.92 819 31.48 749 29.04 679 26.57 609 24.10 539
36.30 888 33.88 818 31.44 748 29.00 678 26.54 608 24.07 538
36.27 887 33.85 817 31.41 747 28.97 677 26.50 607 24.03 537
36.23 886 33.81 816 31.38 746 28.93 676 26.47 606 24.00 536
36.20 885 33.78 815 31.34 745 28.89 675 26.44 605 23.96 535
36.16 884 33.74 814 31.31 744 28.86 674 26.40 604 23.93 534
36.13 883 33.71 813 31.27 743 28.82 673 26.37 603 23.89 533
36.10 882 33.67 812 31.24 742 28.79 672 26.33 602 23.86 532
36.07 881 33.64 811 31.20 741 28.75 671 26.30 601 23.82 531
36.03 880 33.60 810 31.17 740 28.72 670 26.26 600 23.78 530
36.00 879 33.57 809 31.13 739 28.68 669 26.22 599 23.75 529
35.96 878 33.54 808 31.10 738 28.65 668 26.19 598 23.71 528
35.93 877 33.50 807 31.06 737 28.61 667 26.15 597 23.68 527
35.89 876 33.47 806 31.03 736 28.58 666 26.12 596 23.64 526
35.86 875 33.43 805 30.99 735 28.54 665 26.08 595 23.61 525
35.82 874 33.40 804 30.96 734 28.51 664 26.05 594 23.57 524
35.79 873 33.36 803 30.92 733 28.47 663 26.01 593 23.53 523
35.75 872 33.33 802 30.89 732 28.44 662 25.98 592 23.50 522
35.72 871 33.29 801 30.85 731 28.40 661 25.94 591 23.46 521
35.68 870 33.26 800 30.82 730 28.37 660 25.91 590 23.43 520
35.65 869 33.22 799 30.78 729 28.33 659 25.87 589 23.40 519
35.61 868 33.19 798 30.75 728 28.30 658 25.83 588 23.36 518
35.58 867 33.15 797 30.71 727 28.26 657 25.80 587 23.33 517
35.54 866 33.12 796 30.67 726 28.22 656 25.76 586 23.29 516
35.51 865 33.08 795 30.64 725 28.19 655 25.73 585 23.25 515
35.48 864 33.05 794 30.60 724 28.16 654 25.69 584 23.22 514
35.44 863 33.01 793 30.57 723 28.12 653 25.66 583 23.18 513
35.41 862 32.98 792 30.54 722 28.09 652 25.62 582 23.15 512
35.37 861 32.94 791 30.50 721 28.05 651 25.59 581 23.11 511
23.08 510 20.58 440 18.07 370 15.53 300 12.97 230 10.37 160
23.04 509 20.55 439 18.03 369 15.50 299 12.93 229 10.33 159
23.01 508 20.51 438 18.00 368 15.46 298 12.90 228 10.29 158
22.97 507 20.48 437 17.96 367 15.42 297 12.86 227 10.26 157
22.93 506 20.44 436 17.92 366 15.39 296 12.82 226 10.21 156
22.90 505 20.40 435 17.89 365 15.35 295 12.79 225 10.18 155
22.86 504 20.37 434 17.85 364 15.32 294 12.75 224 10.14 154
22.83 503 20.33 433 17.82 363 15.28 293 12.71 223 10.10 153
22.79 502 20.30 432 17.78 362 15.24 292 12.67 222 10.06 152
22.76 501 20.26 431 17.74 361 15.21 291 12.64 221 10.03 151
22.72 500 20.22 430 17.71 360 15.17 290 12.60 220 9.99 150
22.68 499 20.19 429 17.67 359 15.13 289 12.56 219 9.95 149
22.65 498 20.15 428 17.63 358 15.10 288 12.53 218 9.91 148
22.61 497 20.12 427 17.60 357 15.06 287 12.49 217 9.88 147
22.58 496 20.08 426 17.56 356 15.02 286 12.45 216 9.84 146
22.54 495 20.04 425 17.53 355 14.99 285 12.42 215 9.80 145
22.51 494 20.01 424 17.49 354 14.95 284 12.37 214 9.76 144
22.47 493 19.97 423 17.45 353 14.91 283 12.34 213 9.73 143
22.43 492 19.94 422 17.42 352 14.88 282 12.31 212 9.69 142
22.40 491 19.90 421 17.38 351 14.84 281 12.26 211 9.65 141
22.36 490 19.87 420 17.35 350 14.80 280 12.23 210 9.61 140
22.33 489 19.83 419 17.31 349 14.77 279 12.19 209 9.58 139
22.29 488 19.79 418 17.27 348 14.73 278 12.15 208 9.54 138
22.26 487 19.76 417 17.24 347 14.69 277 12.12 207 9.50 137
22.23 486 19.72 416 17.20 346 14.66 276 12.08 206 9.46 136
22.18 485 19.69 415 17.16 345 14.62 275 12.04 205 9.42 135
22.15 484 19.65 414 17.13 344 14.58 274 12.00 204 9.39 134
22.12 483 19.61 413 17.09 343 14.55 273 11.97 203 9.35 133
22.08 482 19.58 412 17.06 342 14.51 272 11.93 202 9.31 132
22.05 481 19.54 411 17.02 341 14.47 271 11.89 201 9.27 131
22.01 480 19.51 410 16.98 340 14.44 270 11.86 200 9.24 130
21.97 479 19.47 409 16.95 339 14.40 269 11.82 199 9.20 129
21.94 478 19.43 408 16.91 338 14.37 268 11.78 198 9.16 128
21.90 477 19.40 407 16.87 337 14.33 267 11.75 197 9.12 127
21.87 476 19.36 406 16.84 336 14.29 266 11.71 196 9.09 126
21.83 475 19.33 405 16.80 335 14.26 265 11.67 195 9.04 125
21.80 474 19.29 404 16.77 334 14.22 264 11.63 194 9.00 124
21.76 473 19.25 403 16.73 333 14.18 263 11.60 193 8.97 123
21.72 472 19.22 402 16.69 332 14.15 262 11.56 192 8.93 122
21.69 471 19.18 401 16.66 331 14.11 261 11.52 191 8.89 121
21.65 470 19.15 400 16.63 330 14.07 260 11.49 190 8.85 120
21.62 469 19.11 399 16.58 329 14.04 259 11.45 189 8.82 119
21.58 468 19.07 398 16.55 328 14.00 258 11.41 188 8.78 118
21.55 467 19.04 397 16.52 327 13.96 257 11.37 187 8.74 117
21.51 466 19.01 396 16.47 326 13.93 256 11.34 186 8.70 116
21.47 465 18.97 395 16.44 325 13.89 255 11.30 185 8.66 115
21.44 464 18.93 394 16.41 324 13.85 254 11.26 184 8.63 114
21.40 463 18.90 393 16.37 323 13.82 253 11.23 183 8.59 113
21.37 462 18.86 392 16.33 322 13.78 252 11.19 182 8.55 112
21.33 461 18.83 391 16.30 321 13.74 251 11.15 181 8.51 111
21.30 460 18.79 390 16.26 320 13.71 250 11.11 180 8.47 110
21.26 459 18.75 389 16.23 319 13.67 249 11.08 179 8.44 109
21.22 458 18.72 388 16.19 318 13.63 248 11.04 178 8.40 108
21.19 457 18.68 387 16.15 317 13.60 247 11.00 177 8.36 107
21.15 456 18.65 386 16.12 316 13.56 246 10.96 176 8.32 106
21.12 455 18.61 385 16.08 315 13.52 245 10.93 175 8.28 105
21.08 454 18.57 384 16.04 314 13.48 244 10.89 174 8.25 104
21.04 453 18.54 383 16.01 313 13.45 243 10.85 173 8.21 103
21.01 452 18.50 382 15.97 312 13.41 242 10.82 172 8.16 102
20.97 451 18.47 381 15.93 311 13.37 241 10.78 171 8.13 101
20.94 450 18.43 380 15.90 310 13.34 240 10.74 170 8.09 100
20.90 449 18.39 379 15.86 309 13.30 239 10.70 169 8.05 99
20.87 448 18.36 378 15.83 308 13.26 238 10.67 168 8.01 98
20.83 447 18.32 377 15.79 307 13.23 237 10.63 167 7.97 97
20.79 446 18.29 376 15.75 306 13.19 236 10.59 166 7.94 96
20.76 445 18.25 375 15.72 305 13.15 235 10.55 165 7.90 95
20.73 444 18.21 374 15.68 304 13.12 234 10.52 164 7.86 94
20.69 443 18.18 373 15.64 303 13.08 233 10.48 163 7.82 93
20.66 442 18.14 372 15.61 302 13.04 232 10.44 162 7.78 92
20.62 441 18.10 371 15.57 301 13.01 231 10.41 161 7.74 91
7.71 90 7.12 75 6.54 60 5.95 45 5.34 30 4.72 15
7.67 89 7.09 74 6.50 59 5.91 44 5.30 29 4.68 14
7.63 88 7.05 73 6.46 58 5.87 43 5.26 28 4.64 13
7.59 87 7.01 72 6.42 57 5.83 42 5.22 27 4.60 12
7.55 86 6.97 71 6.38 56 5.78 41 5.18 26 4.56 11
7.51 85 6.93 70 6.34 55 5.74 40 5.14 25 4.51 10
7.48 84 6.89 69 6.30 54 5.70 39 5.10 24 4.47 9
7.43 83 6.85 68 6.27 53 5.66 38 5.05 23 4.42 8
7.39 82 6.82 67 6.22 52 5.62 37 5.01 22 4.38 7
7.36 81 6.77 66 6.18 51 5.58 36 4.97 21 4.34 6
7.32 80 6.73 65 6.14 50 5.54 35 4.93 20 4.30 5
7.28 79 6.69 64 6.10 49 5.51 34 4.89 19 4.25 4
7.24 78 6.66 63 6.06 48 5.47 33 4.85 18 4.20 3
7.20 77 6.62 62 6.02 47 5.43 32 4.81 17 4.16 2
7.16 76 6.58 61 5.99 46 5.38 31 4.77 16 4.11 1
