47.22 1350 45.07 1280 42.91 1210 40.75 1140 38.58 1070 36.40 1000
47.19 1349 45.04 1279 42.88 1209 40.72 1139 38.54 1069 36.37 999
47.16 1348 45.01 1278 42.85 1208 40.69 1138 38.51 1068 36.33 998
47.13 1347 44.98 1277 42.82 1207 40.65 1137 38.48 1067 36.30 997
47.10 1346 44.95 1276 42.79 1206 40.62 1136 38.45 1066 36.27 996
47.07 1345 44.91 1275 42.76 1205 40.59 1135 38.42 1065 36.25 995
47.04 1344 44.88 1274 42.73 1204 40.56 1134 38.39 1064 36.21 994
47.01 1343 44.86 1273 42.69 1203 40.53 1133 38.36 1063 36.18 993
46.98 1342 44.83 1272 42.66 1202 40.50 1132 38.33 1062 36.15 992
46.95 1341 44.79 1271 42.63 1201 40.47 1131 38.30 1061 36.12 991
46.91 1340 44.76 1270 42.61 1200 40.44 1130 38.27 1060 36.09 990
46.89 1339 44.73 1269 42.57 1199 40.41 1129 38.23 1059 36.06 989
46.86 1338 44.70 1268 42.54 1198 40.38 1128 38.20 1058 36.03 988
46.82 1337 44.67 1267 42.51 1197 40.34 1127 38.17 1057 35.99 987
46.79 1336 44.64 1266 42.48 1196 40.31 1126 38.14 1056 35.96 986
46.76 1335 44.61 1265 42.45 1195 40.28 1125 38.11 1055 35.93 985
46.73 1334 44.58 1264 42.42 1194 40.25 1124 38.08 1054 35.90 984
46.70 1333 44.55 1263 42.39 1193 40.22 1123 38.05 1053 35.87 983
46.67 1332 44.52 1262 42.35 1192 40.19 1122 38.02 1052 35.84 982
46.64 1331 44.48 1261 42.33 1191 40.16 1121 37.99 1051 35.80 981
46.61 1330 44.45 1260 42.30 1190 40.13 1120 37.96 1050 35.77 980
46.58 1329 44.42 1259 42.26 1189 40.10 1119 37.92 1049 35.74 979
46.55 1328 44.40 1258 42.23 1188 40.07 1118 37.89 1048 35.72 978
46.52 1327 44.36 1257 42.20 1187 40.03 1117 37.86 1047 35.68 977
46.48 1326 44.33 1256 42.17 1186 40.00 1116 37.83 1046 35.65 976
46.46 1325 44.30 1255 42.14 1185 39.97 1115 37.80 1045 35.62 975
46.43 1324 44.27 1254 42.11 1184 39.94 1114 37.77 1044 35.59 974
46.39 1323 44.24 1253 42.08 1183 39.91 1113 37.74 1043 35.56 973
46.36 1322 44.21 1252 42.05 1182 39.88 1112 37.70 1042 35.53 972
46.33 1321 44.17 1251 42.02 1181 39.85 1111 37.67 1041 35.50 971
46.30 1320 44.15 1250 41.99 1180 39.82 1110 37.65 1040 35.46 970
46.27 1319 44.12 1249 41.96 1179 39.79 1109 37.62 1039 35.43 969
46.24 1318 44.09 1248 41.92 1178 39.76 1108 37.58 1038 35.40 968
46.21 1317 44.05 1247 41.89 1177 39.72 1107 37.55 1037 35.37 967
46.18 1316 44.02 1246 41.86 1176 39.69 1106 37.52 1036 35.34 966
46.15 1315 43.99 1245 41.83 1175 39.66 1105 37.49 1035 35.31 965
46.12 1314 43.96 1244 41.80 1174 39.63 1104 37.46 1034 35.27 964
46.08 1313 43.93 1243 41.77 1173 39.60 1103 37.43 1033 35.24 963
46.05 1312 43.90 1242 41.74 1172 39.57 1102 37.39 1032 35.21 962
46.03 1311 43.87 1241 41.71 1171 39.54 1101 37.36 1031 35.18 961
46.00 1310 43.84 1240 41.68 1170 39.51 1100 37.33 1030 35.15 960
45.96 1309 43.81 1239 41.65 1169 39.48 1099 37.30 1029 35.12 959
45.93 1308 43.78 1238 41.61 1168 39.45 1098 37.27 1028 35.09 958
45.90 1307 43.74 1237 41.58 1167 39.42 1097 37.24 1027 35.06 957
45.87 1306 43.71 1236 41.55 1166 39.38 1096 37.21 1026 35.03 956
45.84 1305 43.68 1235 41.52 1165 39.35 1095 37.18 1025 35.00 955
45.81 1304 43.66 1234 41.49 1164 39.32 1094 37.15 1024 34.97 954
45.78 1303 43.62 1233 41.46 1163 39.29 1093 37.12 1023 34.93 953
45.75 1302 43.59 1232 41.43 1162 39.26 1092 37.09 1022 34.90 952
45.72 1301 43.56 1231 41.40 1161 39.23 1091 37.05 1021 34.87 951
45.69 1300 43.53 1230 41.37 1160 39.20 1090 37.02 1020 34.84 950
45.65 1299 43.50 1229 41.34 1159 39.17 1089 36.99 1019 34.81 949
45.62 1298 43.47 1228 41.30 1158 39.14 1088 36.96 1018 34.78 948
45.59 1297 43.43 1227 41.27 1157 39.11 1087 36.93 1017 34.74 947
45.57 1296 43.40 1226 41.24 1156 39.07 1086 36.90 1016 34.71 946
45.53 1295 43.38 1225 41.21 1155 39.04 1085 36.86 1015 34.68 945
45.50 1294 43.35 1224 41.18 1154 39.01 1084 36.83 1014 34.65 944
45.47 1293 43.31 1223 41.15 1153 38.98 1083 36.80 1013 34.62 943
45.44 1292 43.28 1222 41.12 1152 38.95 1082 36.77 1012 34.59 942
45.41 1291 43.25 1221 41.09 1151 38.92 1081 36.74 1011 34.56 941
45.38 1290 43.22 1220 41.06 1150 38.89 1080 36.71 1010 34.52 940
45.35 1289 43.19 1219 41.03 1149 38.85 1079 36.68 1009 34.49 939
45.32 1288 43.16 1218 40.99 1148 38.83 1078 36.65 1008 34.47 938
45.29 1287 43.13 1217 40.96 1147 38.80 1077 36.62 1007 34.44 937
45.26 1286 43.10 1216 40.93 1146 38.76 1076 36.59 1006 34.40 936
45.22 1285 43.07 1215 40.90 1145 38.73 1075 36.56 1005 34.37 935
45.19 1284 43.04 1214 40.87 1144 38.70 1074 36.52 1004 34.34 934
45.16 1283 43.00 1213 40.84 1143 38.67 1073 36.49 1003 34.31 933
45.13 1282 42.97 1212 40.81 1142 38.64 1072 36.46 1002 34.28 932
45.10 1281 42.94 1211 40.78 1141 38.61 1071 36.43 1001 34.25 931
34.21 930 32.02 860 29.82 790 27.61 720 25.39 650 23.16 580
34.18 929 31.99 859 29.79 789 27.58 719 25.36 649 23.13 579
34.15 928 31.96 858 29.76 788 27.54 718 25.33 648 23.09 578
34.12 927 31.93 857 29.73 787 27.51 717 25.29 647 23.06 577
34.09 926 31.90 856 29.70 786 27.48 716 25.26 646 23.03 576
34.06 925 31.86 855 29.66 785 27.45 715 25.23 645 23.00 575
34.03 924 31.83 854 29.63 784 27.42 714 25.20 644 22.96 574
33.99 923 31.80 853 29.60 783 27.39 713 25.17 643 22.93 573
33.96 922 31.77 852 29.57 782 27.36 712 25.14 642 22.90 572
33.93 921 31.74 851 29.53 781 27.32 711 25.10 641 22.87 571
33.90 920 31.71 850 29.50 780 27.29 710 25.07 640 22.84 570
33.87 919 31.67 849 29.47 779 27.26 709 25.04 639 22.81 569
33.84 918 31.64 848 29.44 778 27.23 708 25.00 638 22.77 568
33.81 917 31.61 847 29.41 777 27.20 707 24.97 637 22.74 567
33.77 916 31.58 846 29.38 776 27.17 706 24.94 636 22.71 566
33.74 915 31.55 845 29.34 775 27.14 705 24.91 635 22.68 565
33.72 914 31.52 844 29.31 774 27.10 704 24.88 634 22.64 564
33.68 913 31.49 843 29.28 773 27.07 703 24.85 633 22.61 563
33.65 912 31.45 842 29.25 772 27.04 702 24.82 632 22.58 562
33.62 911 31.42 841 29.22 771 27.01 701 24.78 631 22.55 561
33.59 910 31.39 840 29.19 770 26.98 700 24.75 630 22.52 560
33.56 909 31.36 839 29.16 769 26.95 699 24.72 629 22.49 559
33.53 908 31.33 838 29.12 768 26.91 698 24.69 628 22.45 558
33.50 907 31.30 837 29.09 767 26.88 697 24.66 627 22.42 557
33.46 906 31.27 836 29.06 766 26.85 696 24.62 626 22.39 556
33.43 905 31.23 835 29.03 765 26.82 695 24.59 625 22.35 555
33.40 904 31.20 834 29.00 764 26.78 694 24.56 624 22.32 554
33.37 903 31.17 833 28.97 763 26.75 693 24.53 623 22.29 553
33.34 902 31.14 832 28.94 762 26.72 692 24.50 622 22.26 552
33.31 901 31.11 831 28.90 761 26.69 691 24.46 621 22.23 551
33.28 900 31.08 830 28.87 760 26.66 690 24.43 620 22.20 550
33.24 899 31.05 829 28.84 759 26.63 689 24.40 619 22.17 549
33.21 898 31.01 828 28.81 758 26.60 688 24.37 618 22.13 548
33.18 897 30.98 827 28.78 757 26.56 687 24.34 617 22.10 547
33.15 896 30.95 826 28.75 756 26.53 686 24.31 616 22.07 546
33.12 895 30.92 825 28.72 755 26.50 685 24.28 615 22.03 545
33.09 894 30.89 824 28.68 754 26.47 684 24.24 614 22.00 544
33.05 893 30.86 823 28.65 753 26.44 683 24.21 613 21.97 543
33.02 892 30.83 822 28.62 752 26.41 682 24.18 612 21.94 542
32.99 891 30.80 821 28.59 751 26.37 681 24.14 611 21.91 541
32.96 890 30.77 820 28.56 750 26.34 680 24.11 610 21.88 540
32.93 889 30.74 819 28.53 749 26.31 679 24.08 609 21.84 539
32.90 888 30.70 818 28.49 748 26.28 678 24.05 608 21.81 538
32.87 887 30.67 817 28.46 747 26.25 677 24.02 607 21.78 537
32.83 886 30.64 816 28.43 746 26.22 676 23.99 606 21.75 536
32.80 885 30.61 815 28.40 745 26.18 675 23.96 605 21.71 535
32.77 884 30.58 814 28.37 744 26.15 674 23.92 604 21.68 534
32.74 883 30.55 813 28.34 743 26.12 673 23.89 603 21.65 533
32.71 882 30.52 812 28.31 742 26.09 672 23.86 602 21.62 532
32.68 881 30.48 811 28.27 741 26.05 671 23.83 601 21.58 531
32.65 880 30.45 810 28.24 740 26.02 670 23.79 600 21.55 530
32.62 879 30.42 809 28.21 739 25.99 669 23.76 599 21.52 529
32.59 878 30.39 808 28.18 738 25.96 668 23.73 598 21.49 528
32.56 877 30.36 807 28.15 737 25.93 667 23.70 597 21.46 527
32.52 876 30.33 806 28.12 736 25.90 666 23.67 596 21.43 526
32.49 875 30.29 805 28.09 735 25.87 665 23.64 595 21.39 525
32.46 874 30.26 804 28.05 734 25.83 664 23.60 594 21.36 524
32.43 873 30.23 803 28.02 733 25.80 663 23.57 593 21.33 523
32.40 872 30.20 802 27.99 732 25.77 662 23.54 592 21.29 522
32.37 871 30.17 801 27.96 731 25.74 661 23.51 591 21.26 521
32.34 870 30.14 800 27.93 730 25.71 660 23.48 590 21.23 520
32.30 869 30.11 799 27.90 729 25.68 659 23.45 589 21.20 519
32.27 868 30.07 798 27.86 728 25.65 658 23.41 588 21.17 518
32.24 867 30.04 797 27.83 727 25.61 657 23.38 587 21.14 517
32.21 866 30.01 796 27.80 726 25.58 656 23.35 586 21.11 516
32.18 865 29.98 795 27.77 725 25.55 655 23.32 585 21.07 515
32.15 864 29.95 794 27.73 724 25.51 654 23.28 584 21.04 514
32.12 863 29.92 793 27.70 723 25.48 653 23.25 583 21.01 513
32.08 862 29.89 792 27.67 722 25.45 652 23.22 582 20.97 512
32.05 861 29.85 791 27.64 721 25.42 651 23.19 581 20.94 511
20.91 510 18.65 440 16.37 370 14.07 300 11.75 230 9.39 160
20.88 509 18.62 439 16.34 369 14.04 299 11.72 229 9.36 159
20.85 508 18.59 438 16.31 368 14.01 298 11.69 228 9.32 158
20.81 507 18.56 437 16.28 367 13.97 297 11.65 227 9.29 157
20.78 506 18.52 436 16.24 366 13.94 296 11.62 226 9.26 156
20.75 505 18.49 435 16.21 365 13.91 295 11.59 225 9.23 155
20.72 504 18.46 434 16.18 364 13.88 294 11.55 224 9.19 154
20.69 503 18.42 433 16.15 363 13.84 293 11.52 223 9.16 153
20.65 502 18.39 432 16.11 362 13.81 292 11.48 222 9.12 152
20.62 501 18.36 431 16.08 361 13.78 291 11.45 221 9.09 151
20.59 500 18.32 430 16.05 360 13.74 290 11.42 220 9.05 150
20.55 499 18.29 429 16.02 359 13.71 289 11.38 219 9.02 149
20.52 498 18.26 428 15.98 358 13.68 288 11.35 218 8.98 148
20.49 497 18.23 427 15.95 357 13.64 287 11.32 217 8.95 147
20.46 496 18.20 426 15.92 356 13.61 286 11.28 216 8.92 146
20.43 495 18.16 425 15.88 355 13.58 285 11.25 215 8.88 145
20.40 494 18.13 424 15.85 354 13.55 284 11.21 214 8.85 144
20.37 493 18.10 423 15.82 353 13.51 283 11.18 213 8.82 143
20.33 492 18.07 422 15.78 352 13.48 282 11.15 212 8.78 142
20.30 491 18.04 421 15.75 351 13.45 281 11.11 211 8.75 141
20.27 490 18.00 420 15.72 350 13.41 280 11.08 210 8.71 140
20.23 489 17.97 419 15.69 349 13.38 279 11.05 209 8.68 139
20.20 488 17.94 418 15.65 348 13.35 278 11.01 208 8.64 138
20.17 487 17.90 417 15.62 347 13.31 277 10.98 207 8.61 137
20.14 486 17.87 416 15.59 346 13.28 276 10.95 206 8.57 136
20.10 485 17.84 415 15.55 345 13.25 275 10.91 205 8.54 135
20.07 484 17.81 414 15.52 344 13.21 274 10.88 204 8.51 134
20.04 483 17.77 413 15.49 343 13.18 273 10.85 203 8.47 133
20.01 482 17.74 412 15.46 342 13.15 272 10.82 202 8.44 132
19.98 481 17.71 411 15.42 341 13.11 271 10.78 201 8.40 131
19.95 480 17.68 410 15.39 340 13.08 270 10.75 200 8.37 130
19.91 479 17.64 409 15.36 339 13.05 269 10.71 199 8.33 129
19.88 478 17.61 408 15.33 338 13.02 268 10.68 198 8.30 128
19.85 477 17.58 407 15.29 337 12.98 267 10.65 197 8.26 127
19.82 476 17.55 406 15.26 336 12.95 266 10.61 196 8.23 126
19.78 475 17.52 405 15.23 335 12.92 265 10.58 195 8.20 125
19.75 474 17.48 404 15.20 334 12.88 264 10.54 194 8.16 124
19.72 473 17.45 403 15.16 333 12.85 263 10.51 193 8.13 123
19.68 472 17.42 402 15.13 332 12.82 262 10.47 192 8.09 122
19.65 471 17.39 401 15.10 331 12.78 261 10.44 191 8.06 121
19.62 470 17.35 400 15.07 330 12.75 260 10.41 190 8.02 120
19.59 469 17.32 399 15.03 329 12.72 259 10.37 189 7.99 119
19.56 468 17.29 398 15.00 328 12.68 258 10.34 188 7.96 118
19.53 467 17.25 397 14.97 327 12.65 257 10.31 187 7.92 117
19.49 466 17.22 396 14.93 326 12.62 256 10.27 186 7.89 116
19.46 465 17.19 395 14.90 325 12.58 255 10.24 185 7.85 115
19.43 464 17.15 394 14.87 324 12.55 254 10.21 184 7.82 114
19.40 463 17.12 393 14.83 323 12.52 253 10.18 183 7.78 113
19.36 462 17.09 392 14.80 322 12.48 252 10.14 182 7.75 112
19.33 461 17.06 391 14.77 321 12.45 251 10.11 181 7.71 111
19.30 460 17.03 390 14.74 320 12.42 250 10.07 180 7.68 110
19.26 459 16.99 389 14.70 319 12.38 249 10.04 179 7.65 109
19.23 458 16.96 388 14.67 318 12.35 248 10.00 178 7.61 108
19.20 457 16.93 387 14.64 317 12.32 247 9.97 177 7.58 107
19.17 456 16.90 386 14.60 316 12.28 246 9.93 176 7.54 106
19.14 455 16.86 385 14.57 315 12.25 245 9.90 175 7.50 105
19.11 454 16.83 384 14.54 314 12.22 244 9.87 174 7.47 104
19.07 453 16.80 383 14.50 313 12.18 243 9.83 173 7.44 103
19.04 452 16.77 382 14.47 312 12.15 242 9.80 172 7.40 102
19.01 451 16.73 381 14.44 311 12.12 241 9.77 171 7.37 101
18.98 450 16.70 380 14.40 310 12.09 240 9.73 170 7.33 100
18.94 449 16.67 379 14.37 309 12.05 239 9.70 169 7.30 99
18.91 448 16.63 378 14.34 308 12.02 238 9.67 168 7.26 98
18.88 447 16.60 377 14.30 307 11.99 237 9.63 167 7.23 97
18.84 446 16.57 376 14.27 306 11.95 236 9.60 166 7.19 96
18.81 445 16.54 375 14.24 305 11.92 235 9.56 165 7.16 95
18.78 444 16.50 374 14.21 304 11.89 234 9.53 164 7.12 94
18.75 443 16.47 373 14.17 303 11.85 233 9.49 163 7.09 93
18.72 442 16.44 372 14.14 302 11.82 232 9.46 162 7.05 92
18.68 441 16.40 371 14.11 301 11.79 231 9.43 161 7.02 91
6.98 90 6.45 75 5.92 60 5.39 45 4.84 30 4.28 15
6.95 89 6.42 74 5.89 59 5.35 44 4.81 29 4.24 14
6.91 88 6.39 73 5.86 58 5.32 43 4.76 28 4.20 13
6.88 87 6.35 72 5.82 57 5.28 42 4.73 27 4.17 12
6.84 86 6.32 71 5.78 56 5.24 41 4.69 26 4.13 11
6.81 85 6.28 70 5.75 55 5.21 40 4.65 25 4.09 10
6.77 84 6.24 69 5.71 54 5.17 39 4.62 24 4.05 9
6.74 83 6.21 68 5.68 53 5.13 38 4.58 23 4.01 8
6.70 82 6.18 67 5.64 52 5.10 37 4.54 22 3.97 7
6.67 81 6.14 66 5.60 51 5.06 36 4.51 21 3.93 6
6.63 80 6.10 65 5.57 50 5.02 35 4.47 20 3.89 5
6.60 79 6.07 64 5.53 49 4.99 34 4.43 19 3.85 4
6.56 78 6.03 63 5.49 48 4.95 33 4.39 18 3.81 3
6.53 77 6.00 62 5.46 47 4.92 32 4.36 17 3.77 2
6.49 76 5.96 61 5.43 46 4.88 31 4.32 16 3.73 1
