39.50 1350 37.70 1280 35.89 1210 34.08 1140 32.26 1070 30.44 1000
39.47 1349 37.67 1279 35.86 1209 34.06 1139 32.24 1069 30.42 999
39.44 1348 37.65 1278 35.84 1208 34.03 1138 32.21 1068 30.39 998
39.42 1347 37.62 1277 35.82 1207 34.00 1137 32.19 1067 30.36 997
39.40 1346 37.59 1276 35.79 1206 33.98 1136 32.16 1066 30.34 996
39.37 1345 37.57 1275 35.76 1205 33.95 1135 32.14 1065 30.32 995
39.34 1344 37.54 1274 35.74 1204 33.92 1134 32.11 1064 30.29 994
39.32 1343 37.52 1273 35.71 1203 33.90 1133 32.08 1063 30.26 993
39.29 1342 37.49 1272 35.68 1202 33.88 1132 32.06 1062 30.24 992
39.27 1341 37.47 1271 35.66 1201 33.85 1131 32.03 1061 30.21 991
39.24 1340 37.44 1270 35.64 1200 33.82 1130 32.01 1060 30.18 990
39.22 1339 37.41 1269 35.61 1199 33.80 1129 31.98 1059 30.16 989
39.19 1338 37.39 1268 35.58 1198 33.77 1128 31.95 1058 30.13 988
39.16 1337 37.36 1267 35.56 1197 33.74 1127 31.93 1057 30.11 987
39.14 1336 37.34 1266 35.53 1196 33.72 1126 31.90 1056 30.08 986
39.11 1335 37.31 1265 35.50 1195 33.69 1125 31.87 1055 30.05 985
39.09 1334 37.29 1264 35.48 1194 33.66 1124 31.85 1054 30.03 984
39.06 1333 37.26 1263 35.45 1193 33.64 1123 31.83 1053 30.00 983
39.04 1332 37.23 1262 35.42 1192 33.62 1122 31.80 1052 29.97 982
39.01 1331 37.21 1261 35.40 1191 33.59 1121 31.77 1051 29.95 981
38.98 1330 37.18 1260 35.38 1190 33.56 1120 31.75 1050 29.92 980
38.96 1329 37.15 1259 35.35 1189 33.54 1119 31.72 1049 29.89 979
38.93 1328 37.13 1258 35.32 1188 33.51 1118 31.69 1048 29.87 978
38.91 1327 37.11 1257 35.30 1187 33.48 1117 31.67 1047 29.85 977
38.88 1326 37.08 1256 35.27 1186 33.46 1116 31.64 1046 29.82 976
38.86 1325 37.05 1255 35.24 1185 33.43 1115 31.61 1045 29.79 975
38.83 1324 37.03 1254 35.22 1184 33.41 1114 31.59 1044 29.77 974
38.80 1323 37.00 1253 35.19 1183 33.38 1113 31.56 1043 29.74 973
38.78 1322 36.97 1252 35.17 1182 33.36 1112 31.54 1042 29.71 972
38.75 1321 36.95 1251 35.14 1181 33.33 1111 31.51 1041 29.69 971
38.73 1320 36.93 1250 35.12 1180 33.30 1110 31.49 1040 29.66 970
38.70 1319 36.90 1249 35.09 1179 33.28 1109 31.46 1039 29.64 969
38.68 1318 36.87 1248 35.06 1178 33.25 1108 31.43 1038 29.61 968
38.65 1317 36.85 1247 35.04 1177 33.23 1107 31.41 1037 29.58 967
38.62 1316 36.82 1246 35.01 1176 33.20 1106 31.38 1036 29.56 966
38.60 1315 36.79 1245 34.99 1175 33.17 1105 31.36 1035 29.53 965
38.57 1314 36.77 1244 34.96 1174 33.15 1104 31.33 1034 29.50 964
38.55 1313 36.74 1243 34.93 1173 33.12 1103 31.30 1033 29.48 963
38.52 1312 36.72 1242 34.91 1172 33.09 1102 31.28 1032 29.45 962
38.50 1311 36.69 1241 34.88 1171 33.07 1101 31.25 1031 29.42 961
38.47 1310 36.67 1240 34.86 1170 33.05 1100 31.22 1030 29.40 960
38.44 1309 36.64 1239 34.83 1169 33.02 1099 31.20 1029 29.38 959
38.42 1308 36.61 1238 34.81 1168 32.99 1098 31.17 1028 29.35 958
38.39 1307 36.59 1237 34.78 1167 32.97 1097 31.15 1027 29.32 957
38.37 1306 36.56 1236 34.75 1166 32.94 1096 31.12 1026 29.30 956
38.34 1305 36.54 1235 34.73 1165 32.91 1095 31.10 1025 29.27 955
38.31 1304 36.51 1234 34.70 1164 32.89 1094 31.07 1024 29.24 954
38.29 1303 36.49 1233 34.68 1163 32.86 1093 31.04 1023 29.22 953
38.26 1302 36.46 1232 34.65 1162 32.84 1092 31.02 1022 29.19 952
38.24 1301 36.43 1231 34.63 1161 32.81 1091 30.99 1021 29.17 951
38.21 1300 36.41 1230 34.60 1160 32.79 1090 30.97 1020 29.14 950
38.19 1299 36.38 1229 34.57 1159 32.76 1089 30.94 1019 29.11 949
38.16 1298 36.36 1228 34.55 1158 32.73 1088 30.91 1018 29.09 948
38.13 1297 36.33 1227 34.52 1157 32.71 1087 30.89 1017 29.06 947
38.11 1296 36.30 1226 34.49 1156 32.68 1086 30.86 1016 29.03 946
38.08 1295 36.28 1225 34.47 1155 32.66 1085 30.83 1015 29.01 945
38.06 1294 36.25 1224 34.44 1154 32.63 1084 30.81 1014 28.98 944
38.03 1293 36.23 1223 34.42 1153 32.60 1083 30.78 1013 28.96 943
38.01 1292 36.20 1222 34.39 1152 32.58 1082 30.75 1012 28.93 942
37.98 1291 36.18 1221 34.37 1151 32.55 1081 30.73 1011 28.90 941
37.95 1290 36.15 1220 34.34 1150 32.52 1080 30.71 1010 28.88 940
37.93 1289 36.12 1219 34.31 1149 32.50 1079 30.68 1009 28.85 939
37.90 1288 36.10 1218 34.29 1148 32.48 1078 30.65 1008 28.83 938
37.88 1287 36.07 1217 34.26 1147 32.45 1077 30.63 1007 28.80 937
37.85 1286 36.05 1216 34.24 1146 32.42 1076 30.60 1006 28.78 936
37.83 1285 36.02 1215 34.21 1145 32.40 1075 30.57 1005 28.75 935
37.80 1284 36.00 1214 34.18 1144 32.37 1074 30.55 1004 28.72 934
37.77 1283 35.97 1213 34.16 1143 32.34 1073 30.52 1003 28.70 933
37.75 1282 35.94 1212 34.13 1142 32.32 1072 30.50 1002 28.67 932
37.72 1281 35.92 1211 34.11 1141 32.29 1071 30.47 1001 28.64 931
28.62 930 26.78 860 24.94 790 23.09 720 21.23 650 19.37 580
28.59 929 26.76 859 24.92 789 23.07 719 21.21 649 19.34 579
28.56 928 26.73 858 24.89 788 23.04 718 21.18 648 19.31 578
28.54 927 26.70 857 24.86 787 23.01 717 21.16 647 19.29 577
28.51 926 26.68 856 24.84 786 22.99 716 21.13 646 19.26 576
28.49 925 26.65 855 24.81 785 22.96 715 21.10 645 19.23 575
28.46 924 26.62 854 24.79 784 22.93 714 21.08 644 19.21 574
28.43 923 26.60 853 24.76 783 22.91 713 21.05 643 19.18 573
28.41 922 26.57 852 24.73 782 22.88 712 21.02 642 19.15 572
28.38 921 26.55 851 24.70 781 22.85 711 21.00 641 19.13 571
28.35 920 26.52 850 24.68 780 22.83 710 20.97 640 19.10 570
28.33 919 26.49 849 24.65 779 22.80 709 20.94 639 19.08 569
28.30 918 26.47 848 24.62 778 22.78 708 20.91 638 19.05 568
28.27 917 26.44 847 24.60 777 22.75 707 20.89 637 19.02 567
28.25 916 26.41 846 24.57 776 22.72 706 20.86 636 18.99 566
28.22 915 26.39 845 24.54 775 22.70 705 20.84 635 18.97 565
28.20 914 26.36 844 24.52 774 22.67 704 20.81 634 18.94 564
28.17 913 26.33 843 24.49 773 22.64 703 20.78 633 18.91 563
28.15 912 26.31 842 24.47 772 22.62 702 20.76 632 18.89 562
28.12 911 26.28 841 24.44 771 22.59 701 20.73 631 18.86 561
28.09 910 26.26 840 24.41 770 22.56 700 20.70 630 18.83 560
28.07 909 26.23 839 24.39 769 22.54 699 20.68 629 18.81 559
28.04 908 26.20 838 24.36 768 22.51 698 20.65 628 18.78 558
28.02 907 26.18 837 24.33 767 22.48 697 20.62 627 18.75 557
27.99 906 26.15 836 24.31 766 22.45 696 20.59 626 18.72 556
27.96 905 26.12 835 24.28 765 22.43 695 20.57 625 18.70 555
27.94 904 26.10 834 24.25 764 22.40 694 20.54 624 18.67 554
27.91 903 26.07 833 24.23 763 22.38 693 20.52 623 18.65 553
27.88 902 26.05 832 24.20 762 22.35 692 20.49 622 18.62 552
27.86 901 26.02 831 24.18 761 22.32 691 20.46 621 18.59 551
27.83 900 25.99 830 24.15 760 22.30 690 20.44 620 18.57 550
27.81 899 25.97 829 24.12 759 22.27 689 20.41 619 18.54 549
27.78 898 25.94 828 24.10 758 22.24 688 20.38 618 18.51 548
27.75 897 25.91 827 24.07 757 22.22 687 20.36 617 18.48 547
27.73 896 25.89 826 24.04 756 22.19 686 20.33 616 18.46 546
27.70 895 25.86 825 24.02 755 22.17 685 20.30 615 18.43 545
27.67 894 25.84 824 23.99 754 22.14 684 20.28 614 18.40 544
27.65 893 25.81 823 23.96 753 22.11 683 20.25 613 18.38 543
27.62 892 25.79 822 23.94 752 22.09 682 20.22 612 18.35 542
27.59 891 25.76 821 23.91 751 22.06 681 20.19 611 18.32 541
27.57 890 25.73 820 23.89 750 22.03 680 20.17 610 18.30 540
27.54 889 25.71 819 23.86 749 22.01 679 20.14 609 18.27 539
27.52 888 25.68 818 23.83 748 21.98 678 20.12 608 18.24 538
27.49 887 25.65 817 23.81 747 21.95 677 20.09 607 18.22 537
27.46 886 25.63 816 23.78 746 21.93 676 20.06 606 18.19 536
27.44 885 25.60 815 23.75 745 21.90 675 20.04 605 18.16 535
27.41 884 25.58 814 23.73 744 21.87 674 20.01 604 18.14 534
27.38 883 25.55 813 23.70 743 21.84 673 19.98 603 18.11 533
27.36 882 25.52 812 23.68 742 21.82 672 19.96 602 18.08 532
27.34 881 25.50 811 23.65 741 21.79 671 19.93 601 18.05 531
27.31 880 25.47 810 23.62 740 21.77 670 19.90 600 18.03 530
27.28 879 25.44 809 23.60 739 21.74 669 19.87 599 18.00 529
27.26 878 25.42 808 23.57 738 21.71 668 19.85 598 17.97 528
27.23 877 25.39 807 23.54 737 21.69 667 19.82 597 17.95 527
27.20 876 25.36 806 23.52 736 21.66 666 19.80 596 17.92 526
27.18 875 25.34 805 23.49 735 21.63 665 19.77 595 17.89 525
27.15 874 25.31 804 23.46 734 21.61 664 19.74 594 17.87 524
27.12 873 25.29 803 23.44 733 21.58 663 19.72 593 17.84 523
27.10 872 25.26 802 23.41 732 21.56 662 19.69 592 17.81 522
27.07 871 25.23 801 23.39 731 21.53 661 19.66 591 17.79 521
27.05 870 25.21 800 23.36 730 21.50 660 19.64 590 17.76 520
27.02 869 25.18 799 23.33 729 21.48 659 19.61 589 17.73 519
26.99 868 25.15 798 23.31 728 21.45 658 19.58 588 17.71 518
26.97 867 25.13 797 23.28 727 21.42 657 19.55 587 17.68 517
26.94 866 25.10 796 23.25 726 21.39 656 19.53 586 17.65 516
26.91 865 25.08 795 23.22 725 21.37 655 19.50 585 17.62 515
26.89 864 25.05 794 23.20 724 21.34 654 19.47 584 17.60 514
26.86 863 25.02 793 23.17 723 21.31 653 19.45 583 17.57 513
26.84 862 25.00 792 23.14 722 21.29 652 19.42 582 17.54 512
26.81 861 24.97 791 23.12 721 21.26 651 19.40 581 17.52 511
17.49 510 15.60 440 13.69 370 11.77 300 9.83 230 7.86 160
17.46 509 15.57 439 13.67 369 11.75 299 9.80 229 7.83 159
17.44 508 15.55 438 13.64 368 11.72 298 9.78 228 7.80 158
17.41 507 15.52 437 13.62 367 11.69 297 9.74 227 7.77 157
17.38 506 15.49 436 13.58 366 11.66 296 9.72 226 7.74 156
17.35 505 15.46 435 13.56 365 11.64 295 9.69 225 7.72 155
17.33 504 15.44 434 13.53 364 11.61 294 9.66 224 7.69 154
17.30 503 15.41 433 13.51 363 11.58 293 9.63 223 7.66 153
17.28 502 15.38 432 13.47 362 11.55 292 9.60 222 7.63 152
17.25 501 15.36 431 13.45 361 11.53 291 9.58 221 7.60 151
17.22 500 15.33 430 13.42 360 11.50 290 9.55 220 7.57 150
17.19 499 15.30 429 13.40 359 11.47 289 9.52 219 7.55 149
17.17 498 15.27 428 13.37 358 11.44 288 9.49 218 7.51 148
17.14 497 15.25 427 13.34 357 11.41 287 9.47 217 7.49 147
17.11 496 15.22 426 13.31 356 11.39 286 9.44 216 7.46 146
17.09 495 15.19 425 13.29 355 11.36 285 9.41 215 7.43 145
17.06 494 15.16 424 13.26 354 11.33 284 9.38 214 7.40 144
17.03 493 15.14 423 13.23 353 11.30 283 9.35 213 7.37 143
17.00 492 15.11 422 13.20 352 11.28 282 9.33 212 7.34 142
16.98 491 15.09 421 13.18 351 11.25 281 9.30 211 7.32 141
16.95 490 15.06 420 13.15 350 11.22 280 9.27 210 7.29 140
16.92 489 15.03 419 13.12 349 11.19 279 9.24 209 7.26 139
16.90 488 15.00 418 13.09 348 11.17 278 9.21 208 7.23 138
16.87 487 14.98 417 13.07 347 11.14 277 9.19 207 7.20 137
16.85 486 14.95 416 13.04 346 11.11 276 9.16 206 7.17 136
16.82 485 14.92 415 13.01 345 11.08 275 9.13 205 7.14 135
16.79 484 14.89 414 12.98 344 11.05 274 9.10 204 7.12 134
16.76 483 14.87 413 12.96 343 11.03 273 9.07 203 7.08 133
16.74 482 14.84 412 12.93 342 11.00 272 9.05 202 7.06 132
16.71 481 14.81 411 12.90 341 10.97 271 9.02 201 7.03 131
16.68 480 14.79 410 12.87 340 10.94 270 8.99 200 7.00 130
16.65 479 14.76 409 12.85 339 10.92 269 8.96 199 6.97 129
16.63 478 14.73 408 12.82 338 10.89 268 8.93 198 6.94 128
16.60 477 14.70 407 12.79 337 10.86 267 8.91 197 6.91 127
16.57 476 14.68 406 12.76 336 10.83 266 8.88 196 6.89 126
16.55 475 14.65 405 12.74 335 10.81 265 8.85 195 6.86 125
16.52 474 14.62 404 12.71 334 10.78 264 8.82 194 6.83 124
16.49 473 14.59 403 12.68 333 10.75 263 8.79 193 6.80 123
16.46 472 14.57 402 12.65 332 10.72 262 8.76 192 6.77 122
16.44 471 14.54 401 12.63 331 10.69 261 8.73 191 6.74 121
16.41 470 14.52 400 12.60 330 10.67 260 8.71 190 6.71 120
16.38 469 14.48 399 12.57 329 10.64 259 8.68 189 6.69 119
16.36 468 14.46 398 12.54 328 10.61 258 8.65 188 6.65 118
16.33 467 14.43 397 12.52 327 10.58 257 8.62 187 6.62 117
16.30 466 14.41 396 12.49 326 10.56 256 8.59 186 6.60 116
16.28 465 14.38 395 12.46 325 10.53 255 8.56 185 6.57 115
16.25 464 14.35 394 12.43 324 10.50 254 8.54 184 6.54 114
16.22 463 14.32 393 12.41 323 10.47 253 8.51 183 6.51 113
16.20 462 14.30 392 12.38 322 10.44 252 8.48 182 6.48 112
16.17 461 14.27 391 12.35 321 10.42 251 8.45 181 6.45 111
16.14 460 14.24 390 12.33 320 10.39 250 8.42 180 6.42 110
16.11 459 14.21 389 12.30 319 10.36 249 8.40 179 6.40 109
16.09 458 14.19 388 12.27 318 10.33 248 8.37 178 6.36 108
16.06 457 14.16 387 12.24 317 10.31 247 8.34 177 6.34 107
16.03 456 14.13 386 12.22 316 10.28 246 8.31 176 6.31 106
16.01 455 14.10 385 12.19 315 10.25 245 8.28 175 6.28 105
15.98 454 14.08 384 12.16 314 10.22 244 8.26 174 6.25 104
15.95 453 14.05 383 12.13 313 10.19 243 8.23 173 6.22 103
15.92 452 14.02 382 12.11 312 10.17 242 8.20 172 6.19 102
15.90 451 14.00 381 12.07 311 10.13 241 8.17 171 6.16 101
15.87 450 13.97 380 12.05 310 10.11 240 8.14 170 6.13 100
15.85 449 13.94 379 12.02 309 10.08 239 8.11 169 6.11 99
15.82 448 13.91 378 12.00 308 10.05 238 8.09 168 6.08 98
15.79 447 13.89 377 11.97 307 10.03 237 8.05 167 6.04 97
15.76 446 13.86 376 11.94 306 10.00 236 8.03 166 6.02 96
15.74 445 13.83 375 11.91 305 9.97 235 8.00 165 5.99 95
15.71 444 13.80 374 11.88 304 9.94 234 7.97 164 5.96 94
15.68 443 13.78 373 11.86 303 9.92 233 7.94 163 5.93 93
15.66 442 13.75 372 11.83 302 9.88 232 7.91 162 5.90 92
15.63 441 13.72 371 11.80 301 9.86 231 7.89 161 5.87 91
5.84 90 5.40 75 4.96 60 4.51 45 4.05 30 3.58 15
5.81 89 5.37 74 4.93 59 4.48 44 4.02 29 3.55 14
5.78 88 5.34 73 4.90 58 4.45 43 3.99 28 3.52 13
5.75 87 5.31 72 4.87 57 4.42 42 3.96 27 3.49 12
5.72 86 5.29 71 4.84 56 4.39 41 3.92 26 3.45 11
5.69 85 5.25 70 4.81 55 4.35 40 3.89 25 3.42 10
5.67 84 5.22 69 4.78 54 4.32 39 3.86 24 3.39 9
5.64 83 5.19 68 4.75 53 4.29 38 3.83 23 3.35 8
5.61 82 5.17 67 4.72 52 4.26 37 3.80 22 3.32 7
5.58 81 5.14 66 4.69 51 4.23 36 3.77 21 3.29 6
5.55 80 5.11 65 4.66 50 4.20 35 3.74 20 3.26 5
5.52 79 5.07 64 4.63 49 4.17 34 3.71 19 3.22 4
5.49 78 5.05 63 4.60 48 4.14 33 3.67 18 3.19 3
5.46 77 5.02 62 4.57 47 4.11 32 3.64 17 3.15 2
5.43 76 4.99 61 4.54 46 4.08 31 3.61 16 3.12 1
