31.57 1350 30.13 1280 28.69 1210 27.24 1140 25.79 1070 24.33 1000
31.55 1349 30.11 1279 28.67 1209 27.22 1139 25.77 1069 24.31 999
31.53 1348 30.09 1278 28.65 1208 27.20 1138 25.75 1068 24.29 998
31.51 1347 30.07 1277 28.63 1207 27.18 1137 25.73 1067 24.27 997
31.49 1346 30.05 1276 28.61 1206 27.16 1136 25.71 1066 24.25 996
31.47 1345 30.03 1275 28.58 1205 27.14 1135 25.69 1065 24.23 995
31.45 1344 30.01 1274 28.56 1204 27.12 1134 25.67 1064 24.21 994
31.43 1343 29.99 1273 28.54 1203 27.10 1133 25.65 1063 24.19 993
31.41 1342 29.97 1272 28.52 1202 27.08 1132 25.62 1062 24.17 992
31.38 1341 29.95 1271 28.50 1201 27.06 1131 25.60 1061 24.15 991
31.36 1340 29.93 1270 28.48 1200 27.03 1130 25.58 1060 24.13 990
31.35 1339 29.90 1269 28.46 1199 27.01 1129 25.56 1059 24.11 989
31.32 1338 29.88 1268 28.44 1198 26.99 1128 25.54 1058 24.08 988
31.30 1337 29.86 1267 28.42 1197 26.97 1127 25.52 1057 24.06 987
31.28 1336 29.84 1266 28.40 1196 26.95 1126 25.50 1056 24.04 986
31.26 1335 29.82 1265 28.38 1195 26.93 1125 25.48 1055 24.02 985
31.24 1334 29.80 1264 28.36 1194 26.91 1124 25.46 1054 24.00 984
31.22 1333 29.78 1263 28.34 1193 26.89 1123 25.44 1053 23.98 983
31.20 1332 29.76 1262 28.31 1192 26.87 1122 25.42 1052 23.96 982
31.18 1331 29.74 1261 28.30 1191 26.85 1121 25.40 1051 23.94 981
31.16 1330 29.72 1260 28.28 1190 26.83 1120 25.38 1050 23.92 980
31.14 1329 29.70 1259 28.26 1189 26.81 1119 25.35 1049 23.89 979
31.12 1328 29.68 1258 28.23 1188 26.79 1118 25.33 1048 23.88 978
31.10 1327 29.66 1257 28.21 1187 26.76 1117 25.31 1047 23.86 977
31.08 1326 29.64 1256 28.19 1186 26.74 1116 25.29 1046 23.84 976
31.06 1325 29.62 1255 28.17 1185 26.72 1115 25.27 1045 23.81 975
31.04 1324 29.60 1254 28.15 1184 26.70 1114 25.25 1044 23.79 974
31.02 1323 29.57 1253 28.13 1183 26.68 1113 25.23 1043 23.77 973
30.99 1322 29.55 1252 28.11 1182 26.66 1112 25.21 1042 23.75 972
30.97 1321 29.53 1251 28.09 1181 26.64 1111 25.19 1041 23.73 971
30.95 1320 29.51 1250 28.07 1180 26.62 1110 25.17 1040 23.71 970
30.93 1319 29.49 1249 28.05 1179 26.60 1109 25.15 1039 23.69 969
30.91 1318 29.47 1248 28.03 1178 26.58 1108 25.13 1038 23.67 968
30.89 1317 29.45 1247 28.01 1177 26.56 1107 25.10 1037 23.65 967
30.87 1316 29.43 1246 27.99 1176 26.54 1106 25.08 1036 23.62 966
30.85 1315 29.41 1245 27.96 1175 26.52 1105 25.06 1035 23.60 965
30.83 1314 29.39 1244 27.94 1174 26.49 1104 25.04 1034 23.58 964
30.81 1313 29.37 1243 27.92 1173 26.47 1103 25.02 1033 23.56 963
30.79 1312 29.35 1242 27.90 1172 26.45 1102 25.00 1032 23.54 962
30.77 1311 29.33 1241 27.88 1171 26.43 1101 24.98 1031 23.52 961
30.75 1310 29.31 1240 27.86 1170 26.41 1100 24.96 1030 23.50 960
30.73 1309 29.29 1239 27.84 1169 26.39 1099 24.94 1029 23.48 959
30.71 1308 29.27 1238 27.82 1168 26.37 1098 24.92 1028 23.46 958
30.69 1307 29.24 1237 27.80 1167 26.35 1097 24.89 1027 23.44 957
30.67 1306 29.22 1236 27.78 1166 26.33 1096 24.88 1026 23.42 956
30.64 1305 29.20 1235 27.76 1165 26.31 1095 24.86 1025 23.40 955
30.62 1304 29.18 1234 27.74 1164 26.29 1094 24.83 1024 23.38 954
30.61 1303 29.16 1233 27.72 1163 26.27 1093 24.81 1023 23.35 953
30.58 1302 29.14 1232 27.70 1162 26.25 1092 24.79 1022 23.33 952
30.56 1301 29.12 1231 27.68 1161 26.22 1091 24.77 1021 23.31 951
30.54 1300 29.10 1230 27.66 1160 26.21 1090 24.75 1020 23.29 950
30.52 1299 29.08 1229 27.63 1159 26.19 1089 24.73 1019 23.27 949
30.50 1298 29.06 1228 27.61 1158 26.16 1088 24.71 1018 23.25 948
30.48 1297 29.04 1227 27.59 1157 26.14 1087 24.69 1017 23.23 947
30.46 1296 29.02 1226 27.57 1156 26.12 1086 24.67 1016 23.21 946
30.44 1295 29.00 1225 27.55 1155 26.10 1085 24.65 1015 23.19 945
30.42 1294 28.98 1224 27.53 1154 26.08 1084 24.62 1014 23.17 944
30.40 1293 28.96 1223 27.51 1153 26.06 1083 24.60 1013 23.14 943
30.38 1292 28.94 1222 27.49 1152 26.04 1082 24.58 1012 23.12 942
30.36 1291 28.91 1221 27.47 1151 26.02 1081 24.56 1011 23.10 941
30.34 1290 28.89 1220 27.45 1150 26.00 1080 24.54 1010 23.08 940
30.32 1289 28.87 1219 27.43 1149 25.97 1079 24.52 1009 23.06 939
30.30 1288 28.85 1218 27.41 1148 25.96 1078 24.50 1008 23.04 938
30.28 1287 28.83 1217 27.39 1147 25.94 1077 24.48 1007 23.02 937
30.25 1286 28.81 1216 27.36 1146 25.92 1076 24.46 1006 23.00 936
30.23 1285 28.79 1215 27.34 1145 25.89 1075 24.44 1005 22.98 935
30.21 1284 28.77 1214 27.32 1144 25.87 1074 24.42 1004 22.96 934
30.19 1283 28.75 1213 27.30 1143 25.85 1073 24.40 1003 22.94 933
30.17 1282 28.73 1212 27.28 1142 25.83 1072 24.38 1002 22.92 932
30.15 1281 28.71 1211 27.26 1141 25.81 1071 24.35 1001 22.89 931
22.87 930 21.41 860 19.94 790 18.46 720 16.97 650 15.48 580
22.85 929 21.39 859 19.92 789 18.44 719 16.95 649 15.46 579
22.83 928 21.37 858 19.90 788 18.42 718 16.93 648 15.44 578
22.81 927 21.34 857 19.87 787 18.39 717 16.91 647 15.42 577
22.79 926 21.32 856 19.85 786 18.37 716 16.89 646 15.39 576
22.77 925 21.30 855 19.83 785 18.35 715 16.87 645 15.37 575
22.75 924 21.28 854 19.81 784 18.33 714 16.85 644 15.35 574
22.73 923 21.26 853 19.79 783 18.31 713 16.83 643 15.33 573
22.71 922 21.24 852 19.77 782 18.29 712 16.80 642 15.31 572
22.68 921 21.22 851 19.74 781 18.27 711 16.78 641 15.29 571
22.66 920 21.20 850 19.72 780 18.25 710 16.76 640 15.27 570
22.64 919 21.18 849 19.70 779 18.23 709 16.74 639 15.25 569
22.62 918 21.15 848 19.68 778 18.20 708 16.72 638 15.23 568
22.60 917 21.13 847 19.66 777 18.18 707 16.70 637 15.20 567
22.58 916 21.11 846 19.64 776 18.16 706 16.68 636 15.18 566
22.56 915 21.09 845 19.62 775 18.14 705 16.65 635 15.16 565
22.54 914 21.07 844 19.60 774 18.12 704 16.63 634 15.14 564
22.52 913 21.05 843 19.58 773 18.10 703 16.61 633 15.12 563
22.50 912 21.03 842 19.56 772 18.08 702 16.59 632 15.10 562
22.48 911 21.01 841 19.53 771 18.06 701 16.57 631 15.08 561
22.46 910 20.99 840 19.51 770 18.04 700 16.55 630 15.05 560
22.44 909 20.97 839 19.49 769 18.02 699 16.53 629 15.03 559
22.41 908 20.94 838 19.47 768 17.99 698 16.51 628 15.01 558
22.39 907 20.92 837 19.45 767 17.97 697 16.49 627 14.99 557
22.37 906 20.90 836 19.43 766 17.95 696 16.46 626 14.97 556
22.35 905 20.88 835 19.41 765 17.93 695 16.44 625 14.95 555
22.33 904 20.86 834 19.39 764 17.91 694 16.42 624 14.92 554
22.31 903 20.84 833 19.37 763 17.89 693 16.40 623 14.90 553
22.29 902 20.82 832 19.34 762 17.86 692 16.38 622 14.88 552
22.27 901 20.80 831 19.32 761 17.84 691 16.36 621 14.86 551
22.25 900 20.78 830 19.30 760 17.82 690 16.33 620 14.84 550
22.22 899 20.76 829 19.28 759 17.80 689 16.31 619 14.82 549
22.20 898 20.73 828 19.26 758 17.78 688 16.29 618 14.79 548
22.18 897 20.71 827 19.24 757 17.76 687 16.27 617 14.77 547
22.16 896 20.69 826 19.22 756 17.74 686 16.25 616 14.75 546
22.14 895 20.67 825 19.20 755 17.72 685 16.23 615 14.73 545
22.12 894 20.65 824 19.18 754 17.70 684 16.21 614 14.71 544
22.10 893 20.63 823 19.16 753 17.67 683 16.19 613 14.69 543
22.08 892 20.61 822 19.13 752 17.65 682 16.16 612 14.67 542
22.06 891 20.59 821 19.11 751 17.63 681 16.14 611 14.65 541
22.04 890 20.57 820 19.09 750 17.61 680 16.12 610 14.63 540
22.01 889 20.55 819 19.07 749 17.59 679 16.10 609 14.60 539
21.99 888 20.53 818 19.05 748 17.57 678 16.08 608 14.58 538
21.97 887 20.51 817 19.03 747 17.55 677 16.06 607 14.56 537
21.95 886 20.48 816 19.01 746 17.53 676 16.04 606 14.54 536
21.93 885 20.46 815 18.99 745 17.50 675 16.02 605 14.52 535
21.91 884 20.44 814 18.97 744 17.48 674 15.99 604 14.50 534
21.89 883 20.42 813 18.94 743 17.46 673 15.97 603 14.48 533
21.87 882 20.40 812 18.92 742 17.44 672 15.95 602 14.45 532
21.85 881 20.38 811 18.90 741 17.42 671 15.93 601 14.43 531
21.83 880 20.36 810 18.88 740 17.40 670 15.91 600 14.41 530
21.81 879 20.34 809 18.86 739 17.38 669 15.89 599 14.39 529
21.79 878 20.32 808 18.84 738 17.36 668 15.86 598 14.37 528
21.77 877 20.30 807 18.82 737 17.33 667 15.84 597 14.35 527
21.74 876 20.27 806 18.80 736 17.31 666 15.82 596 14.32 526
21.72 875 20.25 805 18.78 735 17.29 665 15.80 595 14.30 525
21.70 874 20.23 804 18.76 734 17.27 664 15.78 594 14.28 524
21.68 873 20.21 803 18.73 733 17.25 663 15.76 593 14.26 523
21.66 872 20.19 802 18.71 732 17.23 662 15.74 592 14.24 522
21.64 871 20.17 801 18.69 731 17.21 661 15.72 591 14.22 521
21.62 870 20.15 800 18.67 730 17.19 660 15.70 590 14.19 520
21.60 869 20.13 799 18.65 729 17.17 659 15.68 589 14.17 519
21.58 868 20.11 798 18.63 728 17.15 658 15.65 588 14.15 518
21.55 867 20.08 797 18.60 727 17.12 657 15.63 587 14.13 517
21.53 866 20.06 796 18.58 726 17.10 656 15.61 586 14.11 516
21.51 865 20.04 795 18.56 725 17.08 655 15.59 585 14.09 515
21.49 864 20.02 794 18.54 724 17.06 654 15.57 584 14.07 514
21.47 863 20.00 793 18.52 723 17.04 653 15.55 583 14.04 513
21.45 862 19.98 792 18.50 722 17.02 652 15.52 582 14.02 512
21.43 861 19.96 791 18.48 721 16.99 651 15.50 581 14.00 511
13.98 510 12.47 440 10.95 370 9.41 300 7.86 230 6.28 160
13.96 509 12.45 439 10.93 369 9.39 299 7.83 229 6.26 159
13.94 508 12.43 438 10.90 368 9.37 298 7.81 228 6.24 158
13.91 507 12.41 437 10.88 367 9.34 297 7.79 227 6.21 157
13.89 506 12.38 436 10.86 366 9.32 296 7.77 226 6.19 156
13.87 505 12.36 435 10.84 365 9.30 295 7.75 225 6.17 155
13.85 504 12.34 434 10.82 364 9.28 294 7.72 224 6.14 154
13.83 503 12.32 433 10.80 363 9.26 293 7.70 223 6.12 153
13.81 502 12.30 432 10.77 362 9.23 292 7.68 222 6.10 152
13.79 501 12.28 431 10.75 361 9.21 291 7.66 221 6.08 151
13.76 500 12.25 430 10.73 360 9.19 290 7.63 220 6.05 150
13.74 499 12.23 429 10.71 359 9.17 289 7.61 219 6.03 149
13.72 498 12.21 428 10.68 358 9.15 288 7.59 218 6.01 148
13.70 497 12.19 427 10.66 357 9.12 287 7.57 217 5.99 147
13.68 496 12.17 426 10.64 356 9.10 286 7.54 216 5.96 146
13.66 495 12.14 425 10.62 355 9.08 285 7.52 215 5.94 145
13.64 494 12.12 424 10.60 354 9.06 284 7.50 214 5.92 144
13.62 493 12.10 423 10.57 353 9.03 283 7.48 213 5.89 143
13.59 492 12.08 422 10.55 352 9.01 282 7.46 212 5.87 142
13.57 491 12.06 421 10.53 351 8.99 281 7.43 211 5.85 141
13.55 490 12.04 420 10.51 350 8.97 280 7.41 210 5.82 140
13.53 489 12.01 419 10.49 349 8.95 279 7.39 209 5.80 139
13.51 488 11.99 418 10.47 348 8.93 278 7.36 208 5.78 138
13.49 487 11.97 417 10.44 347 8.90 277 7.34 207 5.75 137
13.47 486 11.95 416 10.42 346 8.88 276 7.32 206 5.73 136
13.44 485 11.93 415 10.40 345 8.86 275 7.30 205 5.71 135
13.42 484 11.90 414 10.38 344 8.83 274 7.27 204 5.69 134
13.40 483 11.88 413 10.36 343 8.81 273 7.25 203 5.66 133
13.38 482 11.86 412 10.34 342 8.79 272 7.23 202 5.64 132
13.36 481 11.84 411 10.31 341 8.77 271 7.21 201 5.62 131
13.34 480 11.82 410 10.29 340 8.75 270 7.19 200 5.60 130
13.31 479 11.80 409 10.27 339 8.73 269 7.16 199 5.57 129
13.29 478 11.77 408 10.25 338 8.70 268 7.14 198 5.55 128
13.27 477 11.75 407 10.22 337 8.68 267 7.12 197 5.53 127
13.25 476 11.73 406 10.20 336 8.66 266 7.09 196 5.51 126
13.23 475 11.71 405 10.18 335 8.64 265 7.07 195 5.48 125
13.21 474 11.69 404 10.16 334 8.61 264 7.05 194 5.46 124
13.18 473 11.67 403 10.14 333 8.59 263 7.03 193 5.44 123
13.16 472 11.64 402 10.12 332 8.57 262 7.00 192 5.41 122
13.14 471 11.62 401 10.09 331 8.55 261 6.98 191 5.39 121
13.12 470 11.60 400 10.07 330 8.53 260 6.96 190 5.37 120
13.10 469 11.58 399 10.05 329 8.50 259 6.94 189 5.34 119
13.08 468 11.56 398 10.03 328 8.48 258 6.92 188 5.32 118
13.05 467 11.54 397 10.01 327 8.46 257 6.89 187 5.30 117
13.03 466 11.51 396 9.98 326 8.44 256 6.87 186 5.27 116
13.01 465 11.49 395 9.96 325 8.41 255 6.85 185 5.25 115
12.99 464 11.47 394 9.94 324 8.39 254 6.82 184 5.23 114
12.97 463 11.45 393 9.92 323 8.37 253 6.80 183 5.20 113
12.95 462 11.43 392 9.89 322 8.35 252 6.78 182 5.18 112
12.93 461 11.41 391 9.87 321 8.33 251 6.76 181 5.16 111
12.90 460 11.39 390 9.85 320 8.31 250 6.73 180 5.13 110
12.88 459 11.36 389 9.83 319 8.28 249 6.71 179 5.11 109
12.86 458 11.34 388 9.81 318 8.26 248 6.69 178 5.09 108
12.84 457 11.32 387 9.79 317 8.24 247 6.67 177 5.07 107
12.82 456 11.30 386 9.76 316 8.21 246 6.64 176 5.04 106
12.80 455 11.27 385 9.74 315 8.19 245 6.62 175 5.02 105
12.77 454 11.25 384 9.72 314 8.17 244 6.60 174 5.00 104
12.75 453 11.23 383 9.70 313 8.15 243 6.58 173 4.97 103
12.73 452 11.21 382 9.68 312 8.13 242 6.55 172 4.95 102
12.71 451 11.19 381 9.65 311 8.10 241 6.53 171 4.93 101
12.69 450 11.16 380 9.63 310 8.08 240 6.51 170 4.90 100
12.67 449 11.14 379 9.61 309 8.06 239 6.48 169 4.88 99
12.64 448 11.12 378 9.59 308 8.03 238 6.46 168 4.86 98
12.62 447 11.10 377 9.56 307 8.01 237 6.44 167 4.83 97
12.60 446 11.08 376 9.54 306 7.99 236 6.42 166 4.81 96
12.58 445 11.06 375 9.52 305 7.97 235 6.39 165 4.79 95
12.56 444 11.03 374 9.50 304 7.95 234 6.37 164 4.76 94
12.54 443 11.01 373 9.48 303 7.93 233 6.35 163 4.74 93
12.51 442 10.99 372 9.46 302 7.90 232 6.33 162 4.72 92
12.49 441 10.97 371 9.43 301 7.88 231 6.31 161 4.69 91
4.67 90 4.32 75 3.96 60 3.60 45 3.24 30 2.86 15
4.65 89 4.30 74 3.94 59 3.58 44 3.21 29 2.84 14
4.62 88 4.27 73 3.92 58 3.56 43 3.19 28 2.81 13
4.60 87 4.25 72 3.89 57 3.53 42 3.16 27 2.79 12
4.58 86 4.23 71 3.87 56 3.51 41 3.14 26 2.76 11
4.55 85 4.20 70 3.84 55 3.48 40 3.11 25 2.73 10
4.53 84 4.18 69 3.82 54 3.46 39 3.09 24 2.71 9
4.51 83 4.15 68 3.80 53 3.43 38 3.06 23 2.68 8
4.48 82 4.13 67 3.77 52 3.41 37 3.04 22 2.66 7
4.46 81 4.11 66 3.75 51 3.38 36 3.01 21 2.63 6
4.44 80 4.08 65 3.72 50 3.36 35 2.99 20 2.60 5
4.41 79 4.06 64 3.70 49 3.34 34 2.97 19 2.58 4
4.39 78 4.04 63 3.67 48 3.31 33 2.94 18 2.55 3
4.37 77 4.01 62 3.65 47 3.29 32 2.91 17 2.52 2
4.34 76 3.99 61 3.63 46 3.26 31 2.89 16 2.49 1
