94.11 1400
94.05 1399
93.98 1398
93.92 1397
93.85 1396
93.79 1395
93.72 1394
93.66 1393
93.59 1392
93.53 1391
93.46 1390
93.40 1389
93.33 1388
93.27 1387
93.20 1386
93.14 1385
93.07 1384
93.01 1383
92.94 1382
92.88 1381
92.81 1380
92.75 1379
92.68 1378
92.62 1377
92.55 1376
92.49 1375
92.42 1374
92.36 1373
92.29 1372
92.22 1371
92.16 1370
92.09 1369
92.03 1368
91.96 1367
91.90 1366
91.83 1365
91.77 1364
91.70 1363
91.64 1362
91.57 1361
91.51 1360
91.44 1359
91.38 1358
91.31 1357
91.25 1356
91.18 1355
91.12 1354
91.05 1353
90.99 1352
90.92 1351
90.86 1350
90.79 1349
90.73 1348
90.66 1347
90.60 1346
90.53 1345
90.47 1344
90.40 1343
90.33 1342
90.27 1341
90.20 1340
90.14 1339
90.07 1338
90.01 1337
89.94 1336
89.88 1335
89.81 1334
89.75 1333
89.68 1332
89.62 1331
89.55 1330
89.49 1329
89.42 1328
89.36 1327
89.29 1326
89.23 1325
89.16 1324
89.10 1323
89.03 1322
88.96 1321
88.90 1320
88.83 1319
88.77 1318
88.70 1317
88.64 1316
88.57 1315
88.51 1314
88.44 1313
88.38 1312
88.31 1311
88.25 1310
88.18 1309
88.12 1308
88.05 1307
87.99 1306
87.92 1305
87.86 1304
87.79 1303
87.73 1302
87.66 1301
87.59 1300
87.53 1299
87.46 1298
87.40 1297
87.33 1296
87.27 1295
87.20 1294
87.14 1293
87.07 1292
87.01 1291
86.94 1290
86.88 1289
86.81 1288
86.75 1287
86.68 1286
86.62 1285
86.55 1284
86.48 1283
86.42 1282
86.35 1281
86.29 1280
86.22 1279
86.16 1278
86.09 1277
86.03 1276
85.96 1275
85.90 1274
85.83 1273
85.77 1272
85.70 1271
85.64 1270
85.57 1269
85.51 1268
85.44 1267
85.37 1266
85.31 1265
85.24 1264
85.18 1263
85.11 1262
85.05 1261
84.98 1260
84.92 1259
84.85 1258
84.79 1257
84.72 1256
84.66 1255
84.59 1254
84.53 1253
84.46 1252
84.39 1251
84.33 1250
84.26 1249
84.20 1248
84.13 1247
84.07 1246
84.00 1245
83.94 1244
83.87 1243
83.81 1242
83.74 1241
83.68 1240
83.61 1239
83.54 1238
83.48 1237
83.41 1236
83.35 1235
83.28 1234
83.22 1233
83.15 1232
83.09 1231
83.02 1230
82.96 1229
82.89 1228
82.83 1227
82.76 1226
82.69 1225
82.63 1224
82.56 1223
82.50 1222
82.43 1221
82.37 1220
82.30 1219
82.24 1218
82.17 1217
82.11 1216
82.04 1215
81.98 1214
81.91 1213
81.84 1212
81.78 1211
81.71 1210
81.65 1209
81.58 1208
81.52 1207
81.45 1206
81.39 1205
81.32 1204
81.26 1203
81.19 1202
81.13 1201
81.06 1200
80.99 1199
80.93 1198
80.86 1197
80.80 1196
80.73 1195
80.67 1194
80.60 1193
80.54 1192
80.47 1191
80.41 1190
80.34 1189
80.27 1188
80.21 1187
80.14 1186
80.08 1185
80.01 1184
79.95 1183
79.88 1182
79.82 1181
79.75 1180
79.69 1179
79.62 1178
79.55 1177
79.49 1176
79.42 1175
79.36 1174
79.29 1173
79.23 1172
79.16 1171
79.10 1170
79.03 1169
78.97 1168
78.90 1167
78.83 1166
78.77 1165
78.70 1164
78.64 1163
78.57 1162
78.51 1161
78.44 1160
78.38 1159
78.31 1158
78.24 1157
78.18 1156
78.11 1155
78.05 1154
77.98 1153
77.92 1152
77.85 1151
77.79 1150
77.72 1149
77.66 1148
77.59 1147
77.52 1146
77.46 1145
77.39 1144
77.33 1143
77.26 1142
77.20 1141
77.13 1140
77.07 1139
77.00 1138
76.93 1137
76.87 1136
76.80 1135
76.74 1134
76.67 1133
76.61 1132
76.54 1131
76.48 1130
76.41 1129
76.34 1128
76.28 1127
76.21 1126
76.15 1125
76.08 1124
76.02 1123
75.95 1122
75.89 1121
75.82 1120
75.76 1119
75.69 1118
75.62 1117
75.56 1116
75.49 1115
75.43 1114
75.36 1113
75.30 1112
75.23 1111
75.17 1110
75.10 1109
75.03 1108
74.97 1107
74.90 1106
74.84 1105
74.77 1104
74.71 1103
74.64 1102
74.57 1101
74.51 1100
74.44 1099
74.38 1098
74.31 1097
74.25 1096
74.18 1095
74.12 1094
74.05 1093
73.98 1092
73.92 1091
73.85 1090
73.79 1089
73.72 1088
73.66 1087
73.59 1086
73.53 1085
73.46 1084
73.39 1083
73.33 1082
73.26 1081
73.20 1080
73.13 1079
73.07 1078
73.00 1077
72.93 1076
72.87 1075
72.80 1074
72.74 1073
72.67 1072
72.61 1071
72.54 1070
72.48 1069
72.41 1068
72.34 1067
72.28 1066
72.21 1065
72.15 1064
72.08 1063
72.02 1062
71.95 1061
71.88 1060
71.82 1059
71.75 1058
71.69 1057
71.62 1056
71.56 1055
71.49 1054
71.43 1053
71.36 1052
71.29 1051
71.23 1050
71.16 1049
71.10 1048
71.03 1047
70.97 1046
70.90 1045
70.83 1044
70.77 1043
70.70 1042
70.64 1041
70.57 1040
70.51 1039
70.44 1038
70.37 1037
70.31 1036
70.24 1035
70.18 1034
70.11 1033
70.05 1032
69.98 1031
69.91 1030
69.85 1029
69.78 1028
69.72 1027
69.65 1026
69.59 1025
69.52 1024
69.45 1023
69.39 1022
69.32 1021
69.26 1020
69.19 1019
69.13 1018
69.06 1017
69.00 1016
68.93 1015
68.86 1014
68.80 1013
68.73 1012
68.67 1011
68.60 1010
68.54 1009
68.47 1008
68.40 1007
68.34 1006
68.27 1005
68.21 1004
68.14 1003
68.07 1002
68.01 1001
67.94 1000
67.88 999
67.81 998
67.75 997
67.68 996
67.61 995
67.55 994
67.48 993
67.42 992
67.35 991
67.29 990
67.22 989
67.15 988
67.09 987
67.02 986
66.96 985
66.89 984
66.83 983
66.76 982
66.69 981
66.63 980
66.56 979
66.50 978
66.43 977
66.37 976
66.30 975
66.23 974
66.17 973
66.10 972
66.04 971
65.97 970
65.90 969
65.84 968
65.77 967
65.71 966
65.64 965
65.58 964
65.51 963
65.44 962
65.38 961
65.31 960
65.25 959
65.18 958
65.12 957
65.05 956
64.98 955
64.92 954
64.85 953
64.79 952
64.72 951
64.65 950
64.59 949
64.52 948
64.46 947
64.39 946
64.33 945
64.26 944
64.19 943
64.13 942
64.06 941
64.00 940
63.93 939
63.86 938
63.80 937
63.73 936
63.67 935
63.60 934
63.54 933
63.47 932
63.40 931
63.34 930
63.27 929
63.21 928
63.14 927
63.07 926
63.01 925
62.94 924
62.88 923
62.81 922
62.75 921
62.68 920
62.61 919
62.55 918
62.48 917
62.42 916
62.35 915
62.28 914
62.22 913
62.15 912
62.09 911
62.02 910
61.95 909
61.89 908
61.82 907
61.76 906
61.69 905
61.63 904
61.56 903
61.49 902
61.43 901
61.36 900
61.30 899
61.23 898
61.16 897
61.10 896
61.03 895
60.97 894
60.90 893
60.83 892
60.77 891
60.70 890
60.64 889
60.57 888
60.51 887
60.44 886
60.37 885
60.31 884
60.24 883
60.18 882
60.11 881
60.04 880
59.98 879
59.91 878
59.85 877
59.78 876
59.71 875
59.65 874
59.58 873
59.52 872
59.45 871
59.38 870
59.32 869
59.25 868
59.19 867
59.12 866
59.05 865
58.99 864
58.92 863
58.86 862
58.79 861
58.72 860
58.66 859
58.59 858
58.53 857
58.46 856
58.40 855
58.33 854
58.26 853
58.20 852
58.13 851
58.07 850
58.00 849
57.93 848
57.87 847
57.80 846
57.74 845
57.67 844
57.60 843
57.54 842
57.47 841
57.41 840
57.34 839
57.27 838
57.21 837
57.14 836
57.08 835
57.01 834
56.94 833
56.88 832
56.81 831
56.75 830
56.68 829
56.61 828
56.55 827
56.48 826
56.42 825
56.35 824
56.28 823
56.22 822
56.15 821
56.09 820
56.02 819
55.95 818
55.89 817
55.82 816
55.76 815
55.69 814
55.62 813
55.56 812
55.49 811
55.43 810
55.36 809
55.29 808
55.23 807
55.16 806
55.09 805
55.03 804
54.96 803
54.90 802
54.83 801
54.76 800
54.70 799
54.63 798
54.57 797
54.50 796
54.43 795
54.37 794
54.30 793
54.24 792
54.17 791
54.10 790
54.04 789
53.97 788
53.91 787
53.84 786
53.77 785
53.71 784
53.64 783
53.58 782
53.51 781
53.44 780
53.38 779
53.31 778
53.25 777
53.18 776
53.11 775
53.05 774
52.98 773
52.91 772
52.85 771
52.78 770
52.72 769
52.65 768
52.58 767
52.52 766
52.45 765
52.39 764
52.32 763
52.25 762
52.19 761
52.12 760
52.06 759
51.99 758
51.92 757
51.86 756
51.79 755
51.72 754
51.66 753
51.59 752
51.53 751
51.46 750
51.39 749
51.33 748
51.26 747
51.20 746
51.13 745
51.06 744
51.00 743
50.93 742
50.86 741
50.80 740
50.73 739
50.67 738
50.60 737
50.53 736
50.47 735
50.40 734
50.34 733
50.27 732
50.20 731
50.14 730
50.07 729
50.00 728
49.94 727
49.87 726
49.81 725
49.74 724
49.67 723
49.61 722
49.54 721
49.48 720
49.41 719
49.34 718
49.28 717
49.21 716
49.14 715
49.08 714
49.01 713
48.95 712
48.88 711
48.81 710
48.75 709
48.68 708
48.61 707
48.55 706
48.48 705
48.42 704
48.35 703
48.28 702
48.22 701
48.15 700
48.09 699
48.02 698
47.95 697
47.89 696
47.82 695
47.75 694
47.69 693
47.62 692
47.56 691
47.49 690
47.42 689
47.36 688
47.29 687
47.22 686
47.16 685
47.09 684
47.03 683
46.96 682
46.89 681
46.83 680
46.76 679
46.69 678
46.63 677
46.56 676
46.50 675
46.43 674
46.36 673
46.30 672
46.23 671
46.16 670
46.10 669
46.03 668
45.97 667
45.90 666
45.83 665
45.77 664
45.70 663
45.63 662
45.57 661
45.50 660
45.44 659
45.37 658
45.30 657
45.24 656
45.17 655
45.10 654
45.04 653
44.97 652
44.91 651
44.84 650
44.77 649
44.71 648
44.64 647
44.57 646
44.51 645
44.44 644
44.37 643
44.31 642
44.24 641
44.18 640
44.11 639
44.04 638
43.98 637
43.91 636
43.84 635
43.78 634
43.71 633
43.65 632
43.58 631
43.51 630
43.45 629
43.38 628
43.31 627
43.25 626
43.18 625
43.11 624
43.05 623
42.98 622
42.92 621
42.85 620
42.78 619
42.72 618
42.65 617
42.58 616
42.52 615
42.45 614
42.39 613
42.32 612
42.25 611
42.19 610
42.12 609
42.05 608
41.99 607
41.92 606
41.85 605
41.79 604
41.72 603
41.66 602
41.59 601
41.52 600
41.46 599
41.39 598
41.32 597
41.26 596
41.19 595
41.12 594
41.06 593
40.99 592
40.92 591
40.86 590
40.79 589
40.73 588
40.66 587
40.59 586
40.53 585
40.46 584
40.39 583
40.33 582
40.26 581
40.19 580
40.13 579
40.06 578
40.00 577
39.93 576
39.86 575
39.80 574
39.73 573
39.66 572
39.60 571
39.53 570
39.46 569
39.40 568
39.33 567
39.26 566
39.20 565
39.13 564
39.07 563
39.00 562
38.93 561
38.87 560
38.80 559
38.73 558
38.67 557
38.60 556
38.53 555
38.47 554
38.40 553
38.33 552
38.27 551
38.20 550
38.14 549
38.07 548
38.00 547
37.94 546
37.87 545
37.80 544
37.74 543
37.67 542
37.60 541
37.54 540
37.47 539
37.40 538
37.34 537
37.27 536
37.20 535
37.14 534
37.07 533
37.01 532
36.94 531
36.87 530
36.81 529
36.74 528
36.67 527
36.61 526
36.54 525
36.47 524
36.41 523
36.34 522
36.27 521
36.21 520
36.14 519
36.07 518
36.01 517
35.94 516
35.87 515
35.81 514
35.74 513
35.68 512
35.61 511
35.54 510
35.48 509
35.41 508
35.34 507
35.28 506
35.21 505
35.14 504
35.08 503
35.01 502
34.94 501
34.88 500
34.81 499
34.74 498
34.68 497
34.61 496
34.54 495
34.48 494
34.41 493
34.34 492
34.28 491
34.21 490
34.15 489
34.08 488
34.01 487
33.95 486
33.88 485
33.81 484
33.75 483
33.68 482
33.61 481
33.55 480
33.48 479
33.41 478
33.35 477
33.28 476
33.21 475
33.15 474
33.08 473
33.01 472
32.95 471
32.88 470
32.81 469
32.75 468
32.68 467
32.61 466
32.55 465
32.48 464
32.41 463
32.35 462
32.28 461
32.21 460
32.15 459
32.08 458
32.01 457
31.95 456
31.88 455
31.81 454
31.75 453
31.68 452
31.62 451
31.55 450
31.48 449
31.42 448
31.35 447
31.28 446
31.22 445
31.15 444
31.08 443
31.02 442
30.95 441
30.88 440
30.82 439
30.75 438
30.68 437
30.62 436
30.55 435
30.48 434
30.42 433
30.35 432
30.28 431
30.22 430
30.15 429
30.08 428
30.02 427
29.95 426
29.88 425
29.82 424
29.75 423
29.68 422
29.62 421
29.55 420
29.48 419
29.42 418
29.35 417
29.28 416
29.22 415
29.15 414
29.08 413
29.02 412
28.95 411
28.88 410
28.82 409
28.75 408
28.68 407
28.62 406
28.55 405
28.48 404
28.42 403
28.35 402
28.28 401
28.22 400
28.15 399
28.08 398
28.02 397
27.95 396
27.88 395
27.82 394
27.75 393
27.68 392
27.62 391
27.55 390
27.48 389
27.42 388
27.35 387
27.28 386
27.22 385
27.15 384
27.08 383
27.01 382
26.95 381
26.88 380
26.81 379
26.75 378
26.68 377
26.61 376
26.55 375
26.48 374
26.41 373
26.35 372
26.28 371
26.21 370
26.15 369
26.08 368
26.01 367
25.95 366
25.88 365
25.81 364
25.75 363
25.68 362
25.61 361
25.55 360
25.48 359
25.41 358
25.35 357
25.28 356
25.21 355
25.15 354
25.08 353
25.01 352
24.95 351
24.88 350
24.81 349
24.75 348
24.68 347
24.61 346
24.54 345
24.48 344
24.41 343
24.34 342
24.28 341
24.21 340
24.14 339
24.08 338
24.01 337
23.94 336
23.88 335
23.81 334
23.74 333
23.68 332
23.61 331
23.54 330
23.48 329
23.41 328
23.34 327
23.28 326
23.21 325
23.14 324
23.08 323
23.01 322
22.94 321
22.87 320
22.81 319
22.74 318
22.67 317
22.61 316
22.54 315
22.47 314
22.41 313
22.34 312
22.27 311
22.21 310
22.14 309
22.07 308
22.01 307
21.94 306
21.87 305
21.81 304
21.74 303
21.67 302
21.60 301
21.54 300
21.47 299
21.40 298
21.34 297
21.27 296
21.20 295
21.14 294
21.07 293
21.00 292
20.94 291
20.87 290
20.80 289
20.74 288
20.67 287
20.60 286
20.53 285
20.47 284
20.40 283
20.33 282
20.27 281
20.20 280
20.13 279
20.07 278
20.00 277
19.93 276
19.87 275
19.80 274
19.73 273
19.67 272
19.60 271
19.53 270
19.46 269
19.40 268
19.33 267
19.26 266
19.20 265
19.13 264
19.06 263
19.00 262
18.93 261
18.86 260
18.80 259
18.73 258
18.66 257
18.59 256
18.53 255
18.46 254
18.39 253
18.33 252
18.26 251
18.19 250
18.13 249
18.06 248
17.99 247
17.92 246
17.86 245
17.79 244
17.72 243
17.66 242
17.59 241
17.52 240
17.46 239
17.39 238
17.32 237
17.26 236
17.19 235
17.12 234
17.05 233
16.99 232
16.92 231
16.85 230
16.79 229
16.72 228
16.65 227
16.59 226
16.52 225
16.45 224
16.38 223
16.32 222
16.25 221
16.18 220
16.12 219
16.05 218
15.98 217
15.92 216
15.85 215
15.78 214
15.71 213
15.65 212
15.58 211
15.51 210
15.45 209
15.38 208
15.31 207
15.25 206
15.18 205
15.11 204
15.04 203
14.98 202
14.91 201
14.84 200
14.78 199
14.71 198
14.64 197
14.58 196
14.51 195
14.44 194
14.37 193
14.31 192
14.24 191
14.17 190
14.11 189
14.04 188
13.97 187
13.91 186
13.84 185
13.77 184
13.70 183
13.64 182
13.57 181
13.50 180
13.44 179
13.37 178
13.30 177
13.23 176
13.17 175
13.10 174
13.03 173
12.97 172
12.90 171
12.83 170
12.76 169
12.70 168
12.63 167
12.56 166
12.50 165
12.43 164
12.36 163
12.30 162
12.23 161
12.16 160
12.09 159
12.03 158
11.96 157
11.89 156
11.83 155
11.76 154
11.69 153
11.62 152
11.56 151
11.49 150
11.42 149
11.36 148
11.29 147
11.22 146
11.15 145
11.09 144
11.02 143
10.95 142
10.89 141
10.82 140
10.75 139
10.68 138
10.62 137
10.55 136
10.48 135
10.42 134
10.35 133
10.28 132
10.21 131
10.15 130
10.08 129
10.01 128
9.95 127
9.88 126
9.81 125
9.74 124
9.68 123
9.61 122
9.54 121
9.48 120
9.41 119
9.34 118
9.27 117
9.21 116
9.14 115
9.07 114
9.01 113
8.94 112
8.87 111
8.80 110
8.74 109
8.67 108
8.60 107
8.54 106
8.47 105
8.40 104
8.33 103
8.27 102
8.20 101
8.13 100
8.07 99
8.00 98
7.93 97
7.86 96
7.80 95
7.73 94
7.66 93
7.60 92
7.53 91
7.46 90
7.39 89
7.33 88
7.26 87
7.19 86
7.12 85
7.06 84
6.99 83
6.92 82
6.86 81
6.79 80
6.72 79
6.65 78
6.59 77
6.52 76
6.45 75
6.39 74
6.32 73
6.25 72
6.18 71
6.12 70
6.05 69
5.98 68
5.91 67
5.85 66
5.78 65
5.71 64
5.65 63
5.58 62
5.51 61
5.44 60
5.38 59
5.31 58
5.24 57
5.17 56
5.11 55
5.04 54
4.97 53
4.91 52
4.84 51
4.77 50
4.70 49
4.64 48
4.57 47
4.50 46
4.43 45
4.37 44
4.30 43
4.23 42
4.17 41
4.10 40
4.03 39
3.96 38
3.90 37
3.83 36
3.76 35
3.69 34
3.63 33
3.56 32
3.49 31
3.43 30
3.36 29
3.29 28
3.22 27
3.16 26
3.09 25
3.02 24
2.95 23
2.89 22
2.82 21
2.75 20
2.68 19
2.62 18
2.55 17
2.48 16
2.42 15
2.35 14
2.28 13
2.21 12
2.15 11
2.08 10
2.01 9
1.94 8
1.88 7
1.81 6
1.74 5
1.67 4
1.61 3
1.54 2
1.47 1
