7.25 1371 7.98 1200 8.71 1039 9.43 889 10.16 750 10.88 621
7.26 1368 7.99 1197 8.72 1037 9.44 887 10.17 748 10.89 620
7.27 1366 8.00 1195 8.73 1035 9.45 885 10.18 746 10.90 618
7.28 1363 8.01 1193 8.74 1032 9.46 883 10.19 744 10.91 616
7.29 1361 8.02 1190 8.75 1030 9.47 881 10.20 742 10.92 614
7.31 1358 8.03 1188 8.76 1028 9.48 879 10.21 740 10.93 613
7.32 1356 8.04 1185 8.77 1026 9.49 877 10.22 738 10.94 611
7.33 1353 8.05 1183 8.78 1024 9.50 875 10.23 737 10.96 609
7.34 1351 8.06 1181 8.79 1021 9.51 873 10.24 735 10.97 607
7.35 1348 8.07 1178 8.80 1019 9.52 871 10.25 733 10.98 606
7.36 1346 8.08 1176 8.81 1017 9.53 869 10.26 731 10.99 604
7.37 1343 8.09 1174 8.82 1015 9.54 867 10.27 729 11.00 602
7.38 1341 8.10 1171 8.83 1013 9.56 865 10.28 727 11.01 601
7.39 1338 8.11 1169 8.84 1010 9.57 862 10.29 725 11.02 599
7.40 1336 8.12 1167 8.85 1008 9.58 860 10.30 723 11.03 597
7.41 1333 8.13 1164 8.86 1006 9.59 858 10.31 721 11.04 595
7.42 1331 8.15 1162 8.87 1004 9.60 856 10.32 720 11.05 594
7.43 1328 8.16 1160 8.88 1002 9.61 854 10.33 718 11.06 592
7.44 1326 8.17 1157 8.89 1000 9.62 852 10.34 716 11.07 590
7.45 1323 8.18 1155 8.90 997 9.63 850 10.35 714 11.08 589
7.46 1321 8.19 1153 8.91 995 9.64 848 10.36 712 11.09 587
7.47 1318 8.20 1150 8.92 993 9.65 846 10.37 710 11.10 585
7.48 1316 8.21 1148 8.93 991 9.66 844 10.38 708 11.11 583
7.49 1313 8.22 1146 8.94 989 9.67 842 10.40 706 11.12 582
7.50 1311 8.23 1143 8.95 987 9.68 840 10.41 705 11.13 580
7.51 1308 8.24 1141 8.96 984 9.69 838 10.42 703 11.14 578
7.52 1306 8.25 1139 8.97 982 9.70 836 10.43 701 11.15 577
7.53 1303 8.26 1136 8.99 980 9.71 834 10.44 699 11.16 575
7.54 1301 8.27 1134 9.00 978 9.72 832 10.45 697 11.17 573
7.55 1299 8.28 1132 9.01 976 9.73 830 10.46 695 11.18 571
7.56 1296 8.29 1130 9.02 974 9.74 828 10.47 693 11.19 570
7.57 1294 8.30 1127 9.03 971 9.75 826 10.48 692 11.20 568
7.59 1291 8.31 1125 9.04 969 9.76 824 10.49 690 11.21 566
7.60 1289 8.32 1123 9.05 967 9.77 822 10.50 688 11.22 565
7.61 1286 8.33 1120 9.06 965 9.78 820 10.51 686 11.24 563
7.62 1284 8.34 1118 9.07 963 9.79 818 10.52 684 11.25 561
7.63 1281 8.35 1116 9.08 961 9.80 816 10.53 682 11.26 560
7.64 1279 8.36 1113 9.09 959 9.81 814 10.54 681 11.27 558
7.65 1277 8.37 1111 9.10 956 9.82 812 10.55 679 11.28 556
7.66 1274 8.38 1109 9.11 954 9.84 810 10.56 677 11.29 555
7.67 1272 8.39 1107 9.12 952 9.85 808 10.57 675 11.30 553
7.68 1269 8.40 1104 9.13 950 9.86 806 10.58 673 11.31 551
7.69 1267 8.41 1102 9.14 948 9.87 804 10.59 672 11.32 550
7.70 1264 8.43 1100 9.15 946 9.88 802 10.60 670 11.33 548
7.71 1262 8.44 1098 9.16 944 9.89 800 10.61 668 11.34 546
7.72 1260 8.45 1095 9.17 941 9.90 798 10.62 666 11.35 545
7.73 1257 8.46 1093 9.18 939 9.91 796 10.63 664 11.36 543
7.74 1255 8.47 1091 9.19 937 9.92 794 10.64 662 11.37 541
7.75 1252 8.48 1088 9.20 935 9.93 792 10.65 661 11.38 540
7.76 1250 8.49 1086 9.21 933 9.94 791 10.66 659 11.39 538
7.77 1247 8.50 1084 9.22 931 9.95 789 10.68 657 11.40 537
7.78 1245 8.51 1082 9.23 929 9.96 787 10.69 655 11.41 535
7.79 1243 8.52 1079 9.24 927 9.97 785 10.70 653 11.42 533
7.80 1240 8.53 1077 9.25 925 9.98 783 10.71 652 11.43 532
7.81 1238 8.54 1075 9.27 922 9.99 781 10.72 650 11.44 530
7.82 1235 8.55 1073 9.28 920 10.00 779 10.73 648 11.45 528
7.83 1233 8.56 1070 9.29 918 10.01 777 10.74 646 11.46 527
7.84 1231 8.57 1068 9.30 916 10.02 775 10.75 644 11.47 525
7.85 1228 8.58 1066 9.31 914 10.03 773 10.76 643 11.48 523
7.87 1226 8.59 1064 9.32 912 10.04 771 10.77 641 11.49 522
7.88 1223 8.60 1061 9.33 910 10.05 769 10.78 639 11.50 520
7.89 1221 8.61 1059 9.34 908 10.06 767 10.79 637 11.52 519
7.90 1219 8.62 1057 9.35 906 10.07 765 10.80 636 11.53 517
7.91 1216 8.63 1055 9.36 904 10.08 763 10.81 634 11.54 515
7.92 1214 8.64 1052 9.37 902 10.09 761 10.82 632 11.55 514
7.93 1212 8.65 1050 9.38 900 10.10 759 10.83 630 11.56 512
7.94 1209 8.66 1048 9.39 897 10.12 758 10.84 629 11.57 511
7.95 1207 8.67 1046 9.40 895 10.13 756 10.85 627 11.58 509
7.96 1204 8.68 1044 9.41 893 10.14 754 10.86 625 11.59 507
7.97 1202 8.69 1041 9.42 891 10.15 752 10.87 623 11.60 506
11.61 504 12.33 398 13.06 303 13.79 221 14.52 149 15.42 79
11.62 503 12.34 397 13.07 302 13.80 220 14.53 148 15.45 78
11.63 501 12.36 395 13.08 301 13.81 218 14.54 147 15.46 77
11.64 499 12.37 394 13.09 300 13.82 217 14.55 146 15.48 76
11.65 498 12.38 392 13.10 298 13.83 216 14.57 145 15.49 75
11.66 496 12.39 391 13.11 297 13.84 215 14.58 144 15.51 74
11.67 495 12.40 389 13.12 296 13.85 214 14.59 143 15.52 73
11.68 493 12.41 388 13.13 295 13.86 213 14.61 142 15.54 72
11.69 491 12.42 387 13.14 293 13.87 212 14.62 141 15.55 71
11.70 490 12.43 385 13.15 292 13.88 211 14.63 140 15.57 70
11.71 488 12.44 384 13.16 291 13.89 210 14.64 139 15.58 69
11.72 487 12.45 382 13.17 290 13.90 209 14.65 138 15.60 68
11.73 485 12.46 381 13.18 288 13.91 208 14.66 137 15.61 67
11.74 484 12.47 380 13.19 287 13.92 207 14.68 136 15.63 66
11.75 482 12.48 378 13.21 286 13.93 206 14.69 135 15.65 65
11.76 480 12.49 377 13.22 285 13.94 204 14.70 134 15.66 64
11.77 479 12.50 375 13.23 283 13.95 203 14.71 133 15.68 63
11.78 477 12.51 374 13.24 282 13.96 202 14.72 132 15.69 62
11.80 476 12.52 373 13.25 281 13.97 201 14.73 131 15.71 61
11.81 474 12.53 371 13.26 280 13.98 200 14.75 130 15.74 60
11.82 473 12.54 370 13.27 279 13.99 199 14.76 129 15.75 59
11.83 471 12.55 368 13.28 277 14.00 198 14.77 128 15.77 58
11.84 470 12.56 367 13.29 276 14.01 197 14.78 127 15.79 57
11.85 468 12.57 366 13.30 275 14.02 196 14.79 126 15.80 56
11.86 466 12.58 364 13.31 274 14.03 195 14.80 125 15.82 55
11.87 465 12.59 363 13.32 273 14.05 194 14.82 124 15.84 54
11.88 463 12.60 362 13.33 271 14.06 193 14.83 123 15.86 53
11.89 462 12.61 360 13.34 270 14.07 192 14.84 122 15.87 52
11.90 460 12.62 359 13.35 269 14.08 191 14.85 121 15.89 51
11.91 459 12.63 357 13.36 268 14.09 190 14.86 120 15.91 50
11.92 457 12.65 356 13.37 267 14.10 189 14.89 119 15.93 49
11.93 456 12.66 355 13.38 265 14.11 188 14.90 118 15.95 48
11.94 454 12.67 353 13.39 264 14.12 187 14.91 117 15.96 47
11.95 453 12.68 352 13.40 263 14.13 186 14.92 116 15.98 46
11.96 451 12.69 351 13.41 262 14.14 185 14.93 115 16.00 45
11.97 450 12.70 349 13.42 261 14.15 184 14.95 114 16.03 44
11.98 448 12.71 348 13.43 259 14.16 183 14.96 113 16.05 43
11.99 447 12.72 347 13.44 258 14.17 182 14.97 112 16.07 42
12.00 445 12.73 345 13.45 257 14.18 181 14.98 111 16.09 41
12.01 444 12.74 344 13.46 256 14.19 180 15.00 110 16.11 40
12.02 442 12.75 343 13.47 255 14.20 179 15.01 109 16.13 39
12.03 441 12.76 341 13.49 254 14.21 178 15.02 108 16.15 38
12.04 439 12.77 340 13.50 252 14.22 177 15.03 107 16.17 37
12.05 438 12.78 339 13.51 251 14.23 176 15.05 106 16.19 36
12.06 436 12.79 337 13.52 250 14.24 175 15.06 105 16.21 35
12.08 435 12.80 336 13.53 249 14.25 174 15.07 104 16.23 34
12.09 433 12.81 335 13.54 248 14.26 173 15.09 103 16.25 33
12.10 432 12.82 333 13.55 247 14.27 172 15.10 102 16.27 32
12.11 430 12.83 332 13.56 245 14.28 171 15.11 101 16.31 31
12.12 429 12.84 331 13.57 244 14.29 170 15.12 100 16.33 30
12.13 427 12.85 329 13.58 243 14.30 169 15.14 99 16.35 29
12.14 426 12.86 328 13.59 242 14.31 168 15.15 98 16.38 28
12.15 424 12.87 327 13.60 241 14.33 167 15.17 97 16.40 27
12.16 423 12.88 325 13.61 240 14.34 166 15.19 96 16.42 26
12.17 421 12.89 324 13.62 239 14.35 165 15.20 95 16.45 25
12.18 420 12.90 323 13.63 237 14.36 164 15.21 94 16.47 24
12.19 418 12.91 321 13.64 236 14.37 163 15.23 93 16.50 23
12.20 417 12.93 320 13.65 235 14.38 162 15.24 92 16.52 22
12.21 415 12.94 319 13.66 234 14.39 161 15.25 91 16.55 21
12.22 414 12.95 318 13.67 233 14.40 160 15.27 90 16.59 20
12.23 412 12.96 316 13.68 232 14.41 159 15.28 89 16.61 19
12.24 411 12.97 315 13.69 231 14.42 158 15.30 88 16.64 18
12.25 410 12.98 314 13.70 230 14.44 157 15.31 87 16.67 17
12.26 408 12.99 312 13.71 228 14.45 156 15.32 86 16.70 16
12.27 407 13.00 311 13.72 227 14.46 155 15.34 85 16.73 15
12.28 405 13.01 310 13.73 226 14.47 154 15.35 84 16.76 14
12.29 404 13.02 309 13.74 225 14.48 153 15.37 83 16.80 13
12.30 402 13.03 307 13.75 224 14.49 152 15.38 82 16.83 12
12.31 401 13.04 306 13.77 223 14.50 151 15.39 81 16.87 11
12.32 399 13.05 305 13.78 222 14.51 150 15.41 80 16.91 10
16.95 9 17.03 7 17.14 5 17.25 3 17.42 1
16.99 8 17.08 6 17.19 4 17.32 2
