8.11 1371 8.93 1200 9.74 1039 10.55 889 11.36 750 12.17 621
8.13 1368 8.94 1197 9.75 1037 10.56 887 11.37 748 12.19 620
8.14 1366 8.95 1195 9.76 1035 10.57 885 11.39 746 12.20 618
8.15 1363 8.96 1193 9.77 1032 10.59 883 11.40 744 12.21 616
8.16 1361 8.97 1190 9.79 1030 10.60 881 11.41 742 12.22 614
8.17 1358 8.98 1188 9.80 1028 10.61 879 11.42 740 12.23 613
8.18 1356 9.00 1185 9.81 1026 10.62 877 11.43 738 12.24 611
8.20 1353 9.01 1183 9.82 1024 10.63 875 11.44 737 12.26 609
8.21 1351 9.02 1181 9.83 1021 10.64 873 11.46 735 12.27 607
8.22 1348 9.03 1178 9.84 1019 10.66 871 11.47 733 12.28 606
8.23 1346 9.04 1176 9.85 1017 10.67 869 11.48 731 12.29 604
8.24 1343 9.05 1174 9.87 1015 10.68 867 11.49 729 12.30 602
8.25 1341 9.07 1171 9.88 1013 10.69 865 11.50 727 12.31 601
8.27 1338 9.08 1169 9.89 1010 10.70 862 11.51 725 12.33 599
8.28 1336 9.09 1167 9.90 1008 10.71 860 11.52 723 12.34 597
8.29 1333 9.10 1164 9.91 1006 10.72 858 11.54 721 12.35 595
8.30 1331 9.11 1162 9.92 1004 10.74 856 11.55 720 12.36 594
8.31 1328 9.12 1160 9.94 1002 10.75 854 11.56 718 12.37 592
8.32 1326 9.14 1157 9.95 1000 10.76 852 11.57 716 12.38 590
8.34 1323 9.15 1155 9.96 997 10.77 850 11.58 714 12.39 589
8.35 1321 9.16 1153 9.97 995 10.78 848 11.59 712 12.41 587
8.36 1318 9.17 1150 9.98 993 10.79 846 11.61 710 12.42 585
8.37 1316 9.18 1148 9.99 991 10.81 844 11.62 708 12.43 583
8.38 1313 9.19 1146 10.01 989 10.82 842 11.63 706 12.44 582
8.39 1311 9.21 1143 10.02 987 10.83 840 11.64 705 12.45 580
8.40 1308 9.22 1141 10.03 984 10.84 838 11.65 703 12.46 578
8.42 1306 9.23 1139 10.04 982 10.85 836 11.66 701 12.48 577
8.43 1303 9.24 1136 10.05 980 10.86 834 11.68 699 12.49 575
8.44 1301 9.25 1134 10.06 978 10.88 832 11.69 697 12.50 573
8.45 1299 9.26 1132 10.08 976 10.89 830 11.70 695 12.51 571
8.46 1296 9.27 1130 10.09 974 10.90 828 11.71 693 12.52 570
8.47 1294 9.29 1127 10.10 971 10.91 826 11.72 692 12.53 568
8.49 1291 9.30 1125 10.11 969 10.92 824 11.73 690 12.55 566
8.50 1289 9.31 1123 10.12 967 10.93 822 11.75 688 12.56 565
8.51 1286 9.32 1120 10.13 965 10.95 820 11.76 686 12.57 563
8.52 1284 9.33 1118 10.14 963 10.96 818 11.77 684 12.58 561
8.53 1281 9.34 1116 10.16 961 10.97 816 11.78 682 12.59 560
8.54 1279 9.36 1113 10.17 959 10.98 814 11.79 681 12.60 558
8.56 1277 9.37 1111 10.18 956 10.99 812 11.80 679 12.62 556
8.57 1274 9.38 1109 10.19 954 11.00 810 11.81 677 12.63 555
8.58 1272 9.39 1107 10.20 952 11.01 808 11.83 675 12.64 553
8.59 1269 9.40 1104 10.21 950 11.03 806 11.84 673 12.65 551
8.60 1267 9.41 1102 10.23 948 11.04 804 11.85 672 12.66 550
8.61 1264 9.43 1100 10.24 946 11.05 802 11.86 670 12.67 548
8.63 1262 9.44 1098 10.25 944 11.06 800 11.87 668 12.68 546
8.64 1260 9.45 1095 10.26 941 11.07 798 11.88 666 12.70 545
8.65 1257 9.46 1093 10.27 939 11.08 796 11.90 664 12.71 543
8.66 1255 9.47 1091 10.28 937 11.10 794 11.91 662 12.72 541
8.67 1252 9.48 1088 10.30 935 11.11 792 11.92 661 12.73 540
8.68 1250 9.50 1086 10.31 933 11.12 791 11.93 659 12.74 538
8.69 1247 9.51 1084 10.32 931 11.13 789 11.94 657 12.75 537
8.71 1245 9.52 1082 10.33 929 11.14 787 11.95 655 12.77 535
8.72 1243 9.53 1079 10.34 927 11.15 785 11.97 653 12.78 533
8.73 1240 9.54 1077 10.35 925 11.17 783 11.98 652 12.79 532
8.74 1238 9.55 1075 10.37 922 11.18 781 11.99 650 12.80 530
8.75 1235 9.56 1073 10.38 920 11.19 779 12.00 648 12.81 528
8.76 1233 9.58 1070 10.39 918 11.20 777 12.01 646 12.82 527
8.78 1231 9.59 1068 10.40 916 11.21 775 12.02 644 12.84 525
8.79 1228 9.60 1066 10.41 914 11.22 773 12.04 643 12.85 523
8.80 1226 9.61 1064 10.42 912 11.23 771 12.05 641 12.86 522
8.81 1223 9.62 1061 10.43 910 11.25 769 12.06 639 12.87 520
8.82 1221 9.63 1059 10.45 908 11.26 767 12.07 637 12.88 519
8.83 1219 9.65 1057 10.46 906 11.27 765 12.08 636 12.89 517
8.85 1216 9.66 1055 10.47 904 11.28 763 12.09 634 12.91 515
8.86 1214 9.67 1052 10.48 902 11.29 761 12.10 632 12.92 514
8.87 1212 9.68 1050 10.49 900 11.30 759 12.12 630 12.93 512
8.88 1209 9.69 1048 10.50 897 11.32 758 12.13 629 12.94 511
8.89 1207 9.70 1046 10.52 895 11.33 756 12.14 627 12.95 509
8.90 1204 9.72 1044 10.53 893 11.34 754 12.15 625 12.96 507
8.92 1202 9.73 1041 10.54 891 11.35 752 12.16 623 12.97 506
12.99 504 13.80 398 14.61 303 15.42 221 16.25 149 17.26 79
13.00 503 13.81 397 14.62 302 15.43 220 16.26 148 17.28 78
13.01 501 13.82 395 14.63 301 15.45 218 16.27 147 17.29 77
13.02 499 13.83 394 14.65 300 15.46 217 16.28 146 17.31 76
13.03 498 13.84 392 14.66 298 15.47 216 16.30 145 17.32 75
13.04 496 13.86 391 14.67 297 15.48 215 16.32 144 17.35 74
13.06 495 13.87 389 14.68 296 15.49 214 16.33 143 17.36 73
13.07 493 13.88 388 14.69 295 15.50 213 16.34 142 17.38 72
13.08 491 13.89 387 14.70 293 15.52 212 16.35 141 17.39 71
13.09 490 13.90 385 14.71 292 15.53 211 16.36 140 17.42 70
13.10 488 13.91 384 14.73 291 15.54 210 16.37 139 17.43 69
13.11 487 13.93 382 14.74 290 15.55 209 16.39 138 17.45 68
13.13 485 13.94 381 14.75 288 15.56 208 16.40 137 17.46 67
13.14 484 13.95 380 14.76 287 15.57 207 16.42 136 17.49 66
13.15 482 13.96 378 14.77 286 15.58 206 16.43 135 17.51 65
13.16 480 13.97 377 14.78 285 15.60 204 16.44 134 17.52 64
13.17 479 13.98 375 14.80 283 15.61 203 16.45 133 17.55 63
13.18 477 14.00 374 14.81 282 15.62 202 16.47 132 17.56 62
13.20 476 14.01 373 14.82 281 15.63 201 16.48 131 17.58 61
13.21 474 14.02 371 14.83 280 15.64 200 16.50 130 17.60 60
13.22 473 14.03 370 14.84 279 15.65 199 16.51 129 17.61 59
13.23 471 14.04 368 14.85 277 15.67 198 16.52 128 17.64 58
13.24 470 14.05 367 14.87 276 15.68 197 16.54 127 17.66 57
13.25 468 14.07 366 14.88 275 15.69 196 16.55 126 17.67 56
13.26 466 14.08 364 14.89 274 15.70 195 16.56 125 17.70 55
13.28 465 14.09 363 14.90 273 15.71 194 16.58 124 17.72 54
13.29 463 14.10 362 14.91 271 15.72 193 16.59 123 17.74 53
13.30 462 14.11 360 14.92 270 15.74 192 16.61 122 17.75 52
13.31 460 14.12 359 14.94 269 15.75 191 16.62 121 17.78 51
13.32 459 14.13 357 14.95 268 15.76 190 16.63 120 17.80 50
13.33 457 14.15 356 14.96 267 15.77 189 16.65 119 17.82 49
13.35 456 14.16 355 14.97 265 15.78 188 16.66 118 17.85 48
13.36 454 14.17 353 14.98 264 15.79 187 16.68 117 17.86 47
13.37 453 14.18 352 14.99 263 15.81 186 16.69 116 17.88 46
13.38 451 14.19 351 15.00 262 15.82 185 16.70 115 17.90 45
13.39 450 14.20 349 15.02 261 15.83 184 16.72 114 17.93 44
13.40 448 14.22 348 15.03 259 15.84 183 16.73 113 17.95 43
13.42 447 14.23 347 15.04 258 15.85 182 16.74 112 17.97 42
13.43 445 14.24 345 15.05 257 15.86 181 16.76 111 18.00 41
13.44 444 14.25 344 15.06 256 15.87 180 16.78 110 18.02 40
13.45 442 14.26 343 15.07 255 15.89 179 16.79 109 18.04 39
13.46 441 14.27 341 15.09 254 15.90 178 16.80 108 18.07 38
13.47 439 14.29 340 15.10 252 15.91 177 16.81 107 18.09 37
13.49 438 14.30 339 15.11 251 15.92 176 16.84 106 18.11 36
13.50 436 14.31 337 15.12 250 15.93 175 16.85 105 18.14 35
13.51 435 14.32 336 15.13 249 15.94 174 16.86 104 18.16 34
13.52 433 14.33 335 15.14 248 15.96 173 16.88 103 18.18 33
13.53 432 14.34 333 15.16 247 15.97 172 16.90 102 18.21 32
13.54 430 14.36 332 15.17 245 15.98 171 16.91 101 18.24 31
13.55 429 14.37 331 15.18 244 15.99 170 16.92 100 18.26 30
13.57 427 14.38 329 15.19 243 16.00 169 16.94 99 18.29 29
13.58 426 14.39 328 15.20 242 16.01 168 16.95 98 18.32 28
13.59 424 14.40 327 15.21 241 16.03 167 16.97 97 18.35 27
13.60 423 14.41 325 15.23 240 16.04 166 16.99 96 18.37 26
13.61 421 14.42 324 15.24 239 16.05 165 17.00 95 18.40 25
13.62 420 14.44 323 15.25 237 16.06 164 17.01 94 18.43 24
13.64 418 14.45 321 15.26 236 16.07 163 17.03 93 18.46 23
13.65 417 14.46 320 15.27 235 16.08 162 17.05 92 18.48 22
13.66 415 14.47 319 15.28 234 16.10 161 17.06 91 18.52 21
13.67 414 14.48 318 15.29 233 16.11 160 17.08 90 18.55 20
13.68 412 14.49 316 15.31 232 16.12 159 17.09 89 18.58 19
13.69 411 14.51 315 15.32 231 16.13 158 17.12 88 18.61 18
13.71 410 14.52 314 15.33 230 16.15 157 17.13 87 18.65 17
13.72 408 14.53 312 15.34 228 16.16 156 17.14 86 18.68 16
13.73 407 14.54 311 15.35 227 16.18 155 17.16 85 18.72 15
13.74 405 14.55 310 15.36 226 16.19 154 17.17 84 18.75 14
13.75 404 14.56 309 15.38 225 16.20 153 17.20 83 18.80 13
13.76 402 14.58 307 15.39 224 16.21 152 17.21 82 18.83 12
13.78 401 14.59 306 15.40 223 16.22 151 17.22 81 18.87 11
13.79 399 14.60 305 15.41 222 16.23 150 17.24 80 18.91 10
18.96 9 19.05 7 19.17 5 19.30 3 19.48 1
19.01 8 19.11 6 19.23 4 19.38 2
