8.45 1371 9.30 1200 10.14 1039 10.99 889 11.84 750 12.68 621
8.46 1368 9.31 1197 10.16 1037 11.00 887 11.85 748 12.69 620
8.48 1366 9.32 1195 10.17 1035 11.01 885 11.86 746 12.70 618
8.49 1363 9.33 1193 10.18 1032 11.03 883 11.87 744 12.72 616
8.50 1361 9.35 1190 10.19 1030 11.04 881 11.88 742 12.73 614
8.51 1358 9.36 1188 10.20 1028 11.05 879 11.90 740 12.74 613
8.52 1356 9.37 1185 10.22 1026 11.06 877 11.91 738 12.75 611
8.54 1353 9.38 1183 10.23 1024 11.07 875 11.92 737 12.77 609
8.55 1351 9.39 1181 10.24 1021 11.09 873 11.93 735 12.78 607
8.56 1348 9.41 1178 10.25 1019 11.10 871 11.94 733 12.79 606
8.57 1346 9.42 1176 10.26 1017 11.11 869 11.96 731 12.80 604
8.59 1343 9.43 1174 10.28 1015 11.12 867 11.97 729 12.81 602
8.60 1341 9.44 1171 10.29 1013 11.13 865 11.98 727 12.83 601
8.61 1338 9.45 1169 10.30 1010 11.15 862 11.99 725 12.84 599
8.62 1336 9.47 1167 10.31 1008 11.16 860 12.00 723 12.85 597
8.63 1333 9.48 1164 10.32 1006 11.17 858 12.02 721 12.86 595
8.65 1331 9.49 1162 10.34 1004 11.18 856 12.03 720 12.87 594
8.66 1328 9.50 1160 10.35 1002 11.19 854 12.04 718 12.89 592
8.67 1326 9.52 1157 10.36 1000 11.21 852 12.05 716 12.90 590
8.68 1323 9.53 1155 10.37 997 11.22 850 12.06 714 12.91 589
8.69 1321 9.54 1153 10.39 995 11.23 848 12.08 712 12.92 587
8.71 1318 9.55 1150 10.40 993 11.24 846 12.09 710 12.93 585
8.72 1316 9.56 1148 10.41 991 11.26 844 12.10 708 12.95 583
8.73 1313 9.58 1146 10.42 989 11.27 842 12.11 706 12.96 582
8.74 1311 9.59 1143 10.43 987 11.28 840 12.12 705 12.97 580
8.75 1308 9.60 1141 10.45 984 11.29 838 12.14 703 12.98 578
8.77 1306 9.61 1139 10.46 982 11.30 836 12.15 701 12.99 577
8.78 1303 9.62 1136 10.47 980 11.32 834 12.16 699 13.01 575
8.79 1301 9.64 1134 10.48 978 11.33 832 12.17 697 13.02 573
8.80 1299 9.65 1132 10.49 976 11.34 830 12.19 695 13.03 571
8.81 1296 9.66 1130 10.51 974 11.35 828 12.20 693 13.04 570
8.83 1294 9.67 1127 10.52 971 11.36 826 12.21 692 13.06 568
8.84 1291 9.68 1125 10.53 969 11.38 824 12.22 690 13.07 566
8.85 1289 9.70 1123 10.54 967 11.39 822 12.23 688 13.08 565
8.86 1286 9.71 1120 10.55 965 11.40 820 12.25 686 13.09 563
8.88 1284 9.72 1118 10.57 963 11.41 818 12.26 684 13.10 561
8.89 1281 9.73 1116 10.58 961 11.42 816 12.27 682 13.12 560
8.90 1279 9.74 1113 10.59 959 11.44 814 12.28 681 13.13 558
8.91 1277 9.76 1111 10.60 956 11.45 812 12.29 679 13.14 556
8.92 1274 9.77 1109 10.61 954 11.46 810 12.31 677 13.15 555
8.94 1272 9.78 1107 10.63 952 11.47 808 12.32 675 13.16 553
8.95 1269 9.79 1104 10.64 950 11.48 806 12.33 673 13.18 551
8.96 1267 9.81 1102 10.65 948 11.50 804 12.34 672 13.19 550
8.97 1264 9.82 1100 10.66 946 11.51 802 12.35 670 13.20 548
8.98 1262 9.83 1098 10.68 944 11.52 800 12.37 668 13.21 546
9.00 1260 9.84 1095 10.69 941 11.53 798 12.38 666 13.22 545
9.01 1257 9.85 1093 10.70 939 11.55 796 12.39 664 13.24 543
9.02 1255 9.87 1091 10.71 937 11.56 794 12.40 662 13.25 541
9.03 1252 9.88 1088 10.72 935 11.57 792 12.41 661 13.26 540
9.04 1250 9.89 1086 10.74 933 11.58 791 12.43 659 13.27 538
9.06 1247 9.90 1084 10.75 931 11.59 789 12.44 657 13.28 537
9.07 1245 9.91 1082 10.76 929 11.61 787 12.45 655 13.30 535
9.08 1243 9.93 1079 10.77 927 11.62 785 12.46 653 13.31 533
9.09 1240 9.94 1077 10.78 925 11.63 783 12.48 652 13.32 532
9.10 1238 9.95 1075 10.80 922 11.64 781 12.49 650 13.33 530
9.12 1235 9.96 1073 10.81 920 11.65 779 12.50 648 13.35 528
9.13 1233 9.97 1070 10.82 918 11.67 777 12.51 646 13.36 527
9.14 1231 9.99 1068 10.83 916 11.68 775 12.52 644 13.37 525
9.15 1228 10.00 1066 10.84 914 11.69 773 12.54 643 13.38 523
9.16 1226 10.01 1064 10.86 912 11.70 771 12.55 641 13.39 522
9.18 1223 10.02 1061 10.87 910 11.71 769 12.56 639 13.41 520
9.19 1221 10.03 1059 10.88 908 11.73 767 12.57 637 13.42 519
9.20 1219 10.05 1057 10.89 906 11.74 765 12.58 636 13.43 517
9.21 1216 10.06 1055 10.90 904 11.75 763 12.60 634 13.44 515
9.23 1214 10.07 1052 10.92 902 11.76 761 12.61 632 13.45 514
9.24 1212 10.08 1050 10.93 900 11.77 759 12.62 630 13.47 512
9.25 1209 10.10 1048 10.94 897 11.79 758 12.63 629 13.48 511
9.26 1207 10.11 1046 10.95 895 11.80 756 12.64 627 13.49 509
9.27 1204 10.12 1044 10.97 893 11.81 754 12.66 625 13.50 507
9.29 1202 10.13 1041 10.98 891 11.82 752 12.67 623 13.51 506
13.53 504 14.37 398 15.22 303 16.06 221 16.92 149 17.97 79
13.54 503 14.38 397 15.23 302 16.08 220 16.93 148 18.00 78
13.55 501 14.40 395 15.24 301 16.09 218 16.95 147 18.01 77
13.56 499 14.41 394 15.25 300 16.10 217 16.96 146 18.03 76
13.57 498 14.42 392 15.27 298 16.11 216 16.98 145 18.05 75
13.59 496 14.43 391 15.28 297 16.12 215 16.99 144 18.07 74
13.60 495 14.44 389 15.29 296 16.14 214 17.01 143 18.08 73
13.61 493 14.46 388 15.30 295 16.15 213 17.02 142 18.11 72
13.62 491 14.47 387 15.31 293 16.16 212 17.03 141 18.12 71
13.64 490 14.48 385 15.33 292 16.17 211 17.04 140 18.14 70
13.65 488 14.49 384 15.34 291 16.18 210 17.05 139 18.15 69
13.66 487 14.51 382 15.35 290 16.20 209 17.07 138 18.18 68
13.67 485 14.52 381 15.36 288 16.21 208 17.08 137 18.19 67
13.68 484 14.53 380 15.37 287 16.22 207 17.10 136 18.21 66
13.70 482 14.54 378 15.39 286 16.23 206 17.11 135 18.24 65
13.71 480 14.55 377 15.40 285 16.24 204 17.13 134 18.25 64
13.72 479 14.57 375 15.41 283 16.26 203 17.14 133 18.27 63
13.73 477 14.58 374 15.42 282 16.27 202 17.15 132 18.29 62
13.74 476 14.59 373 15.44 281 16.28 201 17.16 131 18.31 61
13.76 474 14.60 371 15.45 280 16.29 200 17.19 130 18.33 60
13.77 473 14.61 370 15.46 279 16.31 199 17.20 129 18.35 59
13.78 471 14.63 368 15.47 277 16.32 198 17.21 128 18.37 58
13.79 470 14.64 367 15.48 276 16.33 197 17.22 127 18.40 57
13.80 468 14.65 366 15.50 275 16.34 196 17.24 126 18.41 56
13.82 466 14.66 364 15.51 274 16.35 195 17.25 125 18.43 55
13.83 465 14.67 363 15.52 273 16.37 194 17.27 124 18.46 54
13.84 463 14.69 362 15.53 271 16.38 193 17.28 123 18.48 53
13.85 462 14.70 360 15.54 270 16.39 192 17.30 122 18.49 52
13.86 460 14.71 359 15.56 269 16.40 191 17.31 121 18.52 51
13.88 459 14.72 357 15.57 268 16.41 190 17.32 120 18.54 50
13.89 457 14.73 356 15.58 267 16.43 189 17.34 119 18.56 49
13.90 456 14.75 355 15.59 265 16.44 188 17.36 118 18.59 48
13.91 454 14.76 353 15.60 264 16.45 187 17.37 117 18.60 47
13.93 453 14.77 352 15.62 263 16.46 186 17.38 116 18.62 46
13.94 451 14.78 351 15.63 262 16.47 185 17.39 115 18.65 45
13.95 450 14.80 349 15.64 261 16.49 184 17.42 114 18.67 44
13.96 448 14.81 348 15.65 259 16.50 183 17.43 113 18.70 43
13.97 447 14.82 347 15.66 258 16.51 182 17.44 112 18.72 42
13.99 445 14.83 345 15.68 257 16.52 181 17.45 111 18.75 41
14.00 444 14.84 344 15.69 256 16.53 180 17.48 110 18.77 40
14.01 442 14.86 343 15.70 255 16.55 179 17.49 109 18.79 39
14.02 441 14.87 341 15.71 254 16.56 178 17.50 108 18.82 38
14.03 439 14.88 340 15.73 252 16.57 177 17.51 107 18.84 37
14.05 438 14.89 339 15.74 251 16.58 176 17.54 106 18.87 36
14.06 436 14.90 337 15.75 250 16.60 175 17.55 105 18.89 35
14.07 435 14.92 336 15.76 249 16.61 174 17.56 104 18.91 34
14.08 433 14.93 335 15.77 248 16.62 173 17.59 103 18.94 33
14.09 432 14.94 333 15.79 247 16.63 172 17.60 102 18.96 32
14.11 430 14.95 332 15.80 245 16.64 171 17.61 101 19.00 31
14.12 429 14.96 331 15.81 244 16.66 170 17.62 100 19.02 30
14.13 427 14.98 329 15.82 243 16.67 169 17.65 99 19.05 29
14.14 426 14.99 328 15.83 242 16.68 168 17.66 98 19.08 28
14.15 424 15.00 327 15.85 241 16.69 167 17.67 97 19.11 27
14.17 423 15.01 325 15.86 240 16.70 166 17.69 96 19.13 26
14.18 421 15.02 324 15.87 239 16.72 165 17.71 95 19.17 25
14.19 420 15.04 323 15.88 237 16.73 164 17.72 94 19.19 24
14.20 418 15.05 321 15.89 236 16.74 163 17.74 93 19.23 23
14.22 417 15.06 320 15.91 235 16.75 162 17.76 92 19.25 22
14.23 415 15.07 319 15.92 234 16.76 161 17.77 91 19.29 21
14.24 414 15.09 318 15.93 233 16.78 160 17.79 90 19.33 20
14.25 412 15.10 316 15.94 232 16.79 159 17.80 89 19.35 19
14.26 411 15.11 315 15.95 231 16.80 158 17.83 88 19.39 18
14.28 410 15.12 314 15.97 230 16.82 157 17.84 87 19.42 17
14.29 408 15.13 312 15.98 228 16.84 156 17.85 86 19.46 16
14.30 407 15.15 311 15.99 227 16.85 155 17.88 85 19.49 15
14.31 405 15.16 310 16.00 226 16.86 154 17.89 84 19.53 14
14.32 404 15.17 309 16.02 225 16.87 153 17.91 83 19.58 13
14.34 402 15.18 307 16.03 224 16.89 152 17.92 82 19.62 12
14.35 401 15.19 306 16.04 223 16.90 151 17.94 81 19.65 11
14.36 399 15.21 305 16.05 222 16.91 150 17.96 80 19.70 10
19.75 9 19.85 7 19.97 5 20.10 3 20.29 1
19.80 8 19.91 6 20.03 4 20.18 2
