8.83 1371 9.71 1200 10.60 1039 11.48 889 12.36 750 13.25 621
8.84 1368 9.73 1197 10.61 1037 11.49 887 12.38 748 13.26 620
8.86 1366 9.74 1195 10.62 1035 11.51 885 12.39 746 13.27 618
8.87 1363 9.75 1193 10.63 1032 11.52 883 12.40 744 13.29 616
8.88 1361 9.76 1190 10.65 1030 11.53 881 12.41 742 13.30 614
8.89 1358 9.78 1188 10.66 1028 11.54 879 12.43 740 13.31 613
8.91 1356 9.79 1185 10.67 1026 11.56 877 12.44 738 13.32 611
8.92 1353 9.80 1183 10.69 1024 11.57 875 12.45 737 13.34 609
8.93 1351 9.81 1181 10.70 1021 11.58 873 12.47 735 13.35 607
8.94 1348 9.83 1178 10.71 1019 11.59 871 12.48 733 13.36 606
8.96 1346 9.84 1176 10.72 1017 11.61 869 12.49 731 13.37 604
8.97 1343 9.85 1174 10.74 1015 11.62 867 12.50 729 13.39 602
8.98 1341 9.86 1171 10.75 1013 11.63 865 12.52 727 13.40 601
8.99 1338 9.88 1169 10.76 1010 11.64 862 12.53 725 13.41 599
9.01 1336 9.89 1167 10.77 1008 11.66 860 12.54 723 13.42 597
9.02 1333 9.90 1164 10.79 1006 11.67 858 12.55 721 13.44 595
9.03 1331 9.92 1162 10.80 1004 11.68 856 12.57 720 13.45 594
9.04 1328 9.93 1160 10.81 1002 11.70 854 12.58 718 13.46 592
9.06 1326 9.94 1157 10.82 1000 11.71 852 12.59 716 13.47 590
9.07 1323 9.95 1155 10.84 997 11.72 850 12.60 714 13.49 589
9.08 1321 9.97 1153 10.85 995 11.73 848 12.62 712 13.50 587
9.10 1318 9.98 1150 10.86 993 11.75 846 12.63 710 13.51 585
9.11 1316 9.99 1148 10.87 991 11.76 844 12.64 708 13.53 583
9.12 1313 10.00 1146 10.89 989 11.77 842 12.65 706 13.54 582
9.13 1311 10.02 1143 10.90 987 11.78 840 12.67 705 13.55 580
9.15 1308 10.03 1141 10.91 984 11.80 838 12.68 703 13.56 578
9.16 1306 10.04 1139 10.93 982 11.81 836 12.69 701 13.58 577
9.17 1303 10.05 1136 10.94 980 11.82 834 12.70 699 13.59 575
9.18 1301 10.07 1134 10.95 978 11.83 832 12.72 697 13.60 573
9.20 1299 10.08 1132 10.96 976 11.85 830 12.73 695 13.61 571
9.21 1296 10.09 1130 10.98 974 11.86 828 12.74 693 13.63 570
9.22 1294 10.10 1127 10.99 971 11.87 826 12.76 692 13.64 568
9.23 1291 10.12 1125 11.00 969 11.88 824 12.77 690 13.65 566
9.25 1289 10.13 1123 11.01 967 11.90 822 12.78 688 13.66 565
9.26 1286 10.14 1120 11.03 965 11.91 820 12.79 686 13.68 563
9.27 1284 10.16 1118 11.04 963 11.92 818 12.81 684 13.69 561
9.28 1281 10.17 1116 11.05 961 11.93 816 12.82 682 13.70 560
9.30 1279 10.18 1113 11.06 959 11.95 814 12.83 681 13.71 558
9.31 1277 10.19 1111 11.08 956 11.96 812 12.84 679 13.73 556
9.32 1274 10.21 1109 11.09 954 11.97 810 12.86 677 13.74 555
9.33 1272 10.22 1107 11.10 952 11.99 808 12.87 675 13.75 553
9.35 1269 10.23 1104 11.11 950 12.00 806 12.88 673 13.77 551
9.36 1267 10.24 1102 11.13 948 12.01 804 12.89 672 13.78 550
9.37 1264 10.26 1100 11.14 946 12.02 802 12.91 670 13.79 548
9.39 1262 10.27 1098 11.15 944 12.04 800 12.92 668 13.80 546
9.40 1260 10.28 1095 11.17 941 12.05 798 12.93 666 13.82 545
9.41 1257 10.29 1093 11.18 939 12.06 796 12.94 664 13.83 543
9.42 1255 10.31 1091 11.19 937 12.07 794 12.96 662 13.84 541
9.44 1252 10.32 1088 11.20 935 12.09 792 12.97 661 13.85 540
9.45 1250 10.33 1086 11.22 933 12.10 791 12.98 659 13.87 538
9.46 1247 10.34 1084 11.23 931 12.11 789 13.00 657 13.88 537
9.47 1245 10.36 1082 11.24 929 12.12 787 13.01 655 13.89 535
9.49 1243 10.37 1079 11.25 927 12.14 785 13.02 653 13.90 533
9.50 1240 10.38 1077 11.27 925 12.15 783 13.03 652 13.92 532
9.51 1238 10.40 1075 11.28 922 12.16 781 13.05 650 13.93 530
9.52 1235 10.41 1073 11.29 920 12.17 779 13.06 648 13.94 528
9.54 1233 10.42 1070 11.30 918 12.19 777 13.07 646 13.95 527
9.55 1231 10.43 1068 11.32 916 12.20 775 13.08 644 13.97 525
9.56 1228 10.45 1066 11.33 914 12.21 773 13.10 643 13.98 523
9.57 1226 10.46 1064 11.34 912 12.23 771 13.11 641 13.99 522
9.59 1223 10.47 1061 11.35 910 12.24 769 13.12 639 14.00 520
9.60 1221 10.48 1059 11.37 908 12.25 767 13.13 637 14.02 519
9.61 1219 10.50 1057 11.38 906 12.26 765 13.15 636 14.03 517
9.63 1216 10.51 1055 11.39 904 12.28 763 13.16 634 14.04 515
9.64 1214 10.52 1052 11.40 902 12.29 761 13.17 632 14.06 514
9.65 1212 10.53 1050 11.42 900 12.30 759 13.18 630 14.07 512
9.66 1209 10.55 1048 11.43 897 12.31 758 13.20 629 14.08 511
9.68 1207 10.56 1046 11.44 895 12.33 756 13.21 627 14.09 509
9.69 1204 10.57 1044 11.46 893 12.34 754 13.22 625 14.11 507
9.70 1202 10.58 1041 11.47 891 12.35 752 13.23 623 14.12 506
14.13 504 15.01 398 15.90 303 16.78 221 17.68 149 18.78 79
14.14 503 15.03 397 15.91 302 16.79 220 17.69 148 18.80 78
14.16 501 15.04 395 15.92 301 16.81 218 17.70 147 18.81 77
14.17 499 15.05 394 15.94 300 16.82 217 17.72 146 18.84 76
14.18 498 15.07 392 15.95 298 16.83 216 17.74 145 18.85 75
14.19 496 15.08 391 15.96 297 16.84 215 17.75 144 18.88 74
14.21 495 15.09 389 15.97 296 16.86 214 17.77 143 18.89 73
14.22 493 15.10 388 15.99 295 16.87 213 17.78 142 18.91 72
14.23 491 15.12 387 16.00 293 16.88 212 17.79 141 18.93 71
14.24 490 15.13 385 16.01 292 16.90 211 17.80 140 18.95 70
14.26 488 15.14 384 16.02 291 16.91 210 17.82 139 18.97 69
14.27 487 15.15 382 16.04 290 16.92 209 17.83 138 18.99 68
14.28 485 15.17 381 16.05 288 16.93 208 17.84 137 19.00 67
14.30 484 15.18 380 16.06 287 16.95 207 17.87 136 19.03 66
14.31 482 15.19 378 16.07 286 16.96 206 17.88 135 19.05 65
14.32 480 15.20 377 16.09 285 16.97 204 17.89 134 19.07 64
14.33 479 15.22 375 16.10 283 16.98 203 17.90 133 19.09 63
14.35 477 15.23 374 16.11 282 17.00 202 17.92 132 19.10 62
14.36 476 15.24 373 16.13 281 17.01 201 17.93 131 19.13 61
14.37 474 15.25 371 16.14 280 17.02 200 17.96 130 19.15 60
14.38 473 15.27 370 16.15 279 17.03 199 17.97 129 19.17 59
14.40 471 15.28 368 16.16 277 17.05 198 17.98 128 19.19 58
14.41 470 15.29 367 16.18 276 17.06 197 17.99 127 19.22 57
14.42 468 15.30 366 16.19 275 17.07 196 18.01 126 19.23 56
14.43 466 15.32 364 16.20 274 17.08 195 18.02 125 19.26 55
14.45 465 15.33 363 16.21 273 17.10 194 18.04 124 19.28 54
14.46 463 15.34 362 16.23 271 17.11 193 18.06 123 19.31 53
14.47 462 15.36 360 16.24 270 17.12 192 18.07 122 19.32 52
14.48 460 15.37 359 16.25 269 17.13 191 18.08 121 19.34 51
14.50 459 15.38 357 16.26 268 17.15 190 18.09 120 19.37 50
14.51 457 15.39 356 16.28 267 17.16 189 18.12 119 19.39 49
14.52 456 15.41 355 16.29 265 17.17 188 18.13 118 19.42 48
14.53 454 15.42 353 16.30 264 17.19 187 18.14 117 19.43 47
14.55 453 15.43 352 16.31 263 17.20 186 18.16 116 19.46 46
14.56 451 15.44 351 16.33 262 17.21 185 18.17 115 19.48 45
14.57 450 15.46 349 16.34 261 17.22 184 18.20 114 19.51 44
14.59 448 15.47 348 16.35 259 17.24 183 18.21 113 19.53 43
14.60 447 15.48 347 16.37 258 17.25 182 18.22 112 19.56 42
14.61 445 15.49 345 16.38 257 17.26 181 18.23 111 19.58 41
14.62 444 15.51 344 16.39 256 17.27 180 18.26 110 19.61 40
14.64 442 15.52 343 16.40 255 17.29 179 18.27 109 19.63 39
14.65 441 15.53 341 16.42 254 17.30 178 18.28 108 19.66 38
14.66 439 15.54 340 16.43 252 17.31 177 18.30 107 19.68 37
14.67 438 15.56 339 16.44 251 17.32 176 18.32 106 19.71 36
14.69 436 15.57 337 16.45 250 17.34 175 18.33 105 19.73 35
14.70 435 15.58 336 16.47 249 17.35 174 18.35 104 19.76 34
14.71 433 15.60 335 16.48 248 17.36 173 18.37 103 19.79 33
14.72 432 15.61 333 16.49 247 17.37 172 18.38 102 19.81 32
14.74 430 15.62 332 16.50 245 17.39 171 18.40 101 19.85 31
14.75 429 15.63 331 16.52 244 17.40 170 18.41 100 19.87 30
14.76 427 15.65 329 16.53 243 17.41 169 18.43 99 19.90 29
14.77 426 15.66 328 16.54 242 17.43 168 18.45 98 19.94 28
14.79 424 15.67 327 16.55 241 17.44 167 18.46 97 19.96 27
14.80 423 15.68 325 16.57 240 17.45 166 18.49 96 19.99 26
14.81 421 15.70 324 16.58 239 17.46 165 18.50 95 20.03 25
14.83 420 15.71 323 16.59 237 17.48 164 18.51 94 20.05 24
14.84 418 15.72 321 16.60 236 17.49 163 18.54 93 20.09 23
14.85 417 15.73 320 16.62 235 17.50 162 18.55 92 20.11 22
14.86 415 15.75 319 16.63 234 17.51 161 18.56 91 20.15 21
14.88 414 15.76 318 16.64 233 17.53 160 18.59 90 20.19 20
14.89 412 15.77 316 16.66 232 17.54 159 18.60 89 20.21 19
14.90 411 15.78 315 16.67 231 17.55 158 18.62 88 20.25 18
14.91 410 15.80 314 16.68 230 17.58 157 18.64 87 20.29 17
14.93 408 15.81 312 16.69 228 17.59 156 18.65 86 20.33 16
14.94 407 15.82 311 16.71 227 17.60 155 18.67 85 20.37 15
14.95 405 15.83 310 16.72 226 17.61 154 18.69 84 20.40 14
14.96 404 15.85 309 16.73 225 17.63 153 18.71 83 20.45 13
14.98 402 15.86 307 16.74 224 17.64 152 18.73 82 20.49 12
14.99 401 15.87 306 16.76 223 17.65 151 18.74 81 20.53 11
15.00 399 15.89 305 16.77 222 17.67 150 18.76 80 20.58 10
20.63 9 20.73 7 20.86 5 21.00 3 21.20 1
20.68 8 20.80 6 20.92 4 21.09 2
