9.25 1371 10.18 1200 11.11 1039 12.03 889 12.96 750 13.88 621
9.27 1368 10.19 1197 11.12 1037 12.05 887 12.97 748 13.90 620
9.28 1366 10.21 1195 11.13 1035 12.06 885 12.98 746 13.91 618
9.29 1363 10.22 1193 11.15 1032 12.07 883 13.00 744 13.92 616
9.31 1361 10.23 1190 11.16 1030 12.08 881 13.01 742 13.94 614
9.32 1358 10.25 1188 11.17 1028 12.10 879 13.02 740 13.95 613
9.33 1356 10.26 1185 11.19 1026 12.11 877 13.04 738 13.96 611
9.35 1353 10.27 1183 11.20 1024 12.12 875 13.05 737 13.98 609
9.36 1351 10.29 1181 11.21 1021 12.14 873 13.06 735 13.99 607
9.37 1348 10.30 1178 11.23 1019 12.15 871 13.08 733 14.00 606
9.39 1346 10.31 1176 11.24 1017 12.16 869 13.09 731 14.02 604
9.40 1343 10.33 1174 11.25 1015 12.18 867 13.10 729 14.03 602
9.41 1341 10.34 1171 11.26 1013 12.19 865 13.12 727 14.04 601
9.43 1338 10.35 1169 11.28 1010 12.20 862 13.13 725 14.06 599
9.44 1336 10.37 1167 11.29 1008 12.22 860 13.14 723 14.07 597
9.45 1333 10.38 1164 11.30 1006 12.23 858 13.16 721 14.08 595
9.47 1331 10.39 1162 11.32 1004 12.24 856 13.17 720 14.10 594
9.48 1328 10.41 1160 11.33 1002 12.26 854 13.18 718 14.11 592
9.49 1326 10.42 1157 11.34 1000 12.27 852 13.20 716 14.12 590
9.51 1323 10.43 1155 11.36 997 12.28 850 13.21 714 14.14 589
9.52 1321 10.44 1153 11.37 995 12.30 848 13.22 712 14.15 587
9.53 1318 10.46 1150 11.38 993 12.31 846 13.24 710 14.16 585
9.55 1316 10.47 1148 11.40 991 12.32 844 13.25 708 14.17 583
9.56 1313 10.48 1146 11.41 989 12.34 842 13.26 706 14.19 582
9.57 1311 10.50 1143 11.42 987 12.35 840 13.28 705 14.20 580
9.58 1308 10.51 1141 11.44 984 12.36 838 13.29 703 14.21 578
9.60 1306 10.52 1139 11.45 982 12.38 836 13.30 701 14.23 577
9.61 1303 10.54 1136 11.46 980 12.39 834 13.32 699 14.24 575
9.62 1301 10.55 1134 11.48 978 12.40 832 13.33 697 14.25 573
9.64 1299 10.56 1132 11.49 976 12.42 830 13.34 695 14.27 571
9.65 1296 10.58 1130 11.50 974 12.43 828 13.35 693 14.28 570
9.66 1294 10.59 1127 11.52 971 12.44 826 13.37 692 14.29 568
9.68 1291 10.60 1125 11.53 969 12.46 824 13.38 690 14.31 566
9.69 1289 10.62 1123 11.54 967 12.47 822 13.39 688 14.32 565
9.70 1286 10.63 1120 11.56 965 12.48 820 13.41 686 14.33 563
9.72 1284 10.64 1118 11.57 963 12.50 818 13.42 684 14.35 561
9.73 1281 10.66 1116 11.58 961 12.51 816 13.43 682 14.36 560
9.74 1279 10.67 1113 11.60 959 12.52 814 13.45 681 14.37 558
9.76 1277 10.68 1111 11.61 956 12.53 812 13.46 679 14.39 556
9.77 1274 10.70 1109 11.62 954 12.55 810 13.47 677 14.40 555
9.78 1272 10.71 1107 11.64 952 12.56 808 13.49 675 14.41 553
9.80 1269 10.72 1104 11.65 950 12.57 806 13.50 673 14.43 551
9.81 1267 10.74 1102 11.66 948 12.59 804 13.51 672 14.44 550
9.82 1264 10.75 1100 11.67 946 12.60 802 13.53 670 14.45 548
9.84 1262 10.76 1098 11.69 944 12.61 800 13.54 668 14.47 546
9.85 1260 10.78 1095 11.70 941 12.63 798 13.55 666 14.48 545
9.86 1257 10.79 1093 11.71 939 12.64 796 13.57 664 14.49 543
9.88 1255 10.80 1091 11.73 937 12.65 794 13.58 662 14.51 541
9.89 1252 10.82 1088 11.74 935 12.67 792 13.59 661 14.52 540
9.90 1250 10.83 1086 11.75 933 12.68 791 13.61 659 14.53 538
9.92 1247 10.84 1084 11.77 931 12.69 789 13.62 657 14.55 537
9.93 1245 10.85 1082 11.78 929 12.71 787 13.63 655 14.56 535
9.94 1243 10.87 1079 11.79 927 12.72 785 13.65 653 14.57 533
9.96 1240 10.88 1077 11.81 925 12.73 783 13.66 652 14.58 532
9.97 1238 10.89 1075 11.82 922 12.75 781 13.67 650 14.60 530
9.98 1235 10.91 1073 11.83 920 12.76 779 13.69 648 14.61 528
10.00 1233 10.92 1070 11.85 918 12.77 777 13.70 646 14.62 527
10.01 1231 10.93 1068 11.86 916 12.79 775 13.71 644 14.64 525
10.02 1228 10.95 1066 11.87 914 12.80 773 13.73 643 14.65 523
10.03 1226 10.96 1064 11.89 912 12.81 771 13.74 641 14.66 522
10.05 1223 10.97 1061 11.90 910 12.83 769 13.75 639 14.68 520
10.06 1221 10.99 1059 11.91 908 12.84 767 13.76 637 14.69 519
10.07 1219 11.00 1057 11.93 906 12.85 765 13.78 636 14.70 517
10.09 1216 11.01 1055 11.94 904 12.87 763 13.79 634 14.72 515
10.10 1214 11.03 1052 11.95 902 12.88 761 13.80 632 14.73 514
10.11 1212 11.04 1050 11.97 900 12.89 759 13.82 630 14.74 512
10.13 1209 11.05 1048 11.98 897 12.91 758 13.83 629 14.76 511
10.14 1207 11.07 1046 11.99 895 12.92 756 13.84 627 14.77 509
10.15 1204 11.08 1044 12.01 893 12.93 754 13.86 625 14.78 507
10.17 1202 11.09 1041 12.02 891 12.94 752 13.87 623 14.80 506
14.81 504 15.74 398 16.66 303 17.59 221 18.53 149 19.68 79
14.82 503 15.75 397 16.67 302 17.60 220 18.54 148 19.70 78
14.84 501 15.76 395 16.69 301 17.61 218 18.55 147 19.72 77
14.85 499 15.78 394 16.70 300 17.63 217 18.57 146 19.74 76
14.86 498 15.79 392 16.71 298 17.64 216 18.59 145 19.76 75
14.88 496 15.80 391 16.73 297 17.65 215 18.61 144 19.78 74
14.89 495 15.82 389 16.74 296 17.67 214 18.62 143 19.80 73
14.90 493 15.83 388 16.75 295 17.68 213 18.63 142 19.82 72
14.92 491 15.84 387 16.77 293 17.69 212 18.65 141 19.84 71
14.93 490 15.85 385 16.78 292 17.71 211 18.66 140 19.86 70
14.94 488 15.87 384 16.79 291 17.72 210 18.67 139 19.88 69
14.96 487 15.88 382 16.81 290 17.73 209 18.69 138 19.90 68
14.97 485 15.89 381 16.82 288 17.75 208 18.70 137 19.92 67
14.98 484 15.91 380 16.83 287 17.76 207 18.73 136 19.94 66
15.00 482 15.92 378 16.85 286 17.77 206 18.74 135 19.97 65
15.01 480 15.93 377 16.86 285 17.79 204 18.75 134 19.98 64
15.02 479 15.95 375 16.87 283 17.80 203 18.76 133 20.01 63
15.03 477 15.96 374 16.89 282 17.81 202 18.78 132 20.02 62
15.05 476 15.97 373 16.90 281 17.83 201 18.79 131 20.05 61
15.06 474 15.99 371 16.91 280 17.84 200 18.82 130 20.07 60
15.07 473 16.00 370 16.93 279 17.85 199 18.83 129 20.09 59
15.09 471 16.01 368 16.94 277 17.87 198 18.84 128 20.11 58
15.10 470 16.03 367 16.95 276 17.88 197 18.86 127 20.14 57
15.11 468 16.04 366 16.97 275 17.89 196 18.87 126 20.15 56
15.13 466 16.05 364 16.98 274 17.91 195 18.88 125 20.18 55
15.14 465 16.07 363 16.99 273 17.92 194 18.91 124 20.21 54
15.15 463 16.08 362 17.01 271 17.93 193 18.92 123 20.23 53
15.17 462 16.09 360 17.02 270 17.94 192 18.94 122 20.25 52
15.18 460 16.11 359 17.03 269 17.96 191 18.95 121 20.27 51
15.19 459 16.12 357 17.05 268 17.97 190 18.96 120 20.30 50
15.21 457 16.13 356 17.06 267 17.98 189 18.99 119 20.33 49
15.22 456 16.15 355 17.07 265 18.00 188 19.00 118 20.35 48
15.23 454 16.16 353 17.08 264 18.01 187 19.02 117 20.37 47
15.25 453 16.17 352 17.10 263 18.02 186 19.03 116 20.39 46
15.26 451 16.19 351 17.11 262 18.04 185 19.04 115 20.42 45
15.27 450 16.20 349 17.12 261 18.05 184 19.07 114 20.44 44
15.29 448 16.21 348 17.14 259 18.06 183 19.08 113 20.47 43
15.30 447 16.23 347 17.15 258 18.08 182 19.10 112 20.50 42
15.31 445 16.24 345 17.16 257 18.09 181 19.11 111 20.52 41
15.33 444 16.25 344 17.18 256 18.10 180 19.14 110 20.55 40
15.34 442 16.26 343 17.19 255 18.12 179 19.15 109 20.58 39
15.35 441 16.28 341 17.20 254 18.13 178 19.16 108 20.60 38
15.37 439 16.29 340 17.22 252 18.14 177 19.17 107 20.63 37
15.38 438 16.30 339 17.23 251 18.16 176 19.20 106 20.66 36
15.39 436 16.32 337 17.24 250 18.17 175 19.21 105 20.68 35
15.41 435 16.33 336 17.26 249 18.18 174 19.23 104 20.71 34
15.42 433 16.34 335 17.27 248 18.20 173 19.25 103 20.74 33
15.43 432 16.36 333 17.28 247 18.21 172 19.27 102 20.76 32
15.44 430 16.37 332 17.30 245 18.22 171 19.28 101 20.80 31
15.46 429 16.38 331 17.31 244 18.24 170 19.29 100 20.83 30
15.47 427 16.40 329 17.32 243 18.25 169 19.32 99 20.85 29
15.48 426 16.41 328 17.34 242 18.26 168 19.33 98 20.89 28
15.50 424 16.42 327 17.35 241 18.28 167 19.35 97 20.92 27
15.51 423 16.44 325 17.36 240 18.29 166 19.37 96 20.95 26
15.52 421 16.45 324 17.38 239 18.30 165 19.39 95 20.99 25
15.54 420 16.46 323 17.39 237 18.32 164 19.40 94 21.01 24
15.55 418 16.48 321 17.40 236 18.33 163 19.43 93 21.05 23
15.56 417 16.49 320 17.42 235 18.34 162 19.44 92 21.08 22
15.58 415 16.50 319 17.43 234 18.35 161 19.45 91 21.12 21
15.59 414 16.52 318 17.44 233 18.37 160 19.48 90 21.16 20
15.60 412 16.53 316 17.46 232 18.38 159 19.49 89 21.19 19
15.62 411 16.54 315 17.47 231 18.39 158 19.52 88 21.23 18
15.63 410 16.56 314 17.48 230 18.42 157 19.53 87 21.26 17
15.64 408 16.57 312 17.50 228 18.43 156 19.55 86 21.30 16
15.66 407 16.58 311 17.51 227 18.45 155 19.57 85 21.34 15
15.67 405 16.60 310 17.52 226 18.46 154 19.58 84 21.38 14
15.68 404 16.61 309 17.53 225 18.47 153 19.61 83 21.44 13
15.70 402 16.62 307 17.55 224 18.49 152 19.62 82 21.48 12
15.71 401 16.64 306 17.56 223 18.50 151 19.64 81 21.52 11
15.72 399 16.65 305 17.57 222 18.51 150 19.66 80 21.57 10
21.62 9 21.73 7 21.86 5 22.01 3 22.22 1
21.67 8 21.79 6 21.93 4 22.10 2
