9.74 1371 10.71 1200 11.69 1039 12.66 889 13.64 750 14.61 621
9.75 1368 10.73 1197 11.70 1037 12.68 887 13.65 748 14.62 620
9.77 1366 10.74 1195 11.72 1035 12.69 885 13.66 746 14.64 618
9.78 1363 10.76 1193 11.73 1032 12.70 883 13.68 744 14.65 616
9.79 1361 10.77 1190 11.74 1030 12.72 881 13.69 742 14.67 614
9.81 1358 10.78 1188 11.76 1028 12.73 879 13.71 740 14.68 613
9.82 1356 10.80 1185 11.77 1026 12.75 877 13.72 738 14.69 611
9.84 1353 10.81 1183 11.79 1024 12.76 875 13.73 737 14.71 609
9.85 1351 10.82 1181 11.80 1021 12.77 873 13.75 735 14.72 607
9.86 1348 10.84 1178 11.81 1019 12.79 871 13.76 733 14.74 606
9.88 1346 10.85 1176 11.83 1017 12.80 869 13.78 731 14.75 604
9.89 1343 10.87 1174 11.84 1015 12.82 867 13.79 729 14.76 602
9.91 1341 10.88 1171 11.85 1013 12.83 865 13.80 727 14.78 601
9.92 1338 10.89 1169 11.87 1010 12.84 862 13.82 725 14.79 599
9.93 1336 10.91 1167 11.88 1008 12.86 860 13.83 723 14.81 597
9.95 1333 10.92 1164 11.90 1006 12.87 858 13.85 721 14.82 595
9.96 1331 10.94 1162 11.91 1004 12.88 856 13.86 720 14.83 594
9.98 1328 10.95 1160 11.92 1002 12.90 854 13.87 718 14.85 592
9.99 1326 10.96 1157 11.94 1000 12.91 852 13.89 716 14.86 590
10.00 1323 10.98 1155 11.95 997 12.93 850 13.90 714 14.88 589
10.02 1321 10.99 1153 11.97 995 12.94 848 13.91 712 14.89 587
10.03 1318 11.01 1150 11.98 993 12.95 846 13.93 710 14.90 585
10.05 1316 11.02 1148 11.99 991 12.97 844 13.94 708 14.92 583
10.06 1313 11.03 1146 12.01 989 12.98 842 13.96 706 14.93 582
10.07 1311 11.05 1143 12.02 987 13.00 840 13.97 705 14.94 580
10.09 1308 11.06 1141 12.04 984 13.01 838 13.98 703 14.96 578
10.10 1306 11.08 1139 12.05 982 13.02 836 14.00 701 14.97 577
10.11 1303 11.09 1136 12.06 980 13.04 834 14.01 699 14.99 575
10.13 1301 11.10 1134 12.08 978 13.05 832 14.03 697 15.00 573
10.14 1299 11.12 1132 12.09 976 13.07 830 14.04 695 15.01 571
10.16 1296 11.13 1130 12.11 974 13.08 828 14.05 693 15.03 570
10.17 1294 11.14 1127 12.12 971 13.09 826 14.07 692 15.04 568
10.18 1291 11.16 1125 12.13 969 13.11 824 14.08 690 15.06 566
10.20 1289 11.17 1123 12.15 967 13.12 822 14.10 688 15.07 565
10.21 1286 11.19 1120 12.16 965 13.14 820 14.11 686 15.08 563
10.23 1284 11.20 1118 12.17 963 13.15 818 14.12 684 15.10 561
10.24 1281 11.21 1116 12.19 961 13.16 816 14.14 682 15.11 560
10.25 1279 11.23 1113 12.20 959 13.18 814 14.15 681 15.13 558
10.27 1277 11.24 1111 12.22 956 13.19 812 14.17 679 15.14 556
10.28 1274 11.26 1109 12.23 954 13.20 810 14.18 677 15.15 555
10.30 1272 11.27 1107 12.24 952 13.22 808 14.19 675 15.17 553
10.31 1269 11.28 1104 12.26 950 13.23 806 14.21 673 15.18 551
10.32 1267 11.30 1102 12.27 948 13.25 804 14.22 672 15.20 550
10.34 1264 11.31 1100 12.29 946 13.26 802 14.23 670 15.21 548
10.35 1262 11.33 1098 12.30 944 13.27 800 14.25 668 15.22 546
10.37 1260 11.34 1095 12.31 941 13.29 798 14.26 666 15.24 545
10.38 1257 11.35 1093 12.33 939 13.30 796 14.28 664 15.25 543
10.39 1255 11.37 1091 12.34 937 13.32 794 14.29 662 15.27 541
10.41 1252 11.38 1088 12.36 935 13.33 792 14.30 661 15.28 540
10.42 1250 11.40 1086 12.37 933 13.34 791 14.32 659 15.29 538
10.43 1247 11.41 1084 12.38 931 13.36 789 14.33 657 15.31 537
10.45 1245 11.42 1082 12.40 929 13.37 787 14.35 655 15.32 535
10.46 1243 11.44 1079 12.41 927 13.39 785 14.36 653 15.33 533
10.48 1240 11.45 1077 12.43 925 13.40 783 14.37 652 15.35 532
10.49 1238 11.46 1075 12.44 922 13.41 781 14.39 650 15.36 530
10.50 1235 11.48 1073 12.45 920 13.43 779 14.40 648 15.38 528
10.52 1233 11.49 1070 12.47 918 13.44 777 14.42 646 15.39 527
10.53 1231 11.51 1068 12.48 916 13.46 775 14.43 644 15.40 525
10.55 1228 11.52 1066 12.50 914 13.47 773 14.44 643 15.42 523
10.56 1226 11.53 1064 12.51 912 13.48 771 14.46 641 15.43 522
10.57 1223 11.55 1061 12.52 910 13.50 769 14.47 639 15.45 520
10.59 1221 11.56 1059 12.54 908 13.51 767 14.49 637 15.46 519
10.60 1219 11.58 1057 12.55 906 13.53 765 14.50 636 15.47 517
10.62 1216 11.59 1055 12.56 904 13.54 763 14.51 634 15.49 515
10.63 1214 11.60 1052 12.58 902 13.55 761 14.53 632 15.50 514
10.64 1212 11.62 1050 12.59 900 13.57 759 14.54 630 15.52 512
10.66 1209 11.63 1048 12.61 897 13.58 758 14.56 629 15.53 511
10.67 1207 11.65 1046 12.62 895 13.59 756 14.57 627 15.54 509
10.69 1204 11.66 1044 12.63 893 13.61 754 14.58 625 15.56 507
10.70 1202 11.67 1041 12.65 891 13.62 752 14.60 623 15.57 506
15.59 504 16.56 398 17.53 303 18.51 221 19.50 149 20.71 79
15.60 503 16.57 397 17.55 302 18.52 220 19.51 148 20.74 78
15.61 501 16.59 395 17.56 301 18.54 218 19.52 147 20.75 77
15.63 499 16.60 394 17.58 300 18.55 217 19.54 146 20.78 76
15.64 498 16.62 392 17.59 298 18.56 216 19.57 145 20.79 75
15.65 496 16.63 391 17.60 297 18.58 215 19.58 144 20.82 74
15.67 495 16.64 389 17.62 296 18.59 214 19.59 143 20.83 73
15.68 493 16.66 388 17.63 295 18.61 213 19.61 142 20.86 72
15.70 491 16.67 387 17.65 293 18.62 212 19.62 141 20.87 71
15.71 490 16.68 385 17.66 292 18.63 211 19.64 140 20.90 70
15.72 488 16.70 384 17.67 291 18.65 210 19.65 139 20.92 69
15.74 487 16.71 382 17.69 290 18.66 209 19.66 138 20.94 68
15.75 485 16.73 381 17.70 288 18.68 208 19.68 137 20.96 67
15.77 484 16.74 380 17.71 287 18.69 207 19.71 136 20.99 66
15.78 482 16.75 378 17.73 286 18.70 206 19.72 135 21.01 65
15.79 480 16.77 377 17.74 285 18.72 204 19.73 134 21.03 64
15.81 479 16.78 375 17.76 283 18.73 203 19.75 133 21.06 63
15.82 477 16.80 374 17.77 282 18.75 202 19.76 132 21.07 62
15.84 476 16.81 373 17.78 281 18.76 201 19.78 131 21.10 61
15.85 474 16.82 371 17.80 280 18.77 200 19.80 130 21.13 60
15.86 473 16.84 370 17.81 279 18.79 199 19.82 129 21.14 59
15.88 471 16.85 368 17.83 277 18.80 198 19.83 128 21.17 58
15.89 470 16.87 367 17.84 276 18.81 197 19.84 127 21.19 57
15.91 468 16.88 366 17.85 275 18.83 196 19.86 126 21.21 56
15.92 466 16.89 364 17.87 274 18.84 195 19.87 125 21.24 55
15.93 465 16.91 363 17.88 273 18.86 194 19.90 124 21.26 54
15.95 463 16.92 362 17.90 271 18.87 193 19.91 123 21.29 53
15.96 462 16.94 360 17.91 270 18.88 192 19.93 122 21.31 52
15.97 460 16.95 359 17.92 269 18.90 191 19.94 121 21.33 51
15.99 459 16.96 357 17.94 268 18.91 190 19.96 120 21.36 50
16.00 457 16.98 356 17.95 267 18.93 189 19.98 119 21.39 49
16.02 456 16.99 355 17.97 265 18.94 188 20.00 118 21.42 48
16.03 454 17.01 353 17.98 264 18.95 187 20.01 117 21.43 47
16.04 453 17.02 352 17.99 263 18.97 186 20.03 116 21.46 46
16.06 451 17.03 351 18.01 262 18.98 185 20.04 115 21.49 45
16.07 450 17.05 349 18.02 261 19.00 184 20.07 114 21.52 44
16.09 448 17.06 348 18.04 259 19.01 183 20.08 113 21.54 43
16.10 447 17.07 347 18.05 258 19.02 182 20.10 112 21.57 42
16.11 445 17.09 345 18.06 257 19.04 181 20.11 111 21.60 41
16.13 444 17.10 344 18.08 256 19.05 180 20.14 110 21.63 40
16.14 442 17.12 343 18.09 255 19.07 179 20.15 109 21.65 39
16.16 441 17.13 341 18.10 254 19.08 178 20.16 108 21.68 38
16.17 439 17.14 340 18.12 252 19.09 177 20.18 107 21.71 37
16.18 438 17.16 339 18.13 251 19.11 176 20.21 106 21.74 36
16.20 436 17.17 337 18.15 250 19.12 175 20.22 105 21.77 35
16.21 435 17.19 336 18.16 249 19.13 174 20.23 104 21.79 34
16.23 433 17.20 335 18.17 248 19.15 173 20.26 103 21.82 33
16.24 432 17.21 333 18.19 247 19.16 172 20.28 102 21.85 32
16.25 430 17.23 332 18.20 245 19.18 171 20.29 101 21.89 31
16.27 429 17.24 331 18.22 244 19.19 170 20.30 100 21.92 30
16.28 427 17.26 329 18.23 243 19.20 169 20.33 99 21.95 29
16.30 426 17.27 328 18.24 242 19.22 168 20.35 98 21.99 28
16.31 424 17.28 327 18.26 241 19.23 167 20.36 97 22.02 27
16.32 423 17.30 325 18.27 240 19.25 166 20.39 96 22.04 26
16.34 421 17.31 324 18.29 239 19.26 165 20.40 95 22.09 25
16.35 420 17.33 323 18.30 237 19.27 164 20.42 94 22.11 24
16.36 418 17.34 321 18.31 236 19.29 163 20.44 93 22.16 23
16.38 417 17.35 320 18.33 235 19.30 162 20.46 92 22.18 22
16.39 415 17.37 319 18.34 234 19.32 161 20.47 91 22.22 21
16.41 414 17.38 318 18.36 233 19.33 160 20.50 90 22.27 20
16.42 412 17.39 316 18.37 232 19.34 159 20.51 89 22.29 19
16.43 411 17.41 315 18.38 231 19.36 158 20.54 88 22.34 18
16.45 410 17.42 314 18.40 230 19.39 157 20.55 87 22.38 17
16.46 408 17.44 312 18.41 228 19.40 156 20.57 86 22.42 16
16.48 407 17.45 311 18.42 227 19.41 155 20.60 85 22.46 15
16.49 405 17.46 310 18.44 226 19.43 154 20.61 84 22.50 14
16.50 404 17.48 309 18.45 225 19.44 153 20.64 83 22.56 13
16.52 402 17.49 307 18.47 224 19.45 152 20.65 82 22.60 12
16.53 401 17.51 306 18.48 223 19.47 151 20.67 81 22.64 11
16.55 399 17.52 305 18.49 222 19.48 150 20.69 80 22.70 10
22.75 9 22.87 7 23.00 5 23.16 3 23.38 1
22.81 8 22.93 6 23.07 4 23.26 2
