10.38 1371 11.42 1200 12.46 1039 13.50 889 14.54 750 15.58 621
10.40 1368 11.44 1197 12.47 1037 13.51 887 14.55 748 15.59 620
10.41 1366 11.45 1195 12.49 1035 13.53 885 14.57 746 15.61 618
10.43 1363 11.47 1193 12.50 1032 13.54 883 14.58 744 15.62 616
10.44 1361 11.48 1190 12.52 1030 13.56 881 14.60 742 15.64 614
10.46 1358 11.50 1188 12.53 1028 13.57 879 14.61 740 15.65 613
10.47 1356 11.51 1185 12.55 1026 13.59 877 14.63 738 15.66 611
10.49 1353 11.52 1183 12.56 1024 13.60 875 14.64 737 15.68 609
10.50 1351 11.54 1181 12.58 1021 13.62 873 14.66 735 15.69 607
10.52 1348 11.55 1178 12.59 1019 13.63 871 14.67 733 15.71 606
10.53 1346 11.57 1176 12.61 1017 13.65 869 14.69 731 15.72 604
10.55 1343 11.58 1174 12.62 1015 13.66 867 14.70 729 15.74 602
10.56 1341 11.60 1171 12.64 1013 13.68 865 14.72 727 15.75 601
10.58 1338 11.61 1169 12.65 1010 13.69 862 14.73 725 15.77 599
10.59 1336 11.63 1167 12.67 1008 13.71 860 14.74 723 15.78 597
10.60 1333 11.64 1164 12.68 1006 13.72 858 14.76 721 15.80 595
10.62 1331 11.66 1162 12.70 1004 13.74 856 14.77 720 15.81 594
10.63 1328 11.67 1160 12.71 1002 13.75 854 14.79 718 15.83 592
10.65 1326 11.69 1157 12.73 1000 13.77 852 14.80 716 15.84 590
10.66 1323 11.70 1155 12.74 997 13.78 850 14.82 714 15.86 589
10.68 1321 11.72 1153 12.76 995 13.80 848 14.83 712 15.87 587
10.69 1318 11.73 1150 12.77 993 13.81 846 14.85 710 15.89 585
10.71 1316 11.75 1148 12.79 991 13.82 844 14.86 708 15.90 583
10.72 1313 11.76 1146 12.80 989 13.84 842 14.88 706 15.92 582
10.74 1311 11.78 1143 12.82 987 13.85 840 14.89 705 15.93 580
10.75 1308 11.79 1141 12.83 984 13.87 838 14.91 703 15.95 578
10.77 1306 11.81 1139 12.85 982 13.88 836 14.92 701 15.96 577
10.78 1303 11.82 1136 12.86 980 13.90 834 14.94 699 15.98 575
10.80 1301 11.84 1134 12.88 978 13.91 832 14.95 697 15.99 573
10.81 1299 11.85 1132 12.89 976 13.93 830 14.97 695 16.01 571
10.83 1296 11.87 1130 12.90 974 13.94 828 14.98 693 16.02 570
10.84 1294 11.88 1127 12.92 971 13.96 826 15.00 692 16.04 568
10.86 1291 11.90 1125 12.93 969 13.97 824 15.01 690 16.05 566
10.87 1289 11.91 1123 12.95 967 13.99 822 15.03 688 16.07 565
10.89 1286 11.93 1120 12.96 965 14.00 820 15.04 686 16.08 563
10.90 1284 11.94 1118 12.98 963 14.02 818 15.06 684 16.10 561
10.92 1281 11.96 1116 12.99 961 14.03 816 15.07 682 16.11 560
10.93 1279 11.97 1113 13.01 959 14.05 814 15.09 681 16.12 558
10.95 1277 11.98 1111 13.02 956 14.06 812 15.10 679 16.14 556
10.96 1274 12.00 1109 13.04 954 14.08 810 15.12 677 16.15 555
10.98 1272 12.01 1107 13.05 952 14.09 808 15.13 675 16.17 553
10.99 1269 12.03 1104 13.07 950 14.11 806 15.15 673 16.18 551
11.01 1267 12.04 1102 13.08 948 14.12 804 15.16 672 16.20 550
11.02 1264 12.06 1100 13.10 946 14.14 802 15.18 670 16.21 548
11.04 1262 12.07 1098 13.11 944 14.15 800 15.19 668 16.23 546
11.05 1260 12.09 1095 13.13 941 14.17 798 15.20 666 16.24 545
11.06 1257 12.10 1093 13.14 939 14.18 796 15.22 664 16.26 543
11.08 1255 12.12 1091 13.16 937 14.20 794 15.23 662 16.27 541
11.09 1252 12.13 1088 13.17 935 14.21 792 15.25 661 16.29 540
11.11 1250 12.15 1086 13.19 933 14.23 791 15.26 659 16.30 538
11.12 1247 12.16 1084 13.20 931 14.24 789 15.28 657 16.32 537
11.14 1245 12.18 1082 13.22 929 14.26 787 15.29 655 16.33 535
11.15 1243 12.19 1079 13.23 927 14.27 785 15.31 653 16.35 533
11.17 1240 12.21 1077 13.25 925 14.28 783 15.32 652 16.36 532
11.18 1238 12.22 1075 13.26 922 14.30 781 15.34 650 16.38 530
11.20 1235 12.24 1073 13.28 920 14.31 779 15.35 648 16.39 528
11.21 1233 12.25 1070 13.29 918 14.33 777 15.37 646 16.41 527
11.23 1231 12.27 1068 13.31 916 14.34 775 15.38 644 16.42 525
11.24 1228 12.28 1066 13.32 914 14.36 773 15.40 643 16.44 523
11.26 1226 12.30 1064 13.34 912 14.37 771 15.41 641 16.45 522
11.27 1223 12.31 1061 13.35 910 14.39 769 15.43 639 16.47 520
11.29 1221 12.33 1059 13.36 908 14.40 767 15.44 637 16.48 519
11.30 1219 12.34 1057 13.38 906 14.42 765 15.46 636 16.50 517
11.32 1216 12.36 1055 13.39 904 14.43 763 15.47 634 16.51 515
11.33 1214 12.37 1052 13.41 902 14.45 761 15.49 632 16.53 514
11.35 1212 12.39 1050 13.42 900 14.46 759 15.50 630 16.54 512
11.36 1209 12.40 1048 13.44 897 14.48 758 15.52 629 16.56 511
11.38 1207 12.42 1046 13.45 895 14.49 756 15.53 627 16.57 509
11.39 1204 12.43 1044 13.47 893 14.51 754 15.55 625 16.58 507
11.41 1202 12.44 1041 13.48 891 14.52 752 15.56 623 16.60 506
16.61 504 17.65 398 18.69 303 19.73 221 20.78 149 22.08 79
16.63 503 17.67 397 18.71 302 19.75 220 20.80 148 22.11 78
16.64 501 17.68 395 18.72 301 19.76 218 20.81 147 22.12 77
16.66 499 17.70 394 18.74 300 19.78 217 20.83 146 22.15 76
16.67 498 17.71 392 18.75 298 19.79 216 20.86 145 22.16 75
16.69 496 17.73 391 18.77 297 19.81 215 20.87 144 22.19 74
16.70 495 17.74 389 18.78 296 19.82 214 20.89 143 22.21 73
16.72 493 17.76 388 18.80 295 19.83 213 20.90 142 22.24 72
16.73 491 17.77 387 18.81 293 19.85 212 20.92 141 22.25 71
16.75 490 17.79 385 18.83 292 19.86 211 20.93 140 22.28 70
16.76 488 17.80 384 18.84 291 19.88 210 20.95 139 22.30 69
16.78 487 17.82 382 18.86 290 19.89 209 20.96 138 22.33 68
16.79 485 17.83 381 18.87 288 19.91 208 20.98 137 22.34 67
16.81 484 17.85 380 18.89 287 19.92 207 21.01 136 22.37 66
16.82 482 17.86 378 18.90 286 19.94 206 21.02 135 22.40 65
16.84 480 17.88 377 18.91 285 19.95 204 21.04 134 22.42 64
16.85 479 17.89 375 18.93 283 19.97 203 21.05 133 22.45 63
16.87 477 17.91 374 18.94 282 19.98 202 21.07 132 22.46 62
16.88 476 17.92 373 18.96 281 20.00 201 21.08 131 22.49 61
16.90 474 17.94 371 18.97 280 20.01 200 21.11 130 22.52 60
16.91 473 17.95 370 18.99 279 20.03 199 21.13 129 22.54 59
16.93 471 17.97 368 19.00 277 20.04 198 21.14 128 22.57 58
16.94 470 17.98 367 19.02 276 20.06 197 21.16 127 22.59 57
16.96 468 17.99 366 19.03 275 20.07 196 21.17 126 22.61 56
16.97 466 18.01 364 19.05 274 20.09 195 21.19 125 22.64 55
16.99 465 18.02 363 19.06 273 20.10 194 21.21 124 22.67 54
17.00 463 18.04 362 19.08 271 20.12 193 21.23 123 22.70 53
17.02 462 18.05 360 19.09 270 20.13 192 21.24 122 22.71 52
17.03 460 18.07 359 19.11 269 20.15 191 21.26 121 22.74 51
17.05 459 18.08 357 19.12 268 20.16 190 21.27 120 22.77 50
17.06 457 18.10 356 19.14 267 20.18 189 21.30 119 22.80 49
17.07 456 18.11 355 19.15 265 20.19 188 21.32 118 22.83 48
17.09 454 18.13 353 19.17 264 20.21 187 21.33 117 22.85 47
17.10 453 18.14 352 19.18 263 20.22 186 21.35 116 22.88 46
17.12 451 18.16 351 19.20 262 20.24 185 21.36 115 22.91 45
17.13 450 18.17 349 19.21 261 20.25 184 21.39 114 22.94 44
17.15 448 18.19 348 19.23 259 20.27 183 21.41 113 22.97 43
17.16 447 18.20 347 19.24 258 20.28 182 21.42 112 23.00 42
17.18 445 18.22 345 19.26 257 20.29 181 21.44 111 23.03 41
17.19 444 18.23 344 19.27 256 20.31 180 21.47 110 23.05 40
17.21 442 18.25 343 19.29 255 20.32 179 21.48 109 23.08 39
17.22 441 18.26 341 19.30 254 20.34 178 21.50 108 23.11 38
17.24 439 18.28 340 19.32 252 20.35 177 21.51 107 23.14 37
17.25 438 18.29 339 19.33 251 20.37 176 21.54 106 23.17 36
17.27 436 18.31 337 19.35 250 20.38 175 21.56 105 23.20 35
17.28 435 18.32 336 19.36 249 20.40 174 21.57 104 23.23 34
17.30 433 18.34 335 19.37 248 20.41 173 21.60 103 23.26 33
17.31 432 18.35 333 19.39 247 20.43 172 21.62 102 23.29 32
17.33 430 18.37 332 19.40 245 20.44 171 21.63 101 23.34 31
17.34 429 18.38 331 19.42 244 20.46 170 21.65 100 23.37 30
17.36 427 18.40 329 19.43 243 20.47 169 21.67 99 23.40 29
17.37 426 18.41 328 19.45 242 20.49 168 21.69 98 23.44 28
17.39 424 18.43 327 19.46 241 20.50 167 21.70 97 23.47 27
17.40 423 18.44 325 19.48 240 20.52 166 21.73 96 23.50 26
17.42 421 18.45 324 19.49 239 20.53 165 21.75 95 23.54 25
17.43 420 18.47 323 19.51 237 20.55 164 21.76 94 23.57 24
17.45 418 18.48 321 19.52 236 20.56 163 21.79 93 23.62 23
17.46 417 18.50 320 19.54 235 20.58 162 21.81 92 23.65 22
17.48 415 18.51 319 19.55 234 20.59 161 21.82 91 23.69 21
17.49 414 18.53 318 19.57 233 20.61 160 21.85 90 23.74 20
17.51 412 18.54 316 19.58 232 20.62 159 21.87 89 23.77 19
17.52 411 18.56 315 19.60 231 20.64 158 21.90 88 23.81 18
17.53 410 18.57 314 19.61 230 20.67 157 21.91 87 23.86 17
17.55 408 18.59 312 19.63 228 20.68 156 21.93 86 23.90 16
17.56 407 18.60 311 19.64 227 20.70 155 21.96 85 23.95 15
17.58 405 18.62 310 19.66 226 20.71 154 21.97 84 23.99 14
17.59 404 18.63 309 19.67 225 20.73 153 22.00 83 24.05 13
17.61 402 18.65 307 19.69 224 20.74 152 22.02 82 24.09 12
17.62 401 18.66 306 19.70 223 20.75 151 22.03 81 24.14 11
17.64 399 18.68 305 19.72 222 20.77 150 22.06 80 24.20 10
24.26 9 24.38 7 24.52 5 24.69 3 24.92 1
24.32 8 24.45 6 24.60 4 24.79 2
