11.27 1371 12.40 1200 13.52 1039 14.65 889 15.78 750 16.91 621
11.29 1368 12.41 1197 13.54 1037 14.67 887 15.79 748 16.92 620
11.30 1366 12.43 1195 13.56 1035 14.68 885 15.81 746 16.94 618
11.32 1363 12.44 1193 13.57 1032 14.70 883 15.83 744 16.95 616
11.33 1361 12.46 1190 13.59 1030 14.72 881 15.84 742 16.97 614
11.35 1358 12.48 1188 13.60 1028 14.73 879 15.86 740 16.99 613
11.37 1356 12.49 1185 13.62 1026 14.75 877 15.88 738 17.00 611
11.38 1353 12.51 1183 13.64 1024 14.76 875 15.89 737 17.02 609
11.40 1351 12.53 1181 13.65 1021 14.78 873 15.91 735 17.03 607
11.41 1348 12.54 1178 13.67 1019 14.80 871 15.92 733 17.05 606
11.43 1346 12.56 1176 13.68 1017 14.81 869 15.94 731 17.07 604
11.45 1343 12.57 1174 13.70 1015 14.83 867 15.96 729 17.08 602
11.46 1341 12.59 1171 13.72 1013 14.84 865 15.97 727 17.10 601
11.48 1338 12.61 1169 13.73 1010 14.86 862 15.99 725 17.12 599
11.49 1336 12.62 1167 13.75 1008 14.88 860 16.00 723 17.13 597
11.51 1333 12.64 1164 13.77 1006 14.89 858 16.02 721 17.15 595
11.53 1331 12.65 1162 13.78 1004 14.91 856 16.04 720 17.16 594
11.54 1328 12.67 1160 13.80 1002 14.92 854 16.05 718 17.18 592
11.56 1326 12.69 1157 13.81 1000 14.94 852 16.07 716 17.20 590
11.57 1323 12.70 1155 13.83 997 14.96 850 16.08 714 17.21 589
11.59 1321 12.72 1153 13.85 995 14.97 848 16.10 712 17.23 587
11.61 1318 12.73 1150 13.86 993 14.99 846 16.12 710 17.24 585
11.62 1316 12.75 1148 13.88 991 15.01 844 16.13 708 17.26 583
11.64 1313 12.77 1146 13.89 989 15.02 842 16.15 706 17.28 582
11.66 1311 12.78 1143 13.91 987 15.04 840 16.17 705 17.29 580
11.67 1308 12.80 1141 13.93 984 15.05 838 16.18 703 17.31 578
11.69 1306 12.82 1139 13.94 982 15.07 836 16.20 701 17.32 577
11.70 1303 12.83 1136 13.96 980 15.09 834 16.21 699 17.34 575
11.72 1301 12.85 1134 13.97 978 15.10 832 16.23 697 17.36 573
11.74 1299 12.86 1132 13.99 976 15.12 830 16.25 695 17.37 571
11.75 1296 12.88 1130 14.01 974 15.13 828 16.26 693 17.39 570
11.77 1294 12.90 1127 14.02 971 15.15 826 16.28 692 17.41 568
11.78 1291 12.91 1125 14.04 969 15.17 824 16.29 690 17.42 566
11.80 1289 12.93 1123 14.06 967 15.18 822 16.31 688 17.44 565
11.82 1286 12.94 1120 14.07 965 15.20 820 16.33 686 17.45 563
11.83 1284 12.96 1118 14.09 963 15.21 818 16.34 684 17.47 561
11.85 1281 12.98 1116 14.10 961 15.23 816 16.36 682 17.49 560
11.86 1279 12.99 1113 14.12 959 15.25 814 16.37 681 17.50 558
11.88 1277 13.01 1111 14.14 956 15.26 812 16.39 679 17.52 556
11.90 1274 13.02 1109 14.15 954 15.28 810 16.41 677 17.53 555
11.91 1272 13.04 1107 14.17 952 15.30 808 16.42 675 17.55 553
11.93 1269 13.06 1104 14.18 950 15.31 806 16.44 673 17.57 551
11.95 1267 13.07 1102 14.20 948 15.33 804 16.45 672 17.58 550
11.96 1264 13.09 1100 14.22 946 15.34 802 16.47 670 17.60 548
11.98 1262 13.11 1098 14.23 944 15.36 800 16.49 668 17.61 546
11.99 1260 13.12 1095 14.25 941 15.38 798 16.50 666 17.63 545
12.01 1257 13.14 1093 14.26 939 15.39 796 16.52 664 17.65 543
12.03 1255 13.15 1091 14.28 937 15.41 794 16.54 662 17.66 541
12.04 1252 13.17 1088 14.30 935 15.42 792 16.55 661 17.68 540
12.06 1250 13.19 1086 14.31 933 15.44 791 16.57 659 17.70 538
12.07 1247 13.20 1084 14.33 931 15.46 789 16.58 657 17.71 537
12.09 1245 13.22 1082 14.35 929 15.47 787 16.60 655 17.73 535
12.11 1243 13.23 1079 14.36 927 15.49 785 16.62 653 17.74 533
12.12 1240 13.25 1077 14.38 925 15.50 783 16.63 652 17.76 532
12.14 1238 13.27 1075 14.39 922 15.52 781 16.65 650 17.78 530
12.15 1235 13.28 1073 14.41 920 15.54 779 16.66 648 17.79 528
12.17 1233 13.30 1070 14.43 918 15.55 777 16.68 646 17.81 527
12.19 1231 13.31 1068 14.44 916 15.57 775 16.70 644 17.82 525
12.20 1228 13.33 1066 14.46 914 15.59 773 16.71 643 17.84 523
12.22 1226 13.35 1064 14.47 912 15.60 771 16.73 641 17.86 522
12.24 1223 13.36 1061 14.49 910 15.62 769 16.74 639 17.87 520
12.25 1221 13.38 1059 14.51 908 15.63 767 16.76 637 17.89 519
12.27 1219 13.39 1057 14.52 906 15.65 765 16.78 636 17.90 517
12.28 1216 13.41 1055 14.54 904 15.67 763 16.79 634 17.92 515
12.30 1214 13.43 1052 14.55 902 15.68 761 16.81 632 17.94 514
12.32 1212 13.44 1050 14.57 900 15.70 759 16.83 630 17.95 512
12.33 1209 13.46 1048 14.59 897 15.71 758 16.84 629 17.97 511
12.35 1207 13.48 1046 14.60 895 15.73 756 16.86 627 17.99 509
12.36 1204 13.49 1044 14.62 893 15.75 754 16.87 625 18.00 507
12.38 1202 13.51 1041 14.64 891 15.76 752 16.89 623 18.02 506
18.03 504 19.16 398 20.29 303 21.42 221 22.56 149 23.96 79
18.05 503 19.18 397 20.30 302 21.43 220 22.58 148 23.99 78
18.07 501 19.19 395 20.32 301 21.45 218 22.59 147 24.01 77
18.08 499 19.21 394 20.34 300 21.46 217 22.61 146 24.04 76
18.10 498 19.23 392 20.35 298 21.48 216 22.64 145 24.06 75
18.11 496 19.24 391 20.37 297 21.50 215 22.66 144 24.09 74
18.13 495 19.26 389 20.38 296 21.51 214 22.67 143 24.11 73
18.15 493 19.27 388 20.40 295 21.53 213 22.69 142 24.14 72
18.16 491 19.29 387 20.42 293 21.54 212 22.70 141 24.15 71
18.18 490 19.31 385 20.43 292 21.56 211 22.72 140 24.19 70
18.19 488 19.32 384 20.45 291 21.58 210 22.74 139 24.20 69
18.21 487 19.34 382 20.47 290 21.59 209 22.75 138 24.23 68
18.23 485 19.35 381 20.48 288 21.61 208 22.77 137 24.25 67
18.24 484 19.37 380 20.50 287 21.62 207 22.80 136 24.28 66
18.26 482 19.39 378 20.51 286 21.64 206 22.82 135 24.31 65
18.27 480 19.40 377 20.53 285 21.66 204 22.83 134 24.33 64
18.29 479 19.42 375 20.55 283 21.67 203 22.85 133 24.36 63
18.31 477 19.43 374 20.56 282 21.69 202 22.87 132 24.38 62
18.32 476 19.45 373 20.58 281 21.71 201 22.88 131 24.41 61
18.34 474 19.47 371 20.59 280 21.72 200 22.91 130 24.44 60
18.36 473 19.48 370 20.61 279 21.74 199 22.93 129 24.46 59
18.37 471 19.50 368 20.63 277 21.75 198 22.95 128 24.49 58
18.39 470 19.52 367 20.64 276 21.77 197 22.96 127 24.52 57
18.40 468 19.53 366 20.66 275 21.79 196 22.98 126 24.54 56
18.42 466 19.55 364 20.67 274 21.80 195 22.99 125 24.57 55
18.44 465 19.56 363 20.69 273 21.82 194 23.03 124 24.60 54
18.45 463 19.58 362 20.71 271 21.83 193 23.04 123 24.64 53
18.47 462 19.60 360 20.72 270 21.85 192 23.06 122 24.65 52
18.48 460 19.61 359 20.74 269 21.87 191 23.07 121 24.68 51
18.50 459 19.63 357 20.76 268 21.88 190 23.09 120 24.72 50
18.52 457 19.64 356 20.77 267 21.90 189 23.12 119 24.75 49
18.53 456 19.66 355 20.79 265 21.91 188 23.14 118 24.78 48
18.55 454 19.68 353 20.80 264 21.93 187 23.15 117 24.80 47
18.56 453 19.69 352 20.82 263 21.95 186 23.17 116 24.83 46
18.58 451 19.71 351 20.84 262 21.96 185 23.19 115 24.86 45
18.60 450 19.72 349 20.85 261 21.98 184 23.22 114 24.89 44
18.61 448 19.74 348 20.87 259 22.00 183 23.24 113 24.93 43
18.63 447 19.76 347 20.88 258 22.01 182 23.25 112 24.96 42
18.65 445 19.77 345 20.90 257 22.03 181 23.27 111 24.99 41
18.66 444 19.79 344 20.92 256 22.04 180 23.30 110 25.02 40
18.68 442 19.80 343 20.93 255 22.06 179 23.32 109 25.06 39
18.69 441 19.82 341 20.95 254 22.08 178 23.33 108 25.09 38
18.71 439 19.84 340 20.96 252 22.09 177 23.35 107 25.12 37
18.73 438 19.85 339 20.98 251 22.11 176 23.38 106 25.15 36
18.74 436 19.87 337 21.00 250 22.12 175 23.40 105 25.18 35
18.76 435 19.89 336 21.01 249 22.14 174 23.41 104 25.22 34
18.77 433 19.90 335 21.03 248 22.16 173 23.44 103 25.25 33
18.79 432 19.92 333 21.05 247 22.17 172 23.46 102 25.28 32
18.81 430 19.93 332 21.06 245 22.19 171 23.48 101 25.33 31
18.82 429 19.95 331 21.08 244 22.20 170 23.49 100 25.36 30
18.84 427 19.97 329 21.09 243 22.22 169 23.53 99 25.39 29
18.85 426 19.98 328 21.11 242 22.24 168 23.54 98 25.44 28
18.87 424 20.00 327 21.13 241 22.25 167 23.56 97 25.47 27
18.89 423 20.01 325 21.14 240 22.27 166 23.59 96 25.51 26
18.90 421 20.03 324 21.16 239 22.29 165 23.61 95 25.55 25
18.92 420 20.05 323 21.17 237 22.30 164 23.62 94 25.59 24
18.94 418 20.06 321 21.19 236 22.32 163 23.65 93 25.64 23
18.95 417 20.08 320 21.21 235 22.33 162 23.67 92 25.67 22
18.97 415 20.09 319 21.22 234 22.35 161 23.69 91 25.72 21
18.98 414 20.11 318 21.24 233 22.37 160 23.72 90 25.76 20
19.00 412 20.13 316 21.25 232 22.38 159 23.73 89 25.80 19
19.02 411 20.14 315 21.27 231 22.40 158 23.77 88 25.84 18
19.03 410 20.16 314 21.29 230 22.43 157 23.78 87 25.89 17
19.05 408 20.18 312 21.30 228 22.45 156 23.80 86 25.94 16
19.06 407 20.19 311 21.32 227 22.46 155 23.83 85 25.99 15
19.08 405 20.21 310 21.33 226 22.48 154 23.85 84 26.04 14
19.10 404 20.22 309 21.35 225 22.49 153 23.88 83 26.10 13
19.11 402 20.24 307 21.37 224 22.51 152 23.90 82 26.15 12
19.13 401 20.26 306 21.38 223 22.53 151 23.91 81 26.20 11
19.14 399 20.27 305 21.40 222 22.54 150 23.94 80 26.26 10
26.33 9 26.46 7 26.62 5 26.79 3 27.05 1
26.39 8 26.54 6 26.70 4 26.91 2
