12.61 1371 13.87 1200 15.13 1039 16.39 889 17.66 750 18.92 621
12.63 1368 13.89 1197 15.15 1037 16.41 887 17.67 748 18.94 620
12.65 1366 13.91 1195 15.17 1035 16.43 885 17.69 746 18.95 618
12.66 1363 13.93 1193 15.19 1032 16.45 883 17.71 744 18.97 616
12.68 1361 13.94 1190 15.20 1030 16.47 881 17.73 742 18.99 614
12.70 1358 13.96 1188 15.22 1028 16.48 879 17.75 740 19.01 613
12.72 1356 13.98 1185 15.24 1026 16.50 877 17.76 738 19.03 611
12.74 1353 14.00 1183 15.26 1024 16.52 875 17.78 737 19.04 609
12.75 1351 14.02 1181 15.28 1021 16.54 873 17.80 735 19.06 607
12.77 1348 14.03 1178 15.30 1019 16.56 871 17.82 733 19.08 606
12.79 1346 14.05 1176 15.31 1017 16.57 869 17.84 731 19.10 604
12.81 1343 14.07 1174 15.33 1015 16.59 867 17.85 729 19.12 602
12.83 1341 14.09 1171 15.35 1013 16.61 865 17.87 727 19.13 601
12.84 1338 14.11 1169 15.37 1010 16.63 862 17.89 725 19.15 599
12.86 1336 14.12 1167 15.39 1008 16.65 860 17.91 723 19.17 597
12.88 1333 14.14 1164 15.40 1006 16.66 858 17.93 721 19.19 595
12.90 1331 14.16 1162 15.42 1004 16.68 856 17.94 720 19.21 594
12.92 1328 14.18 1160 15.44 1002 16.70 854 17.96 718 19.22 592
12.93 1326 14.20 1157 15.46 1000 16.72 852 17.98 716 19.24 590
12.95 1323 14.21 1155 15.48 997 16.74 850 18.00 714 19.26 589
12.97 1321 14.23 1153 15.49 995 16.75 848 18.02 712 19.28 587
12.99 1318 14.25 1150 15.51 993 16.77 846 18.03 710 19.30 585
13.01 1316 14.27 1148 15.53 991 16.79 844 18.05 708 19.31 583
13.02 1313 14.29 1146 15.55 989 16.81 842 18.07 706 19.33 582
13.04 1311 14.30 1143 15.57 987 16.83 840 18.09 705 19.35 580
13.06 1308 14.32 1141 15.58 984 16.84 838 18.11 703 19.37 578
13.08 1306 14.34 1139 15.60 982 16.86 836 18.12 701 19.39 577
13.10 1303 14.36 1136 15.62 980 16.88 834 18.14 699 19.40 575
13.11 1301 14.38 1134 15.64 978 16.90 832 18.16 697 19.42 573
13.13 1299 14.39 1132 15.66 976 16.92 830 18.18 695 19.44 571
13.15 1296 14.41 1130 15.67 974 16.93 828 18.20 693 19.46 570
13.17 1294 14.43 1127 15.69 971 16.95 826 18.21 692 19.48 568
13.19 1291 14.45 1125 15.71 969 16.97 824 18.23 690 19.49 566
13.20 1289 14.47 1123 15.73 967 16.99 822 18.25 688 19.51 565
13.22 1286 14.48 1120 15.75 965 17.01 820 18.27 686 19.53 563
13.24 1284 14.50 1118 15.76 963 17.03 818 18.29 684 19.55 561
13.26 1281 14.52 1116 15.78 961 17.04 816 18.30 682 19.57 560
13.28 1279 14.54 1113 15.80 959 17.06 814 18.32 681 19.58 558
13.29 1277 14.56 1111 15.82 956 17.08 812 18.34 679 19.60 556
13.31 1274 14.57 1109 15.84 954 17.10 810 18.36 677 19.62 555
13.33 1272 14.59 1107 15.85 952 17.12 808 18.38 675 19.64 553
13.35 1269 14.61 1104 15.87 950 17.13 806 18.39 673 19.66 551
13.37 1267 14.63 1102 15.89 948 17.15 804 18.41 672 19.67 550
13.38 1264 14.65 1100 15.91 946 17.17 802 18.43 670 19.69 548
13.40 1262 14.66 1098 15.93 944 17.19 800 18.45 668 19.71 546
13.42 1260 14.68 1095 15.94 941 17.21 798 18.47 666 19.73 545
13.44 1257 14.70 1093 15.96 939 17.22 796 18.48 664 19.75 543
13.46 1255 14.72 1091 15.98 937 17.24 794 18.50 662 19.76 541
13.47 1252 14.74 1088 16.00 935 17.26 792 18.52 661 19.78 540
13.49 1250 14.75 1086 16.02 933 17.28 791 18.54 659 19.80 538
13.51 1247 14.77 1084 16.03 931 17.30 789 18.56 657 19.82 537
13.53 1245 14.79 1082 16.05 929 17.31 787 18.57 655 19.84 535
13.55 1243 14.81 1079 16.07 927 17.33 785 18.59 653 19.85 533
13.57 1240 14.83 1077 16.09 925 17.35 783 18.61 652 19.87 532
13.58 1238 14.84 1075 16.11 922 17.37 781 18.63 650 19.89 530
13.60 1235 14.86 1073 16.12 920 17.39 779 18.65 648 19.91 528
13.62 1233 14.88 1070 16.14 918 17.40 777 18.67 646 19.93 527
13.64 1231 14.90 1068 16.16 916 17.42 775 18.68 644 19.94 525
13.66 1228 14.92 1066 16.18 914 17.44 773 18.70 643 19.96 523
13.67 1226 14.93 1064 16.20 912 17.46 771 18.72 641 19.98 522
13.69 1223 14.95 1061 16.21 910 17.48 769 18.74 639 20.00 520
13.71 1221 14.97 1059 16.23 908 17.49 767 18.76 637 20.02 519
13.73 1219 14.99 1057 16.25 906 17.51 765 18.77 636 20.03 517
13.75 1216 15.01 1055 16.27 904 17.53 763 18.79 634 20.05 515
13.76 1214 15.02 1052 16.29 902 17.55 761 18.81 632 20.07 514
13.78 1212 15.04 1050 16.30 900 17.57 759 18.83 630 20.09 512
13.80 1209 15.06 1048 16.32 897 17.58 758 18.85 629 20.11 511
13.82 1207 15.08 1046 16.34 895 17.60 756 18.86 627 20.12 509
13.84 1204 15.10 1044 16.36 893 17.62 754 18.88 625 20.14 507
13.85 1202 15.11 1041 16.38 891 17.64 752 18.90 623 20.16 506
20.18 504 21.44 398 22.70 303 23.96 221 25.24 149 26.81 79
20.20 503 21.46 397 22.72 302 23.98 220 25.26 148 26.85 78
20.21 501 21.48 395 22.74 301 24.00 218 25.28 147 26.86 77
20.23 499 21.49 394 22.76 300 24.02 217 25.30 146 26.90 76
20.25 498 21.51 392 22.77 298 24.04 216 25.33 145 26.92 75
20.27 496 21.53 391 22.79 297 24.05 215 25.35 144 26.95 74
20.29 495 21.55 389 22.81 296 24.07 214 25.37 143 26.97 73
20.30 493 21.57 388 22.83 295 24.09 213 25.39 142 27.01 72
20.32 491 21.58 387 22.85 293 24.11 212 25.40 141 27.03 71
20.34 490 21.60 385 22.86 292 24.13 211 25.42 140 27.06 70
20.36 488 21.62 384 22.88 291 24.14 210 25.44 139 27.08 69
20.38 487 21.64 382 22.90 290 24.16 209 25.46 138 27.12 68
20.40 485 21.66 381 22.92 288 24.18 208 25.48 137 27.14 67
20.41 484 21.67 380 22.94 287 24.20 207 25.51 136 27.17 66
20.43 482 21.69 378 22.95 286 24.22 206 25.53 135 27.21 65
20.45 480 21.71 377 22.97 285 24.23 204 25.55 134 27.23 64
20.47 479 21.73 375 22.99 283 24.25 203 25.57 133 27.26 63
20.49 477 21.75 374 23.01 282 24.27 202 25.59 132 27.28 62
20.50 476 21.76 373 23.03 281 24.29 201 25.60 131 27.32 61
20.52 474 21.78 371 23.04 280 24.31 200 25.64 130 27.35 60
20.54 473 21.80 370 23.06 279 24.32 199 25.66 129 27.37 59
20.56 471 21.82 368 23.08 277 24.34 198 25.68 128 27.41 58
20.58 470 21.84 367 23.10 276 24.36 197 25.69 127 27.44 57
20.59 468 21.85 366 23.12 275 24.38 196 25.71 126 27.46 56
20.61 466 21.87 364 23.13 274 24.40 195 25.73 125 27.50 55
20.63 465 21.89 363 23.15 273 24.41 194 25.77 124 27.53 54
20.65 463 21.91 362 23.17 271 24.43 193 25.78 123 27.57 53
20.67 462 21.93 360 23.19 270 24.45 192 25.80 122 27.59 52
20.68 460 21.94 359 23.21 269 24.47 191 25.82 121 27.62 51
20.70 459 21.96 357 23.22 268 24.49 190 25.84 120 27.66 50
20.72 457 21.98 356 23.24 267 24.50 189 25.87 119 27.69 49
20.74 456 22.00 355 23.26 265 24.52 188 25.89 118 27.73 48
20.76 454 22.02 353 23.28 264 24.54 187 25.91 117 27.75 47
20.77 453 22.04 352 23.30 263 24.56 186 25.93 116 27.78 46
20.79 451 22.05 351 23.31 262 24.58 185 25.95 115 27.82 45
20.81 450 22.07 349 23.33 261 24.59 184 25.98 114 27.86 44
20.83 448 22.09 348 23.35 259 24.61 183 26.00 113 27.89 43
20.85 447 22.11 347 23.37 258 24.63 182 26.02 112 27.93 42
20.86 445 22.13 345 23.39 257 24.65 181 26.04 111 27.96 41
20.88 444 22.14 344 23.40 256 24.67 180 26.07 110 28.00 40
20.90 442 22.16 343 23.42 255 24.68 179 26.09 109 28.04 39
20.92 441 22.18 341 23.44 254 24.70 178 26.11 108 28.07 38
20.94 439 22.20 340 23.46 252 24.72 177 26.13 107 28.11 37
20.95 438 22.22 339 23.48 251 24.74 176 26.16 106 28.14 36
20.97 436 22.23 337 23.49 250 24.76 175 26.18 105 28.18 35
20.99 435 22.25 336 23.51 249 24.77 174 26.20 104 28.22 34
21.01 433 22.27 335 23.53 248 24.79 173 26.23 103 28.25 33
21.03 432 22.29 333 23.55 247 24.81 172 26.25 102 28.29 32
21.04 430 22.31 332 23.57 245 24.83 171 26.27 101 28.34 31
21.06 429 22.32 331 23.58 244 24.85 170 26.29 100 28.38 30
21.08 427 22.34 329 23.60 243 24.86 169 26.32 99 28.41 29
21.10 426 22.36 328 23.62 242 24.88 168 26.34 98 28.47 28
21.12 424 22.38 327 23.64 241 24.90 167 26.36 97 28.50 27
21.13 423 22.40 325 23.66 240 24.92 166 26.40 96 28.54 26
21.15 421 22.41 324 23.67 239 24.94 165 26.41 95 28.59 25
21.17 420 22.43 323 23.69 237 24.95 164 26.43 94 28.63 24
21.19 418 22.45 321 23.71 236 24.97 163 26.47 93 28.68 23
21.21 417 22.47 320 23.73 235 24.99 162 26.49 92 28.72 22
21.22 415 22.49 319 23.75 234 25.01 161 26.50 91 28.77 21
21.24 414 22.50 318 23.77 233 25.03 160 26.54 90 28.83 20
21.26 412 22.52 316 23.78 232 25.04 159 26.56 89 28.87 19
21.28 411 22.54 315 23.80 231 25.06 158 26.59 88 28.92 18
21.30 410 22.56 314 23.82 230 25.10 157 26.61 87 28.97 17
21.31 408 22.58 312 23.84 228 25.12 156 26.63 86 29.03 16
21.33 407 22.59 311 23.86 227 25.13 155 26.67 85 29.08 15
21.35 405 22.61 310 23.87 226 25.15 154 26.68 84 29.14 14
21.37 404 22.63 309 23.89 225 25.17 153 26.72 83 29.21 13
21.39 402 22.65 307 23.91 224 25.19 152 26.74 82 29.26 12
21.40 401 22.67 306 23.93 223 25.21 151 26.76 81 29.32 11
21.42 399 22.68 305 23.95 222 25.22 150 26.79 80 29.39 10
29.46 9 29.60 7 29.78 5 29.98 3 30.27 1
29.53 8 29.69 6 29.87 4 30.11 2
