14.90 1371 16.39 1200 17.88 1039 19.37 889 20.86 750 22.35 621
14.92 1368 16.41 1197 17.90 1037 19.39 887 20.88 748 22.37 620
14.94 1366 16.43 1195 17.92 1035 19.41 885 20.90 746 22.39 618
14.96 1363 16.45 1193 17.94 1032 19.43 883 20.92 744 22.41 616
14.98 1361 16.47 1190 17.96 1030 19.45 881 20.94 742 22.43 614
15.00 1358 16.49 1188 17.99 1028 19.48 879 20.97 740 22.46 613
15.03 1356 16.52 1185 18.01 1026 19.50 877 20.99 738 22.48 611
15.05 1353 16.54 1183 18.03 1024 19.52 875 21.01 737 22.50 609
15.07 1351 16.56 1181 18.05 1021 19.54 873 21.03 735 22.52 607
15.09 1348 16.58 1178 18.07 1019 19.56 871 21.05 733 22.54 606
15.11 1346 16.60 1176 18.09 1017 19.58 869 21.07 731 22.56 604
15.13 1343 16.62 1174 18.11 1015 19.60 867 21.09 729 22.58 602
15.15 1341 16.64 1171 18.13 1013 19.62 865 21.11 727 22.61 601
15.17 1338 16.67 1169 18.16 1010 19.65 862 21.14 725 22.63 599
15.20 1336 16.69 1167 18.18 1008 19.67 860 21.16 723 22.65 597
15.22 1333 16.71 1164 18.20 1006 19.69 858 21.18 721 22.67 595
15.24 1331 16.73 1162 18.22 1004 19.71 856 21.20 720 22.69 594
15.26 1328 16.75 1160 18.24 1002 19.73 854 21.22 718 22.71 592
15.28 1326 16.77 1157 18.26 1000 19.75 852 21.24 716 22.73 590
15.30 1323 16.79 1155 18.28 997 19.77 850 21.26 714 22.75 589
15.32 1321 16.81 1153 18.30 995 19.79 848 21.29 712 22.78 587
15.35 1318 16.84 1150 18.33 993 19.82 846 21.31 710 22.80 585
15.37 1316 16.86 1148 18.35 991 19.84 844 21.33 708 22.82 583
15.39 1313 16.88 1146 18.37 989 19.86 842 21.35 706 22.84 582
15.41 1311 16.90 1143 18.39 987 19.88 840 21.37 705 22.86 580
15.43 1308 16.92 1141 18.41 984 19.90 838 21.39 703 22.88 578
15.45 1306 16.94 1139 18.43 982 19.92 836 21.41 701 22.90 577
15.47 1303 16.96 1136 18.45 980 19.94 834 21.43 699 22.92 575
15.49 1301 16.98 1134 18.47 978 19.97 832 21.46 697 22.95 573
15.52 1299 17.01 1132 18.50 976 19.99 830 21.48 695 22.97 571
15.54 1296 17.03 1130 18.52 974 20.01 828 21.50 693 22.99 570
15.56 1294 17.05 1127 18.54 971 20.03 826 21.52 692 23.01 568
15.58 1291 17.07 1125 18.56 969 20.05 824 21.54 690 23.03 566
15.60 1289 17.09 1123 18.58 967 20.07 822 21.56 688 23.05 565
15.62 1286 17.11 1120 18.60 965 20.09 820 21.58 686 23.07 563
15.64 1284 17.13 1118 18.62 963 20.11 818 21.60 684 23.09 561
15.66 1281 17.15 1116 18.65 961 20.14 816 21.63 682 23.12 560
15.69 1279 17.18 1113 18.67 959 20.16 814 21.65 681 23.14 558
15.71 1277 17.20 1111 18.69 956 20.18 812 21.67 679 23.16 556
15.73 1274 17.22 1109 18.71 954 20.20 810 21.69 677 23.18 555
15.75 1272 17.24 1107 18.73 952 20.22 808 21.71 675 23.20 553
15.77 1269 17.26 1104 18.75 950 20.24 806 21.73 673 23.22 551
15.79 1267 17.28 1102 18.77 948 20.26 804 21.75 672 23.24 550
15.81 1264 17.30 1100 18.79 946 20.28 802 21.77 670 23.27 548
15.83 1262 17.33 1098 18.82 944 20.31 800 21.80 668 23.29 546
15.86 1260 17.35 1095 18.84 941 20.33 798 21.82 666 23.31 545
15.88 1257 17.37 1093 18.86 939 20.35 796 21.84 664 23.33 543
15.90 1255 17.39 1091 18.88 937 20.37 794 21.86 662 23.35 541
15.92 1252 17.41 1088 18.90 935 20.39 792 21.88 661 23.37 540
15.94 1250 17.43 1086 18.92 933 20.41 791 21.90 659 23.39 538
15.96 1247 17.45 1084 18.94 931 20.43 789 21.92 657 23.41 537
15.98 1245 17.47 1082 18.96 929 20.45 787 21.95 655 23.44 535
16.01 1243 17.50 1079 18.99 927 20.48 785 21.97 653 23.46 533
16.03 1240 17.52 1077 19.01 925 20.50 783 21.99 652 23.48 532
16.05 1238 17.54 1075 19.03 922 20.52 781 22.01 650 23.50 530
16.07 1235 17.56 1073 19.05 920 20.54 779 22.03 648 23.52 528
16.09 1233 17.58 1070 19.07 918 20.56 777 22.05 646 23.54 527
16.11 1231 17.60 1068 19.09 916 20.58 775 22.07 644 23.56 525
16.13 1228 17.62 1066 19.11 914 20.60 773 22.09 643 23.58 523
16.15 1226 17.64 1064 19.13 912 20.63 771 22.12 641 23.61 522
16.18 1223 17.67 1061 19.16 910 20.65 769 22.14 639 23.63 520
16.20 1221 17.69 1059 19.18 908 20.67 767 22.16 637 23.65 519
16.22 1219 17.71 1057 19.20 906 20.69 765 22.18 636 23.67 517
16.24 1216 17.73 1055 19.22 904 20.71 763 22.20 634 23.69 515
16.26 1214 17.75 1052 19.24 902 20.73 761 22.22 632 23.71 514
16.28 1212 17.77 1050 19.26 900 20.75 759 22.24 630 23.73 512
16.30 1209 17.79 1048 19.28 897 20.77 758 22.26 629 23.75 511
16.32 1207 17.81 1046 19.31 895 20.80 756 22.29 627 23.78 509
16.35 1204 17.84 1044 19.33 893 20.82 754 22.31 625 23.80 507
16.37 1202 17.86 1041 19.35 891 20.84 752 22.33 623 23.82 506
23.84 504 25.33 398 26.82 303 28.31 221 29.82 149 31.67 79
23.86 503 25.35 397 26.84 302 28.33 220 29.84 148 31.72 78
23.88 501 25.37 395 26.86 301 28.35 218 29.87 147 31.74 77
23.90 499 25.39 394 26.88 300 28.37 217 29.89 146 31.78 76
23.93 498 25.42 392 26.91 298 28.40 216 29.93 145 31.80 75
23.95 496 25.44 391 26.93 297 28.42 215 29.95 144 31.85 74
23.97 495 25.46 389 26.95 296 28.44 214 29.97 143 31.87 73
23.99 493 25.48 388 26.97 295 28.46 213 29.99 142 31.91 72
24.01 491 25.50 387 26.99 293 28.48 212 30.01 141 31.93 71
24.03 490 25.52 385 27.01 292 28.50 211 30.04 140 31.97 70
24.05 488 25.54 384 27.03 291 28.52 210 30.06 139 31.99 69
24.07 487 25.56 382 27.05 290 28.55 209 30.08 138 32.04 68
24.10 485 25.59 381 27.08 288 28.57 208 30.10 137 32.06 67
24.12 484 25.61 380 27.10 287 28.59 207 30.14 136 32.10 66
24.14 482 25.63 378 27.12 286 28.61 206 30.16 135 32.14 65
24.16 480 25.65 377 27.14 285 28.63 204 30.18 134 32.16 64
24.18 479 25.67 375 27.16 283 28.65 203 30.21 133 32.21 63
24.20 477 25.69 374 27.18 282 28.67 202 30.23 132 32.23 62
24.22 476 25.71 373 27.20 281 28.69 201 30.25 131 32.27 61
24.24 474 25.73 371 27.23 280 28.72 200 30.29 130 32.31 60
24.27 473 25.76 370 27.25 279 28.74 199 30.31 129 32.33 59
24.29 471 25.78 368 27.27 277 28.76 198 30.33 128 32.38 58
24.31 470 25.80 367 27.29 276 28.78 197 30.35 127 32.42 57
24.33 468 25.82 366 27.31 275 28.80 196 30.38 126 32.44 56
24.35 466 25.84 364 27.33 274 28.82 195 30.40 125 32.48 55
24.37 465 25.86 363 27.35 273 28.84 194 30.44 124 32.53 54
24.39 463 25.88 362 27.37 271 28.86 193 30.46 123 32.57 53
24.41 462 25.91 360 27.40 270 28.89 192 30.48 122 32.59 52
24.44 460 25.93 359 27.42 269 28.91 191 30.50 121 32.63 51
24.46 459 25.95 357 27.44 268 28.93 190 30.53 120 32.68 50
24.48 457 25.97 356 27.46 267 28.95 189 30.57 119 32.72 49
24.50 456 25.99 355 27.48 265 28.97 188 30.59 118 32.76 48
24.52 454 26.01 353 27.50 264 28.99 187 30.61 117 32.78 47
24.54 453 26.03 352 27.52 263 29.01 186 30.63 116 32.82 46
24.56 451 26.05 351 27.54 262 29.03 185 30.65 115 32.87 45
24.59 450 26.08 349 27.57 261 29.06 184 30.70 114 32.91 44
24.61 448 26.10 348 27.59 259 29.08 183 30.72 113 32.95 43
24.63 447 26.12 347 27.61 258 29.10 182 30.74 112 32.99 42
24.65 445 26.14 345 27.63 257 29.12 181 30.76 111 33.04 41
24.67 444 26.16 344 27.65 256 29.14 180 30.80 110 33.08 40
24.69 442 26.18 343 27.67 255 29.16 179 30.82 109 33.12 39
24.71 441 26.20 341 27.69 254 29.18 178 30.84 108 33.17 38
24.73 439 26.22 340 27.71 252 29.21 177 30.87 107 33.21 37
24.76 438 26.25 339 27.74 251 29.23 176 30.91 106 33.25 36
24.78 436 26.27 337 27.76 250 29.25 175 30.93 105 33.29 35
24.80 435 26.29 336 27.78 249 29.27 174 30.95 104 33.34 34
24.82 433 26.31 335 27.80 248 29.29 173 30.99 103 33.38 33
24.84 432 26.33 333 27.82 247 29.31 172 31.01 102 33.42 32
24.86 430 26.35 332 27.84 245 29.33 171 31.04 101 33.48 31
24.88 429 26.37 331 27.86 244 29.35 170 31.06 100 33.53 30
24.90 427 26.39 329 27.89 243 29.38 169 31.10 99 33.57 29
24.93 426 26.42 328 27.91 242 29.40 168 31.12 98 33.63 28
24.95 424 26.44 327 27.93 241 29.42 167 31.14 97 33.68 27
24.97 423 26.46 325 27.95 240 29.44 166 31.19 96 33.72 26
24.99 421 26.48 324 27.97 239 29.46 165 31.21 95 33.78 25
25.01 420 26.50 323 27.99 237 29.48 164 31.23 94 33.83 24
25.03 418 26.52 321 28.01 236 29.50 163 31.27 93 33.89 23
25.05 417 26.54 320 28.03 235 29.52 162 31.29 92 33.93 22
25.07 415 26.57 319 28.06 234 29.55 161 31.31 91 34.00 21
25.10 414 26.59 318 28.08 233 29.57 160 31.36 90 34.06 20
25.12 412 26.61 316 28.10 232 29.59 159 31.38 89 34.10 19
25.14 411 26.63 315 28.12 231 29.61 158 31.42 88 34.17 18
25.16 410 26.65 314 28.14 230 29.65 157 31.44 87 34.23 17
25.18 408 26.67 312 28.16 228 29.67 156 31.46 86 34.29 16
25.20 407 26.69 311 28.18 227 29.69 155 31.50 85 34.36 15
25.22 405 26.71 310 28.20 226 29.72 154 31.53 84 34.42 14
25.25 404 26.74 309 28.23 225 29.74 153 31.57 83 34.51 13
25.27 402 26.76 307 28.25 224 29.76 152 31.59 82 34.57 12
25.29 401 26.78 306 28.27 223 29.78 151 31.61 81 34.63 11
25.31 399 26.80 305 28.29 222 29.80 150 31.65 80 34.72 10
34.80 9 34.97 7 35.19 5 35.42 3 35.76 1
34.89 8 35.08 6 35.29 4 35.57 2
