7.00 1371
7.01 1368
7.02 1366
7.03 1363
7.04 1361
7.05 1358
7.06 1356
7.07 1353
7.08 1351
7.09 1348
7.10 1346
7.11 1343
7.12 1341
7.13 1338
7.14 1336
7.15 1333
7.16 1331
7.17 1328
7.18 1326
7.19 1323
7.20 1321
7.21 1318
7.22 1316
7.23 1313
7.24 1311
7.25 1308
7.26 1306
7.27 1303
7.28 1301
7.29 1299
7.30 1296
7.31 1294
7.32 1291
7.33 1289
7.34 1286
7.35 1284
7.36 1281
7.37 1279
7.38 1277
7.39 1274
7.40 1272
7.41 1269
7.42 1267
7.43 1264
7.44 1262
7.45 1260
7.46 1257
7.47 1255
7.48 1252
7.49 1250

7.50 1247
7.51 1245
7.52 1243
7.53 1240
7.54 1238
7.55 1235
7.56 1233
7.57 1231
7.58 1228
7.59 1226
7.60 1223
7.61 1221
7.62 1219
7.63 1216
7.64 1214
7.65 1212
7.66 1209
7.67 1207
7.68 1204
7.69 1202
7.70 1200
7.71 1197
7.72 1195
7.73 1193
7.74 1190
7.75 1188
7.76 1185
7.77 1183
7.78 1181
7.79 1178
7.80 1176
7.81 1174
7.82 1171
7.83 1169
7.84 1167
7.85 1164
7.86 1162
7.87 1160
7.88 1157
7.89 1155
7.90 1153
7.91 1150
7.92 1148
7.93 1146
7.94 1143
7.95 1141
7.96 1139
7.97 1136
7.98 1134
7.99 1132

8.00 1130
8.01 1127
8.02 1125
8.03 1123
8.04 1120
8.05 1118
8.06 1116
8.07 1113
8.08 1111
8.09 1109
8.10 1107
8.11 1104
8.12 1102
8.13 1100
8.14 1098
8.15 1095
8.16 1093
8.17 1091
8.18 1088
8.19 1086
8.20 1084
8.21 1082
8.22 1079
8.23 1077
8.24 1075
8.25 1073
8.26 1070
8.27 1068
8.28 1066
8.29 1064
8.30 1061
8.31 1059
8.32 1057
8.33 1055
8.34 1052
8.35 1050
8.36 1048
8.37 1046
8.38 1044
8.39 1041
8.40 1039
8.41 1037
8.42 1035
8.43 1032
8.44 1030
8.45 1028
8.46 1026
8.47 1024
8.48 1021
8.49 1019

8.50 1017
8.51 1015
8.52 1013
8.53 1010
8.54 1008
8.55 1006
8.56 1004
8.57 1002
8.58 1000
8.59 997
8.60 995
8.61 993
8.62 991
8.63 989
8.64 987
8.65 984
8.66 982
8.67 980
8.68 978
8.69 976
8.70 974
8.71 971
8.72 969
8.73 967
8.74 965
8.75 963
8.76 961
8.77 959
8.78 956
8.79 954
8.80 952
8.81 950
8.82 948
8.83 946
8.84 944
8.85 941
8.86 939
8.87 937
8.88 935
8.89 933
8.90 931
8.91 929
8.92 927
8.93 925
8.94 922
8.95 920
8.96 918
8.97 916
8.98 914
8.99 912

9.00 910
9.01 908
9.02 906
9.03 904
9.04 902
9.05 900
9.06 897
9.07 895
9.08 893
9.09 891
9.10 889
9.11 887
9.12 885
9.13 883
9.14 881
9.15 879
9.16 877
9.17 875
9.18 873
9.19 871
9.20 869
9.21 867
9.22 865
9.23 862
9.24 860
9.25 858
9.26 856
9.27 854
9.28 852
9.29 850
9.30 848
9.31 846
9.32 844
9.33 842
9.34 840
9.35 838
9.36 836
9.37 834
9.38 832
9.39 830
9.40 828
9.41 826
9.42 824
9.43 822
9.44 820
9.45 818
9.46 816
9.47 814
9.48 812
9.49 810
9.50 808
9.51 806
9.52 804
9.53 802
9.54 800
9.55 798
9.56 796
9.57 794
9.58 792
9.59 791
9.60 789
9.61 787
9.62 785
9.63 783
9.64 781
9.65 779
9.66 777
9.67 775
9.68 773
9.69 771
9.70 769
9.71 767
9.72 765
9.73 763
9.74 761
9.75 759
9.76 758
9.77 756
9.78 754
9.79 752
9.80 750
9.81 748
9.82 746
9.83 744
9.84 742
9.85 740
9.86 738
9.87 737
9.88 735
9.89 733
9.90 731
9.91 729
9.92 727
9.93 725
9.94 723
9.95 721
9.96 720
9.97 718
9.98 716
9.99 714

10.00 712
10.01 710
10.02 708
10.03 706
10.04 705
10.05 703
10.06 701
10.07 699
10.08 697
10.09 695
10.10 693
10.11 692
10.12 690
10.13 688
10.14 686
10.15 684
10.16 682
10.17 681
10.18 679
10.19 677
10.20 675
10.21 673
10.22 672
10.23 670
10.24 668
10.25 666
10.26 664
10.27 662
10.28 661
10.29 659
10.30 657
10.31 655
10.32 653
10.33 652
10.34 650
10.35 648
10.36 646
10.37 644
10.38 643
10.39 641
10.40 639
10.41 637
10.42 636
10.43 634
10.44 632
10.45 630
10.46 629
10.47 627
10.48 625
10.49 623

10.50 621
10.51 620
10.52 618
10.53 616
10.54 614
10.55 613
10.56 611
10.57 609
10.58 607
10.59 606
10.60 604
10.61 602
10.62 601
10.63 599
10.64 597
10.65 595
10.66 594
10.67 592
10.68 590
10.69 589
10.70 587
10.71 585
10.72 583
10.73 582
10.74 580
10.75 578
10.76 577
10.77 575
10.78 573
10.79 571
10.80 570
10.81 568
10.82 566
10.83 565
10.84 563
10.85 561
10.86 560
10.87 558
10.88 556
10.89 555
10.90 553
10.91 551
10.92 550
10.93 548
10.94 546
10.95 545
10.96 543
10.97 541
10.98 540
10.99 538

11.00 537
11.01 535
11.02 533
11.03 532
11.04 530
11.05 528
11.06 527
11.07 525
11.08 523
11.09 522
11.10 520
11.11 519
11.12 517
11.13 515
11.14 514
11.15 512
11.16 511
11.17 509
11.18 507
11.19 506
11.20 504
11.21 503
11.22 501
11.23 499
11.24 498
11.25 496
11.26 495
11.27 493
11.28 491
11.29 490
11.30 488
11.31 487
11.32 485
11.33 484
11.34 482
11.35 480
11.36 479
11.37 477
11.38 476
11.39 474
11.40 473
11.41 471
11.42 470
11.43 468
11.44 466
11.45 465
11.46 463
11.47 462
11.48 460
11.49 459

11.50 457
11.51 456
11.52 454
11.53 453
11.54 451
11.55 450
11.56 448
11.57 447
11.58 445
11.59 444
11.60 442
11.61 441
11.62 439
11.63 438
11.64 436
11.65 435
11.66 433
11.67 432
11.68 430
11.69 429
11.70 427
11.71 426
11.72 424
11.73 423
11.74 421
11.75 420
11.76 418
11.77 417
11.78 415
11.79 414
11.80 412
11.81 411
11.82 410
11.83 408
11.84 407
11.85 405
11.86 404
11.87 402
11.88 401
11.89 399
11.90 398
11.91 397
11.92 395
11.93 394
11.94 392
11.95 391
11.96 389
11.97 388
11.98 387
11.99 385
12.00 384
12.01 382
12.02 381
12.03 380
12.04 378
12.05 377
12.06 375
12.07 374
12.08 373
12.09 371
12.10 370
12.11 368
12.12 367
12.13 366
12.14 364
12.15 363
12.16 362
12.17 360
12.18 359
12.19 357
12.20 356
12.21 355
12.22 353
12.23 352
12.24 351
12.25 349
12.26 348
12.27 347
12.28 345
12.29 344
12.30 343
12.31 341
12.32 340
12.33 339
12.34 337
12.35 336
12.36 335
12.37 333
12.38 332
12.39 331
12.40 329
12.41 328
12.42 327
12.43 325
12.44 324
12.45 323
12.46 321
12.47 320
12.48 319
12.49 318

12.50 316
12.51 315
12.52 314
12.53 312
12.54 311
12.55 310
12.56 309
12.57 307
12.58 306
12.59 305
12.60 303
12.61 302
12.62 301
12.63 300
12.64 298
12.65 297
12.66 296
12.67 295
12.68 293
12.69 292
12.70 291
12.71 290
12.72 288
12.73 287
12.74 286
12.75 285
12.76 283
12.77 282
12.78 281
12.79 280
12.80 279
12.81 277
12.82 276
12.83 275
12.84 274
12.85 273
12.86 271
12.87 270
12.88 269
12.89 268
12.90 267
12.91 265
12.92 264
12.93 263
12.94 262
12.95 261
12.96 259
12.97 258
12.98 257
12.99 256

13.00 255
13.01 254
13.02 252
13.03 251
13.04 250
13.05 249
13.06 248
13.07 247
13.08 245
13.09 244
13.10 243
13.11 242
13.12 241
13.13 240
13.14 239
13.15 237
13.16 236
13.17 235
13.18 234
13.19 233
13.20 232
13.21 231
13.22 230
13.23 228
13.24 227
13.25 226
13.26 225
13.27 224
13.28 223
13.29 222
13.30 221
13.31 220
13.32 218
13.33 217
13.34 216
13.35 215
13.36 214
13.37 213
13.38 212
13.39 211
13.40 210
13.41 209
13.42 208
13.43 207
13.44 206
13.45 204
13.46 203
13.47 202
13.48 201
13.49 200

13.50 199
13.51 198
13.52 197
13.53 196
13.54 195
13.55 194
13.56 193
13.57 192
13.58 191
13.59 190
13.60 189
13.61 188
13.62 187
13.63 186
13.64 185
13.65 184
13.66 183
13.67 182
13.68 181
13.69 180
13.70 179
13.71 178
13.72 177
13.73 176
13.74 175
13.75 174
13.76 173
13.77 172
13.78 171
13.79 170
13.80 169
13.81 168
13.82 167
13.83 166
13.84 165
13.85 164
13.86 163
13.87 162
13.88 161
13.89 160
13.90 159
13.91 158
13.93 157
13.94 156
13.95 155
13.96 154
13.97 153
13.98 152
13.99 151
14.00 150

14.01 149
14.02 148
14.03 147
14.04 146
14.06 145
14.07 144
14.08 143
14.09 142
14.10 141
14.11 140
14.12 139
14.13 138
14.14 137
14.16 136
14.17 135
14.18 134
14.19 133
14.20 132
14.21 131
14.23 130
14.24 129
14.25 128
14.26 127
14.27 126
14.28 125
14.30 124
14.31 123
14.32 122
14.33 121
14.34 120
14.36 119
14.37 118
14.38 117
14.39 116
14.40 115
14.42 114
14.43 113
14.44 112
14.45 111
14.47 110
14.48 109
14.49 108
14.50 107
14.52 106
14.53 105
14.54 104
14.56 103
14.57 102
14.58 101
14.59 100
14.61 99
14.62 98
14.63 97
14.65 96
14.66 95
14.67 94
14.69 93
14.70 92
14.71 91
14.73 90
14.74 89
14.76 88
14.77 87
14.78 86
14.80 85
14.81 84
14.83 83
14.84 82
14.85 81
14.87 80

14.88 79
14.90 78
14.91 77
14.93 76
14.94 75
14.96 74
14.97 73
14.99 72
15.00 71
15.02 70
15.03 69
15.05 68
15.06 67
15.08 66
15.10 65
15.11 64
15.13 63
15.14 62
15.16 61
15.18 60

15.19 59
15.21 58
15.23 57
15.24 56
15.26 55
15.28 54
15.30 53
15.31 52
15.33 51
15.35 50
15.37 49
15.39 48
15.40 47
15.42 46
15.44 45
15.46 44
15.48 43
15.50 42
15.52 41
15.54 40

15.56 39
15.58 38
15.60 37
15.62 36
15.64 35
15.66 34
15.68 33
15.70 32
15.73 31
15.75 30
15.77 29
15.80 28
15.82 27
15.84 26
15.87 25
15.89 24
15.92 23
15.94 22
15.97 21
16.00 20

16.02 19
16.05 18
16.08 17
16.11 16
16.14 15
16.17 14
16.21 13
16.24 12
16.27 11
16.31 10
16.35 9
16.39 8
16.43 7
16.48 6
16.53 5
16.58 4
16.64 3
16.71 2
16.80 1
