7.00 1249
7.01 1246
7.02 1243
7.03 1240
7.04 1237
7.05 1235
7.06 1232
7.07 1229
7.08 1226
7.09 1223
7.10 1221
7.11 1218
7.12 1215
7.13 1212
7.14 1209
7.15 1207
7.16 1204
7.17 1201
7.18 1198
7.19 1196
7.20 1193
7.21 1190
7.22 1187
7.23 1185
7.24 1182
7.25 1179
7.26 1176
7.27 1174
7.28 1171
7.29 1168
7.30 1165
7.31 1163
7.32 1160
7.33 1157
7.34 1154
7.35 1152
7.36 1149
7.37 1146
7.38 1144
7.39 1141
7.40 1138
7.41 1136
7.42 1133
7.43 1130
7.44 1127
7.45 1125
7.46 1122
7.47 1119
7.48 1117
7.49 1114

7.50 1111
7.51 1109
7.52 1106
7.53 1103
7.54 1101
7.55 1098
7.56 1095
7.57 1093
7.58 1090
7.59 1087
7.60 1085
7.61 1082
7.62 1080
7.63 1077
7.64 1074
7.65 1072
7.66 1069
7.67 1066
7.68 1064
7.69 1061
7.70 1059
7.71 1056
7.72 1053
7.73 1051
7.74 1048
7.75 1046
7.76 1043
7.77 1040
7.78 1038
7.79 1035
7.80 1033
7.81 1030
7.82 1028
7.83 1025
7.84 1022
7.85 1020
7.86 1017
7.87 1015
7.88 1012
7.89 1010
7.90 1007
7.91 1005
7.92 1002
7.93 999
7.94 997
7.95 994
7.96 992
7.97 989
7.98 987
7.99 984

8.00 982
8.01 979
8.02 977
8.03 974
8.04 972
8.05 969
8.06 967
8.07 964
8.08 962
8.09 959
8.10 957
8.11 954
8.12 952
8.13 949
8.14 947
8.15 944
8.16 942
8.17 939
8.18 937
8.19 935
8.20 932
8.21 930
8.22 927
8.23 925
8.24 922
8.25 920
8.26 917
8.27 915
8.28 913
8.29 910
8.30 908
8.31 905
8.32 903
8.33 900
8.34 898
8.35 896
8.36 893
8.37 891
8.38 888
8.39 886
8.40 884
8.41 881
8.42 879
8.43 877
8.44 874
8.45 872
8.46 869
8.47 867
8.48 865
8.49 862

8.50 860
8.51 858
8.52 855
8.53 853
8.54 851
8.55 848
8.56 846
8.57 843
8.58 841
8.59 839
8.60 836
8.61 834
8.62 832
8.63 829
8.64 827
8.65 825
8.66 823
8.67 820
8.68 818
8.69 816
8.70 813
8.71 811
8.72 809
8.73 806
8.74 804
8.75 802
8.76 800
8.77 797
8.78 795
8.79 793
8.80 791
8.81 788
8.82 786
8.83 784
8.84 781
8.85 779
8.86 777
8.87 775
8.88 772
8.89 770
8.90 768
8.91 766
8.92 764
8.93 761
8.94 759
8.95 757
8.96 755
8.97 752
8.98 750
8.99 748

9.00 746
9.01 744
9.02 741
9.03 739
9.04 737
9.05 735
9.06 733
9.07 730
9.08 728
9.09 726
9.10 724
9.11 722
9.12 720
9.13 717
9.14 715
9.15 713
9.16 711
9.17 709
9.18 707
9.19 704
9.20 702
9.21 700
9.22 698
9.23 696
9.24 694
9.25 692
9.26 690
9.27 687
9.28 685
9.29 683
9.30 681
9.31 679
9.32 677
9.33 675
9.34 673
9.35 671
9.36 668
9.37 666
9.38 664
9.39 662
9.40 660
9.41 658
9.42 656
9.43 654
9.44 652
9.45 650
9.46 648
9.47 646
9.48 644
9.49 642
9.50 639
9.51 637
9.52 635
9.53 633
9.54 631
9.55 629
9.56 627
9.57 625
9.58 623
9.59 621
9.60 619
9.61 617
9.62 615
9.63 613
9.64 611
9.65 609
9.66 607
9.67 605
9.68 603
9.69 601
9.70 599
9.71 597
9.72 595
9.73 593
9.74 591
9.75 589
9.76 587
9.77 585
9.78 583
9.79 581
9.80 579
9.81 578
9.82 576
9.83 574
9.84 572
9.85 570
9.86 568
9.87 566
9.88 564
9.89 562
9.90 560
9.91 558
9.92 556
9.93 554
9.94 552
9.95 551
9.96 549
9.97 547
9.98 545
9.99 543

10.00 541
10.01 539
10.02 537
10.03 535
10.04 533
10.05 532
10.06 530
10.07 528
10.08 526
10.09 524
10.10 522
10.11 520
10.12 519
10.13 517
10.14 515
10.15 513
10.16 511
10.17 509
10.18 508
10.19 506
10.20 504
10.21 502
10.22 500
10.23 498
10.24 497
10.25 495
10.26 493
10.27 491
10.28 489
10.29 488
10.30 486
10.31 484
10.32 482
10.33 480
10.34 479
10.35 477
10.36 475
10.37 473
10.38 471
10.39 470
10.40 468
10.41 466
10.42 464
10.43 463
10.44 461
10.45 459
10.46 457
10.47 456
10.48 454
10.49 452

10.50 450
10.51 449
10.52 447
10.53 445
10.54 444
10.55 442
10.56 440
10.57 438
10.58 437
10.59 435
10.60 433
10.61 432
10.62 430
10.63 428
10.64 427
10.65 425
10.66 423
10.67 421
10.68 420
10.69 418
10.70 416
10.71 415
10.72 413
10.73 411
10.74 410
10.75 408
10.76 407
10.77 405
10.78 403
10.79 402
10.80 400
10.81 398
10.82 397
10.83 395
10.84 393
10.85 392
10.86 390
10.87 389
10.88 387
10.89 385
10.90 384
10.91 382
10.92 381
10.93 379
10.94 377
10.95 376
10.96 374
10.97 373
10.98 371
10.99 369

11.00 368
11.01 366
11.02 365
11.03 363
11.04 362
11.05 360
11.06 359
11.07 357
11.08 355
11.09 354
11.10 352
11.11 351
11.12 349
11.13 348
11.14 346
11.15 345
11.16 343
11.17 342
11.18 340
11.19 339
11.20 337
11.21 336
11.22 334
11.23 333
11.24 331
11.25 330
11.26 328
11.27 327
11.28 325
11.29 324
11.30 322
11.31 321
11.32 319
11.33 318
11.34 316
11.35 315
11.36 313
11.37 312
11.38 310
11.39 309
11.40 308
11.41 306
11.42 305
11.43 303
11.44 302
11.45 300
11.46 299
11.47 298
11.48 296
11.49 295

11.50 293
11.51 292
11.52 291
11.53 289
11.54 288
11.55 286
11.56 285
11.57 284
11.58 282
11.59 281
11.60 279
11.61 278
11.62 277
11.63 275
11.64 274
11.65 273
11.66 271
11.67 270
11.68 268
11.69 267
11.70 266
11.71 264
11.72 263
11.73 262
11.74 260
11.75 259
11.76 258
11.77 256
11.78 255
11.79 254
11.80 252
11.81 251
11.82 250
11.83 249
11.84 247
11.85 246
11.86 245
11.87 243
11.88 242
11.89 241
11.90 240
11.91 238
11.92 237
11.93 236
11.94 234
11.95 233
11.96 232
11.97 231
11.98 229
11.99 228
12.00 227
12.01 226
12.02 224
12.03 223
12.04 222
12.05 221
12.06 219
12.07 218
12.08 217
12.09 216
12.10 215
12.11 213
12.12 212
12.13 211
12.14 210
12.15 208
12.16 207
12.17 206
12.18 205
12.19 204
12.20 203
12.21 201
12.22 200
12.23 199
12.24 198
12.25 197
12.26 196
12.27 194
12.28 193
12.29 192
12.30 191
12.31 190
12.32 189
12.33 187
12.34 186
12.35 185
12.36 184
12.37 183
12.38 182
12.39 181
12.40 180
12.41 178
12.42 177
12.43 176
12.44 175
12.45 174
12.46 173
12.47 172
12.48 171
12.49 170

12.50 169
12.51 168
12.52 166
12.53 165
12.54 164
12.55 163
12.56 162
12.57 161
12.58 160
12.59 159
12.60 158
12.61 157
12.62 156
12.63 155
12.64 154
12.65 153
12.66 152
12.67 151
12.68 150
12.69 149
12.70 148
12.71 147
12.72 146
12.73 145
12.74 144
12.75 143
12.76 142
12.77 141
12.78 140
12.79 139
12.80 138
12.81 137
12.82 136
12.83 135
12.84 134
12.85 133
12.86 132
12.87 131
12.88 130
12.89 129
12.90 128
12.91 127
12.92 126
12.93 125
12.94 124
12.95 123
12.96 122
12.98 121
12.99 120
13.00 119

13.01 118
13.02 117
13.03 116
13.04 115
13.05 114
13.06 113
13.07 112
13.09 111
13.10 110
13.11 109
13.12 108
13.13 107
13.14 106
13.15 105
13.17 104
13.18 103
13.19 102
13.20 101
13.21 100
13.23 99
13.24 98
13.25 97
13.26 96
13.27 95
13.29 94
13.30 93
13.31 92
13.32 91
13.34 90
13.35 89
13.36 88
13.37 87
13.39 86
13.40 85
13.41 84
13.42 83
13.44 82
13.45 81
13.46 80
13.48 79
13.49 78
13.50 77
13.52 76
13.53 75
13.54 74
13.56 73
13.57 72
13.59 71
13.60 70
13.61 69

13.63 68
13.64 67
13.66 66
13.67 65
13.69 64
13.70 63
13.72 62
13.73 61
13.75 60
13.76 59
13.78 58
13.79 57
13.81 56
13.82 55
13.84 54
13.86 53
13.87 52
13.89 51
13.90 50
13.92 49
13.94 48
13.96 47
13.97 46
13.99 45
14.01 44
14.02 43
14.04 42
14.06 41
14.08 40
14.10 39
14.12 38
14.14 37
14.15 36
14.17 35
14.19 34
14.21 33
14.23 32
14.26 31
14.28 30
14.30 29
14.32 28
14.34 27
14.36 26
14.39 25
14.41 24
14.43 23
14.46 22
14.48 21
14.51 20
14.53 19

14.56 18
14.59 17
14.62 16
14.65 15
14.68 14
14.71 13
14.74 12
14.77 11
14.81 10
14.84 9
14.88 8
14.92 7
14.97 6
15.02 5
15.07 4
15.13 3
15.20 2
15.29 1
