2.09 1498 1.86 1171 1.63 867 1.40 588 1.17 331 0.94 126
2.08 1484 1.85 1158 1.62 855 1.39 577 1.16 321 0.93 119
2.07 1470 1.84 1145 1.61 842 1.38 566 1.15 312 0.92 111
2.06 1456 1.83 1132 1.60 830 1.37 555 1.14 302 0.91 104
2.05 1442 1.82 1119 1.59 818 1.36 534 1.13 293 0.90 97
2.04 1428 1.81 1106 1.58 806 1.35 523 1.12 284 0.89 90
2.03 1414 1.80 1093 1.57 795 1.34 512 1.11 275 0.88 84
2.02 1400 1.79 1080 1.56 771 1.33 502 1.10 266 0.87 77
2.01 1386 1.78 1067 1.55 759 1.32 491 1.09 257 0.86 71
2.00 1373 1.77 1054 1.54 747 1.31 481 1.08 248 0.85 64
1.99 1359 1.76 1041 1.53 736 1.30 470 1.07 239 0.84 58
1.98 1345 1.75 1016 1.52 724 1.29 460 1.06 231 0.83 52
1.97 1332 1.74 1003 1.51 712 1.28 449 1.05 222 0.82 46
1.96 1318 1.73 991 1.50 701 1.27 439 1.04 214 0.81 41
1.95 1291 1.72 978 1.49 689 1.26 429 1.03 205 0.80 35
1.94 1278 1.71 966 1.48 678 1.25 419 1.02 197 0.79 30
1.93 1264 1.70 953 1.47 666 1.24 409 1.01 188 0.78 20
1.92 1251 1.69 941 1.46 655 1.23 399 1.00 180 0.77 16
1.91 1237 1.68 928 1.45 644 1.22 389 0.99 172 0.76 11
1.90 1224 1.67 916 1.44 632 1.21 379 0.98 164 0.75 8
1.89 1211 1.66 903 1.43 621 1.20 369 0.97 149 0.74 4
1.88 1198 1.65 891 1.42 610 1.19 359 0.96 141 0.73 1
1.87 1184 1.64 879 1.41 599 1.18 350 0.95 133
