1.99 1498 1.77 1171 1.55 867 1.33 577 1.11 331 0.89 126
1.98 1484 1.76 1158 1.54 842 1.32 566 1.10 321 0.88 119
1.97 1470 1.75 1145 1.53 830 1.31 555 1.09 312 0.87 111
1.96 1456 1.74 1132 1.52 818 1.30 544 1.08 302 0.86 97
1.95 1442 1.73 1106 1.51 806 1.29 534 1.07 293 0.85 90
1.94 1428 1.72 1093 1.50 795 1.28 523 1.06 275 0.84 84
1.93 1400 1.71 1080 1.49 783 1.27 512 1.05 266 0.83 77
1.92 1386 1.70 1067 1.48 771 1.26 502 1.04 257 0.82 71
1.91 1373 1.69 1054 1.47 759 1.25 481 1.03 248 0.81 64
1.90 1359 1.68 1041 1.46 747 1.24 470 1.02 239 0.80 58
1.89 1345 1.67 1029 1.45 736 1.23 460 1.01 231 0.79 52
1.88 1332 1.66 1016 1.44 712 1.22 449 1.00 222 0.78 46
1.87 1318 1.65 1003 1.43 701 1.21 439 0.99 214 0.77 35
1.86 1305 1.64 978 1.42 689 1.20 429 0.98 205 0.76 30
1.85 1291 1.63 966 1.41 678 1.19 419 0.97 197 0.75 25
1.84 1278 1.62 953 1.40 666 1.18 409 0.96 180 0.74 20
1.83 1251 1.61 941 1.39 655 1.17 399 0.95 172 0.73 16
1.82 1237 1.60 928 1.38 644 1.16 389 0.94 164 0.72 11
1.81 1224 1.59 916 1.37 632 1.15 369 0.93 156 0.71 8
1.80 1211 1.58 903 1.36 621 1.14 359 0.92 149 0.70 4
1.79 1198 1.57 891 1.35 599 1.13 350 0.91 141 0.69 1
1.78 1184 1.56 879 1.34 588 1.12 340 0.90 133
