1.89 1498 1.68 1171 1.47 855 1.26 577 1.05 321 0.84 119
1.88 1484 1.67 1145 1.46 842 1.25 566 1.04 312 0.83 111
1.87 1470 1.66 1132 1.45 830 1.24 555 1.03 302 0.82 104
1.86 1456 1.65 1119 1.44 818 1.23 534 1.02 293 0.81 97
1.85 1428 1.64 1106 1.43 806 1.22 523 1.01 284 0.80 84
1.84 1414 1.63 1093 1.42 783 1.21 512 1.00 275 0.79 77
1.83 1400 1.62 1080 1.41 771 1.20 502 0.99 257 0.78 71
1.82 1386 1.61 1054 1.40 759 1.19 491 0.98 248 0.77 64
1.81 1373 1.60 1041 1.39 747 1.18 481 0.97 239 0.76 58
1.80 1359 1.59 1029 1.38 736 1.17 460 0.96 231 0.75 52
1.79 1332 1.58 1016 1.37 724 1.16 449 0.95 222 0.74 41
1.78 1318 1.57 1003 1.36 701 1.15 439 0.94 214 0.73 35
1.77 1305 1.56 991 1.35 689 1.14 429 0.93 205 0.72 30
1.76 1291 1.55 978 1.34 678 1.13 419 0.92 188 0.71 25
1.75 1278 1.54 953 1.33 666 1.12 409 0.91 180 0.70 20
1.74 1264 1.53 941 1.32 655 1.11 389 0.90 172 0.69 16
1.73 1237 1.52 928 1.31 644 1.10 379 0.89 164 0.68 8
1.72 1224 1.51 916 1.30 621 1.09 369 0.88 156 0.67 4
1.71 1211 1.50 903 1.29 610 1.08 359 0.87 149 0.66 1
1.70 1198 1.49 891 1.28 599 1.07 350 0.86 133
1.69 1184 1.48 867 1.27 588 1.06 340 0.85 126
