1.79 1498 1.59 1158 1.39 855 1.19 566 0.99 321 0.79 111
1.78 1484 1.58 1145 1.38 842 1.18 555 0.98 312 0.78 104
1.77 1456 1.57 1132 1.37 818 1.17 544 0.97 293 0.77 97
1.76 1442 1.56 1119 1.36 806 1.16 534 0.96 284 0.76 90
1.75 1428 1.55 1093 1.35 795 1.15 512 0.95 275 0.75 77
1.74 1414 1.54 1080 1.34 783 1.14 502 0.94 266 0.74 71
1.73 1400 1.53 1067 1.33 771 1.13 491 0.93 248 0.73 64
1.72 1373 1.52 1054 1.32 747 1.12 481 0.92 239 0.72 58
1.71 1359 1.51 1041 1.31 736 1.11 470 0.91 231 0.71 52
1.70 1345 1.50 1016 1.30 724 1.10 449 0.90 222 0.70 41
1.69 1332 1.49 1003 1.29 712 1.09 439 0.89 214 0.69 35
1.68 1305 1.48 991 1.28 689 1.08 429 0.88 197 0.68 30
1.67 1291 1.47 978 1.27 678 1.07 419 0.87 188 0.67 25
1.66 1278 1.46 953 1.26 666 1.06 399 0.86 180 0.66 16
1.65 1264 1.45 941 1.25 655 1.05 389 0.85 172 0.65 11
1.64 1237 1.44 928 1.24 632 1.04 379 0.84 156 0.64 8
1.63 1224 1.43 916 1.23 621 1.03 369 0.83 149 0.63 4
1.62 1211 1.42 903 1.22 610 1.02 359 0.82 141
1.61 1198 1.41 879 1.21 599 1.01 340 0.81 133
1.60 1184 1.40 867 1.20 588 1.00 331 0.80 126
