1.69 1498 1.50 1158 1.31 842 1.12 566 0.93 312 0.74 111
1.68 1470 1.49 1145 1.30 830 1.11 555 0.92 302 0.73 97
1.67 1456 1.48 1132 1.29 818 1.10 534 0.91 293 0.72 90
1.66 1442 1.47 1106 1.28 806 1.09 523 0.90 275 0.71 84
1.65 1428 1.46 1093 1.27 783 1.08 512 0.89 266 0.70 71
1.64 1400 1.45 1080 1.26 771 1.07 491 0.88 257 0.69 64
1.63 1386 1.44 1054 1.25 759 1.06 481 0.87 239 0.68 58
1.62 1373 1.43 1041 1.24 736 1.05 470 0.86 231 0.67 46
1.61 1345 1.42 1029 1.23 724 1.04 449 0.85 222 0.66 41
1.60 1332 1.41 1003 1.22 712 1.03 439 0.84 205 0.65 35
1.59 1318 1.40 991 1.21 689 1.02 429 0.83 197 0.64 30
1.58 1291 1.39 978 1.20 678 1.01 419 0.82 188 0.63 20
1.57 1278 1.38 966 1.19 666 1.00 399 0.81 180 0.62 16
1.56 1264 1.37 941 1.18 655 0.99 389 0.80 164 0.61 11
1.55 1251 1.36 928 1.17 632 0.98 379 0.79 156 0.60 4
1.54 1224 1.35 916 1.16 621 0.97 359 0.78 149 0.59 1
1.53 1211 1.34 891 1.15 610 0.96 350 0.77 133
1.52 1198 1.33 879 1.14 588 0.95 340 0.76 126
1.51 1171 1.32 867 1.13 577 0.94 321 0.75 119
