1.59 1498 1.41 1158 1.23 842 1.05 555 0.87 302 0.69 104
1.58 1470 1.40 1132 1.22 830 1.04 544 0.86 293 0.68 90
1.57 1456 1.39 1119 1.21 806 1.03 523 0.85 284 0.67 84
1.56 1428 1.38 1106 1.20 795 1.02 512 0.84 266 0.66 71
1.55 1414 1.37 1080 1.19 771 1.01 502 0.83 257 0.65 64
1.54 1400 1.36 1067 1.18 759 1.00 481 0.82 239 0.64 58
1.53 1373 1.35 1054 1.17 747 0.99 470 0.81 231 0.63 46
1.52 1359 1.34 1029 1.16 724 0.98 460 0.80 222 0.62 41
1.51 1345 1.33 1016 1.15 712 0.97 439 0.79 205 0.61 35
1.50 1318 1.32 991 1.14 701 0.96 429 0.78 197 0.60 25
1.49 1305 1.31 978 1.13 678 0.95 409 0.77 188 0.59 20
1.48 1278 1.30 966 1.12 666 0.94 399 0.76 172 0.58 11
1.47 1264 1.29 941 1.11 644 0.93 389 0.75 164 0.57 8
1.46 1251 1.28 928 1.10 632 0.92 369 0.74 149 0.56 4
1.45 1224 1.27 903 1.09 621 0.91 359 0.73 141
1.44 1211 1.26 891 1.08 599 0.90 350 0.72 133
1.43 1198 1.25 879 1.07 588 0.89 331 0.71 119
1.42 1171 1.24 855 1.06 577 0.88 321 0.70 111
