1.49 1498 1.32 1158 1.15 842 0.98 555 0.81 302 0.64 97
1.48 1470 1.31 1132 1.14 818 0.97 534 0.80 284 0.63 84
1.47 1456 1.30 1119 1.13 806 0.96 523 0.79 275 0.62 77
1.46 1428 1.29 1093 1.12 783 0.95 502 0.78 257 0.61 64
1.45 1414 1.28 1080 1.11 771 0.94 491 0.77 248 0.60 58
1.44 1386 1.27 1054 1.10 747 0.93 470 0.76 231 0.59 46
1.43 1373 1.26 1041 1.09 736 0.92 460 0.75 222 0.58 41
1.42 1345 1.25 1016 1.08 712 0.91 439 0.74 205 0.57 30
1.41 1332 1.24 1003 1.07 701 0.90 429 0.73 197 0.56 25
1.40 1305 1.23 978 1.06 678 0.89 409 0.72 180 0.55 16
1.39 1291 1.22 966 1.05 666 0.88 399 0.71 172 0.54 11
1.38 1264 1.21 941 1.04 644 0.87 379 0.70 156 0.53 4
1.37 1251 1.20 928 1.03 632 0.86 369 0.69 149 0.52 1
1.36 1237 1.19 916 1.02 621 0.85 359 0.68 141
1.35 1211 1.18 891 1.01 599 0.84 340 0.67 126
1.34 1198 1.17 879 1.00 588 0.83 331 0.66 119
1.33 1171 1.16 855 0.99 566 0.82 312 0.65 104
