1.39 1498 1.23 1158 1.07 842 0.91 544 0.75 293 0.59 90
1.38 1470 1.22 1132 1.06 818 0.90 534 0.74 275 0.58 77
1.37 1456 1.21 1119 1.05 795 0.89 512 0.73 266 0.57 71
1.36 1428 1.20 1093 1.04 783 0.88 491 0.72 248 0.56 58
1.35 1414 1.19 1067 1.03 759 0.87 481 0.71 239 0.55 46
1.34 1386 1.18 1054 1.02 747 0.86 460 0.70 222 0.54 41
1.33 1373 1.17 1029 1.01 724 0.85 449 0.69 205 0.53 30
1.32 1345 1.16 1016 1.00 701 0.84 429 0.68 197 0.52 25
1.31 1318 1.15 991 0.99 689 0.83 419 0.67 180 0.51 16
1.30 1305 1.14 978 0.98 666 0.82 399 0.66 172 0.50 8
1.29 1278 1.13 953 0.97 655 0.81 379 0.65 156 0.49 4
1.28 1264 1.12 928 0.96 632 0.80 369 0.64 149
1.27 1237 1.11 916 0.95 621 0.79 350 0.63 133
1.26 1224 1.10 891 0.94 599 0.78 340 0.62 119
1.25 1198 1.09 879 0.93 577 0.77 321 0.61 111
1.24 1171 1.08 855 0.92 566 0.76 312 0.60 97
