1.28 1484 1.14 1158 1.00 855 0.86 588 0.72 340 0.58 133
1.27 1470 1.13 1145 0.99 842 0.85 566 0.71 321 0.57 119
1.26 1442 1.12 1119 0.98 818 0.84 544 0.70 302 0.56 104
1.25 1414 1.11 1093 0.97 795 0.83 523 0.69 284 0.55 97
1.24 1386 1.10 1080 0.96 783 0.82 512 0.68 275 0.54 84
1.23 1373 1.09 1054 0.95 759 0.81 491 0.67 257 0.53 71
1.22 1345 1.08 1029 0.94 736 0.80 470 0.66 239 0.52 58
1.21 1318 1.07 1003 0.93 712 0.79 460 0.65 231 0.51 52
1.20 1305 1.06 991 0.92 701 0.78 439 0.64 214 0.50 41
1.19 1278 1.05 966 0.91 678 0.77 419 0.63 197 0.49 30
1.18 1251 1.04 941 0.90 655 0.76 399 0.62 180 0.48 25
1.17 1224 1.03 928 0.89 644 0.75 389 0.61 172 0.47 16
1.16 1211 1.02 903 0.88 621 0.74 369 0.60 156 0.46 8
1.15 1184 1.01 879 0.87 599 0.73 350 0.59 141 0.45 1
