1.17 1484 1.04 1158 0.91 842 0.78 566 0.65 321 0.52 119
1.16 1456 1.03 1132 0.90 830 0.77 544 0.64 302 0.51 104
1.15 1428 1.02 1106 0.89 806 0.76 523 0.63 284 0.50 90
1.14 1400 1.01 1080 0.88 783 0.75 512 0.62 266 0.49 77
1.13 1386 1.00 1054 0.87 759 0.74 491 0.61 248 0.48 64
1.12 1359 0.99 1029 0.86 736 0.73 470 0.60 239 0.47 52
1.11 1332 0.98 1016 0.85 712 0.72 449 0.59 222 0.46 41
1.10 1305 0.97 991 0.84 689 0.71 429 0.58 205 0.45 35
1.09 1278 0.96 966 0.83 678 0.70 409 0.57 188 0.44 25
1.08 1251 0.95 941 0.82 655 0.69 389 0.56 172 0.43 16
1.07 1224 0.94 916 0.81 632 0.68 379 0.55 156 0.42 8
1.06 1211 0.93 891 0.80 610 0.67 359 0.54 141 0.41 1
1.05 1184 0.92 867 0.79 588 0.66 340 0.53 133
