1.06 1498 0.94 1158 0.82 842 0.70 555 0.58 302 0.46 104
1.05 1470 0.93 1132 0.81 818 0.69 534 0.57 284 0.45 90
1.04 1428 0.92 1106 0.80 795 0.68 512 0.56 266 0.44 71
1.03 1400 0.91 1080 0.79 771 0.67 491 0.55 248 0.43 58
1.02 1373 0.90 1054 0.78 747 0.66 470 0.54 231 0.42 46
1.01 1345 0.89 1016 0.77 724 0.65 449 0.53 214 0.41 35
1.00 1318 0.88 991 0.76 701 0.64 429 0.52 197 0.40 25
0.99 1291 0.87 966 0.75 678 0.63 409 0.51 180 0.39 16
0.98 1264 0.86 941 0.74 644 0.62 389 0.50 164 0.38 8
0.97 1237 0.85 916 0.73 621 0.61 369 0.49 149 0.37 1
0.96 1211 0.84 891 0.72 599 0.60 350 0.48 133
0.95 1184 0.83 867 0.71 577 0.59 321 0.47 119
