0.94 1484 0.83 1145 0.72 818 0.61 523 0.50 275 0.39 71
0.93 1456 0.82 1106 0.71 795 0.60 502 0.49 248 0.38 58
0.92 1428 0.81 1080 0.70 759 0.59 481 0.48 231 0.37 46
0.91 1386 0.80 1054 0.69 736 0.58 449 0.47 214 0.36 30
0.90 1359 0.79 1016 0.68 712 0.57 429 0.46 197 0.35 20
0.89 1332 0.78 991 0.67 678 0.56 409 0.45 172 0.34 11
0.88 1291 0.77 966 0.66 655 0.55 379 0.44 156 0.33 1
0.87 1264 0.76 928 0.65 632 0.54 359 0.43 141
0.86 1237 0.75 903 0.64 599 0.53 340 0.42 119
0.85 1198 0.74 879 0.63 577 0.52 312 0.41 104
0.84 1171 0.73 842 0.62 555 0.51 293 0.40 90
