2.19 1498
2.18 1484
2.17 1470
2.16 1456
2.15 1442
2.14 1428
2.13 1414
2.12 1400
2.11 1386
2.10 1373
2.09 1359
2.08 1345
2.07 1332
2.06 1318
2.05 1305
2.04 1291
2.03 1278
2.02 1264
2.01 1251
2.00 1237
1.99 1224
1.98 1211
1.97 1198
1.96 1184
1.95 1171
1.94 1158
1.93 1145
1.92 1132
1.91 1119
1.90 1106

1.89 1093
1.88 1080
1.87 1067
1.86 1054
1.85 1041
1.84 1029
1.83 1016
1.82 1003
1.81 991
1.80 978
1.79 966
1.78 953
1.77 941
1.76 928
1.75 916
1.74 903
1.73 891
1.72 879
1.71 867
1.70 855
1.69 842
1.68 830
1.67 818
1.66 806
1.65 795
1.64 783
1.63 771
1.62 759
1.61 747
1.60 736

1.59 724
1.58 712
1.57 701
1.56 689
1.55 678
1.54 666
1.53 655
1.52 644
1.51 632
1.50 621
1.49 610
1.48 599
1.47 588
1.46 577
1.45 566
1.44 555
1.43 544
1.42 534
1.41 523
1.40 512
1.39 502
1.38 491
1.37 481
1.36 470
1.35 460
1.34 449
1.33 439
1.32 429
1.31 419
1.30 409

1.29 399
1.28 389
1.27 379
1.26 369
1.25 359
1.24 350
1.23 340
1.22 331
1.21 321
1.20 312
1.19 302
1.18 293
1.17 284
1.16 275
1.15 266
1.14 257
1.13 248
1.12 239
1.11 231
1.10 222
1.09 214
1.08 205
1.07 197
1.06 188
1.05 180
1.04 172
1.03 164
1.02 156
1.01 149
1.00 141

0.99 133
0.98 126
0.97 119
0.96 111
0.95 104
0.94 97
0.93 90
0.92 84
0.91 77
0.90 71
0.89 64
0.88 58
0.87 52
0.86 46
0.85 41
0.84 35
0.83 30
0.82 25
0.81 20
0.80 16
0.79 11
0.78 8
0.77 4
0.76 1
