2.53 1392 2.23 1071 1.93 785 1.63 520 1.33 290 1.03 105
2.52 1381 2.22 1061 1.92 767 1.62 512 1.32 283 1.02 100
2.51 1370 2.21 1051 1.91 758 1.61 504 1.31 276 1.01 96
2.50 1359 2.20 1041 1.90 749 1.60 496 1.30 270 1.00 91
2.49 1349 2.19 1031 1.89 740 1.59 488 1.29 263 0.99 86
2.48 1338 2.18 1021 1.88 731 1.58 480 1.28 257 0.98 81
2.47 1328 2.17 1012 1.87 723 1.57 472 1.27 250 0.97 77
2.46 1317 2.16 1002 1.86 714 1.56 464 1.26 244 0.96 72
2.45 1306 2.15 992 1.85 705 1.55 457 1.25 237 0.95 68
2.44 1296 2.14 982 1.84 696 1.54 449 1.24 231 0.94 63
2.43 1285 2.13 973 1.83 687 1.53 434 1.23 225 0.93 59
2.42 1275 2.12 963 1.82 679 1.52 426 1.22 218 0.92 55
2.41 1264 2.11 953 1.81 670 1.51 419 1.21 212 0.91 51
2.40 1254 2.10 944 1.80 661 1.50 411 1.20 206 0.90 47
2.39 1244 2.09 934 1.79 653 1.49 404 1.19 200 0.89 43
2.38 1233 2.08 925 1.78 644 1.48 396 1.18 194 0.88 39
2.37 1223 2.07 915 1.77 636 1.47 389 1.17 188 0.87 35
2.36 1213 2.06 906 1.76 627 1.46 381 1.16 182 0.86 32
2.35 1202 2.05 896 1.75 619 1.45 374 1.15 170 0.85 28
2.34 1192 2.04 887 1.74 610 1.44 367 1.14 165 0.84 25
2.33 1182 2.03 878 1.73 602 1.43 360 1.13 159 0.83 22
2.32 1172 2.02 868 1.72 593 1.42 352 1.12 153 0.82 19
2.31 1161 2.01 859 1.71 585 1.41 345 1.11 148 0.81 16
2.30 1141 2.00 850 1.70 577 1.40 338 1.10 142 0.80 13
2.29 1131 1.99 840 1.69 569 1.39 331 1.09 137 0.79 10
2.28 1121 1.98 831 1.68 560 1.38 324 1.08 131 0.78 8
2.27 1111 1.97 822 1.67 552 1.37 317 1.07 126 0.77 6
2.26 1101 1.96 813 1.66 544 1.36 310 1.06 121 0.76 2
2.25 1091 1.95 803 1.65 536 1.35 303 1.05 116
2.24 1081 1.94 794 1.64 528 1.34 297 1.04 111
