2.47 1392 2.18 1071 1.89 785 1.60 520 1.31 297 1.02 111
2.46 1370 2.17 1061 1.88 776 1.59 512 1.30 290 1.01 105
2.45 1359 2.16 1051 1.87 767 1.58 504 1.29 283 1.00 100
2.44 1349 2.15 1041 1.86 758 1.57 496 1.28 276 0.99 96
2.43 1338 2.14 1031 1.85 740 1.56 488 1.27 270 0.98 91
2.42 1328 2.13 1021 1.84 731 1.55 480 1.26 263 0.97 86
2.41 1317 2.12 1012 1.83 723 1.54 472 1.25 257 0.96 81
2.40 1306 2.11 1002 1.82 714 1.53 464 1.24 250 0.95 77
2.39 1296 2.10 992 1.81 705 1.52 457 1.23 237 0.94 72
2.38 1285 2.09 982 1.80 696 1.51 449 1.22 231 0.93 68
2.37 1275 2.08 973 1.79 687 1.50 441 1.21 225 0.92 63
2.36 1264 2.07 963 1.78 679 1.49 434 1.20 218 0.91 59
2.35 1254 2.06 953 1.77 670 1.48 426 1.19 212 0.90 55
2.34 1244 2.05 934 1.76 661 1.47 419 1.18 206 0.89 51
2.33 1233 2.04 925 1.75 653 1.46 411 1.17 200 0.88 47
2.32 1223 2.03 915 1.74 644 1.45 404 1.16 194 0.87 43
2.31 1213 2.02 906 1.73 636 1.44 389 1.15 188 0.86 39
2.30 1202 2.01 896 1.72 627 1.43 381 1.14 182 0.85 35
2.29 1192 2.00 887 1.71 619 1.42 374 1.13 176 0.84 32
2.28 1182 1.99 878 1.70 610 1.41 367 1.12 170 0.83 28
2.27 1172 1.98 868 1.69 602 1.40 360 1.11 165 0.82 22
2.26 1151 1.97 859 1.68 593 1.39 352 1.10 159 0.81 19
2.25 1141 1.96 850 1.67 585 1.38 345 1.09 153 0.80 16
2.24 1131 1.95 840 1.66 577 1.37 338 1.08 148 0.79 13
2.23 1121 1.94 831 1.65 569 1.36 331 1.07 142 0.78 10
2.22 1111 1.93 822 1.64 552 1.35 324 1.06 137 0.77 8
2.21 1101 1.92 813 1.63 544 1.34 317 1.05 131 0.76 6
2.20 1091 1.91 803 1.62 536 1.33 310 1.04 126 0.75 4
2.19 1081 1.90 794 1.61 528 1.32 303 1.03 121 0.74 2
