2.35 1392 2.07 1071 1.79 776 1.51 512 1.23 283 0.95 100
2.34 1370 2.06 1061 1.78 767 1.50 504 1.22 276 0.94 96
2.33 1359 2.05 1041 1.77 758 1.49 496 1.21 270 0.93 91
2.32 1349 2.04 1031 1.76 740 1.48 488 1.20 263 0.92 86
2.31 1338 2.03 1021 1.75 731 1.47 480 1.19 257 0.91 81
2.30 1328 2.02 1012 1.74 723 1.46 464 1.18 250 0.90 77
2.29 1317 2.01 1002 1.73 714 1.45 457 1.17 237 0.89 72
2.28 1306 2.00 992 1.72 705 1.44 449 1.16 231 0.88 63
2.27 1296 1.99 982 1.71 696 1.43 441 1.15 225 0.87 59
2.26 1285 1.98 973 1.70 687 1.42 434 1.14 218 0.86 55
2.25 1264 1.97 963 1.69 679 1.41 426 1.13 212 0.85 51
2.24 1254 1.96 953 1.68 670 1.40 419 1.12 206 0.84 47
2.23 1244 1.95 934 1.67 661 1.39 411 1.11 200 0.83 43
2.22 1233 1.94 925 1.66 644 1.38 404 1.10 194 0.82 39
2.21 1223 1.93 915 1.65 636 1.37 396 1.09 188 0.81 35
2.20 1213 1.92 906 1.64 627 1.36 381 1.08 182 0.80 32
2.19 1202 1.91 896 1.63 619 1.35 374 1.07 170 0.79 28
2.18 1192 1.90 887 1.62 610 1.34 367 1.06 165 0.78 22
2.17 1182 1.89 878 1.61 602 1.33 360 1.05 159 0.77 19
2.16 1172 1.88 868 1.60 593 1.32 352 1.04 153 0.76 16
2.15 1151 1.87 859 1.59 585 1.31 345 1.03 148 0.75 13
2.14 1141 1.86 850 1.58 577 1.30 338 1.02 142 0.74 10
2.13 1131 1.85 831 1.57 569 1.29 331 1.01 137 0.73 8
2.12 1121 1.84 822 1.56 552 1.28 324 1.00 131 0.72 6
2.11 1111 1.83 813 1.55 544 1.27 310 0.99 126 0.71 4
2.10 1101 1.82 803 1.54 536 1.26 303 0.98 121 0.70 2
2.09 1091 1.81 794 1.53 528 1.25 297 0.97 111
2.08 1081 1.80 785 1.52 520 1.24 290 0.96 105
