2.23 1392 1.96 1061 1.69 767 1.42 496 1.15 270 0.88 91
2.22 1370 1.95 1051 1.68 758 1.41 488 1.14 263 0.87 86
2.21 1359 1.94 1041 1.67 749 1.40 480 1.13 257 0.86 77
2.20 1349 1.93 1031 1.66 731 1.39 472 1.12 250 0.85 72
2.19 1338 1.92 1021 1.65 723 1.38 464 1.11 237 0.84 68
2.18 1328 1.91 1002 1.64 714 1.37 457 1.10 231 0.83 63
2.17 1317 1.90 992 1.63 705 1.36 441 1.09 225 0.82 59
2.16 1296 1.89 982 1.62 696 1.35 434 1.08 218 0.81 55
2.15 1285 1.88 973 1.61 687 1.34 426 1.07 212 0.80 47
2.14 1275 1.87 963 1.60 670 1.33 419 1.06 206 0.79 43
2.13 1264 1.86 953 1.59 661 1.32 411 1.05 194 0.78 39
2.12 1254 1.85 934 1.58 653 1.31 404 1.04 188 0.77 35
2.11 1244 1.84 925 1.57 644 1.30 396 1.03 182 0.76 32
2.10 1223 1.83 915 1.56 636 1.29 381 1.02 176 0.75 28
2.09 1213 1.82 906 1.55 627 1.28 374 1.01 170 0.74 22
2.08 1202 1.81 896 1.54 610 1.27 367 1.00 165 0.73 19
2.07 1192 1.80 887 1.53 602 1.26 360 0.99 159 0.72 16
2.06 1182 1.79 868 1.52 593 1.25 352 0.98 148 0.71 13
2.05 1172 1.78 859 1.51 585 1.24 345 0.97 142 0.70 10
2.04 1151 1.77 850 1.50 577 1.23 331 0.96 137 0.69 8
2.03 1141 1.76 840 1.49 569 1.22 324 0.95 131 0.68 4
2.02 1131 1.75 831 1.48 552 1.21 317 0.94 126 0.67 2
2.01 1121 1.74 822 1.47 544 1.20 310 0.93 121
2.00 1111 1.73 803 1.46 536 1.19 303 0.92 111
1.99 1101 1.72 794 1.45 528 1.18 297 0.91 105
1.98 1091 1.71 785 1.44 520 1.17 283 0.90 100
1.97 1071 1.70 776 1.43 512 1.16 276 0.89 96
