2.11 1392 1.86 1071 1.61 776 1.36 520 1.11 290 0.86 105
2.10 1370 1.85 1061 1.60 767 1.35 504 1.10 283 0.85 100
2.09 1359 1.84 1041 1.59 758 1.34 496 1.09 270 0.84 96
2.08 1349 1.83 1031 1.58 749 1.33 488 1.08 263 0.83 86
2.07 1338 1.82 1021 1.57 731 1.32 480 1.07 257 0.82 81
2.06 1317 1.81 1012 1.56 723 1.31 464 1.06 250 0.81 77
2.05 1306 1.80 1002 1.55 714 1.30 457 1.05 237 0.80 72
2.04 1296 1.79 982 1.54 705 1.29 449 1.04 231 0.79 68
2.03 1285 1.78 973 1.53 687 1.28 441 1.03 225 0.78 59
2.02 1275 1.77 963 1.52 679 1.27 426 1.02 218 0.77 55
2.01 1254 1.76 953 1.51 670 1.26 419 1.01 212 0.76 51
2.00 1244 1.75 934 1.50 661 1.25 411 1.00 200 0.75 47
1.99 1233 1.74 925 1.49 644 1.24 404 0.99 194 0.74 39
1.98 1223 1.73 915 1.48 636 1.23 396 0.98 188 0.73 35
1.97 1202 1.72 906 1.47 627 1.22 381 0.97 182 0.72 32
1.96 1192 1.71 887 1.46 619 1.21 374 0.96 170 0.71 28
1.95 1182 1.70 878 1.45 610 1.20 367 0.95 165 0.70 22
1.94 1172 1.69 868 1.44 593 1.19 360 0.94 159 0.69 19
1.93 1161 1.68 859 1.43 585 1.18 345 0.93 153 0.68 16
1.92 1141 1.67 850 1.42 577 1.17 338 0.92 142 0.67 13
1.91 1131 1.66 831 1.41 569 1.16 331 0.91 137 0.66 10
1.90 1121 1.65 822 1.40 552 1.15 324 0.90 131 0.65 6
1.89 1111 1.64 813 1.39 544 1.14 310 0.89 126 0.64 4
1.88 1091 1.63 803 1.38 536 1.13 303 0.88 121 0.63 2
1.87 1081 1.62 785 1.37 528 1.12 297 0.87 111
