1.99 1392 1.75 1061 1.51 767 1.27 504 1.03 276 0.79 91
1.98 1370 1.74 1051 1.50 758 1.26 496 1.02 263 0.78 86
1.97 1359 1.73 1041 1.49 749 1.25 480 1.01 257 0.77 81
1.96 1349 1.72 1031 1.48 731 1.24 472 1.00 250 0.76 72
1.95 1328 1.71 1012 1.47 723 1.23 464 0.99 237 0.75 68
1.94 1317 1.70 1002 1.46 714 1.22 449 0.98 231 0.74 63
1.93 1306 1.69 992 1.45 696 1.21 441 0.97 225 0.73 59
1.92 1296 1.68 973 1.44 687 1.20 434 0.96 218 0.72 51
1.91 1275 1.67 963 1.43 679 1.19 419 0.95 206 0.71 47
1.90 1264 1.66 953 1.42 661 1.18 411 0.94 200 0.70 43
1.89 1254 1.65 934 1.41 653 1.17 404 0.93 194 0.69 35
1.88 1233 1.64 925 1.40 644 1.16 396 0.92 182 0.68 32
1.87 1223 1.63 915 1.39 636 1.15 381 0.91 176 0.67 28
1.86 1213 1.62 906 1.38 619 1.14 374 0.90 170 0.66 22
1.85 1192 1.61 887 1.37 610 1.13 367 0.89 159 0.65 19
1.84 1182 1.60 878 1.36 602 1.12 352 0.88 153 0.64 16
1.83 1172 1.59 868 1.35 585 1.11 345 0.87 148 0.63 13
1.82 1161 1.58 850 1.34 577 1.10 338 0.86 142 0.62 8
1.81 1141 1.57 840 1.33 569 1.09 324 0.85 131 0.61 6
1.80 1131 1.56 831 1.32 552 1.08 317 0.84 126 0.60 4
1.79 1121 1.55 813 1.31 544 1.07 310 0.83 121
1.78 1101 1.54 803 1.30 536 1.06 303 0.82 111
1.77 1091 1.53 794 1.29 528 1.05 290 0.81 105
1.76 1081 1.52 776 1.28 512 1.04 283 0.80 100
