1.87 1392 1.65 1071 1.43 785 1.21 520 0.99 297 0.77 111
1.86 1370 1.64 1061 1.42 767 1.20 512 0.98 283 0.76 105
1.85 1359 1.63 1051 1.41 758 1.19 504 0.97 276 0.75 100
1.84 1349 1.62 1031 1.40 749 1.18 488 0.96 270 0.74 91
1.83 1328 1.61 1021 1.39 731 1.17 480 0.95 257 0.73 86
1.82 1317 1.60 1002 1.38 723 1.16 464 0.94 250 0.72 77
1.81 1306 1.59 992 1.37 714 1.15 457 0.93 237 0.71 72
1.80 1285 1.58 982 1.36 696 1.14 449 0.92 231 0.70 68
1.79 1275 1.57 963 1.35 687 1.13 434 0.91 225 0.69 59
1.78 1254 1.56 953 1.34 670 1.12 426 0.90 212 0.68 55
1.77 1244 1.55 934 1.33 661 1.11 411 0.89 206 0.67 47
1.76 1233 1.54 925 1.32 653 1.10 404 0.88 200 0.66 43
1.75 1213 1.53 915 1.31 636 1.09 396 0.87 188 0.65 39
1.74 1202 1.52 896 1.30 627 1.08 381 0.86 182 0.64 32
1.73 1182 1.51 887 1.29 610 1.07 374 0.85 170 0.63 28
1.72 1172 1.50 878 1.28 602 1.06 367 0.84 165 0.62 22
1.71 1161 1.49 859 1.27 593 1.05 352 0.83 159 0.61 19
1.70 1141 1.48 850 1.26 577 1.04 345 0.82 148 0.60 16
1.69 1131 1.47 831 1.25 569 1.03 331 0.81 142 0.59 10
1.68 1111 1.46 822 1.24 552 1.02 324 0.80 131 0.58 8
1.67 1101 1.45 813 1.23 544 1.01 317 0.79 126 0.57 6
1.66 1091 1.44 794 1.22 536 1.00 303 0.78 121 0.56 2
