1.75 1392 1.54 1071 1.33 776 1.12 512 0.91 276 0.70 96
1.74 1381 1.53 1051 1.32 758 1.11 496 0.90 270 0.69 91
1.73 1359 1.52 1041 1.31 749 1.10 488 0.89 263 0.68 81
1.72 1349 1.51 1021 1.30 731 1.09 472 0.88 250 0.67 77
1.71 1328 1.50 1012 1.29 723 1.08 464 0.87 244 0.66 68
1.70 1317 1.49 992 1.28 705 1.07 449 0.86 231 0.65 63
1.69 1296 1.48 982 1.27 696 1.06 441 0.85 225 0.64 55
1.68 1285 1.47 973 1.26 679 1.05 426 0.84 212 0.63 51
1.67 1264 1.46 953 1.25 670 1.04 419 0.83 206 0.62 43
1.66 1254 1.45 944 1.24 653 1.03 404 0.82 194 0.61 39
1.65 1233 1.44 925 1.23 644 1.02 396 0.81 188 0.60 32
1.64 1223 1.43 915 1.22 627 1.01 381 0.80 176 0.59 28
1.63 1202 1.42 896 1.21 619 1.00 374 0.79 170 0.58 25
1.62 1192 1.41 887 1.20 602 0.99 360 0.78 159 0.57 19
1.61 1172 1.40 868 1.19 593 0.98 352 0.77 153 0.56 16
1.60 1161 1.39 859 1.18 585 0.97 338 0.76 142 0.55 10
1.59 1141 1.38 840 1.17 569 0.96 331 0.75 137 0.54 8
1.58 1131 1.37 831 1.16 560 0.95 317 0.74 126 0.53 4
1.57 1111 1.36 813 1.15 544 0.94 310 0.73 121 0.52 2
1.56 1101 1.35 803 1.14 536 0.93 297 0.72 111
1.55 1081 1.34 785 1.13 520 0.92 290 0.71 105
