1.63 1392 1.43 1061 1.23 767 1.03 496 0.83 263 0.63 81
1.62 1381 1.42 1051 1.22 749 1.02 480 0.82 250 0.62 72
1.61 1359 1.41 1031 1.21 731 1.01 472 0.81 244 0.61 68
1.60 1349 1.40 1021 1.20 723 1.00 457 0.80 231 0.60 59
1.59 1328 1.39 1002 1.19 705 0.99 441 0.79 218 0.59 55
1.58 1306 1.38 992 1.18 696 0.98 434 0.78 212 0.58 47
1.57 1296 1.37 973 1.17 679 0.97 419 0.77 200 0.57 39
1.56 1275 1.36 953 1.16 661 0.96 411 0.76 194 0.56 35
1.55 1264 1.35 944 1.15 653 0.95 396 0.75 182 0.55 28
1.54 1244 1.34 925 1.14 636 0.94 381 0.74 170 0.54 25
1.53 1223 1.33 915 1.13 627 0.93 374 0.73 165 0.53 19
1.52 1213 1.32 896 1.12 610 0.92 360 0.72 153 0.52 13
1.51 1192 1.31 878 1.11 593 0.91 352 0.71 148 0.51 10
1.50 1182 1.30 868 1.10 585 0.90 338 0.70 137 0.50 6
1.49 1161 1.29 850 1.09 569 0.89 324 0.69 131 0.49 4
1.48 1141 1.28 840 1.08 560 0.88 317 0.68 121
1.47 1131 1.27 822 1.07 544 0.87 303 0.67 111
1.46 1111 1.26 803 1.06 528 0.86 297 0.66 105
1.45 1101 1.25 794 1.05 520 0.85 283 0.65 96
1.44 1081 1.24 776 1.04 504 0.84 270 0.64 91
