1.50 1381 1.32 1061 1.14 767 0.96 504 0.78 276 0.60 96
1.49 1359 1.31 1041 1.13 749 0.95 488 0.77 263 0.59 86
1.48 1349 1.30 1031 1.12 740 0.94 480 0.76 257 0.58 77
1.47 1328 1.29 1012 1.11 723 0.93 464 0.75 244 0.57 72
1.46 1306 1.28 992 1.10 705 0.92 449 0.74 231 0.56 63
1.45 1285 1.27 973 1.09 687 0.91 434 0.73 218 0.55 55
1.44 1275 1.26 963 1.08 679 0.90 426 0.72 212 0.54 51
1.43 1254 1.25 944 1.07 661 0.89 411 0.71 200 0.53 43
1.42 1233 1.24 925 1.06 644 0.88 396 0.70 188 0.52 35
1.41 1223 1.23 915 1.05 636 0.87 381 0.69 176 0.51 28
1.40 1202 1.22 896 1.04 619 0.86 374 0.68 170 0.50 25
1.39 1182 1.21 878 1.03 602 0.85 360 0.67 159 0.49 19
1.38 1161 1.20 859 1.02 585 0.84 345 0.66 148 0.48 13
1.37 1151 1.19 850 1.01 577 0.83 338 0.65 142 0.47 10
1.36 1131 1.18 831 1.00 560 0.82 324 0.64 131 0.46 6
1.35 1111 1.17 813 0.99 544 0.81 310 0.63 121 0.45 2
1.34 1101 1.16 794 0.98 528 0.80 297 0.62 111
1.33 1081 1.15 785 0.97 520 0.79 290 0.61 105
