1.38 1392 1.21 1061 1.04 758 0.87 488 0.70 257 0.53 77
1.37 1370 1.20 1041 1.03 740 0.86 472 0.69 244 0.52 68
1.36 1349 1.19 1021 1.02 723 0.85 457 0.68 231 0.51 59
1.35 1328 1.18 1002 1.01 705 0.84 441 0.67 218 0.50 51
1.34 1306 1.17 982 1.00 687 0.83 426 0.66 206 0.49 47
1.33 1285 1.16 963 0.99 670 0.82 411 0.65 200 0.48 39
1.32 1264 1.15 944 0.98 661 0.81 404 0.64 188 0.47 32
1.31 1254 1.14 934 0.97 644 0.80 389 0.63 176 0.46 25
1.30 1233 1.13 915 0.96 627 0.79 374 0.62 165 0.45 19
1.29 1213 1.12 896 0.95 610 0.78 360 0.61 153 0.44 13
1.28 1192 1.11 878 0.94 593 0.77 345 0.60 142 0.43 8
1.27 1172 1.10 859 0.93 577 0.76 331 0.59 131 0.42 4
1.26 1151 1.09 840 0.92 560 0.75 317 0.58 121
1.25 1131 1.08 822 0.91 544 0.74 303 0.57 116
1.24 1111 1.07 803 0.90 536 0.73 297 0.56 105
1.23 1091 1.06 794 0.89 520 0.72 283 0.55 96
1.22 1081 1.05 776 0.88 504 0.71 270 0.54 86
