1.25 1370 1.10 1051 0.95 767 0.80 504 0.65 276 0.50 96
1.24 1349 1.09 1031 0.94 740 0.79 488 0.64 263 0.49 86
1.23 1328 1.08 1012 0.93 723 0.78 464 0.63 250 0.48 77
1.22 1306 1.07 992 0.92 705 0.77 449 0.62 231 0.47 63
1.21 1285 1.06 973 0.91 687 0.76 434 0.61 218 0.46 55
1.20 1264 1.05 953 0.90 670 0.75 419 0.60 206 0.45 47
1.19 1244 1.04 934 0.89 653 0.74 404 0.59 194 0.44 39
1.18 1223 1.03 915 0.88 636 0.73 389 0.58 182 0.43 32
1.17 1202 1.02 896 0.87 619 0.72 374 0.57 170 0.42 25
1.16 1182 1.01 878 0.86 602 0.71 360 0.56 159 0.41 19
1.15 1161 1.00 859 0.85 585 0.70 345 0.55 148 0.40 13
1.14 1141 0.99 840 0.84 569 0.69 331 0.54 137 0.39 8
1.13 1121 0.98 822 0.83 552 0.68 317 0.53 126 0.38 4
1.12 1101 0.97 803 0.82 536 0.67 303 0.52 116
1.11 1081 0.96 785 0.81 520 0.66 290 0.51 105
