2.59 1392
2.58 1381
2.57 1370
2.56 1359
2.55 1349
2.54 1338
2.53 1328
2.52 1317
2.51 1306
2.50 1296
2.49 1285
2.48 1275
2.47 1264
2.46 1254
2.45 1244
2.44 1233
2.43 1223
2.42 1213
2.41 1202
2.40 1192
2.39 1182
2.38 1172
2.37 1161
2.36 1151
2.35 1141
2.34 1131
2.33 1121
2.32 1111
2.31 1101
2.30 1091
2.29 1081
2.28 1071
2.27 1061
2.26 1051
2.25 1041
2.24 1031
2.23 1021
2.22 1012
2.21 1002
2.20 992

2.19 982
2.18 973
2.17 963
2.16 953
2.15 944
2.14 934
2.13 925
2.12 915
2.11 906
2.10 896
2.09 887
2.08 878
2.07 868
2.06 859
2.05 850
2.04 840
2.03 831
2.02 822
2.01 813
2.00 803
1.99 794
1.98 785
1.97 776
1.96 767
1.95 758
1.94 749
1.93 740
1.92 731
1.91 723
1.90 714
1.89 705
1.88 696
1.87 687
1.86 679
1.85 670
1.84 661
1.83 653
1.82 644
1.81 636
1.80 627

1.79 619
1.78 610
1.77 602
1.76 593
1.75 585
1.74 577
1.73 569
1.72 560
1.71 552
1.70 544
1.69 536
1.68 528
1.67 520
1.66 512
1.65 504
1.64 496
1.63 488
1.62 480
1.61 472
1.60 464
1.59 457
1.58 449
1.57 441
1.56 434
1.55 426
1.54 419
1.53 411
1.52 404
1.51 396
1.50 389
1.49 381
1.48 374
1.47 367
1.46 360
1.45 352
1.44 345
1.43 338
1.42 331
1.41 324
1.40 317

1.39 310
1.38 303
1.37 297
1.36 290
1.35 283
1.34 276
1.33 270
1.32 263
1.31 257
1.30 250
1.29 244
1.28 237
1.27 231
1.26 225
1.25 218
1.24 212
1.23 206
1.22 200
1.21 194
1.20 188
1.19 182
1.18 176
1.17 170
1.16 165
1.15 159
1.14 153
1.13 148
1.12 142
1.11 137
1.10 131
1.09 126
1.08 121
1.07 116
1.06 111
1.05 105
1.04 100
1.03 96
1.02 91
1.01 86
1.00 81

0.99 77
0.98 72
0.97 68
0.96 63
0.95 59
0.94 55
0.93 51
0.92 47
0.91 43
0.90 39
0.89 35
0.88 32
0.87 28
0.86 25
0.85 22
0.84 19
0.83 16
0.82 13
0.81 10
0.80 8
0.79 6
0.78 4
0.77 2
