21.12 1342 21.85 1266 22.57 1191 23.29 1119 24.01 1049 24.75 979
21.13 1341 21.86 1265 22.58 1190 23.30 1118 24.02 1048 24.76 978
21.15 1340 21.87 1264 22.59 1189 23.31 1117 24.03 1047 24.77 977
21.16 1339 21.88 1263 22.60 1188 23.32 1116 24.04 1046 24.78 976
21.17 1338 21.89 1262 22.61 1187 23.33 1115 24.05 1045 24.79 975
21.18 1337 21.90 1260 22.62 1186 23.34 1114 24.06 1044 24.80 974
21.19 1336 21.91 1259 22.63 1185 23.35 1113 24.07 1043 24.81 973
21.20 1334 21.92 1258 22.64 1184 23.36 1112 24.08 1042 24.82 972
21.21 1333 21.93 1257 22.65 1183 23.37 1111 24.09 1041 24.84 971
21.22 1332 21.94 1256 22.66 1182 23.38 1110 24.10 1040 24.85 970
21.23 1331 21.95 1255 22.67 1181 23.39 1109 24.11 1039 24.86 969
21.24 1330 21.96 1254 22.68 1180 23.40 1108 24.12 1038 24.87 968
21.25 1329 21.97 1253 22.69 1179 23.41 1107 24.13 1037 24.88 967
21.26 1328 21.98 1252 22.70 1178 23.42 1106 24.14 1036 24.89 966
21.27 1327 21.99 1251 22.71 1177 23.43 1105 24.15 1035 24.90 965
21.28 1326 22.00 1250 22.72 1176 23.44 1104 24.17 1034 24.91 964
21.29 1325 22.01 1249 22.73 1175 23.45 1103 24.18 1033 24.93 963
21.30 1323 22.02 1248 22.74 1174 23.46 1102 24.19 1032 24.94 962
21.31 1322 22.03 1247 22.75 1173 23.47 1101 24.20 1031 24.95 961
21.32 1321 22.04 1245 22.76 1172 23.49 1100 24.21 1030 24.96 960
21.33 1320 22.05 1244 22.77 1171 23.50 1099 24.22 1029 24.97 959
21.34 1319 22.06 1243 22.78 1170 23.51 1098 24.23 1028 24.98 958
21.35 1318 22.07 1242 22.79 1169 23.52 1097 24.24 1027 24.99 957
21.36 1317 22.08 1241 22.80 1168 23.53 1096 24.25 1026 25.00 956
21.37 1316 22.09 1240 22.82 1166 23.54 1095 24.26 1025 25.01 955
21.38 1315 22.10 1239 22.83 1165 23.55 1094 24.27 1024 25.02 954
21.39 1314 22.11 1238 22.84 1164 23.56 1093 24.28 1023 25.03 953
21.40 1312 22.12 1237 22.85 1163 23.57 1092 24.29 1022 25.04 952
21.41 1311 22.13 1236 22.86 1162 23.58 1091 24.30 1021 25.05 951
21.42 1310 22.15 1235 22.87 1161 23.59 1090 24.31 1020 25.06 950
21.43 1309 22.16 1234 22.88 1160 23.60 1089 24.32 1019 25.07 949
21.44 1308 22.17 1233 22.89 1159 23.61 1088 24.33 1018 25.08 948
21.45 1307 22.18 1232 22.90 1158 23.62 1087 24.35 1017 25.09 947
21.46 1306 22.19 1231 22.91 1157 23.63 1086 24.36 1016 25.10 946
21.48 1305 22.20 1229 22.92 1156 23.64 1085 24.37 1015 25.12 945
21.49 1304 22.21 1228 22.93 1155 23.65 1084 24.38 1014 25.13 944
21.50 1303 22.22 1227 22.94 1154 23.66 1083 24.39 1013 25.14 943
21.51 1302 22.23 1226 22.95 1153 23.67 1082 24.40 1012 25.15 942
21.52 1300 22.24 1225 22.96 1152 23.68 1081 24.41 1011 25.17 941
21.53 1299 22.25 1224 22.97 1151 23.69 1080 24.42 1010 25.18 940
21.54 1298 22.26 1223 22.98 1150 23.70 1079 24.43 1009 25.19 939
21.55 1297 22.27 1222 22.99 1149 23.71 1078 24.44 1008 25.20 938
21.56 1296 22.28 1221 23.00 1148 23.72 1077 24.45 1007 25.21 937
21.57 1295 22.29 1220 23.01 1147 23.73 1076 24.46 1006 25.22 936
21.58 1294 22.30 1219 23.02 1146 23.74 1075 24.47 1005 25.23 935
21.59 1293 22.31 1218 23.03 1145 23.75 1074 24.48 1004 25.24 934
21.60 1292 22.32 1217 23.04 1144 23.76 1073 24.50 1003 25.25 933
21.61 1291 22.33 1216 23.05 1143 23.77 1072 24.51 1002 25.26 932
21.62 1290 22.34 1215 23.06 1142 23.78 1071 24.52 1001 25.27 931
21.63 1289 22.35 1214 23.07 1141 23.79 1070 24.53 1000 25.28 930
21.64 1287 22.36 1213 23.08 1140 23.80 1069 24.54 999 25.30 929
21.65 1286 22.37 1211 23.09 1139 23.81 1068 24.55 998 25.31 928
21.66 1285 22.38 1210 23.10 1138 23.83 1067 24.56 997 25.32 927
21.67 1284 22.39 1209 23.11 1137 23.84 1066 24.57 996 25.33 926
21.68 1283 22.40 1208 23.12 1136 23.85 1065 24.58 995 25.34 925
21.69 1282 22.41 1207 23.13 1135 23.86 1064 24.59 994 25.35 924
21.70 1281 22.42 1206 23.14 1133 23.87 1063 24.60 993 25.36 923
21.71 1280 22.43 1205 23.16 1132 23.88 1062 24.61 992 25.37 922
21.72 1279 22.44 1204 23.17 1131 23.89 1061 24.62 991 25.38 921
21.73 1278 22.45 1203 23.18 1130 23.90 1060 24.63 990 25.39 920
21.74 1277 22.46 1202 23.19 1129 23.91 1059 24.64 989 25.40 919
21.75 1276 22.47 1201 23.20 1128 23.92 1058 24.65 988 25.41 918
21.76 1274 22.49 1200 23.21 1127 23.93 1057 24.66 987 25.42 917
21.77 1273 22.50 1199 23.22 1126 23.94 1056 24.68 986 25.43 916
21.78 1272 22.51 1198 23.23 1125 23.95 1055 24.69 985 25.45 915
21.79 1271 22.52 1197 23.24 1124 23.96 1054 24.70 984 25.46 914
21.80 1270 22.53 1196 23.25 1123 23.97 1053 24.71 983 25.47 913
21.82 1269 22.54 1195 23.26 1122 23.98 1052 24.72 982 25.48 912
21.83 1268 22.55 1194 23.27 1121 23.99 1051 24.73 981 25.49 911
21.84 1267 22.56 1193 23.28 1120 24.00 1050 24.74 980 25.51 910
25.52 909 26.31 839 27.13 769 27.99 699 28.88 629 29.82 559
25.53 908 26.32 838 27.14 768 28.00 698 28.90 628 29.83 558
25.54 907 26.33 837 27.15 767 28.01 697 28.91 627 29.84 557
25.55 906 26.34 836 27.16 766 28.02 696 28.92 626 29.87 556
25.56 905 26.35 835 27.17 765 28.03 695 28.94 625 29.88 555
25.57 904 26.36 834 27.19 764 28.05 694 28.95 624 29.89 554
25.58 903 26.38 833 27.21 763 28.06 693 28.96 623 29.91 553
25.60 902 26.39 832 27.22 762 28.07 692 28.97 622 29.92 552
25.61 901 26.40 831 27.23 761 28.08 691 28.99 621 29.94 551
25.62 900 26.41 830 27.24 760 28.10 690 29.00 620 29.95 550
25.63 899 26.42 829 27.25 759 28.11 689 29.01 619 29.96 549
25.64 898 26.43 828 27.26 758 28.12 688 29.02 618 29.98 548
25.65 897 26.44 827 27.28 757 28.13 687 29.04 617 29.99 547
25.66 896 26.45 826 27.29 756 28.14 686 29.05 616 30.00 546
25.67 895 26.46 825 27.30 755 28.16 685 29.06 615 30.02 545
25.68 894 26.48 824 27.31 754 28.17 684 29.08 614 30.03 544
25.69 893 26.49 823 27.32 753 28.19 683 29.09 613 30.04 543
25.70 892 26.50 822 27.33 752 28.20 682 29.10 612 30.06 542
25.71 891 26.52 821 27.35 751 28.22 681 29.11 611 30.07 541
25.73 890 26.53 820 27.36 750 28.23 680 29.13 610 30.08 540
25.74 889 26.54 819 27.37 749 28.24 679 29.14 609 30.10 539
25.75 888 26.55 818 27.38 748 28.25 678 29.15 608 30.11 538
25.76 887 26.57 817 27.39 747 28.26 677 29.17 607 30.13 537
25.77 886 26.58 816 27.40 746 28.28 676 29.18 606 30.14 536
25.78 885 26.59 815 27.42 745 28.29 675 29.20 605 30.15 535
25.79 884 26.60 814 27.43 744 28.30 674 29.22 604 30.17 534
25.80 883 26.61 813 27.44 743 28.31 673 29.23 603 30.18 533
25.81 882 26.62 812 27.45 742 28.33 672 29.24 602 30.19 532
25.82 881 26.63 811 27.46 741 28.34 671 29.25 601 30.22 531
25.84 880 26.64 810 27.48 740 28.35 670 29.27 600 30.23 530
25.86 879 26.66 809 27.49 739 28.36 669 29.28 599 30.24 529
25.87 878 26.67 808 27.50 738 28.38 668 29.29 598 30.26 528
25.88 877 26.68 807 27.52 737 28.39 667 29.31 597 30.27 527
25.89 876 26.69 806 27.53 736 28.40 666 29.32 596 30.29 526
25.90 875 26.70 805 27.54 735 28.41 665 29.33 595 30.30 525
25.91 874 26.71 804 27.56 734 28.43 664 29.35 594 30.31 524
25.92 873 26.72 803 27.57 733 28.44 663 29.36 593 30.33 523
25.93 872 26.74 802 27.58 732 28.45 662 29.37 592 30.34 522
25.94 871 26.75 801 27.59 731 28.46 661 29.38 591 30.35 521
25.95 870 26.76 800 27.60 730 28.47 660 29.40 590 30.37 520
25.97 869 26.77 799 27.62 729 28.49 659 29.41 589 30.38 519
25.98 868 26.78 798 27.63 728 28.50 658 29.42 588 30.40 518
25.99 867 26.79 797 27.64 727 28.51 657 29.44 587 30.41 517
26.00 866 26.80 796 27.65 726 28.53 656 29.45 586 30.42 516
26.01 865 26.82 795 27.66 725 28.55 655 29.46 585 30.44 515
26.02 864 26.83 794 27.68 724 28.56 654 29.48 584 30.45 514
26.03 863 26.85 793 27.69 723 28.57 653 29.49 583 30.47 513
26.04 862 26.86 792 27.70 722 28.58 652 29.50 582 30.48 512
26.05 861 26.87 791 27.71 721 28.60 651 29.52 581 30.49 511
26.06 860 26.88 790 27.72 720 28.61 650 29.54 580 30.51 510
26.08 859 26.89 789 27.73 719 28.62 649 29.55 579 30.52 509
26.09 858 26.91 788 27.75 718 28.63 648 29.56 578 30.55 508
26.10 857 26.92 787 27.76 717 28.65 647 29.58 577 30.56 507
26.11 856 26.93 786 27.77 716 28.66 646 29.59 576 30.57 506
26.12 855 26.94 785 27.78 715 28.67 645 29.60 575 30.59 505
26.13 854 26.95 784 27.79 714 28.68 644 29.62 574 30.60 504
26.14 853 26.96 783 27.81 713 28.70 643 29.63 573 30.62 503
26.15 852 26.97 782 27.82 712 28.71 642 29.64 572 30.63 502
26.16 851 26.99 781 27.83 711 28.72 641 29.66 571 30.64 501
26.19 850 27.00 780 27.84 710 28.74 640 29.67 570 30.66 500
26.20 849 27.01 779 27.86 709 28.75 639 29.68 569 30.67 499
26.21 848 27.02 778 27.88 708 28.76 638 29.70 568 30.69 498
26.22 847 27.03 777 27.89 707 28.77 637 29.71 567 30.70 497
26.23 846 27.04 776 27.90 706 28.79 636 29.72 566 30.71 496
26.24 845 27.06 775 27.91 705 28.80 635 29.74 565 30.73 495
26.25 844 27.07 774 27.93 704 28.81 634 29.75 564 30.74 494
26.26 843 27.08 773 27.94 703 28.82 633 29.76 563 30.76 493
26.27 842 27.09 772 27.95 702 28.84 632 29.78 562 30.77 492
26.29 841 27.10 771 27.96 701 28.86 631 29.79 561 30.79 491
26.30 840 27.11 770 27.97 700 28.87 630 29.80 560 30.80 490
30.81 489 31.88 419 33.02 349 34.28 279 35.68 209 37.32 139
30.83 488 31.90 418 33.04 348 34.30 278 35.70 208 37.35 138
30.84 487 31.91 417 33.06 347 34.32 277 35.72 207 37.37 137
30.86 486 31.93 416 33.07 346 34.34 276 35.75 206 37.40 136
30.88 485 31.94 415 33.09 345 34.35 275 35.77 205 37.42 135
30.89 484 31.96 414 33.11 344 34.37 274 35.79 204 37.45 134
30.91 483 31.98 413 33.12 343 34.39 273 35.81 203 37.47 133
30.92 482 31.99 412 33.14 342 34.41 272 35.83 202 37.50 132
30.94 481 32.01 411 33.16 341 34.43 271 35.85 201 37.52 131
30.95 480 32.02 410 33.17 340 34.45 270 35.87 200 37.55 130
30.97 479 32.04 409 33.19 339 34.46 269 35.89 199 37.57 129
30.98 478 32.05 408 33.21 338 34.48 268 35.92 198 37.61 128
31.00 477 32.07 407 33.23 337 34.50 267 35.95 197 37.64 127
31.01 476 32.08 406 33.25 336 34.52 266 35.97 196 37.66 126
31.02 475 32.10 405 33.27 335 34.54 265 35.99 195 37.69 125
31.04 474 32.11 404 33.28 334 34.57 264 36.01 194 37.71 124
31.05 473 32.13 403 33.30 333 34.59 263 36.03 193 37.74 123
31.07 472 32.15 402 33.32 332 34.61 262 36.05 192 37.77 122
31.08 471 32.16 401 33.34 331 34.62 261 36.07 191 37.79 121
31.10 470 32.18 400 33.35 330 34.64 260 36.10 190 37.82 120
31.11 469 32.19 399 33.37 329 34.66 259 36.12 189 37.85 119
31.13 468 32.22 398 33.39 328 34.68 258 36.14 188 37.87 118
31.14 467 32.23 397 33.40 327 34.70 257 36.16 187 37.90 117
31.15 466 32.25 396 33.42 326 34.72 256 36.18 186 37.94 116
31.17 465 32.26 395 33.44 325 34.74 255 36.21 185 37.97 115
31.18 464 32.28 394 33.45 324 34.76 254 36.23 184 37.99 114
31.21 463 32.30 393 33.47 323 34.78 253 36.26 183 38.02 113
31.22 462 32.31 392 33.49 322 34.80 252 36.28 182 38.05 112
31.24 461 32.33 391 33.51 321 34.81 251 36.30 181 38.08 111
31.25 460 32.34 390 33.52 320 34.83 250 36.33 180 38.10 110
31.27 459 32.36 389 33.54 319 34.85 249 36.35 179 38.13 109
31.28 458 32.37 388 33.57 318 34.87 248 36.37 178 38.16 108
31.30 457 32.39 387 33.59 317 34.90 247 36.39 177 38.19 107
31.31 456 32.41 386 33.60 316 34.92 246 36.42 176 38.21 106
31.33 455 32.42 385 33.62 315 34.94 245 36.44 175 38.24 105
31.34 454 32.44 384 33.64 314 34.96 244 36.46 174 38.28 104
31.35 453 32.45 383 33.65 313 34.98 243 36.48 173 38.31 103
31.37 452 32.47 382 33.67 312 35.00 242 36.51 172 38.34 102
31.38 451 32.49 381 33.69 311 35.02 241 36.53 171 38.37 101
31.40 450 32.50 380 33.71 310 35.04 240 36.55 170 38.40 100
31.41 449 32.52 379 33.72 309 35.06 239 36.58 169 38.43 99
31.43 448 32.53 378 33.74 308 35.08 238 36.61 168 38.45 98
31.44 447 32.56 377 33.76 307 35.10 237 36.63 167 38.48 97
31.46 446 32.58 376 33.78 306 35.12 236 36.65 166 38.51 96
31.47 445 32.59 375 33.79 305 35.14 235 36.68 165 38.54 95
31.49 444 32.61 374 33.81 304 35.16 234 36.70 164 38.57 94
31.50 443 32.62 373 33.83 303 35.18 233 36.72 163 38.61 93
31.52 442 32.64 372 33.85 302 35.19 232 36.75 162 38.64 92
31.53 441 32.66 371 33.86 301 35.21 231 36.77 161 38.67 91
31.56 440 32.67 370 33.88 300 35.24 230 36.79 160 38.70 90
31.57 439 32.69 369 33.91 299 35.26 229 36.82 159 38.73 89
31.59 438 32.70 368 33.93 298 35.28 228 36.84 158 38.76 88
31.60 437 32.72 367 33.95 297 35.30 227 36.86 157 38.79 87
31.62 436 32.74 366 33.96 296 35.32 226 36.89 156 38.82 86
31.63 435 32.75 365 33.98 295 35.34 225 36.92 155 38.86 85
31.65 434 32.77 364 34.00 294 35.37 224 36.94 154 38.89 84
31.66 433 32.78 363 34.02 293 35.39 223 36.97 153 38.93 83
31.68 432 32.80 362 34.03 292 35.41 222 36.99 152 38.96 82
31.69 431 32.82 361 34.05 291 35.43 221 37.02 151 38.99 81
31.71 430 32.83 360 34.07 290 35.45 220 37.04 150 39.02 80
31.72 429 32.85 359 34.09 289 35.47 219 37.06 149 39.06 79
31.74 428 32.87 358 34.11 288 35.49 218 37.09 148 39.09 78
31.75 427 32.89 357 34.12 287 35.51 217 37.11 147 39.12 77
31.77 426 32.91 356 34.14 286 35.53 216 37.14 146 39.15 76
31.78 425 32.93 355 34.16 285 35.55 215 37.16 145 39.19 75
31.80 424 32.94 354 34.18 284 35.58 214 37.19 144 39.22 74
31.81 423 32.96 353 34.20 283 35.60 213 37.21 143 39.25 73
31.83 422 32.97 352 34.23 282 35.62 212 37.25 142 39.30 72
31.84 421 32.99 351 34.24 281 35.64 211 37.27 141 39.33 71
31.86 420 33.01 350 34.26 280 35.66 210 37.30 140 39.36 70
39.40 69 39.83 57 40.32 45 40.87 33 41.51 21 42.37 9
39.43 68 39.87 56 40.37 44 40.91 32 41.57 20 42.46 8
39.47 67 39.91 55 40.41 43 40.97 31 41.64 19 42.55 7
39.50 66 39.96 54 40.45 42 41.02 30 41.70 18 42.66 6
39.54 65 40.00 53 40.49 41 41.07 29 41.77 17 42.76 5
39.57 64 40.03 52 40.54 40 41.12 28 41.83 16 42.88 4
39.62 63 40.07 51 40.58 39 41.17 27 41.90 15 43.02 3
39.65 62 40.11 50 40.64 38 41.23 26 41.98 14 43.17 2
39.69 61 40.15 49 40.68 37 41.29 25 42.05 13 43.37 1
39.72 60 40.19 48 40.73 36 41.34 24 42.12 12
39.76 59 40.23 47 40.77 35 41.40 23 42.20 11
39.80 58 40.28 46 40.82 34 41.46 22 42.29 10
