21.94 1342 22.69 1266 23.44 1191 24.19 1119 24.94 1049 25.71 979
21.95 1341 22.70 1265 23.45 1190 24.20 1118 24.95 1048 25.72 978
21.96 1340 22.71 1264 23.46 1189 24.21 1117 24.96 1047 25.73 977
21.97 1339 22.72 1263 23.47 1188 24.22 1116 24.97 1046 25.74 976
21.98 1338 22.73 1262 23.48 1187 24.23 1115 24.98 1045 25.75 975
21.99 1337 22.74 1260 23.49 1186 24.24 1114 24.99 1044 25.76 974
22.00 1336 22.75 1259 23.50 1185 24.25 1113 25.00 1043 25.77 973
22.01 1334 22.76 1258 23.51 1184 24.26 1112 25.01 1042 25.78 972
22.02 1333 22.77 1257 23.52 1183 24.27 1111 25.02 1041 25.79 971
22.04 1332 22.78 1256 23.53 1182 24.28 1110 25.03 1040 25.80 970
22.05 1331 22.80 1255 23.54 1181 24.29 1109 25.04 1039 25.81 969
22.06 1330 22.81 1254 23.56 1180 24.30 1108 25.05 1038 25.82 968
22.07 1329 22.82 1253 23.57 1179 24.32 1107 25.06 1037 25.84 967
22.08 1328 22.83 1252 23.58 1178 24.33 1106 25.08 1036 25.85 966
22.09 1327 22.84 1251 23.59 1177 24.34 1105 25.09 1035 25.86 965
22.10 1326 22.85 1250 23.60 1176 24.35 1104 25.10 1034 25.87 964
22.11 1325 22.86 1249 23.61 1175 24.36 1103 25.11 1033 25.89 963
22.12 1323 22.87 1248 23.62 1174 24.37 1102 25.12 1032 25.90 962
22.13 1322 22.88 1247 23.63 1173 24.38 1101 25.13 1031 25.91 961
22.14 1321 22.89 1245 23.64 1172 24.39 1100 25.14 1030 25.92 960
22.15 1320 22.90 1244 23.65 1171 24.40 1099 25.15 1029 25.93 959
22.16 1319 22.91 1243 23.66 1170 24.41 1098 25.16 1028 25.94 958
22.17 1318 22.92 1242 23.67 1169 24.42 1097 25.17 1027 25.95 957
22.19 1317 22.93 1241 23.68 1168 24.43 1096 25.18 1026 25.96 956
22.20 1316 22.95 1240 23.69 1166 24.44 1095 25.19 1025 25.97 955
22.21 1315 22.96 1239 23.71 1165 24.45 1094 25.20 1024 25.99 954
22.22 1314 22.97 1238 23.72 1164 24.47 1093 25.21 1023 26.00 953
22.23 1312 22.98 1237 23.73 1163 24.48 1092 25.23 1022 26.01 952
22.24 1311 22.99 1236 23.74 1162 24.49 1091 25.24 1021 26.02 951
22.25 1310 23.00 1235 23.75 1161 24.50 1090 25.25 1020 26.03 950
22.26 1309 23.01 1234 23.76 1160 24.51 1089 25.26 1019 26.04 949
22.27 1308 23.02 1233 23.77 1159 24.52 1088 25.27 1018 26.05 948
22.28 1307 23.03 1232 23.78 1158 24.53 1087 25.29 1017 26.06 947
22.29 1306 23.04 1231 23.79 1157 24.54 1086 25.30 1016 26.07 946
22.30 1305 23.05 1229 23.80 1156 24.55 1085 25.31 1015 26.09 945
22.31 1304 23.06 1228 23.81 1155 24.56 1084 25.32 1014 26.10 944
22.32 1303 23.07 1227 23.82 1154 24.57 1083 25.33 1013 26.11 943
22.33 1302 23.08 1226 23.83 1153 24.58 1082 25.34 1012 26.12 942
22.35 1300 23.09 1225 23.84 1152 24.59 1081 25.35 1011 26.14 941
22.36 1299 23.11 1224 23.85 1151 24.60 1080 25.36 1010 26.15 940
22.37 1298 23.12 1223 23.87 1150 24.61 1079 25.38 1009 26.16 939
22.38 1297 23.13 1222 23.88 1149 24.63 1078 25.39 1008 26.17 938
22.39 1296 23.14 1221 23.89 1148 24.64 1077 25.40 1007 26.18 937
22.40 1295 23.15 1220 23.90 1147 24.65 1076 25.41 1006 26.19 936
22.41 1294 23.16 1219 23.91 1146 24.66 1075 25.42 1005 26.20 935
22.42 1293 23.17 1218 23.92 1145 24.67 1074 25.43 1004 26.21 934
22.43 1292 23.18 1217 23.93 1144 24.68 1073 25.44 1003 26.22 933
22.44 1291 23.19 1216 23.94 1143 24.69 1072 25.45 1002 26.23 932
22.45 1290 23.20 1215 23.95 1142 24.70 1071 25.46 1001 26.24 931
22.46 1289 23.21 1214 23.96 1141 24.71 1070 25.47 1000 26.25 930
22.47 1287 23.22 1213 23.97 1140 24.72 1069 25.48 999 26.27 929
22.48 1286 23.23 1211 23.98 1139 24.73 1068 25.49 998 26.28 928
22.50 1285 23.24 1210 23.99 1138 24.74 1067 25.50 997 26.30 927
22.51 1284 23.26 1209 24.00 1137 24.75 1066 25.51 996 26.31 926
22.52 1283 23.27 1208 24.02 1136 24.76 1065 25.52 995 26.32 925
22.53 1282 23.28 1207 24.03 1135 24.78 1064 25.54 994 26.33 924
22.54 1281 23.29 1206 24.04 1133 24.79 1063 25.55 993 26.34 923
22.55 1280 23.30 1205 24.05 1132 24.80 1062 25.56 992 26.35 922
22.56 1279 23.31 1204 24.06 1131 24.81 1061 25.57 991 26.36 921
22.57 1278 23.32 1203 24.07 1130 24.82 1060 25.58 990 26.37 920
22.58 1277 23.33 1202 24.08 1129 24.83 1059 25.59 989 26.38 919
22.59 1276 23.34 1201 24.09 1128 24.84 1058 25.60 988 26.39 918
22.60 1274 23.35 1200 24.10 1127 24.85 1057 25.61 987 26.40 917
22.61 1273 23.36 1199 24.11 1126 24.86 1056 25.63 986 26.41 916
22.62 1272 23.37 1198 24.12 1125 24.87 1055 25.64 985 26.43 915
22.63 1271 23.38 1197 24.13 1124 24.88 1054 25.65 984 26.45 914
22.65 1270 23.39 1196 24.14 1123 24.89 1053 25.66 983 26.46 913
22.66 1269 23.41 1195 24.15 1122 24.90 1052 25.67 982 26.47 912
22.67 1268 23.42 1194 24.17 1121 24.91 1051 25.69 981 26.48 911
22.68 1267 23.43 1193 24.18 1120 24.93 1050 25.70 980 26.49 910
26.50 909 27.32 839 28.18 769 29.07 699 29.99 629 30.97 559
26.51 908 27.33 838 28.19 768 29.08 698 30.01 628 30.98 558
26.52 907 27.34 837 28.20 767 29.09 697 30.02 627 30.99 557
26.53 906 27.36 836 28.21 766 29.10 696 30.03 626 31.02 556
26.54 905 27.37 835 28.22 765 29.11 695 30.05 625 31.03 555
26.55 904 27.38 834 28.23 764 29.13 694 30.06 624 31.04 554
26.56 903 27.40 833 28.25 763 29.14 693 30.07 623 31.06 553
26.58 902 27.41 832 28.27 762 29.15 692 30.08 622 31.07 552
26.60 901 27.42 831 28.28 761 29.16 691 30.11 621 31.09 551
26.61 900 27.43 830 28.29 760 29.19 690 30.12 620 31.10 550
26.62 899 27.44 829 28.30 759 29.20 689 30.13 619 31.11 549
26.63 898 27.45 828 28.31 758 29.21 688 30.14 618 31.13 548
26.64 897 27.46 827 28.33 757 29.22 687 30.16 617 31.14 547
26.65 896 27.47 826 28.34 756 29.23 686 30.17 616 31.16 546
26.66 895 27.48 825 28.35 755 29.25 685 30.18 615 31.18 545
26.67 894 27.51 824 28.36 754 29.26 684 30.20 614 31.19 544
26.68 893 27.52 823 28.37 753 29.27 683 30.21 613 31.20 543
26.69 892 27.53 822 28.38 752 29.28 682 30.22 612 31.22 542
26.70 891 27.54 821 28.40 751 29.30 681 30.23 611 31.23 541
26.72 890 27.55 820 28.42 750 29.31 680 30.26 610 31.24 540
26.73 889 27.56 819 28.43 749 29.32 679 30.27 609 31.26 539
26.75 888 27.57 818 28.44 748 29.34 678 30.28 608 31.27 538
26.76 887 27.59 817 28.45 747 29.35 677 30.30 607 31.29 537
26.77 886 27.60 816 28.46 746 29.37 676 30.31 606 31.31 536
26.78 885 27.61 815 28.48 745 29.38 675 30.32 605 31.32 535
26.79 884 27.62 814 28.49 744 29.39 674 30.34 604 31.34 534
26.80 883 27.63 813 28.50 743 29.40 673 30.35 603 31.35 533
26.81 882 27.64 812 28.51 742 29.42 672 30.36 602 31.36 532
26.82 881 27.66 811 28.52 741 29.43 671 30.37 601 31.38 531
26.83 880 27.67 810 28.54 740 29.44 670 30.40 600 31.39 530
26.85 879 27.69 809 28.55 739 29.45 669 30.41 599 31.40 529
26.86 878 27.70 808 28.56 738 29.47 668 30.42 598 31.42 528
26.87 877 27.71 807 28.58 737 29.49 667 30.44 597 31.43 527
26.88 876 27.72 806 28.59 736 29.50 666 30.45 596 31.46 526
26.90 875 27.73 805 28.60 735 29.51 665 30.46 595 31.47 525
26.91 874 27.74 804 28.62 734 29.53 664 30.48 594 31.48 524
26.92 873 27.75 803 28.63 733 29.54 663 30.49 593 31.50 523
26.93 872 27.77 802 28.64 732 29.55 662 30.50 592 31.51 522
26.94 871 27.78 801 28.65 731 29.56 661 30.51 591 31.52 521
26.95 870 27.79 800 28.66 730 29.57 660 30.53 590 31.54 520
26.97 869 27.80 799 28.68 729 29.59 659 30.55 589 31.55 519
26.98 868 27.82 798 28.69 728 29.60 658 30.56 588 31.57 518
26.99 867 27.83 797 28.70 727 29.61 657 30.58 587 31.58 517
27.00 866 27.84 796 28.71 726 29.62 656 30.59 586 31.59 516
27.01 865 27.86 795 28.73 725 29.65 655 30.60 585 31.62 515
27.02 864 27.87 794 28.75 724 29.66 654 30.62 584 31.63 514
27.03 863 27.88 793 28.76 723 29.67 653 30.63 583 31.65 513
27.04 862 27.89 792 28.77 722 29.68 652 30.64 582 31.66 512
27.06 861 27.90 791 28.78 721 29.70 651 30.66 581 31.67 511
27.07 860 27.91 790 28.79 720 29.71 650 30.67 580 31.69 510
27.09 859 27.92 789 28.80 719 29.72 649 30.68 579 31.70 509
27.10 858 27.94 788 28.82 718 29.73 648 30.70 578 31.72 508
27.11 857 27.95 787 28.83 717 29.75 647 30.72 577 31.73 507
27.12 856 27.97 786 28.84 716 29.76 646 30.73 576 31.74 506
27.13 855 27.98 785 28.85 715 29.77 645 30.74 575 31.77 505
27.14 854 27.99 784 28.86 714 29.79 644 30.76 574 31.78 504
27.15 853 28.00 783 28.89 713 29.81 643 30.77 573 31.80 503
27.16 852 28.01 782 28.90 712 29.82 642 30.78 572 31.81 502
27.17 851 28.03 781 28.91 711 29.83 641 30.80 571 31.82 501
27.19 850 28.04 780 28.92 710 29.85 640 30.81 570 31.84 500
27.21 849 28.05 779 28.93 709 29.86 639 30.82 569 31.85 499
27.22 848 28.06 778 28.95 708 29.87 638 30.84 568 31.87 498
27.23 847 28.07 777 28.96 707 29.88 637 30.86 567 31.88 497
27.24 846 28.08 776 28.97 706 29.90 636 30.87 566 31.89 496
27.25 845 28.10 775 28.98 705 29.91 635 30.89 565 31.92 495
27.26 844 28.12 774 29.00 704 29.92 634 30.90 564 31.93 494
27.27 843 28.13 773 29.01 703 29.94 633 30.91 563 31.95 493
27.28 842 28.14 772 29.03 702 29.96 632 30.93 562 31.96 492
27.30 841 28.15 771 29.04 701 29.97 631 30.94 561 31.98 491
27.31 840 28.16 770 29.05 700 29.98 630 30.95 560 31.99 490
32.00 489 33.10 419 34.29 349 35.60 279 37.05 209 38.76 139
32.02 488 33.12 418 34.31 348 35.62 278 37.07 208 38.79 138
32.03 487 33.14 417 34.33 347 35.64 277 37.10 207 38.81 137
32.05 486 33.16 416 34.35 346 35.66 276 37.13 206 38.84 136
32.07 485 33.17 415 34.37 345 35.67 275 37.15 205 38.86 135
32.08 484 33.19 414 34.39 344 35.69 274 37.17 204 38.89 134
32.10 483 33.21 413 34.40 343 35.72 273 37.19 203 38.92 133
32.11 482 33.22 412 34.42 342 35.74 272 37.21 202 38.95 132
32.13 481 33.24 411 34.44 341 35.76 271 37.24 201 38.97 131
32.14 480 33.25 410 34.45 340 35.78 270 37.26 200 39.00 130
32.16 479 33.27 409 34.47 339 35.79 269 37.28 199 39.02 129
32.17 478 33.29 408 34.50 338 35.81 268 37.30 198 39.06 128
32.19 477 33.31 407 34.51 337 35.83 267 37.33 197 39.09 127
32.20 476 33.32 406 34.53 336 35.85 266 37.35 196 39.11 126
32.22 475 33.34 405 34.55 335 35.88 265 37.37 195 39.14 125
32.24 474 33.35 404 34.56 334 35.90 264 37.40 194 39.16 124
32.25 473 33.37 403 34.58 333 35.92 263 37.42 193 39.19 123
32.27 472 33.39 402 34.60 332 35.94 262 37.44 192 39.23 122
32.28 471 33.40 401 34.62 331 35.95 261 37.46 191 39.25 121
32.30 470 33.42 400 34.63 330 35.97 260 37.49 190 39.28 120
32.31 469 33.44 399 34.66 329 35.99 259 37.51 189 39.31 119
32.33 468 33.46 398 34.68 328 36.02 258 37.54 188 39.33 118
32.34 467 33.47 397 34.69 327 36.04 257 37.56 187 39.37 117
32.35 466 33.49 396 34.71 326 36.06 256 37.58 186 39.40 116
32.38 465 33.50 395 34.73 325 36.08 255 37.61 185 39.43 115
32.39 464 33.52 394 34.74 324 36.10 254 37.63 184 39.45 114
32.41 463 33.54 393 34.76 323 36.12 253 37.65 183 39.48 113
32.42 462 33.55 392 34.78 322 36.14 252 37.67 182 39.52 112
32.44 461 33.57 391 34.81 321 36.15 251 37.70 181 39.55 111
32.45 460 33.59 390 34.82 320 36.18 250 37.73 180 39.57 110
32.47 459 33.61 389 34.84 319 36.20 249 37.75 179 39.60 109
32.48 458 33.62 388 34.86 318 36.22 248 37.77 178 39.63 108
32.50 457 33.64 387 34.88 317 36.24 247 37.79 177 39.67 107
32.51 456 33.66 386 34.89 316 36.26 246 37.82 176 39.69 106
32.54 455 33.67 385 34.91 315 36.28 245 37.85 175 39.72 105
32.55 454 33.69 384 34.93 314 36.30 244 37.87 174 39.75 104
32.56 453 33.70 383 34.94 313 36.33 243 37.89 173 39.78 103
32.58 452 33.72 382 34.97 312 36.35 242 37.92 172 39.82 102
32.59 451 33.75 381 34.99 311 36.37 241 37.94 171 39.85 101
32.61 450 33.76 380 35.01 310 36.39 240 37.96 170 39.88 100
32.62 449 33.78 379 35.02 309 36.41 239 37.98 169 39.91 99
32.64 448 33.79 378 35.04 308 36.43 238 38.02 168 39.93 98
32.65 447 33.81 377 35.06 307 36.45 237 38.04 167 39.97 97
32.68 446 33.83 376 35.08 306 36.48 236 38.06 166 40.00 96
32.69 445 33.84 375 35.09 305 36.50 235 38.09 165 40.03 95
32.71 444 33.86 374 35.12 304 36.52 234 38.11 164 40.06 94
32.72 443 33.87 373 35.14 303 36.54 233 38.13 163 40.09 93
32.74 442 33.90 372 35.16 302 36.55 232 38.17 162 40.13 92
32.75 441 33.92 371 35.17 301 36.57 231 38.19 161 40.16 91
32.77 440 33.93 370 35.19 300 36.59 230 38.21 160 40.19 90
32.78 439 33.95 369 35.21 299 36.61 229 38.24 159 40.22 89
32.80 438 33.96 368 35.23 298 36.64 228 38.26 158 40.25 88
32.81 437 33.98 367 35.26 297 36.66 227 38.28 157 40.29 87
32.84 436 34.00 366 35.27 296 36.68 226 38.32 156 40.32 86
32.85 435 34.01 365 35.29 295 36.70 225 38.34 155 40.36 85
32.87 434 34.03 364 35.31 294 36.73 224 38.36 154 40.39 84
32.88 433 34.05 363 35.33 293 36.75 223 38.39 153 40.43 83
32.90 432 34.07 362 35.34 292 36.78 222 38.41 152 40.46 82
32.91 431 34.09 361 35.36 291 36.80 221 38.45 151 40.49 81
32.93 430 34.10 360 35.38 290 36.82 220 38.47 150 40.52 80
32.94 429 34.12 359 35.40 289 36.84 219 38.49 149 40.56 79
32.96 428 34.14 358 35.43 288 36.86 218 38.52 148 40.60 78
32.98 427 34.15 357 35.44 287 36.88 217 38.54 147 40.63 77
33.00 426 34.17 356 35.46 286 36.90 216 38.57 146 40.66 76
33.01 425 34.20 355 35.48 285 36.92 215 38.59 145 40.70 75
33.03 424 34.21 354 35.50 284 36.95 214 38.63 144 40.74 74
33.04 423 34.23 353 35.52 283 36.97 213 38.65 143 40.77 73
33.06 422 34.24 352 35.54 282 36.99 212 38.68 142 40.81 72
33.07 421 34.26 351 35.55 281 37.01 211 38.70 141 40.84 71
33.09 420 34.28 350 35.58 280 37.03 210 38.73 140 40.87 70
40.92 69 41.37 57 41.87 45 42.45 33 43.11 21 44.00 9
40.95 68 41.41 56 41.92 44 42.49 32 43.18 20 44.10 8
40.99 67 41.45 55 41.97 43 42.54 31 43.24 19 44.19 7
41.02 66 41.50 54 42.01 42 42.60 30 43.30 18 44.30 6
41.07 65 41.54 53 42.05 41 42.65 29 43.38 17 44.41 5
41.10 64 41.57 52 42.11 40 42.71 28 43.44 16 44.54 4
41.14 63 41.61 51 42.15 39 42.76 27 43.52 15 44.67 3
41.17 62 41.66 50 42.20 38 42.82 26 43.59 14 44.84 2
41.22 61 41.70 49 42.25 37 42.88 25 43.67 13 45.04 1
41.25 60 41.74 48 42.30 36 42.93 24 43.74 12
41.29 59 41.78 47 42.34 35 42.99 23 43.83 11
41.34 58 41.83 46 42.39 34 43.06 22 43.91 10
