22.82 1342 23.60 1266 24.38 1191 25.16 1119 25.94 1049 26.74 979
22.83 1341 23.61 1265 24.39 1190 25.17 1118 25.95 1048 26.75 978
22.84 1340 23.62 1264 24.40 1189 25.18 1117 25.96 1047 26.76 977
22.85 1339 23.63 1263 24.41 1188 25.19 1116 25.97 1046 26.77 976
22.86 1338 23.64 1262 24.42 1187 25.20 1115 25.98 1045 26.78 975
22.87 1337 23.65 1260 24.43 1186 25.21 1114 25.99 1044 26.79 974
22.89 1336 23.66 1259 24.44 1185 25.22 1113 26.00 1043 26.80 973
22.90 1334 23.68 1258 24.46 1184 25.23 1112 26.01 1042 26.82 972
22.91 1333 23.69 1257 24.47 1183 25.25 1111 26.02 1041 26.83 971
22.92 1332 23.70 1256 24.48 1182 25.26 1110 26.04 1040 26.84 970
22.93 1331 23.71 1255 24.49 1181 25.27 1109 26.05 1039 26.85 969
22.94 1330 23.72 1254 24.50 1180 25.28 1108 26.06 1038 26.86 968
22.95 1329 23.73 1253 24.51 1179 25.29 1107 26.07 1037 26.87 967
22.96 1328 23.74 1252 24.52 1178 25.30 1106 26.08 1036 26.88 966
22.97 1327 23.75 1251 24.53 1177 25.31 1105 26.09 1035 26.89 965
22.99 1326 23.76 1250 24.54 1176 25.32 1104 26.10 1034 26.90 964
23.00 1325 23.78 1249 24.56 1175 25.33 1103 26.11 1033 26.93 963
23.01 1323 23.79 1248 24.57 1174 25.35 1102 26.13 1032 26.94 962
23.02 1322 23.80 1247 24.58 1173 25.36 1101 26.14 1031 26.95 961
23.03 1321 23.81 1245 24.59 1172 25.37 1100 26.15 1030 26.96 960
23.04 1320 23.82 1244 24.60 1171 25.38 1099 26.16 1029 26.97 959
23.05 1319 23.83 1243 24.61 1170 25.39 1098 26.17 1028 26.98 958
23.06 1318 23.84 1242 24.62 1169 25.40 1097 26.18 1027 26.99 957
23.07 1317 23.85 1241 24.63 1168 25.41 1096 26.19 1026 27.00 956
23.09 1316 23.86 1240 24.64 1166 25.42 1095 26.20 1025 27.02 955
23.10 1315 23.88 1239 24.66 1165 25.43 1094 26.21 1024 27.03 954
23.11 1314 23.89 1238 24.67 1164 25.45 1093 26.23 1023 27.04 953
23.12 1312 23.90 1237 24.68 1163 25.46 1092 26.24 1022 27.05 952
23.13 1311 23.91 1236 24.69 1162 25.47 1091 26.25 1021 27.06 951
23.14 1310 23.92 1235 24.70 1161 25.48 1090 26.26 1020 27.07 950
23.15 1309 23.93 1234 24.71 1160 25.49 1089 26.27 1019 27.08 949
23.16 1308 23.94 1233 24.72 1159 25.50 1088 26.28 1018 27.09 948
23.17 1307 23.95 1232 24.73 1158 25.51 1087 26.30 1017 27.10 947
23.19 1306 23.97 1231 24.74 1157 25.52 1086 26.31 1016 27.12 946
23.20 1305 23.98 1229 24.76 1156 25.53 1085 26.33 1015 27.14 945
23.21 1304 23.99 1228 24.77 1155 25.55 1084 26.34 1014 27.15 944
23.22 1303 24.00 1227 24.78 1154 25.56 1083 26.35 1013 27.16 943
23.23 1302 24.01 1226 24.79 1153 25.57 1082 26.36 1012 27.17 942
23.24 1300 24.02 1225 24.80 1152 25.58 1081 26.37 1011 27.18 941
23.25 1299 24.03 1224 24.81 1151 25.59 1080 26.38 1010 27.19 940
23.26 1298 24.04 1223 24.82 1150 25.60 1079 26.39 1009 27.20 939
23.27 1297 24.05 1222 24.83 1149 25.61 1078 26.40 1008 27.22 938
23.29 1296 24.07 1221 24.84 1148 25.62 1077 26.41 1007 27.23 937
23.30 1295 24.08 1220 24.86 1147 25.64 1076 26.43 1006 27.24 936
23.31 1294 24.09 1219 24.87 1146 25.65 1075 26.44 1005 27.25 935
23.32 1293 24.10 1218 24.88 1145 25.66 1074 26.45 1004 27.26 934
23.33 1292 24.11 1217 24.89 1144 25.67 1073 26.46 1003 27.27 933
23.34 1291 24.12 1216 24.90 1143 25.68 1072 26.47 1002 27.28 932
23.35 1290 24.13 1215 24.91 1142 25.69 1071 26.48 1001 27.29 931
23.36 1289 24.14 1214 24.92 1141 25.70 1070 26.49 1000 27.31 930
23.38 1287 24.15 1213 24.93 1140 25.71 1069 26.50 999 27.33 929
23.39 1286 24.17 1211 24.94 1139 25.72 1068 26.51 998 27.34 928
23.40 1285 24.18 1210 24.96 1138 25.74 1067 26.53 997 27.35 927
23.41 1284 24.19 1209 24.97 1137 25.75 1066 26.54 996 27.36 926
23.42 1283 24.20 1208 24.98 1136 25.76 1065 26.55 995 27.37 925
23.43 1282 24.21 1207 24.99 1135 25.77 1064 26.56 994 27.38 924
23.44 1281 24.22 1206 25.00 1133 25.78 1063 26.57 993 27.39 923
23.45 1280 24.23 1205 25.01 1132 25.79 1062 26.58 992 27.41 922
23.46 1279 24.24 1204 25.02 1131 25.80 1061 26.59 991 27.42 921
23.48 1278 24.25 1203 25.03 1130 25.81 1060 26.60 990 27.43 920
23.49 1277 24.27 1202 25.05 1129 25.82 1059 26.61 989 27.44 919
23.50 1276 24.28 1201 25.06 1128 25.84 1058 26.63 988 27.45 918
23.51 1274 24.29 1200 25.07 1127 25.85 1057 26.64 987 27.46 917
23.52 1273 24.30 1199 25.08 1126 25.86 1056 26.66 986 27.47 916
23.53 1272 24.31 1198 25.09 1125 25.87 1055 26.67 985 27.49 915
23.54 1271 24.32 1197 25.10 1124 25.88 1054 26.68 984 27.51 914
23.55 1270 24.33 1196 25.11 1123 25.89 1053 26.69 983 27.52 913
23.56 1269 24.34 1195 25.12 1122 25.90 1052 26.70 982 27.53 912
23.58 1268 24.35 1194 25.13 1121 25.91 1051 26.72 981 27.54 911
23.59 1267 24.37 1193 25.15 1120 25.92 1050 26.73 980 27.55 910
27.56 909 28.42 839 29.31 769 30.23 699 31.19 629 32.21 559
27.57 908 28.43 838 29.32 768 30.24 698 31.21 628 32.23 558
27.58 907 28.44 837 29.33 767 30.26 697 31.22 627 32.24 557
27.59 906 28.45 836 29.34 766 30.27 696 31.24 626 32.26 556
27.61 905 28.46 835 29.35 765 30.28 695 31.26 625 32.27 555
27.62 904 28.47 834 29.36 764 30.30 694 31.27 624 32.28 554
27.63 903 28.50 833 29.39 763 30.31 693 31.28 623 32.30 553
27.65 902 28.51 832 29.40 762 30.32 692 31.29 622 32.32 552
27.66 901 28.52 831 29.41 761 30.33 691 31.31 621 32.34 551
27.67 900 28.53 830 29.42 760 30.36 690 31.32 620 32.35 550
27.68 899 28.54 829 29.43 759 30.37 689 31.34 619 32.36 549
27.69 898 28.55 828 29.44 758 30.38 688 31.35 618 32.38 548
27.71 897 28.56 827 29.47 757 30.39 687 31.37 617 32.39 547
27.72 896 28.57 826 29.48 756 30.40 686 31.38 616 32.40 546
27.73 895 28.59 825 29.49 755 30.42 685 31.39 615 32.43 545
27.74 894 28.61 824 29.50 754 30.43 684 31.41 614 32.44 544
27.75 893 28.62 823 29.51 753 30.44 683 31.42 613 32.45 543
27.76 892 28.63 822 29.52 752 30.46 682 31.44 612 32.47 542
27.77 891 28.64 821 29.54 751 30.48 681 31.45 611 32.48 541
27.80 890 28.65 820 29.55 750 30.49 680 31.47 610 32.49 540
27.81 889 28.66 819 29.57 749 30.50 679 31.48 609 32.52 539
27.82 888 28.67 818 29.58 748 30.51 678 31.49 608 32.53 538
27.83 887 28.70 817 29.59 747 30.52 677 31.51 607 32.55 537
27.84 886 28.71 816 29.60 746 30.54 676 31.52 606 32.56 536
27.85 885 28.72 815 29.62 745 30.56 675 31.54 605 32.57 535
27.86 884 28.73 814 29.63 744 30.57 674 31.56 604 32.59 534
27.87 883 28.74 813 29.64 743 30.58 673 31.57 603 32.60 533
27.88 882 28.75 812 29.65 742 30.60 672 31.58 602 32.62 532
27.90 881 28.76 811 29.67 741 30.61 671 31.59 601 32.64 531
27.91 880 28.77 810 29.69 740 30.62 670 31.61 600 32.65 530
27.93 879 28.80 809 29.70 739 30.63 669 31.62 599 32.66 529
27.94 878 28.81 808 29.71 738 30.66 668 31.64 598 32.68 528
27.95 877 28.82 807 29.72 737 30.67 667 31.66 597 32.69 527
27.96 876 28.83 806 29.73 736 30.68 666 31.67 596 32.72 526
27.97 875 28.84 805 29.74 735 30.69 665 31.68 595 32.73 525
27.98 874 28.85 804 29.77 734 30.71 664 31.70 594 32.74 524
28.00 873 28.86 803 29.78 733 30.72 663 31.71 593 32.76 523
28.01 872 28.89 802 29.79 732 30.73 662 31.73 592 32.77 522
28.02 871 28.90 801 29.80 731 30.75 661 31.74 591 32.78 521
28.03 870 28.91 800 29.81 730 30.76 660 31.76 590 32.81 520
28.05 869 28.92 799 29.83 729 30.78 659 31.77 589 32.82 519
28.06 868 28.93 798 29.84 728 30.79 658 31.78 588 32.84 518
28.07 867 28.94 797 29.85 727 30.80 657 31.80 587 32.85 517
28.08 866 28.95 796 29.87 726 30.81 656 31.81 586 32.86 516
28.10 865 28.98 795 29.88 725 30.83 655 31.83 585 32.88 515
28.11 864 28.99 794 29.90 724 30.85 654 31.85 584 32.89 514
28.12 863 29.00 793 29.91 723 30.86 653 31.86 583 32.92 513
28.13 862 29.01 792 29.92 722 30.87 652 31.87 582 32.93 512
28.14 861 29.02 791 29.93 721 30.89 651 31.89 581 32.94 511
28.15 860 29.03 790 29.94 720 30.90 650 31.90 580 32.96 510
28.17 859 29.04 789 29.95 719 30.91 649 31.91 579 32.97 509
28.18 858 29.06 788 29.98 718 30.92 648 31.93 578 32.99 508
28.20 857 29.08 787 29.99 717 30.95 647 31.95 577 33.01 507
28.21 856 29.09 786 30.00 716 30.96 646 31.96 576 33.02 506
28.22 855 29.10 785 30.01 715 30.97 645 31.97 575 33.04 505
28.23 854 29.11 784 30.02 714 30.98 644 31.99 574 33.05 504
28.24 853 29.12 783 30.04 713 31.00 643 32.00 573 33.07 503
28.25 852 29.13 782 30.06 712 31.01 642 32.01 572 33.08 502
28.26 851 29.15 781 30.07 711 31.02 641 32.04 571 33.09 501
28.28 850 29.16 780 30.08 710 31.05 640 32.05 570 33.12 500
28.30 849 29.18 779 30.09 709 31.06 639 32.06 569 33.13 499
28.31 848 29.19 778 30.11 708 31.07 638 32.08 568 33.15 498
28.32 847 29.20 777 30.12 707 31.08 637 32.09 567 33.16 497
28.33 846 29.21 776 30.13 706 31.10 636 32.10 566 33.17 496
28.34 845 29.23 775 30.14 705 31.11 635 32.13 565 33.19 495
28.35 844 29.24 774 30.17 704 31.12 634 32.14 564 33.21 494
28.36 843 29.25 773 30.18 703 31.14 633 32.15 563 33.23 493
28.37 842 29.26 772 30.19 702 31.16 632 32.17 562 33.24 492
28.40 841 29.28 771 30.20 701 31.17 631 32.18 561 33.26 491
28.41 840 29.29 770 30.21 700 31.18 630 32.19 560 33.27 490
33.28 489 34.43 419 35.67 349 37.02 279 38.54 209 40.31 139
33.31 488 34.45 418 35.69 348 37.05 278 38.56 208 40.34 138
33.32 487 34.46 417 35.71 347 37.07 277 38.58 207 40.36 137
33.34 486 34.49 416 35.72 346 37.09 276 38.62 206 40.40 136
33.35 485 34.50 415 35.74 345 37.10 275 38.64 205 40.42 135
33.36 484 34.52 414 35.77 344 37.12 274 38.66 204 40.45 134
33.38 483 34.54 413 35.78 343 37.15 273 38.68 203 40.48 133
33.40 482 34.55 412 35.80 342 37.17 272 38.71 202 40.51 132
33.42 481 34.58 411 35.82 341 37.19 271 38.73 201 40.53 131
33.43 480 34.59 410 35.83 340 37.21 270 38.75 200 40.57 130
33.45 479 34.61 409 35.86 339 37.23 269 38.77 199 40.59 129
33.46 478 34.62 408 35.88 338 37.25 268 38.79 198 40.62 128
33.48 477 34.64 407 35.89 337 37.27 267 38.83 197 40.65 127
33.50 476 34.65 406 35.91 336 37.29 266 38.85 196 40.68 126
33.51 475 34.68 405 35.93 335 37.31 265 38.87 195 40.71 125
33.53 474 34.69 404 35.94 334 37.34 264 38.90 194 40.73 124
33.54 473 34.71 403 35.97 333 37.36 263 38.92 193 40.77 123
33.56 472 34.73 402 35.99 332 37.38 262 38.94 192 40.80 122
33.57 471 34.74 401 36.01 331 37.39 261 38.96 191 40.82 121
33.60 470 34.76 400 36.02 330 37.41 260 39.00 190 40.85 120
33.61 469 34.78 399 36.04 329 37.44 259 39.02 189 40.89 119
33.63 468 34.80 398 36.07 328 37.46 258 39.04 188 40.91 118
33.64 467 34.81 397 36.08 327 37.48 257 39.06 187 40.94 117
33.65 466 34.83 396 36.10 326 37.50 256 39.08 186 40.98 116
33.67 465 34.84 395 36.12 325 37.53 255 39.12 185 41.01 115
33.68 464 34.86 394 36.13 324 37.55 254 39.14 184 41.03 114
33.71 463 34.89 393 36.16 323 37.57 253 39.16 183 41.07 113
33.72 462 34.90 392 36.18 322 37.59 252 39.18 182 41.10 112
33.74 461 34.92 391 36.20 321 37.60 251 39.21 181 41.13 111
33.75 460 34.93 390 36.21 320 37.63 250 39.24 180 41.16 110
33.77 459 34.95 389 36.23 319 37.65 249 39.26 179 41.19 109
33.78 458 34.96 388 36.26 318 37.67 248 39.28 178 41.22 108
33.81 457 34.99 387 36.28 317 37.69 247 39.31 177 41.26 107
33.82 456 35.01 386 36.29 316 37.71 246 39.34 176 41.28 106
33.84 455 35.02 385 36.31 315 37.74 245 39.36 175 41.31 105
33.85 454 35.04 384 36.33 314 37.76 244 39.38 174 41.34 104
33.86 453 35.05 383 36.35 313 37.78 243 39.41 173 41.38 103
33.89 452 35.08 382 36.37 312 37.80 242 39.44 172 41.41 102
33.90 451 35.10 381 36.39 311 37.83 241 39.46 171 41.44 101
33.92 450 35.11 380 36.41 310 37.85 240 39.49 170 41.48 100
33.93 449 35.13 379 36.42 309 37.87 239 39.51 169 41.51 99
33.95 448 35.14 378 36.45 308 37.89 238 39.54 168 41.53 98
33.96 447 35.17 377 36.47 307 37.92 237 39.56 167 41.57 97
33.99 446 35.19 376 36.49 306 37.94 236 39.59 166 41.60 96
34.00 445 35.20 375 36.50 305 37.96 235 39.62 165 41.63 95
34.02 444 35.22 374 36.52 304 37.98 234 39.64 164 41.67 94
34.03 443 35.23 373 36.55 303 38.00 233 39.66 163 41.70 93
34.05 442 35.25 372 36.57 302 38.02 232 39.70 162 41.73 92
34.06 441 35.28 371 36.58 301 38.04 231 39.72 161 41.77 91
34.09 440 35.29 370 36.60 300 38.06 230 39.74 160 41.80 90
34.10 439 35.31 369 36.62 299 38.08 229 39.77 159 41.83 89
34.12 438 35.32 368 36.65 298 38.10 228 39.80 158 41.87 88
34.13 437 35.34 367 36.67 297 38.13 227 39.82 157 41.90 87
34.15 436 35.37 366 36.68 296 38.15 226 39.85 156 41.93 86
34.16 435 35.38 365 36.70 295 38.17 225 39.87 155 41.98 85
34.19 434 35.40 364 36.72 294 38.20 224 39.90 154 42.01 84
34.20 433 35.41 363 36.75 293 38.23 223 39.93 153 42.05 83
34.22 432 35.43 362 36.76 292 38.25 222 39.95 152 42.08 82
34.23 431 35.45 361 36.78 291 38.27 221 39.99 151 42.11 81
34.25 430 35.47 360 36.80 290 38.29 220 40.01 150 42.15 80
34.26 429 35.49 359 36.82 289 38.32 219 40.03 149 42.19 79
34.29 428 35.51 358 36.85 288 38.34 218 40.06 148 42.22 78
34.30 427 35.52 357 36.86 287 38.36 217 40.09 147 42.26 77
34.32 426 35.54 356 36.88 286 38.38 216 40.12 146 42.29 76
34.33 425 35.57 355 36.90 285 38.41 215 40.14 145 42.34 75
34.35 424 35.58 354 36.92 284 38.43 214 40.18 144 42.37 74
34.36 423 35.60 353 36.95 283 38.45 213 40.20 143 42.40 73
34.39 422 35.61 352 36.97 282 38.47 212 40.23 142 42.45 72
34.40 421 35.63 351 36.98 281 38.49 211 40.25 141 42.48 71
34.42 420 35.66 350 37.00 280 38.52 210 40.29 140 42.51 70
42.56 69 43.03 57 43.55 45 44.15 33 44.84 21 45.76 9
42.59 68 43.07 56 43.60 44 44.19 32 44.91 20 45.86 8
42.64 67 43.11 55 43.65 43 44.25 31 44.97 19 45.96 7
42.67 66 43.16 54 43.69 42 44.31 30 45.04 18 46.08 6
42.71 65 43.20 53 43.74 41 44.36 29 45.12 17 46.19 5
42.75 64 43.24 52 43.79 40 44.42 28 45.19 16 46.32 4
42.79 63 43.28 51 43.84 39 44.47 27 45.26 15 46.47 3
42.83 62 43.33 50 43.89 38 44.54 26 45.34 14 46.63 2
42.87 61 43.37 49 43.94 37 44.60 25 45.42 13 46.84 1
42.90 60 43.42 48 43.99 36 44.65 24 45.50 12
42.95 59 43.46 47 44.04 35 44.72 23 45.59 11
42.99 58 43.50 46 44.09 34 44.78 22 45.68 10
