23.77 1342 24.58 1266 25.40 1191 26.21 1119 27.02 1049 27.85 979
23.78 1341 24.59 1265 25.41 1190 26.22 1118 27.03 1048 27.87 978
23.79 1340 24.61 1264 25.42 1189 26.23 1117 27.04 1047 27.88 977
23.81 1339 24.62 1263 25.43 1188 26.24 1116 27.05 1046 27.89 976
23.82 1338 24.63 1262 25.44 1187 26.25 1115 27.07 1045 27.90 975
23.83 1337 24.64 1260 25.45 1186 26.27 1114 27.08 1044 27.91 974
23.84 1336 24.65 1259 25.46 1185 26.28 1113 27.09 1043 27.92 973
23.85 1334 24.66 1258 25.48 1184 26.29 1112 27.10 1042 27.94 972
23.86 1333 24.68 1257 25.49 1183 26.30 1111 27.11 1041 27.95 971
23.88 1332 24.69 1256 25.50 1182 26.31 1110 27.12 1040 27.96 970
23.89 1331 24.70 1255 25.51 1181 26.32 1109 27.13 1039 27.97 969
23.90 1330 24.71 1254 25.52 1180 26.33 1108 27.15 1038 27.98 968
23.91 1329 24.72 1253 25.53 1179 26.35 1107 27.16 1037 27.99 967
23.92 1328 24.73 1252 25.55 1178 26.36 1106 27.17 1036 28.00 966
23.93 1327 24.75 1251 25.56 1177 26.37 1105 27.18 1035 28.02 965
23.95 1326 24.76 1250 25.57 1176 26.38 1104 27.19 1034 28.03 964
23.96 1325 24.77 1249 25.58 1175 26.39 1103 27.20 1033 28.05 963
23.97 1323 24.78 1248 25.59 1174 26.40 1102 27.22 1032 28.06 962
23.98 1322 24.79 1247 25.60 1173 26.42 1101 27.23 1031 28.07 961
23.99 1321 24.80 1245 25.62 1172 26.43 1100 27.24 1030 28.09 960
24.00 1320 24.82 1244 25.63 1171 26.44 1099 27.25 1029 28.10 959
24.01 1319 24.83 1243 25.64 1170 26.45 1098 27.26 1028 28.11 958
24.03 1318 24.84 1242 25.65 1169 26.46 1097 27.27 1027 28.12 957
24.04 1317 24.85 1241 25.66 1168 26.47 1096 27.29 1026 28.13 956
24.05 1316 24.86 1240 25.67 1166 26.49 1095 27.30 1025 28.14 955
24.06 1315 24.87 1239 25.69 1165 26.50 1094 27.31 1024 28.16 954
24.07 1314 24.88 1238 25.70 1164 26.51 1093 27.32 1023 28.17 953
24.08 1312 24.90 1237 25.71 1163 26.52 1092 27.33 1022 28.18 952
24.10 1311 24.91 1236 25.72 1162 26.53 1091 27.34 1021 28.19 951
24.11 1310 24.92 1235 25.73 1161 26.54 1090 27.36 1020 28.20 950
24.12 1309 24.93 1234 25.74 1160 26.55 1089 27.37 1019 28.21 949
24.13 1308 24.94 1233 25.75 1159 26.57 1088 27.38 1018 28.23 948
24.14 1307 24.95 1232 25.77 1158 26.58 1087 27.40 1017 28.24 947
24.15 1306 24.97 1231 25.78 1157 26.59 1086 27.41 1016 28.25 946
24.17 1305 24.98 1229 25.79 1156 26.60 1085 27.42 1015 28.27 945
24.18 1304 24.99 1228 25.80 1155 26.61 1084 27.44 1014 28.28 944
24.19 1303 25.00 1227 25.81 1154 26.62 1083 27.45 1013 28.29 943
24.20 1302 25.01 1226 25.82 1153 26.64 1082 27.46 1012 28.31 942
24.21 1300 25.02 1225 25.84 1152 26.65 1081 27.47 1011 28.32 941
24.22 1299 25.04 1224 25.85 1151 26.66 1080 27.48 1010 28.33 940
24.24 1298 25.05 1223 25.86 1150 26.67 1079 27.49 1009 28.34 939
24.25 1297 25.06 1222 25.87 1149 26.68 1078 27.51 1008 28.35 938
24.26 1296 25.07 1221 25.88 1148 26.69 1077 27.52 1007 28.36 937
24.27 1295 25.08 1220 25.89 1147 26.71 1076 27.53 1006 28.38 936
24.28 1294 25.09 1219 25.91 1146 26.72 1075 27.54 1005 28.39 935
24.29 1293 25.11 1218 25.92 1145 26.73 1074 27.55 1004 28.40 934
24.30 1292 25.12 1217 25.93 1144 26.74 1073 27.56 1003 28.41 933
24.32 1291 25.13 1216 25.94 1143 26.75 1072 27.58 1002 28.42 932
24.33 1290 25.14 1215 25.95 1142 26.76 1071 27.59 1001 28.43 931
24.34 1289 25.15 1214 25.96 1141 26.78 1070 27.60 1000 28.45 930
24.35 1287 25.16 1213 25.98 1140 26.79 1069 27.61 999 28.47 929
24.36 1286 25.17 1211 25.99 1139 26.80 1068 27.62 998 28.48 928
24.37 1285 25.19 1210 26.00 1138 26.81 1067 27.63 997 28.49 927
24.39 1284 25.20 1209 26.01 1137 26.82 1066 27.65 996 28.50 926
24.40 1283 25.21 1208 26.02 1136 26.83 1065 27.66 995 28.52 925
24.41 1282 25.22 1207 26.03 1135 26.84 1064 27.67 994 28.53 924
24.42 1281 25.23 1206 26.04 1133 26.86 1063 27.68 993 28.54 923
24.43 1280 25.24 1205 26.06 1132 26.87 1062 27.69 992 28.55 922
24.44 1279 25.26 1204 26.07 1131 26.88 1061 27.70 991 28.56 921
24.46 1278 25.27 1203 26.08 1130 26.89 1060 27.71 990 28.57 920
24.47 1277 25.28 1202 26.09 1129 26.90 1059 27.73 989 28.58 919
24.48 1276 25.29 1201 26.10 1128 26.91 1058 27.74 988 28.60 918
24.49 1274 25.30 1200 26.11 1127 26.93 1057 27.75 987 28.61 917
24.50 1273 25.31 1199 26.13 1126 26.94 1056 27.77 986 28.62 916
24.51 1272 25.33 1198 26.14 1125 26.95 1055 27.78 985 28.64 915
24.53 1271 25.34 1197 26.15 1124 26.96 1054 27.80 984 28.65 914
24.54 1270 25.35 1196 26.16 1123 26.97 1053 27.81 983 28.67 913
24.55 1269 25.36 1195 26.17 1122 26.98 1052 27.82 982 28.68 912
24.56 1268 25.37 1194 26.18 1121 27.00 1051 27.83 981 28.69 911
24.57 1267 25.38 1193 26.20 1120 27.01 1050 27.84 980 28.70 910
28.71 909 29.61 839 30.53 769 31.50 699 32.49 629 33.56 559
28.72 908 29.62 838 30.54 768 31.51 698 32.52 628 33.57 558
28.74 907 29.63 837 30.56 767 31.52 697 32.53 627 33.58 557
28.75 906 29.64 836 30.57 766 31.53 696 32.54 626 33.61 556
28.76 905 29.65 835 30.58 765 31.54 695 32.56 625 33.62 555
28.77 904 29.66 834 30.59 764 31.57 694 32.57 624 33.63 554
28.78 903 29.69 833 30.61 763 31.58 693 32.59 623 33.65 553
28.81 902 29.70 832 30.63 762 31.59 692 32.60 622 33.66 552
28.82 901 29.71 831 30.64 761 31.60 691 32.62 621 33.69 551
28.83 900 29.72 830 30.65 760 31.62 690 32.63 620 33.70 550
28.84 899 29.73 829 30.66 759 31.63 689 32.64 619 33.71 549
28.85 898 29.74 828 30.67 758 31.65 688 32.66 618 33.73 548
28.86 897 29.76 827 30.70 757 31.66 687 32.68 617 33.75 547
28.87 896 29.77 826 30.71 756 31.67 686 32.69 616 33.76 546
28.89 895 29.78 825 30.72 755 31.69 685 32.70 615 33.78 545
28.90 894 29.80 824 30.73 754 31.70 684 32.73 614 33.79 544
28.91 893 29.81 823 30.74 753 31.72 683 32.74 613 33.80 543
28.92 892 29.83 822 30.75 752 31.73 682 32.75 612 33.83 542
28.93 891 29.84 821 30.78 751 31.75 681 32.76 611 33.84 541
28.96 890 29.85 820 30.79 750 31.76 680 32.78 610 33.85 540
28.97 889 29.86 819 30.80 749 31.77 679 32.79 609 33.87 539
28.98 888 29.87 818 30.81 748 31.79 678 32.81 608 33.89 538
28.99 887 29.90 817 30.82 747 31.80 677 32.83 607 33.91 537
29.00 886 29.91 816 30.83 746 31.82 676 32.84 606 33.92 536
29.01 885 29.92 815 30.86 745 31.83 675 32.85 605 33.93 535
29.03 884 29.93 814 30.87 744 31.84 674 32.88 604 33.95 534
29.04 883 29.94 813 30.88 743 31.86 673 32.89 603 33.97 533
29.05 882 29.95 812 30.89 742 31.88 672 32.90 602 33.98 532
29.06 881 29.96 811 30.90 741 31.89 671 32.91 601 34.00 531
29.07 880 29.98 810 30.93 740 31.90 670 32.93 600 34.01 530
29.09 879 30.00 809 30.94 739 31.91 669 32.95 599 34.02 529
29.11 878 30.01 808 30.95 738 31.94 668 32.96 598 34.05 528
29.12 877 30.02 807 30.96 737 31.95 667 32.98 597 34.06 527
29.13 876 30.03 806 30.97 736 31.96 666 32.99 596 34.08 526
29.14 875 30.05 805 30.99 735 31.97 665 33.00 595 34.09 525
29.15 874 30.06 804 31.01 734 31.99 664 33.03 594 34.11 524
29.16 873 30.07 803 31.02 733 32.01 663 33.04 593 34.13 523
29.18 872 30.09 802 31.03 732 32.02 662 33.05 592 34.14 522
29.19 871 30.10 801 31.04 731 32.03 661 33.06 591 34.15 521
29.20 870 30.12 800 31.06 730 32.04 660 33.08 590 34.18 520
29.22 869 30.13 799 31.08 729 32.06 659 33.10 589 34.19 519
29.23 868 30.14 798 31.09 728 32.08 658 33.11 588 34.21 518
29.25 867 30.15 797 31.10 727 32.09 657 33.13 587 34.22 517
29.26 866 30.16 796 31.11 726 32.10 656 33.14 586 34.23 516
29.27 865 30.19 795 31.12 725 32.12 655 33.15 585 34.26 515
29.28 864 30.20 794 31.15 724 32.13 654 33.18 584 34.27 514
29.29 863 30.21 793 31.16 723 32.15 653 33.19 583 34.29 513
29.30 862 30.22 792 31.17 722 32.16 652 33.20 582 34.30 512
29.32 861 30.23 791 31.18 721 32.18 651 33.22 581 34.31 511
29.33 860 30.24 790 31.19 720 32.19 650 33.24 580 34.34 510
29.35 859 30.25 789 31.21 719 32.20 649 33.25 579 34.35 509
29.36 858 30.28 788 31.23 718 32.21 648 33.26 578 34.37 508
29.37 857 30.29 787 31.24 717 32.24 647 33.28 577 34.38 507
29.38 856 30.30 786 31.25 716 32.25 646 33.29 576 34.40 506
29.40 855 30.31 785 31.26 715 32.26 645 33.31 575 34.42 505
29.41 854 30.32 784 31.28 714 32.27 644 33.33 574 34.43 504
29.42 853 30.34 783 31.30 713 32.30 643 33.34 573 34.45 503
29.43 852 30.35 782 31.31 712 32.31 642 33.35 572 34.46 502
29.44 851 30.37 781 31.32 711 32.32 641 33.37 571 34.48 501
29.47 850 30.38 780 31.33 710 32.34 640 33.39 570 34.50 500
29.48 849 30.39 779 31.35 709 32.35 639 33.40 569 34.51 499
29.49 848 30.41 778 31.37 708 32.37 638 33.42 568 34.53 498
29.50 847 30.42 777 31.38 707 32.38 637 33.43 567 34.55 497
29.51 846 30.43 776 31.39 706 32.40 636 33.44 566 34.56 496
29.52 845 30.45 775 31.40 705 32.41 635 33.47 565 34.58 495
29.54 844 30.46 774 31.43 704 32.42 634 33.48 564 34.59 494
29.55 843 30.48 773 31.44 703 32.44 633 33.49 563 34.62 493
29.56 842 30.49 772 31.45 702 32.46 632 33.51 562 34.63 492
29.58 841 30.50 771 31.46 701 32.47 631 33.53 561 34.65 491
29.59 840 30.51 770 31.47 700 32.48 630 33.54 560 34.66 490
34.67 489 35.87 419 37.16 349 38.57 279 40.15 209 41.99 139
34.70 488 35.89 418 37.18 348 38.59 278 40.17 208 42.03 138
34.71 487 35.90 417 37.20 347 38.62 277 40.19 207 42.05 137
34.73 486 35.93 416 37.21 346 38.64 276 40.23 206 42.09 136
34.74 485 35.94 415 37.24 345 38.65 275 40.25 205 42.11 135
34.75 484 35.96 414 37.26 344 38.68 274 40.28 204 42.14 134
34.78 483 35.98 413 37.27 343 38.70 273 40.30 203 42.17 133
34.79 482 36.00 412 37.29 342 38.72 272 40.32 202 42.20 132
34.81 481 36.02 411 37.32 341 38.74 271 40.35 201 42.22 131
34.82 480 36.03 410 37.33 340 38.77 270 40.37 200 42.26 130
34.85 479 36.05 409 37.35 339 38.78 269 40.39 199 42.28 129
34.86 478 36.07 408 37.38 338 38.80 268 40.41 198 42.32 128
34.88 477 36.09 407 37.39 337 38.83 267 40.45 197 42.35 127
34.89 476 36.10 406 37.41 336 38.85 266 40.47 196 42.37 126
34.91 475 36.12 405 37.43 335 38.87 265 40.50 195 42.41 125
34.93 474 36.14 404 37.45 334 38.90 264 40.52 194 42.43 124
34.94 473 36.16 403 37.47 333 38.92 263 40.54 193 42.47 123
34.96 472 36.18 402 37.49 332 38.94 262 40.57 192 42.50 122
34.98 471 36.19 401 37.52 331 38.95 261 40.59 191 42.53 121
35.00 470 36.22 400 37.53 330 38.98 260 40.62 190 42.56 120
35.01 469 36.23 399 37.55 329 39.00 259 40.65 189 42.60 119
35.03 468 36.25 398 37.57 328 39.02 258 40.67 188 42.62 118
35.04 467 36.26 397 37.58 327 39.05 257 40.69 187 42.65 117
35.06 466 36.29 396 37.61 326 39.07 256 40.72 186 42.69 116
35.08 465 36.30 395 37.63 325 39.09 255 40.75 185 42.72 115
35.09 464 36.32 394 37.64 324 39.12 254 40.77 184 42.75 114
35.11 463 36.34 393 37.67 323 39.14 253 40.80 183 42.78 113
35.13 462 36.36 392 37.69 322 39.16 252 40.82 182 42.82 112
35.15 461 36.38 391 37.71 321 39.17 251 40.84 181 42.85 111
35.16 460 36.39 390 37.72 320 39.20 250 40.88 180 42.87 110
35.18 459 36.41 389 37.75 319 39.22 249 40.90 179 42.91 109
35.20 458 36.43 388 37.77 318 39.24 248 40.93 178 42.94 108
35.22 457 36.45 387 37.79 317 39.27 247 40.95 177 42.98 107
35.23 456 36.47 386 37.81 316 39.29 246 40.98 176 43.00 106
35.25 455 36.48 385 37.83 315 39.31 245 41.01 175 43.04 105
35.27 454 36.51 384 37.85 314 39.34 244 41.03 174 43.07 104
35.28 453 36.52 383 37.86 313 39.36 243 41.05 173 43.11 103
35.30 452 36.54 382 37.89 312 39.38 242 41.09 172 43.14 102
35.31 451 36.56 381 37.91 311 39.41 241 41.11 171 43.18 101
35.33 450 36.58 380 37.93 310 39.43 240 41.13 170 43.21 100
35.35 449 36.60 379 37.94 309 39.45 239 41.16 169 43.24 99
35.37 448 36.61 378 37.97 308 39.48 238 41.19 168 43.27 98
35.38 447 36.63 377 37.99 307 39.50 237 41.22 167 43.30 97
35.40 446 36.66 376 38.01 306 39.52 236 41.24 166 43.34 96
35.42 445 36.67 375 38.03 305 39.54 235 41.27 165 43.37 95
35.44 444 36.69 374 38.05 304 39.57 234 41.30 164 43.41 94
35.45 443 36.70 373 38.07 303 39.59 233 41.32 163 43.44 93
35.47 442 36.73 372 38.10 302 39.60 232 41.35 162 43.48 92
35.49 441 36.75 371 38.11 301 39.63 231 41.38 161 43.51 91
35.51 440 36.76 370 38.13 300 39.65 230 41.40 160 43.55 90
35.52 439 36.78 369 38.15 299 39.67 229 41.44 159 43.58 89
35.54 438 36.80 368 38.18 298 39.70 228 41.46 158 43.62 88
35.56 437 36.82 367 38.20 297 39.72 227 41.48 157 43.65 87
35.58 436 36.84 366 38.21 296 39.74 226 41.52 156 43.69 86
35.59 435 36.85 365 38.23 295 39.77 225 41.54 155 43.73 85
35.61 434 36.88 364 38.26 294 39.80 224 41.56 154 43.77 84
35.62 433 36.89 363 38.28 293 39.82 223 41.60 153 43.80 83
35.65 432 36.91 362 38.29 292 39.85 222 41.62 152 43.84 82
35.66 431 36.94 361 38.32 291 39.87 221 41.66 151 43.87 81
35.68 430 36.95 360 38.34 290 39.89 220 41.68 150 43.91 80
35.69 429 36.97 359 38.36 289 39.92 219 41.70 149 43.95 79
35.72 428 36.99 358 38.39 288 39.94 218 41.74 148 43.99 78
35.73 427 37.00 357 38.40 287 39.96 217 41.76 147 44.02 77
35.75 426 37.03 356 38.42 286 39.99 216 41.80 146 44.06 76
35.76 425 37.05 355 38.44 285 40.01 215 41.82 145 44.10 75
35.79 424 37.06 354 38.47 284 40.03 214 41.85 144 44.14 74
35.80 423 37.09 353 38.49 283 40.06 213 41.88 143 44.17 73
35.82 422 37.10 352 38.51 282 40.08 212 41.91 142 44.22 72
35.83 421 37.12 351 38.52 281 40.10 211 41.93 141 44.25 71
35.86 420 37.14 350 38.55 280 40.12 210 41.97 140 44.29 70
44.34 69 44.82 57 45.37 45 45.99 33 46.71 21 47.68 9
44.37 68 44.87 56 45.43 44 46.04 32 46.78 20 47.78 8
44.42 67 44.91 55 45.47 43 46.10 31 46.85 19 47.88 7
44.45 66 44.96 54 45.52 42 46.16 30 46.92 18 48.00 6
44.50 65 45.01 53 45.56 41 46.21 29 47.00 17 48.12 5
44.53 64 45.04 52 45.62 40 46.27 28 47.07 16 48.26 4
44.58 63 45.09 51 45.67 39 46.33 27 47.15 15 48.41 3
44.61 62 45.14 50 45.73 38 46.40 26 47.23 14 48.58 2
44.66 61 45.18 49 45.77 37 46.46 25 47.32 13 48.80 1
44.69 60 45.23 48 45.83 36 46.52 24 47.40 12
44.74 59 45.27 47 45.88 35 46.59 23 47.49 11
44.79 58 45.32 46 45.94 34 46.65 22 47.58 10
