24.81 1342 25.65 1266 26.50 1191 27.35 1119 28.20 1049 29.07 979
24.82 1341 25.67 1265 26.51 1190 27.36 1118 28.21 1048 29.08 978
24.83 1340 25.68 1264 26.53 1189 27.37 1117 28.22 1047 29.09 977
24.84 1339 25.69 1263 26.54 1188 27.39 1116 28.23 1046 29.10 976
24.86 1338 25.70 1262 26.55 1187 27.40 1115 28.24 1045 29.12 975
24.87 1337 25.72 1260 26.56 1186 27.41 1114 28.26 1044 29.13 974
24.88 1336 25.73 1259 26.57 1185 27.42 1113 28.27 1043 29.14 973
24.89 1334 25.74 1258 26.59 1184 27.43 1112 28.28 1042 29.15 972
24.90 1333 25.75 1257 26.60 1183 27.45 1111 28.29 1041 29.16 971
24.92 1332 25.76 1256 26.61 1182 27.46 1110 28.31 1040 29.18 970
24.93 1331 25.78 1255 26.62 1181 27.47 1109 28.32 1039 29.19 969
24.94 1330 25.79 1254 26.64 1180 27.48 1108 28.33 1038 29.20 968
24.95 1329 25.80 1253 26.65 1179 27.49 1107 28.34 1037 29.21 967
24.96 1328 25.81 1252 26.66 1178 27.51 1106 28.35 1036 29.23 966
24.98 1327 25.82 1251 26.67 1177 27.52 1105 28.37 1035 29.24 965
24.99 1326 25.84 1250 26.68 1176 27.53 1104 28.38 1034 29.25 964
25.00 1325 25.85 1249 26.70 1175 27.54 1103 28.39 1033 29.27 963
25.01 1323 25.86 1248 26.71 1174 27.55 1102 28.40 1032 29.29 962
25.03 1322 25.87 1247 26.72 1173 27.57 1101 28.41 1031 29.30 961
25.04 1321 25.88 1245 26.73 1172 27.58 1100 28.43 1030 29.31 960
25.05 1320 25.90 1244 26.74 1171 27.59 1099 28.44 1029 29.32 959
25.06 1319 25.91 1243 26.76 1170 27.60 1098 28.45 1028 29.33 958
25.07 1318 25.92 1242 26.77 1169 27.62 1097 28.46 1027 29.35 957
25.09 1317 25.93 1241 26.78 1168 27.63 1096 28.47 1026 29.36 956
25.10 1316 25.95 1240 26.79 1166 27.64 1095 28.49 1025 29.37 955
25.11 1315 25.96 1239 26.80 1165 27.65 1094 28.50 1024 29.38 954
25.12 1314 25.97 1238 26.82 1164 27.66 1093 28.51 1023 29.39 953
25.13 1312 25.98 1237 26.83 1163 27.68 1092 28.52 1022 29.41 952
25.15 1311 25.99 1236 26.84 1162 27.69 1091 28.54 1021 29.42 951
25.16 1310 26.01 1235 26.85 1161 27.70 1090 28.55 1020 29.43 950
25.17 1309 26.02 1234 26.87 1160 27.71 1089 28.56 1019 29.44 949
25.18 1308 26.03 1233 26.88 1159 27.72 1088 28.57 1018 29.46 948
25.19 1307 26.04 1232 26.89 1158 27.74 1087 28.60 1017 29.47 947
25.21 1306 26.05 1231 26.90 1157 27.75 1086 28.61 1016 29.48 946
25.22 1305 26.07 1229 26.91 1156 27.76 1085 28.62 1015 29.50 945
25.23 1304 26.08 1228 26.93 1155 27.77 1084 28.63 1014 29.52 944
25.24 1303 26.09 1227 26.94 1154 27.78 1083 28.64 1013 29.53 943
25.26 1302 26.10 1226 26.95 1153 27.80 1082 28.66 1012 29.54 942
25.27 1300 26.11 1225 26.96 1152 27.81 1081 28.67 1011 29.55 941
25.28 1299 26.13 1224 26.97 1151 27.82 1080 28.68 1010 29.56 940
25.29 1298 26.14 1223 26.99 1150 27.83 1079 28.69 1009 29.58 939
25.30 1297 26.15 1222 27.00 1149 27.85 1078 28.70 1008 29.59 938
25.32 1296 26.16 1221 27.01 1148 27.86 1077 28.72 1007 29.60 937
25.33 1295 26.18 1220 27.02 1147 27.87 1076 28.73 1006 29.61 936
25.34 1294 26.19 1219 27.03 1146 27.88 1075 28.74 1005 29.62 935
25.35 1293 26.20 1218 27.05 1145 27.89 1074 28.75 1004 29.64 934
25.36 1292 26.21 1217 27.06 1144 27.91 1073 28.77 1003 29.65 933
25.38 1291 26.22 1216 27.07 1143 27.92 1072 28.78 1002 29.66 932
25.39 1290 26.24 1215 27.08 1142 27.93 1071 28.79 1001 29.67 931
25.40 1289 26.25 1214 27.09 1141 27.94 1070 28.80 1000 29.69 930
25.41 1287 26.26 1213 27.11 1140 27.95 1069 28.81 999 29.71 929
25.42 1286 26.27 1211 27.12 1139 27.97 1068 28.83 998 29.72 928
25.44 1285 26.28 1210 27.13 1138 27.98 1067 28.84 997 29.73 927
25.45 1284 26.30 1209 27.14 1137 27.99 1066 28.85 996 29.75 926
25.46 1283 26.31 1208 27.16 1136 28.00 1065 28.86 995 29.76 925
25.47 1282 26.32 1207 27.17 1135 28.01 1064 28.87 994 29.77 924
25.49 1281 26.33 1206 27.18 1133 28.03 1063 28.89 993 29.78 923
25.50 1280 26.34 1205 27.19 1132 28.04 1062 28.90 992 29.79 922
25.51 1279 26.36 1204 27.20 1131 28.05 1061 28.91 991 29.81 921
25.52 1278 26.37 1203 27.22 1130 28.06 1060 28.92 990 29.82 920
25.53 1277 26.38 1202 27.23 1129 28.08 1059 28.93 989 29.83 919
25.55 1276 26.39 1201 27.24 1128 28.09 1058 28.95 988 29.84 918
25.56 1274 26.41 1200 27.25 1127 28.10 1057 28.96 987 29.85 917
25.57 1273 26.42 1199 27.26 1126 28.11 1056 28.98 986 29.87 916
25.58 1272 26.43 1198 27.28 1125 28.12 1055 29.00 985 29.89 915
25.59 1271 26.44 1197 27.29 1124 28.14 1054 29.01 984 29.90 914
25.61 1270 26.45 1196 27.30 1123 28.15 1053 29.02 983 29.92 913
25.62 1269 26.47 1195 27.31 1122 28.16 1052 29.03 982 29.93 912
25.63 1268 26.48 1194 27.32 1121 28.17 1051 29.04 981 29.94 911
25.64 1267 26.49 1193 27.34 1120 28.18 1050 29.06 980 29.95 910
29.96 909 30.90 839 31.86 769 32.87 699 33.91 629 35.02 559
29.98 908 30.91 838 31.88 768 32.88 698 33.93 628 35.03 558
29.99 907 30.92 837 31.89 767 32.89 697 33.95 627 35.05 557
30.00 906 30.93 836 31.90 766 32.90 696 33.96 626 35.07 556
30.01 905 30.94 835 31.91 765 32.92 695 33.98 625 35.08 555
30.02 904 30.96 834 31.92 764 32.94 694 33.99 624 35.10 554
30.04 903 30.98 833 31.95 763 32.95 693 34.01 623 35.12 553
30.06 902 30.99 832 31.96 762 32.97 692 34.02 622 35.13 552
30.07 901 31.00 831 31.97 761 32.98 691 34.04 621 35.16 551
30.08 900 31.02 830 31.98 760 33.00 690 34.05 620 35.17 550
30.10 899 31.03 829 32.00 759 33.01 689 34.07 619 35.18 549
30.11 898 31.04 828 32.01 758 33.03 688 34.08 618 35.20 548
30.12 897 31.05 827 32.03 757 33.04 687 34.10 617 35.22 547
30.13 896 31.06 826 32.05 756 33.05 686 34.12 616 35.23 546
30.15 895 31.08 825 32.06 755 33.07 685 34.13 615 35.25 545
30.16 894 31.10 824 32.07 754 33.09 684 34.15 614 35.26 544
30.17 893 31.11 823 32.08 753 33.10 683 34.16 613 35.28 543
30.18 892 31.13 822 32.09 752 33.11 682 34.18 612 35.30 542
30.19 891 31.14 821 32.12 751 33.13 681 34.19 611 35.31 541
30.22 890 31.15 820 32.13 750 33.15 680 34.21 610 35.33 540
30.23 889 31.16 819 32.14 749 33.16 679 34.22 609 35.35 539
30.24 888 31.17 818 32.15 748 33.17 678 34.24 608 35.36 538
30.25 887 31.20 817 32.17 747 33.18 677 34.26 607 35.39 537
30.27 886 31.21 816 32.18 746 33.21 676 34.27 606 35.40 536
30.28 885 31.22 815 32.20 745 33.22 675 34.28 605 35.41 535
30.29 884 31.23 814 32.21 744 33.23 674 34.31 604 35.43 534
30.30 883 31.25 813 32.23 743 33.24 673 34.32 603 35.45 533
30.31 882 31.26 812 32.24 742 33.27 672 34.33 602 35.46 532
30.33 881 31.27 811 32.25 741 33.28 671 34.35 601 35.48 531
30.34 880 31.28 810 32.28 740 33.29 670 34.37 600 35.49 530
30.36 879 31.31 809 32.29 739 33.30 669 34.38 599 35.51 529
30.38 878 31.32 808 32.30 738 33.33 668 34.39 598 35.53 528
30.39 877 31.33 807 32.31 737 33.34 667 34.42 597 35.54 527
30.40 876 31.34 806 32.32 736 33.35 666 34.43 596 35.57 526
30.41 875 31.36 805 32.34 735 33.36 665 34.44 595 35.58 525
30.42 874 31.37 804 32.36 734 33.39 664 34.47 594 35.59 524
30.44 873 31.38 803 32.37 733 33.40 663 34.48 593 35.62 523
30.45 872 31.40 802 32.38 732 33.41 662 34.49 592 35.63 522
30.46 871 31.42 801 32.40 731 33.43 661 34.50 591 35.64 521
30.47 870 31.43 800 32.41 730 33.44 660 34.53 590 35.66 520
30.50 869 31.44 799 32.43 729 33.46 659 34.54 589 35.68 519
30.51 868 31.45 798 32.44 728 33.47 658 34.55 588 35.70 518
30.52 867 31.46 797 32.46 727 33.49 657 34.58 587 35.71 517
30.53 866 31.48 796 32.47 726 33.50 656 34.59 586 35.72 516
30.54 865 31.50 795 32.48 725 33.52 655 34.60 585 35.75 515
30.56 864 31.51 794 32.51 724 33.53 654 34.62 584 35.76 514
30.57 863 31.52 793 32.52 723 33.55 653 34.64 583 35.79 513
30.58 862 31.54 792 32.53 722 33.56 652 34.65 582 35.80 512
30.59 861 31.55 791 32.54 721 33.58 651 34.67 581 35.81 511
30.61 860 31.56 790 32.55 720 33.59 650 34.68 580 35.83 510
30.63 859 31.57 789 32.57 719 33.61 649 34.70 579 35.85 509
30.64 858 31.60 788 32.59 718 33.62 648 34.71 578 35.87 508
30.65 857 31.61 787 32.60 717 33.64 647 34.73 577 35.88 507
30.67 856 31.62 786 32.61 716 33.66 646 34.74 576 35.89 506
30.68 855 31.63 785 32.63 715 33.67 645 34.76 575 35.92 505
30.69 854 31.65 784 32.64 714 33.68 644 34.78 574 35.93 504
30.70 853 31.66 783 32.66 713 33.70 643 34.79 573 35.95 503
30.71 852 31.67 782 32.67 712 33.72 642 34.80 572 35.97 502
30.73 851 31.69 781 32.69 711 33.73 641 34.83 571 35.98 501
30.75 850 31.71 780 32.70 710 33.75 640 34.84 570 36.00 500
30.76 849 31.72 779 32.71 709 33.76 639 34.85 569 36.02 499
30.77 848 31.73 778 32.74 708 33.78 638 34.88 568 36.04 498
30.79 847 31.74 777 32.75 707 33.79 637 34.89 567 36.05 497
30.80 846 31.75 776 32.76 706 33.81 636 34.90 566 36.06 496
30.81 845 31.78 775 32.77 705 33.82 635 34.93 565 36.09 495
30.82 844 31.79 774 32.80 704 33.84 634 34.94 564 36.10 494
30.83 843 31.80 773 32.81 703 33.85 633 34.95 563 36.12 493
30.85 842 31.82 772 32.82 702 33.87 632 34.97 562 36.14 492
30.87 841 31.83 771 32.83 701 33.89 631 34.99 561 36.16 491
30.88 840 31.84 770 32.84 700 33.90 630 35.00 560 36.17 490
36.18 489 37.43 419 38.77 349 40.25 279 41.90 209 43.82 139
36.21 488 37.46 418 38.80 348 40.28 278 41.92 208 43.86 138
36.22 487 37.47 417 38.82 347 40.30 277 41.95 207 43.88 137
36.25 486 37.49 416 38.84 346 40.32 276 41.98 206 43.92 136
36.26 485 37.50 415 38.86 345 40.34 275 42.01 205 43.94 135
36.27 484 37.53 414 38.88 344 40.36 274 42.03 204 43.98 134
36.29 483 37.55 413 38.90 343 40.38 273 42.06 203 44.00 133
36.31 482 37.56 412 38.92 342 40.41 272 42.08 202 44.04 132
36.33 481 37.59 411 38.94 341 40.43 271 42.10 201 44.06 131
36.34 480 37.60 410 38.96 340 40.46 270 42.13 200 44.10 130
36.37 479 37.63 409 38.98 339 40.47 269 42.15 199 44.12 129
36.38 478 37.64 408 39.00 338 40.49 268 42.18 198 44.16 128
36.40 477 37.66 407 39.02 337 40.52 267 42.21 197 44.20 127
36.41 476 37.67 406 39.04 336 40.54 266 42.24 196 44.22 126
36.43 475 37.70 405 39.07 335 40.57 265 42.26 195 44.26 125
36.45 474 37.71 404 39.08 334 40.59 264 42.29 194 44.28 124
36.46 473 37.73 403 39.10 333 40.61 263 42.31 193 44.32 123
36.49 472 37.76 402 39.13 332 40.64 262 42.33 192 44.35 122
36.50 471 37.77 401 39.15 331 40.65 261 42.36 191 44.38 121
36.52 470 37.79 400 39.16 330 40.68 260 42.39 190 44.42 120
36.54 469 37.81 399 39.19 329 40.70 259 42.42 189 44.45 119
36.56 468 37.83 398 39.21 328 40.72 258 42.44 188 44.48 118
36.57 467 37.84 397 39.22 327 40.75 257 42.47 187 44.51 117
36.58 466 37.87 396 39.25 326 40.77 256 42.49 186 44.55 116
36.61 465 37.88 395 39.27 325 40.80 255 42.53 185 44.58 115
36.62 464 37.90 394 39.28 324 40.82 254 42.55 184 44.61 114
36.64 463 37.93 393 39.31 323 40.84 253 42.58 183 44.65 113
36.66 462 37.94 392 39.33 322 40.87 252 42.60 182 44.68 112
36.68 461 37.96 391 39.36 321 40.88 251 42.62 181 44.72 111
36.69 460 37.98 390 39.37 320 40.91 250 42.66 180 44.74 110
36.72 459 38.00 389 39.39 319 40.93 249 42.68 179 44.78 109
36.73 458 38.01 388 39.42 318 40.95 248 42.71 178 44.81 108
36.75 457 38.04 387 39.44 317 40.98 247 42.73 177 44.85 107
36.77 456 38.06 386 39.45 316 41.00 246 42.77 176 44.88 106
36.79 455 38.07 385 39.48 315 41.03 245 42.79 175 44.91 105
36.80 454 38.10 384 39.50 314 41.05 244 42.82 174 44.95 104
36.81 453 38.11 383 39.51 313 41.07 243 42.84 173 44.98 103
36.84 452 38.13 382 39.54 312 41.10 242 42.88 172 45.02 102
36.85 451 38.16 381 39.56 311 41.12 241 42.90 171 45.06 101
36.87 450 38.17 380 39.59 310 41.15 240 42.93 170 45.09 100
36.89 449 38.19 379 39.60 309 41.17 239 42.95 169 45.13 99
36.91 448 38.21 378 39.62 308 41.20 238 42.99 168 45.15 98
36.92 447 38.23 377 39.65 307 41.22 237 43.01 167 45.19 97
36.95 446 38.25 376 39.67 306 41.24 236 43.04 166 45.23 96
36.96 445 38.27 375 39.68 305 41.27 235 43.07 165 45.26 95
36.98 444 38.29 374 39.71 304 41.29 234 43.10 164 45.30 94
37.00 443 38.30 373 39.73 303 41.32 233 43.12 163 45.34 93
37.02 442 38.33 372 39.76 302 41.33 232 43.16 162 45.37 92
37.03 441 38.35 371 39.77 301 41.35 231 43.18 161 45.41 91
37.06 440 38.36 370 39.79 300 41.38 230 43.20 160 45.44 90
37.07 439 38.39 369 39.82 299 41.40 229 43.24 159 45.48 89
37.09 438 38.40 368 39.84 298 41.43 228 43.27 158 45.52 88
37.10 437 38.42 367 39.86 297 41.45 227 43.29 157 45.55 87
37.13 436 38.45 366 39.88 296 41.47 226 43.33 156 45.59 86
37.14 435 38.46 365 39.90 295 41.50 225 43.35 155 45.64 85
37.17 434 38.48 364 39.92 294 41.53 224 43.37 154 45.67 84
37.18 433 38.50 363 39.95 293 41.56 223 43.41 153 45.71 83
37.20 432 38.52 362 39.96 292 41.58 222 43.43 152 45.75 82
37.21 431 38.54 361 39.99 291 41.61 221 43.47 151 45.78 81
37.24 430 38.56 360 40.01 290 41.63 220 43.50 150 45.82 80
37.25 429 38.58 359 40.03 289 41.66 219 43.52 149 45.87 79
37.27 428 38.61 358 40.06 288 41.68 218 43.56 148 45.90 78
37.29 427 38.62 357 40.07 287 41.70 217 43.58 147 45.94 77
37.31 426 38.64 356 40.09 286 41.73 216 43.62 146 45.98 76
37.32 425 38.67 355 40.12 285 41.75 215 43.64 145 46.03 75
37.35 424 38.68 354 40.14 284 41.78 214 43.68 144 46.06 74
37.36 423 38.70 353 40.17 283 41.80 213 43.70 143 46.10 73
37.38 422 38.71 352 40.19 282 41.83 212 43.74 142 46.15 72
37.40 421 38.74 351 40.20 281 41.85 211 43.76 141 46.18 71
37.42 420 38.76 350 40.23 280 41.87 210 43.80 140 46.22 70
46.27 69 46.78 57 47.34 45 48.00 33 48.75 21 49.75 9
46.30 68 46.82 56 47.40 44 48.05 32 48.82 20 49.86 8
46.35 67 46.87 55 47.45 43 48.11 31 48.89 19 49.97 7
46.39 66 46.92 54 47.50 42 48.17 30 48.97 18 50.09 6
46.44 65 46.97 53 47.55 41 48.23 29 49.05 17 50.21 5
46.47 64 47.01 52 47.61 40 48.29 28 49.12 16 50.36 4
46.52 63 47.05 51 47.66 39 48.35 27 49.21 15 50.52 3
46.56 62 47.10 50 47.72 38 48.42 26 49.29 14 50.70 2
46.61 61 47.15 49 47.77 37 48.48 25 49.38 13 50.93 1
46.64 60 47.20 48 47.83 36 48.54 24 49.46 12
46.69 59 47.25 47 47.88 35 48.62 23 49.56 11
46.74 58 47.30 46 47.94 34 48.69 22 49.66 10
