25.94 1342 26.82 1266 27.71 1191 28.60 1119 29.48 1049 30.39 979
25.95 1341 26.84 1265 27.72 1190 28.61 1118 29.49 1048 30.41 978
25.96 1340 26.85 1264 27.73 1189 28.62 1117 29.51 1047 30.42 977
25.98 1339 26.86 1263 27.75 1188 28.63 1116 29.52 1046 30.43 976
25.99 1338 26.87 1262 27.76 1187 28.65 1115 29.53 1045 30.44 975
26.00 1337 26.89 1260 27.77 1186 28.66 1114 29.54 1044 30.46 974
26.01 1336 26.90 1259 27.79 1185 28.67 1113 29.56 1043 30.47 973
26.03 1334 26.91 1258 27.80 1184 28.68 1112 29.57 1042 30.48 972
26.04 1333 26.92 1257 27.81 1183 28.70 1111 29.58 1041 30.49 971
26.05 1332 26.94 1256 27.82 1182 28.71 1110 29.60 1040 30.51 970
26.06 1331 26.95 1255 27.84 1181 28.72 1109 29.61 1039 30.52 969
26.08 1330 26.96 1254 27.85 1180 28.73 1108 29.62 1038 30.53 968
26.09 1329 26.98 1253 27.86 1179 28.75 1107 29.63 1037 30.54 967
26.10 1328 26.99 1252 27.87 1178 28.76 1106 29.65 1036 30.56 966
26.11 1327 27.00 1251 27.89 1177 28.77 1105 29.66 1035 30.57 965
26.13 1326 27.01 1250 27.90 1176 28.79 1104 29.67 1034 30.58 964
26.14 1325 27.03 1249 27.91 1175 28.80 1103 29.68 1033 30.61 963
26.15 1323 27.04 1248 27.92 1174 28.81 1102 29.70 1032 30.62 962
26.17 1322 27.05 1247 27.94 1173 28.82 1101 29.71 1031 30.63 961
26.18 1321 27.06 1245 27.95 1172 28.84 1100 29.72 1030 30.65 960
26.19 1320 27.08 1244 27.96 1171 28.85 1099 29.73 1029 30.66 959
26.20 1319 27.09 1243 27.98 1170 28.86 1098 29.75 1028 30.67 958
26.22 1318 27.10 1242 27.99 1169 28.87 1097 29.76 1027 30.68 957
26.23 1317 27.11 1241 28.00 1168 28.89 1096 29.77 1026 30.70 956
26.24 1316 27.13 1240 28.01 1166 28.90 1095 29.78 1025 30.71 955
26.25 1315 27.14 1239 28.03 1165 28.91 1094 29.80 1024 30.72 954
26.27 1314 27.15 1238 28.04 1164 28.92 1093 29.81 1023 30.73 953
26.28 1312 27.17 1237 28.05 1163 28.94 1092 29.82 1022 30.75 952
26.29 1311 27.18 1236 28.06 1162 28.95 1091 29.84 1021 30.76 951
26.30 1310 27.19 1235 28.08 1161 28.96 1090 29.85 1020 30.77 950
26.32 1309 27.20 1234 28.09 1160 28.98 1089 29.86 1019 30.78 949
26.33 1308 27.22 1233 28.10 1159 28.99 1088 29.87 1018 30.80 948
26.34 1307 27.23 1232 28.11 1158 29.00 1087 29.90 1017 30.81 947
26.36 1306 27.24 1231 28.13 1157 29.01 1086 29.91 1016 30.82 946
26.37 1305 27.25 1229 28.14 1156 29.03 1085 29.92 1015 30.85 945
26.38 1304 27.27 1228 28.15 1155 29.04 1084 29.94 1014 30.86 944
26.39 1303 27.28 1227 28.17 1154 29.05 1083 29.95 1013 30.87 943
26.41 1302 27.29 1226 28.18 1153 29.06 1082 29.96 1012 30.89 942
26.42 1300 27.30 1225 28.19 1152 29.08 1081 29.97 1011 30.90 941
26.43 1299 27.32 1224 28.20 1151 29.09 1080 29.99 1010 30.91 940
26.44 1298 27.33 1223 28.22 1150 29.10 1079 30.00 1009 30.92 939
26.46 1297 27.34 1222 28.23 1149 29.11 1078 30.01 1008 30.94 938
26.47 1296 27.36 1221 28.24 1148 29.13 1077 30.03 1007 30.95 937
26.48 1295 27.37 1220 28.25 1147 29.14 1076 30.04 1006 30.96 936
26.49 1294 27.38 1219 28.27 1146 29.15 1075 30.05 1005 30.97 935
26.51 1293 27.39 1218 28.28 1145 29.16 1074 30.06 1004 30.99 934
26.52 1292 27.41 1217 28.29 1144 29.18 1073 30.08 1003 31.00 933
26.53 1291 27.42 1216 28.30 1143 29.19 1072 30.09 1002 31.01 932
26.55 1290 27.43 1215 28.32 1142 29.20 1071 30.10 1001 31.03 931
26.56 1289 27.44 1214 28.33 1141 29.22 1070 30.11 1000 31.04 930
26.57 1287 27.46 1213 28.34 1140 29.23 1069 30.13 999 31.06 929
26.58 1286 27.47 1211 28.35 1139 29.24 1068 30.14 998 31.08 928
26.60 1285 27.48 1210 28.37 1138 29.25 1067 30.15 997 31.09 927
26.61 1284 27.49 1209 28.38 1137 29.27 1066 30.16 996 31.10 926
26.62 1283 27.51 1208 28.39 1136 29.28 1065 30.18 995 31.11 925
26.63 1282 27.52 1207 28.41 1135 29.29 1064 30.19 994 31.13 924
26.65 1281 27.53 1206 28.42 1133 29.30 1063 30.20 993 31.14 923
26.66 1280 27.54 1205 28.43 1132 29.32 1062 30.22 992 31.15 922
26.67 1279 27.56 1204 28.44 1131 29.33 1061 30.23 991 31.16 921
26.68 1278 27.57 1203 28.46 1130 29.34 1060 30.24 990 31.18 920
26.70 1277 27.58 1202 28.47 1129 29.35 1059 30.25 989 31.19 919
26.71 1276 27.60 1201 28.48 1128 29.37 1058 30.27 988 31.20 918
26.72 1274 27.61 1200 28.49 1127 29.38 1057 30.28 987 31.21 917
26.74 1273 27.62 1199 28.51 1126 29.39 1056 30.30 986 31.23 916
26.75 1272 27.63 1198 28.52 1125 29.41 1055 30.32 985 31.25 915
26.76 1271 27.65 1197 28.53 1124 29.42 1054 30.33 984 31.27 914
26.77 1270 27.66 1196 28.54 1123 29.43 1053 30.34 983 31.28 913
26.79 1269 27.67 1195 28.56 1122 29.44 1052 30.35 982 31.29 912
26.80 1268 27.68 1194 28.57 1121 29.46 1051 30.37 981 31.30 911
26.81 1267 27.70 1193 28.58 1120 29.47 1050 30.38 980 31.32 910
31.33 909 32.30 839 33.32 769 34.37 699 35.45 629 36.62 559
31.34 908 32.32 838 33.33 768 34.38 698 35.48 628 36.63 558
31.35 907 32.33 837 33.34 767 34.39 697 35.49 627 36.64 557
31.37 906 32.34 836 33.35 766 34.40 696 35.50 626 36.67 556
31.38 905 32.35 835 33.37 765 34.42 695 35.53 625 36.68 555
31.39 904 32.37 834 33.38 764 34.44 694 35.54 624 36.69 554
31.40 903 32.39 833 33.40 763 34.45 693 35.56 623 36.72 553
31.43 902 32.40 832 33.42 762 34.47 692 35.57 622 36.73 552
31.44 901 32.42 831 33.43 761 34.48 691 35.59 621 36.76 551
31.46 900 32.43 830 33.44 760 34.51 690 35.61 620 36.77 550
31.47 899 32.44 829 33.45 759 34.52 689 35.62 619 36.78 549
31.48 898 32.46 828 33.47 758 34.53 688 35.63 618 36.81 548
31.49 897 32.47 827 33.49 757 34.54 687 35.66 617 36.82 547
31.51 896 32.48 826 33.51 756 34.56 686 35.67 616 36.83 546
31.52 895 32.49 825 33.52 755 34.58 685 35.68 615 36.86 545
31.53 894 32.52 824 33.53 754 34.59 684 35.71 614 36.87 544
31.54 893 32.53 823 33.54 753 34.61 683 35.72 613 36.88 543
31.56 892 32.54 822 33.56 752 34.62 682 35.73 612 36.91 542
31.57 891 32.56 821 33.58 751 34.64 681 35.75 611 36.92 541
31.59 890 32.57 820 33.59 750 34.66 680 35.77 610 36.94 540
31.61 889 32.58 819 33.61 749 34.67 679 35.78 609 36.96 539
31.62 888 32.59 818 33.62 748 34.68 678 35.80 608 36.97 538
31.63 887 32.62 817 33.63 747 34.70 677 35.82 607 37.00 537
31.65 886 32.63 816 33.64 746 34.72 676 35.83 606 37.01 536
31.66 885 32.64 815 33.67 745 34.73 675 35.85 605 37.02 535
31.67 884 32.66 814 33.68 744 34.75 674 35.87 604 37.05 534
31.68 883 32.67 813 33.70 743 34.76 673 35.88 603 37.06 533
31.70 882 32.68 812 33.71 742 34.78 672 35.90 602 37.07 532
31.71 881 32.70 811 33.72 741 34.80 671 35.91 601 37.10 531
31.72 880 32.71 810 33.75 740 34.81 670 35.94 600 37.11 530
31.75 879 32.73 809 33.76 739 34.82 669 35.95 599 37.12 529
31.76 878 32.75 808 33.77 738 34.85 668 35.96 598 37.15 528
31.77 877 32.76 807 33.78 737 34.86 667 35.99 597 37.16 527
31.78 876 32.77 806 33.80 736 34.87 666 36.00 596 37.19 526
31.80 875 32.78 805 33.81 735 34.88 665 36.01 595 37.20 525
31.81 874 32.80 804 33.83 734 34.91 664 36.04 594 37.21 524
31.82 873 32.81 803 33.85 733 34.92 663 36.05 593 37.24 523
31.84 872 32.83 802 33.86 732 34.94 662 36.06 592 37.25 522
31.85 871 32.85 801 33.87 731 34.95 661 36.07 591 37.26 521
31.86 870 32.86 800 33.89 730 34.96 660 36.10 590 37.29 520
31.89 869 32.87 799 33.91 729 34.99 659 36.11 589 37.30 519
31.90 868 32.89 798 33.92 728 35.00 658 36.13 588 37.33 518
31.91 867 32.90 797 33.94 727 35.01 657 36.15 587 37.34 517
31.92 866 32.91 796 33.95 726 35.02 656 36.16 586 37.35 516
31.94 865 32.94 795 33.96 725 35.05 655 36.18 585 37.38 515
31.95 864 32.95 794 33.99 724 35.06 654 36.20 584 37.39 514
31.96 863 32.96 793 34.00 723 35.07 653 36.21 583 37.42 513
31.97 862 32.97 792 34.01 722 35.09 652 36.23 582 37.43 512
31.99 861 32.99 791 34.02 721 35.11 651 36.25 581 37.44 511
32.00 860 33.00 790 34.04 720 35.13 650 36.26 580 37.47 510
32.02 859 33.01 789 34.05 719 35.14 649 36.28 579 37.48 509
32.04 858 33.04 788 34.07 718 35.15 648 36.29 578 37.50 508
32.05 857 33.05 787 34.09 717 35.18 647 36.31 577 37.52 507
32.06 856 33.06 786 34.10 716 35.19 646 36.33 576 37.53 506
32.08 855 33.08 785 34.11 715 35.20 645 36.34 575 37.56 505
32.09 854 33.09 784 34.13 714 35.21 644 36.37 574 37.57 504
32.10 853 33.10 783 34.15 713 35.24 643 36.38 573 37.59 503
32.11 852 33.11 782 34.16 712 35.25 642 36.39 572 37.61 502
32.13 851 33.14 781 34.18 711 35.26 641 36.42 571 37.62 501
32.15 850 33.15 780 34.19 710 35.29 640 36.43 570 37.64 500
32.16 849 33.16 779 34.20 709 35.30 639 36.44 569 37.66 499
32.18 848 33.18 778 34.23 708 35.32 638 36.47 568 37.68 498
32.19 847 33.19 777 34.24 707 35.33 637 36.48 567 37.69 497
32.20 846 33.20 776 34.25 706 35.35 636 36.49 566 37.71 496
32.21 845 33.23 775 34.26 705 35.37 635 36.52 565 37.73 495
32.23 844 33.24 774 34.29 704 35.38 634 36.53 564 37.74 494
32.24 843 33.25 773 34.30 703 35.39 633 36.54 563 37.77 493
32.25 842 33.27 772 34.32 702 35.42 632 36.57 562 37.78 492
32.28 841 33.28 771 34.33 701 35.43 631 36.58 561 37.81 491
32.29 840 33.29 770 34.34 700 35.44 630 36.59 560 37.82 490
37.83 489 39.14 419 40.54 349 42.09 279 43.81 209 45.82 139
37.86 488 39.16 418 40.57 348 42.11 278 43.83 208 45.86 138
37.87 487 39.17 417 40.59 347 42.14 277 43.86 207 45.88 137
37.90 486 39.20 416 40.60 346 42.16 276 43.90 206 45.92 136
37.91 485 39.21 415 40.63 345 42.17 275 43.92 205 45.95 135
37.92 484 39.24 414 40.66 344 42.20 274 43.95 204 45.98 134
37.95 483 39.26 413 40.67 343 42.22 273 43.97 203 46.01 133
37.96 482 39.28 412 40.69 342 42.25 272 44.00 202 46.05 132
37.99 481 39.30 411 40.72 341 42.28 271 44.02 201 46.07 131
38.00 480 39.31 410 40.73 340 42.30 270 44.05 200 46.11 130
38.02 479 39.34 409 40.76 339 42.31 269 44.07 199 46.14 129
38.04 478 39.35 408 40.78 338 42.34 268 44.10 198 46.17 128
38.06 477 39.38 407 40.79 337 42.36 267 44.14 197 46.21 127
38.07 476 39.39 406 40.82 336 42.39 266 44.16 196 46.24 126
38.09 475 39.42 405 40.85 335 42.41 265 44.19 195 46.27 125
38.11 474 39.43 404 40.86 334 42.44 264 44.21 194 46.30 124
38.12 473 39.45 403 40.88 333 42.47 263 44.24 193 46.34 123
38.15 472 39.48 402 40.91 332 42.49 262 44.26 192 46.38 122
38.16 471 39.49 401 40.93 331 42.50 261 44.29 191 46.40 121
38.19 470 39.52 400 40.95 330 42.53 260 44.33 190 46.44 120
38.20 469 39.53 399 40.97 329 42.55 259 44.35 189 46.48 119
38.23 468 39.55 398 41.00 328 42.58 258 44.38 188 46.50 118
38.24 467 39.57 397 41.01 327 42.60 257 44.40 187 46.54 117
38.25 466 39.59 396 41.04 326 42.63 256 44.43 186 46.58 116
38.28 465 39.61 395 41.06 325 42.66 255 44.46 185 46.62 115
38.29 464 39.63 394 41.07 324 42.68 254 44.49 184 46.64 114
38.31 463 39.66 393 41.10 323 42.71 253 44.52 183 46.68 113
38.33 462 39.67 392 41.12 322 42.73 252 44.54 182 46.72 112
38.35 461 39.69 391 41.15 321 42.74 251 44.57 181 46.76 111
38.37 460 39.71 390 41.16 320 42.77 250 44.60 180 46.78 110
38.39 459 39.73 389 41.19 319 42.79 249 44.63 179 46.82 109
38.40 458 39.74 388 41.21 318 42.82 248 44.65 178 46.86 108
38.43 457 39.77 387 41.24 317 42.84 247 44.68 177 46.89 107
38.44 456 39.80 386 41.25 316 42.87 246 44.72 176 46.92 106
38.47 455 39.81 385 41.28 315 42.90 245 44.74 175 46.96 105
38.48 454 39.83 384 41.30 314 42.92 244 44.77 174 47.00 104
38.49 453 39.85 383 41.31 313 42.95 243 44.79 173 47.03 103
38.52 452 39.87 382 41.34 312 42.97 242 44.83 172 47.07 102
38.53 451 39.90 381 41.36 311 43.00 241 44.86 171 47.11 101
38.55 450 39.91 380 41.39 310 43.02 240 44.88 170 47.15 100
38.57 449 39.93 379 41.40 309 43.05 239 44.91 169 47.19 99
38.59 448 39.95 378 41.43 308 43.07 238 44.95 168 47.21 98
38.61 447 39.97 377 41.45 307 43.10 237 44.97 167 47.25 97
38.63 446 40.00 376 41.48 306 43.12 236 45.00 166 47.29 96
38.64 445 40.01 375 41.49 305 43.15 235 45.03 165 47.32 95
38.67 444 40.04 374 41.52 304 43.17 234 45.06 164 47.36 94
38.68 443 40.05 373 41.54 303 43.20 233 45.08 163 47.40 93
38.71 442 40.07 372 41.57 302 43.21 232 45.12 162 47.44 92
38.72 441 40.10 371 41.58 301 43.24 231 45.15 161 47.48 91
38.74 440 40.11 370 41.60 300 43.26 230 45.17 160 47.51 90
38.76 439 40.14 369 41.63 299 43.29 229 45.21 159 47.55 89
38.78 438 40.15 368 41.66 298 43.31 228 45.24 158 47.59 88
38.80 437 40.17 367 41.68 297 43.34 227 45.26 157 47.63 87
38.82 436 40.20 366 41.69 296 43.36 226 45.30 156 47.67 86
38.83 435 40.21 365 41.72 295 43.39 225 45.33 155 47.72 85
38.86 434 40.24 364 41.74 294 43.43 224 45.35 154 47.76 84
38.87 433 40.25 363 41.77 293 43.45 223 45.39 153 47.79 83
38.90 432 40.28 362 41.78 292 43.48 222 45.41 152 47.83 82
38.91 431 40.30 361 41.81 291 43.50 221 45.45 151 47.87 81
38.93 430 40.31 360 41.83 290 43.53 220 45.48 150 47.91 80
38.95 429 40.34 359 41.86 289 43.55 219 45.50 149 47.96 79
38.97 428 40.36 358 41.88 288 43.58 218 45.54 148 48.00 78
38.99 427 40.38 357 41.90 287 43.60 217 45.57 147 48.03 77
39.01 426 40.40 356 41.92 286 43.63 216 45.60 146 48.07 76
39.02 425 40.43 355 41.95 285 43.65 215 45.63 145 48.12 75
39.05 424 40.44 354 41.97 284 43.68 214 45.67 144 48.16 74
39.06 423 40.47 353 42.00 283 43.71 213 45.69 143 48.20 73
39.09 422 40.48 352 42.02 282 43.73 212 45.73 142 48.25 72
39.10 421 40.50 351 42.03 281 43.76 211 45.76 141 48.29 71
39.12 420 40.53 350 42.06 280 43.78 210 45.79 140 48.32 70
48.38 69 48.91 57 49.50 45 50.18 33 50.97 21 52.02 9
48.41 68 48.96 56 49.56 44 50.24 32 51.05 20 52.13 8
48.46 67 49.01 55 49.62 43 50.30 31 51.12 19 52.25 7
48.50 66 49.06 54 49.67 42 50.36 30 51.20 18 52.37 6
48.55 65 49.11 53 49.72 41 50.43 29 51.29 17 52.50 5
48.59 64 49.15 52 49.78 40 50.49 28 51.36 16 52.65 4
48.64 63 49.20 51 49.83 39 50.55 27 51.45 15 52.82 3
48.68 62 49.25 50 49.89 38 50.63 26 51.54 14 53.01 2
48.73 61 49.30 49 49.94 37 50.69 25 51.63 13 53.25 1
48.77 60 49.35 48 50.01 36 50.75 24 51.72 12
48.82 59 49.40 47 50.06 35 50.83 23 51.82 11
48.87 58 49.45 46 50.12 34 50.91 22 51.92 10
