27.18 1342 28.10 1266 29.03 1191 29.96 1119 30.89 1049 31.84 979
27.19 1341 28.12 1265 29.05 1190 29.97 1118 30.90 1048 31.86 978
27.20 1340 28.13 1264 29.06 1189 29.99 1117 30.92 1047 31.87 977
27.22 1339 28.14 1263 29.07 1188 30.00 1116 30.93 1046 31.88 976
27.23 1338 28.16 1262 29.09 1187 30.01 1115 30.94 1045 31.90 975
27.24 1337 28.17 1260 29.10 1186 30.03 1114 30.95 1044 31.91 974
27.26 1336 28.18 1259 29.11 1185 30.04 1113 30.97 1043 31.92 973
27.27 1334 28.20 1258 29.13 1184 30.05 1112 30.98 1042 31.94 972
27.28 1333 28.21 1257 29.14 1183 30.07 1111 30.99 1041 31.95 971
27.30 1332 28.22 1256 29.15 1182 30.08 1110 31.01 1040 31.96 970
27.31 1331 28.24 1255 29.16 1181 30.09 1109 31.02 1039 31.98 969
27.32 1330 28.25 1254 29.18 1180 30.11 1108 31.03 1038 31.99 968
27.34 1329 28.26 1253 29.19 1179 30.12 1107 31.05 1037 32.00 967
27.35 1328 28.28 1252 29.20 1178 30.13 1106 31.06 1036 32.02 966
27.36 1327 28.29 1251 29.22 1177 30.15 1105 31.07 1035 32.03 965
27.38 1326 28.30 1250 29.23 1176 30.16 1104 31.09 1034 32.04 964
27.39 1325 28.32 1249 29.24 1175 30.17 1103 31.10 1033 32.07 963
27.40 1323 28.33 1248 29.26 1174 30.19 1102 31.11 1032 32.08 962
27.41 1322 28.34 1247 29.27 1173 30.20 1101 31.13 1031 32.10 961
27.43 1321 28.36 1245 29.28 1172 30.21 1100 31.14 1030 32.11 960
27.44 1320 28.37 1244 29.30 1171 30.23 1099 31.15 1029 32.12 959
27.45 1319 28.38 1243 29.31 1170 30.24 1098 31.17 1028 32.14 958
27.47 1318 28.40 1242 29.32 1169 30.25 1097 31.18 1027 32.15 957
27.48 1317 28.41 1241 29.34 1168 30.27 1096 31.19 1026 32.16 956
27.49 1316 28.42 1240 29.35 1166 30.28 1095 31.21 1025 32.17 955
27.51 1315 28.44 1239 29.36 1165 30.29 1094 31.22 1024 32.19 954
27.52 1314 28.45 1238 29.38 1164 30.31 1093 31.23 1023 32.20 953
27.53 1312 28.46 1237 29.39 1163 30.32 1092 31.25 1022 32.21 952
27.55 1311 28.48 1236 29.40 1162 30.33 1091 31.26 1021 32.23 951
27.56 1310 28.49 1235 29.42 1161 30.35 1090 31.27 1020 32.24 950
27.57 1309 28.50 1234 29.43 1160 30.36 1089 31.29 1019 32.25 949
27.59 1308 28.52 1233 29.44 1159 30.37 1088 31.30 1018 32.27 948
27.60 1307 28.53 1232 29.46 1158 30.38 1087 31.33 1017 32.28 947
27.61 1306 28.54 1231 29.47 1157 30.40 1086 31.34 1016 32.29 946
27.63 1305 28.56 1229 29.48 1156 30.41 1085 31.35 1015 32.32 945
27.64 1304 28.57 1228 29.50 1155 30.42 1084 31.37 1014 32.33 944
27.65 1303 28.58 1227 29.51 1154 30.44 1083 31.38 1013 32.35 943
27.67 1302 28.59 1226 29.52 1153 30.45 1082 31.39 1012 32.36 942
27.68 1300 28.61 1225 29.54 1152 30.46 1081 31.41 1011 32.37 941
27.69 1299 28.62 1224 29.55 1151 30.48 1080 31.42 1010 32.39 940
27.71 1298 28.63 1223 29.56 1150 30.49 1079 31.43 1009 32.40 939
27.72 1297 28.65 1222 29.58 1149 30.50 1078 31.45 1008 32.41 938
27.73 1296 28.66 1221 29.59 1148 30.52 1077 31.46 1007 32.43 937
27.75 1295 28.67 1220 29.60 1147 30.53 1076 31.47 1006 32.44 936
27.76 1294 28.69 1219 29.62 1146 30.54 1075 31.49 1005 32.45 935
27.77 1293 28.70 1218 29.63 1145 30.56 1074 31.50 1004 32.47 934
27.79 1292 28.71 1217 29.64 1144 30.57 1073 31.51 1003 32.48 933
27.80 1291 28.73 1216 29.66 1143 30.58 1072 31.53 1002 32.49 932
27.81 1290 28.74 1215 29.67 1142 30.60 1071 31.54 1001 32.51 931
27.83 1289 28.75 1214 29.68 1141 30.61 1070 31.55 1000 32.52 930
27.84 1287 28.77 1213 29.70 1140 30.62 1069 31.56 999 32.55 929
27.85 1286 28.78 1211 29.71 1139 30.64 1068 31.58 998 32.56 928
27.87 1285 28.79 1210 29.72 1138 30.65 1067 31.59 997 32.57 927
27.88 1284 28.81 1209 29.74 1137 30.66 1066 31.60 996 32.59 926
27.89 1283 28.82 1208 29.75 1136 30.68 1065 31.62 995 32.60 925
27.91 1282 28.83 1207 29.76 1135 30.69 1064 31.63 994 32.61 924
27.92 1281 28.85 1206 29.77 1133 30.70 1063 31.64 993 32.63 923
27.93 1280 28.86 1205 29.79 1132 30.72 1062 31.66 992 32.64 922
27.95 1279 28.87 1204 29.80 1131 30.73 1061 31.67 991 32.65 921
27.96 1278 28.89 1203 29.81 1130 30.74 1060 31.68 990 32.67 920
27.97 1277 28.90 1202 29.83 1129 30.76 1059 31.70 989 32.68 919
27.98 1276 28.91 1201 29.84 1128 30.77 1058 31.71 988 32.69 918
28.00 1274 28.93 1200 29.85 1127 30.78 1057 31.72 987 32.71 917
28.01 1273 28.94 1199 29.87 1126 30.80 1056 31.75 986 32.72 916
28.02 1272 28.95 1198 29.88 1125 30.81 1055 31.76 985 32.74 915
28.04 1271 28.97 1197 29.89 1124 30.82 1054 31.78 984 32.76 914
28.05 1270 28.98 1196 29.91 1123 30.84 1053 31.79 983 32.77 913
28.06 1269 28.99 1195 29.92 1122 30.85 1052 31.80 982 32.78 912
28.08 1268 29.01 1194 29.93 1121 30.86 1051 31.82 981 32.80 911
28.09 1267 29.02 1193 29.95 1120 30.88 1050 31.83 980 32.81 910
32.82 909 33.85 839 34.91 769 36.01 699 37.15 629 38.37 559
32.84 908 33.86 838 34.92 768 36.02 698 37.17 628 38.38 558
32.85 907 33.87 837 34.93 767 36.03 697 37.19 627 38.39 557
32.86 906 33.89 836 34.95 766 36.05 696 37.20 626 38.42 556
32.88 905 33.90 835 34.96 765 36.06 695 37.23 625 38.43 555
32.89 904 33.91 834 34.97 764 36.09 694 37.24 624 38.45 554
32.90 903 33.94 833 35.00 763 36.10 693 37.25 623 38.47 553
32.93 902 33.95 832 35.01 762 36.11 692 37.27 622 38.49 552
32.94 901 33.96 831 35.03 761 36.13 691 37.29 621 38.51 551
32.96 900 33.98 830 35.04 760 36.15 690 37.31 620 38.53 550
32.97 899 33.99 829 35.05 759 36.17 689 37.32 619 38.54 549
32.98 898 34.00 828 35.07 758 36.18 688 37.33 618 38.57 548
33.00 897 34.02 827 35.09 757 36.19 687 37.36 617 38.58 547
33.01 896 34.03 826 35.11 756 36.21 686 37.37 616 38.59 546
33.02 895 34.04 825 35.12 755 36.23 685 37.39 615 38.62 545
33.04 894 34.07 824 35.13 754 36.25 684 37.41 614 38.63 544
33.05 893 34.08 823 35.14 753 36.26 683 37.43 613 38.65 543
33.06 892 34.10 822 35.16 752 36.27 682 37.44 612 38.67 542
33.08 891 34.11 821 35.18 751 36.30 681 37.45 611 38.69 541
33.10 890 34.12 820 35.20 750 36.31 680 37.48 610 38.70 540
33.12 889 34.14 819 35.21 749 36.32 679 37.49 609 38.72 539
33.13 888 34.15 818 35.22 748 36.34 678 37.50 608 38.74 538
33.14 887 34.18 817 35.24 747 36.35 677 37.53 607 38.76 537
33.16 886 34.19 816 35.25 746 36.38 676 37.54 606 38.78 536
33.17 885 34.20 815 35.28 745 36.39 675 37.56 605 38.79 535
33.18 884 34.22 814 35.29 744 36.40 674 37.58 604 38.82 534
33.20 883 34.23 813 35.30 743 36.42 673 37.60 603 38.83 533
33.21 882 34.24 812 35.32 742 36.44 672 37.61 602 38.84 532
33.22 881 34.26 811 35.33 741 36.46 671 37.62 601 38.87 531
33.24 880 34.27 810 35.36 740 36.47 670 37.65 600 38.88 530
33.26 879 34.30 809 35.37 739 36.48 669 37.66 599 38.90 529
33.28 878 34.31 808 35.38 738 36.51 668 37.68 598 38.92 528
33.29 877 34.32 807 35.40 737 36.52 667 37.70 597 38.94 527
33.30 876 34.34 806 35.41 736 36.54 666 37.72 596 38.96 526
33.32 875 34.35 805 35.42 735 36.55 665 37.73 595 38.98 525
33.33 874 34.36 804 35.45 734 36.58 664 37.76 594 38.99 524
33.34 873 34.38 803 35.46 733 36.59 663 37.77 593 39.02 523
33.35 872 34.40 802 35.48 732 36.60 662 37.78 592 39.03 522
33.37 871 34.42 801 35.49 731 36.62 661 37.80 591 39.04 521
33.38 870 34.43 800 35.50 730 36.63 660 37.82 590 39.07 520
33.41 869 34.44 799 35.53 729 36.66 659 37.84 589 39.08 519
33.42 868 34.46 798 35.54 728 36.67 658 37.85 588 39.11 518
33.43 867 34.47 797 35.56 727 36.68 657 37.88 587 39.12 517
33.45 866 34.48 796 35.57 726 36.70 656 37.89 586 39.14 516
33.46 865 34.51 795 35.58 725 36.72 655 37.90 585 39.16 515
33.47 864 34.52 794 35.61 724 36.74 654 37.93 584 39.18 514
33.49 863 34.53 793 35.62 723 36.75 653 37.94 583 39.20 513
33.50 862 34.55 792 35.64 722 36.76 652 37.96 582 39.22 512
33.51 861 34.56 791 35.65 721 36.79 651 37.98 581 39.23 511
33.53 860 34.57 790 35.66 720 36.80 650 38.00 580 39.26 510
33.55 859 34.59 789 35.68 719 36.82 649 38.01 579 39.27 509
33.57 858 34.61 788 35.70 718 36.83 648 38.02 578 39.29 508
33.58 857 34.63 787 35.71 717 36.86 647 38.05 577 39.31 507
33.59 856 34.64 786 35.73 716 36.87 646 38.06 576 39.32 506
33.61 855 34.65 785 35.74 715 36.88 645 38.08 575 39.35 505
33.62 854 34.67 784 35.75 714 36.90 644 38.10 574 39.36 504
33.63 853 34.68 783 35.78 713 36.92 643 38.11 573 39.39 503
33.65 852 34.69 782 35.79 712 36.93 642 38.13 572 39.40 502
33.66 851 34.72 781 35.81 711 36.95 641 38.15 571 39.41 501
33.69 850 34.73 780 35.82 710 36.97 640 38.17 570 39.44 500
33.70 849 34.75 779 35.83 709 36.99 639 38.18 569 39.45 499
33.71 848 34.76 778 35.86 708 37.00 638 38.21 568 39.48 498
33.73 847 34.77 777 35.87 707 37.01 637 38.22 567 39.49 497
33.74 846 34.79 776 35.89 706 37.04 636 38.23 566 39.51 496
33.75 845 34.81 775 35.90 705 37.05 635 38.26 565 39.53 495
33.77 844 34.83 774 35.93 704 37.07 634 38.27 564 39.55 494
33.78 843 34.84 773 35.94 703 37.08 633 38.29 563 39.57 493
33.79 842 34.85 772 35.95 702 37.11 632 38.31 562 39.59 492
33.82 841 34.87 771 35.97 701 37.12 631 38.33 561 39.61 491
33.83 840 34.88 770 35.98 700 37.13 630 38.34 560 39.63 490
39.64 489 41.01 419 42.48 349 44.09 279 45.90 209 48.01 139
39.67 488 41.03 418 42.50 348 44.12 278 45.92 208 48.05 138
39.68 487 41.05 417 42.53 347 44.15 277 45.95 207 48.07 137
39.71 486 41.07 416 42.54 346 44.17 276 45.99 206 48.11 136
39.72 485 41.08 415 42.57 345 44.19 275 46.02 205 48.14 135
39.73 484 41.11 414 42.60 344 44.21 274 46.04 204 48.18 134
39.76 483 41.14 413 42.61 343 44.24 273 46.07 203 48.21 133
39.77 482 41.15 412 42.64 342 44.27 272 46.10 202 48.24 132
39.80 481 41.18 411 42.66 341 44.29 271 46.12 201 48.27 131
39.81 480 41.19 410 42.68 340 44.32 270 46.15 200 48.31 130
39.84 479 41.22 409 42.70 339 44.33 269 46.18 199 48.34 129
39.85 478 41.23 408 42.73 338 44.36 268 46.20 198 48.38 128
39.88 477 41.26 407 42.74 337 44.39 267 46.24 197 48.42 127
39.89 476 41.27 406 42.77 336 44.41 266 46.27 196 48.44 126
39.90 475 41.30 405 42.80 335 44.44 265 46.30 195 48.48 125
39.93 474 41.31 404 42.81 334 44.47 264 46.32 194 48.51 124
39.94 473 41.34 403 42.84 333 44.49 263 46.35 193 48.55 123
39.97 472 41.36 402 42.86 332 44.52 262 46.38 192 48.59 122
39.98 471 41.38 401 42.89 331 44.53 261 46.40 191 48.62 121
40.01 470 41.40 400 42.90 330 44.56 260 46.44 190 48.66 120
40.02 469 41.42 399 42.93 329 44.59 259 46.47 189 48.70 119
40.05 468 41.44 398 42.95 328 44.61 258 46.49 188 48.72 118
40.06 467 41.46 397 42.97 327 44.64 257 46.52 187 48.76 117
40.08 466 41.48 396 42.99 326 44.66 256 46.55 186 48.80 116
40.10 465 41.50 395 43.02 325 44.69 255 46.59 185 48.84 115
40.12 464 41.52 394 43.03 324 44.72 254 46.61 184 48.87 114
40.14 463 41.55 393 43.06 323 44.74 253 46.64 183 48.91 113
40.16 462 41.56 392 43.09 322 44.77 252 46.67 182 48.95 112
40.18 461 41.59 391 43.11 321 44.78 251 46.69 181 48.99 111
40.20 460 41.60 390 43.13 320 44.81 250 46.73 180 49.01 110
40.22 459 41.63 389 43.15 319 44.84 249 46.76 179 49.05 109
40.24 458 41.64 388 43.18 318 44.86 248 46.79 178 49.09 108
40.26 457 41.67 387 43.21 317 44.89 247 46.81 177 49.13 107
40.28 456 41.69 386 43.22 316 44.92 246 46.85 176 49.16 106
40.30 455 41.71 385 43.25 315 44.94 245 46.88 175 49.20 105
40.32 454 41.73 384 43.27 314 44.97 244 46.91 174 49.24 104
40.33 453 41.75 383 43.29 313 45.00 243 46.93 173 49.28 103
40.36 452 41.77 382 43.31 312 45.02 242 46.97 172 49.32 102
40.37 451 41.80 381 43.34 311 45.05 241 47.00 171 49.36 101
40.40 450 41.81 380 43.37 310 45.08 240 47.02 170 49.40 100
40.41 449 41.84 379 43.38 309 45.10 239 47.05 169 49.44 99
40.44 448 41.85 378 43.41 308 45.13 238 47.09 168 49.46 98
40.45 447 41.88 377 43.43 307 45.16 237 47.12 167 49.50 97
40.47 446 41.91 376 43.46 306 45.18 236 47.14 166 49.54 96
40.49 445 41.92 375 43.47 305 45.21 235 47.18 165 49.58 95
40.51 444 41.95 374 43.50 304 45.23 234 47.21 164 49.62 94
40.53 443 41.96 373 43.52 303 45.26 233 47.24 163 49.66 93
40.55 442 41.99 372 43.55 302 45.27 232 47.28 162 49.70 92
40.57 441 42.01 371 43.56 301 45.30 231 47.30 161 49.74 91
40.59 440 42.03 370 43.59 300 45.33 230 47.33 160 49.78 90
40.61 439 42.05 369 43.62 299 45.35 229 47.37 159 49.82 89
40.63 438 42.07 368 43.64 298 45.38 228 47.40 158 49.86 88
40.65 437 42.09 367 43.67 297 45.41 227 47.42 157 49.90 87
40.67 436 42.12 366 43.68 296 45.43 226 47.46 156 49.94 86
40.69 435 42.13 365 43.71 295 45.46 225 47.49 155 50.00 85
40.71 434 42.16 364 43.74 294 45.50 224 47.52 154 50.03 84
40.73 433 42.17 363 43.76 293 45.53 223 47.56 153 50.07 83
40.75 432 42.20 362 43.78 292 45.55 222 47.58 152 50.11 82
40.77 431 42.23 361 43.80 291 45.58 221 47.62 151 50.15 81
40.79 430 42.24 360 43.83 290 45.61 220 47.65 150 50.19 80
40.81 429 42.26 359 43.86 289 45.63 219 47.67 149 50.25 79
40.83 428 42.29 358 43.88 288 45.66 218 47.71 148 50.29 78
40.85 427 42.30 357 43.90 287 45.69 217 47.74 147 50.33 77
40.87 426 42.33 356 43.92 286 45.71 216 47.78 146 50.37 76
40.89 425 42.36 355 43.95 285 45.74 215 47.81 145 50.42 75
40.91 424 42.37 354 43.98 284 45.77 214 47.85 144 50.46 74
40.93 423 42.40 353 44.00 283 45.79 213 47.87 143 50.50 73
40.95 422 42.41 352 44.03 282 45.82 212 47.91 142 50.55 72
40.97 421 42.44 351 44.04 281 45.84 211 47.94 141 50.59 71
40.99 420 42.46 350 44.07 280 45.87 210 47.98 140 50.63 70
50.68 69 51.24 57 51.86 45 52.58 33 53.40 21 54.50 9
50.72 68 51.29 56 51.93 44 52.63 32 53.48 20 54.62 8
50.78 67 51.35 55 51.98 43 52.70 31 53.56 19 54.74 7
50.82 66 51.40 54 52.04 42 52.77 30 53.64 18 54.87 6
50.87 65 51.45 53 52.09 41 52.83 29 53.73 17 55.01 5
50.91 64 51.49 52 52.16 40 52.90 28 53.81 16 55.17 4
50.96 63 51.55 51 52.21 39 52.97 27 53.91 15 55.34 3
51.00 62 51.60 50 52.28 38 53.04 26 54.00 14 55.54 2
51.06 61 51.65 49 52.33 37 53.11 25 54.09 13 55.79 1
51.10 60 51.71 48 52.39 36 53.18 24 54.18 12
51.15 59 51.76 47 52.45 35 53.26 23 54.29 11
51.20 58 51.81 46 52.51 34 53.34 22 54.40 10
