29.00 1342 29.99 1266 30.98 1191 31.97 1119 32.96 1049 33.98 979
29.01 1341 30.00 1265 30.99 1190 31.98 1118 32.97 1048 33.99 978
29.03 1340 30.02 1264 31.01 1189 32.00 1117 32.99 1047 34.01 977
29.04 1339 30.03 1263 31.02 1188 32.01 1116 33.00 1046 34.02 976
29.06 1338 30.05 1262 31.04 1187 32.03 1115 33.02 1045 34.04 975
29.07 1337 30.06 1260 31.05 1186 32.04 1114 33.03 1044 34.05 974
29.08 1336 30.07 1259 31.06 1185 32.05 1113 33.05 1043 34.06 973
29.10 1334 30.09 1258 31.08 1184 32.07 1112 33.06 1042 34.08 972
29.11 1333 30.10 1257 31.09 1183 32.08 1111 33.07 1041 34.09 971
29.13 1332 30.12 1256 31.11 1182 32.10 1110 33.09 1040 34.11 970
29.14 1331 30.13 1255 31.12 1181 32.11 1109 33.10 1039 34.12 969
29.15 1330 30.14 1254 31.14 1180 32.13 1108 33.12 1038 34.13 968
29.17 1329 30.16 1253 31.15 1179 32.14 1107 33.13 1037 34.15 967
29.18 1328 30.17 1252 31.16 1178 32.15 1106 33.14 1036 34.16 966
29.20 1327 30.19 1251 31.18 1177 32.17 1105 33.16 1035 34.18 965
29.21 1326 30.20 1250 31.19 1176 32.18 1104 33.17 1034 34.19 964
29.23 1325 30.22 1249 31.21 1175 32.20 1103 33.19 1033 34.22 963
29.24 1323 30.23 1248 31.22 1174 32.21 1102 33.20 1032 34.23 962
29.25 1322 30.24 1247 31.23 1173 32.22 1101 33.22 1031 34.25 961
29.27 1321 30.26 1245 31.25 1172 32.24 1100 33.23 1030 34.26 960
29.28 1320 30.27 1244 31.26 1171 32.25 1099 33.24 1029 34.28 959
29.30 1319 30.29 1243 31.28 1170 32.27 1098 33.26 1028 34.29 958
29.31 1318 30.30 1242 31.29 1169 32.28 1097 33.27 1027 34.30 957
29.32 1317 30.31 1241 31.31 1168 32.30 1096 33.29 1026 34.32 956
29.34 1316 30.33 1240 31.32 1166 32.31 1095 33.30 1025 34.33 955
29.35 1315 30.34 1239 31.33 1165 32.32 1094 33.31 1024 34.35 954
29.37 1314 30.36 1238 31.35 1164 32.34 1093 33.33 1023 34.36 953
29.38 1312 30.37 1237 31.36 1163 32.35 1092 33.34 1022 34.38 952
29.40 1311 30.39 1236 31.38 1162 32.37 1091 33.36 1021 34.39 951
29.41 1310 30.40 1235 31.39 1161 32.38 1090 33.37 1020 34.40 950
29.42 1309 30.41 1234 31.40 1160 32.39 1089 33.38 1019 34.42 949
29.44 1308 30.43 1233 31.42 1159 32.41 1088 33.40 1018 34.43 948
29.45 1307 30.44 1232 31.43 1158 32.42 1087 33.43 1017 34.45 947
29.47 1306 30.46 1231 31.45 1157 32.44 1086 33.44 1016 34.46 946
29.48 1305 30.47 1229 31.46 1156 32.45 1085 33.46 1015 34.49 945
29.49 1304 30.48 1228 31.47 1155 32.47 1084 33.47 1014 34.50 944
29.51 1303 30.50 1227 31.49 1154 32.48 1083 33.48 1013 34.52 943
29.52 1302 30.51 1226 31.50 1153 32.49 1082 33.50 1012 34.53 942
29.54 1300 30.53 1225 31.52 1152 32.51 1081 33.51 1011 34.55 941
29.55 1299 30.54 1224 31.53 1151 32.52 1080 33.53 1010 34.56 940
29.56 1298 30.56 1223 31.55 1150 32.54 1079 33.54 1009 34.57 939
29.58 1297 30.57 1222 31.56 1149 32.55 1078 33.55 1008 34.59 938
29.59 1296 30.58 1221 31.57 1148 32.56 1077 33.57 1007 34.60 937
29.61 1295 30.60 1220 31.59 1147 32.58 1076 33.58 1006 34.62 936
29.62 1294 30.61 1219 31.60 1146 32.59 1075 33.60 1005 34.63 935
29.64 1293 30.63 1218 31.62 1145 32.61 1074 33.61 1004 34.64 934
29.65 1292 30.64 1217 31.63 1144 32.62 1073 33.63 1003 34.66 933
29.66 1291 30.65 1216 31.64 1143 32.64 1072 33.64 1002 34.67 932
29.68 1290 30.67 1215 31.66 1142 32.65 1071 33.65 1001 34.69 931
29.69 1289 30.68 1214 31.67 1141 32.66 1070 33.67 1000 34.70 930
29.71 1287 30.70 1213 31.69 1140 32.68 1069 33.68 999 34.73 929
29.72 1286 30.71 1211 31.70 1139 32.69 1068 33.70 998 34.74 928
29.73 1285 30.73 1210 31.72 1138 32.71 1067 33.71 997 34.76 927
29.75 1284 30.74 1209 31.73 1137 32.72 1066 33.72 996 34.77 926
29.76 1283 30.75 1208 31.74 1136 32.73 1065 33.74 995 34.79 925
29.78 1282 30.77 1207 31.76 1135 32.75 1064 33.75 994 34.80 924
29.79 1281 30.78 1206 31.77 1133 32.76 1063 33.77 993 34.81 923
29.81 1280 30.80 1205 31.79 1132 32.78 1062 33.78 992 34.83 922
29.82 1279 30.81 1204 31.80 1131 32.79 1061 33.80 991 34.84 921
29.83 1278 30.82 1203 31.81 1130 32.80 1060 33.81 990 34.86 920
29.85 1277 30.84 1202 31.83 1129 32.82 1059 33.82 989 34.87 919
29.86 1276 30.85 1201 31.84 1128 32.83 1058 33.84 988 34.88 918
29.88 1274 30.87 1200 31.86 1127 32.85 1057 33.85 987 34.90 917
29.89 1273 30.88 1199 31.87 1126 32.86 1056 33.88 986 34.91 916
29.90 1272 30.89 1198 31.89 1125 32.88 1055 33.89 985 34.94 915
29.92 1271 30.91 1197 31.90 1124 32.89 1054 33.91 984 34.96 914
29.93 1270 30.92 1196 31.91 1123 32.90 1053 33.92 983 34.97 913
29.95 1269 30.94 1195 31.93 1122 32.92 1052 33.94 982 34.98 912
29.96 1268 30.95 1194 31.94 1121 32.93 1051 33.95 981 35.00 911
29.98 1267 30.97 1193 31.96 1120 32.95 1050 33.97 980 35.01 910
35.03 909 36.12 839 37.25 769 38.42 699 39.64 629 40.94 559
35.04 908 36.13 838 37.26 768 38.44 698 39.67 628 40.95 558
35.05 907 36.14 837 37.28 767 38.45 697 39.68 627 40.97 557
35.07 906 36.16 836 37.29 766 38.46 696 39.70 626 41.00 556
35.08 905 36.17 835 37.30 765 38.48 695 39.72 625 41.01 555
35.10 904 36.19 834 37.32 764 38.51 694 39.74 624 41.02 554
35.11 903 36.21 833 37.35 763 38.52 693 39.75 623 41.05 553
35.14 902 36.23 832 37.36 762 38.53 692 39.77 622 41.07 552
35.15 901 36.24 831 37.37 761 38.55 691 39.79 621 41.10 551
35.17 900 36.26 830 37.39 760 38.58 690 39.81 620 41.11 550
35.18 899 36.27 829 37.40 759 38.59 689 39.82 619 41.12 549
35.20 898 36.29 828 37.42 758 38.61 688 39.84 618 41.15 548
35.21 897 36.30 827 37.45 757 38.62 687 39.86 617 41.17 547
35.22 896 36.31 826 37.46 756 38.63 686 39.88 616 41.18 546
35.24 895 36.33 825 37.47 755 38.66 685 39.89 615 41.21 545
35.25 894 36.36 824 37.49 754 38.68 684 39.92 614 41.22 544
35.27 893 36.37 823 37.50 753 38.69 683 39.94 613 41.24 543
35.28 892 36.38 822 37.52 752 38.70 682 39.95 612 41.27 542
35.29 891 36.40 821 37.54 751 38.73 681 39.96 611 41.28 541
35.32 890 36.41 820 37.56 750 38.75 680 39.99 610 41.29 540
35.34 889 36.43 819 37.57 749 38.76 679 40.01 609 41.32 539
35.35 888 36.44 818 37.59 748 38.78 678 40.02 608 41.34 538
35.37 887 36.47 817 37.60 747 38.79 677 40.05 607 41.36 537
35.38 886 36.48 816 37.62 746 38.82 676 40.06 606 41.38 536
35.39 885 36.50 815 37.64 745 38.83 675 40.08 605 41.39 535
35.41 884 36.51 814 37.66 744 38.85 674 40.11 604 41.42 534
35.42 883 36.53 813 37.67 743 38.86 673 40.12 603 41.44 533
35.44 882 36.54 812 37.69 742 38.89 672 40.13 602 41.45 532
35.45 881 36.55 811 37.70 741 38.90 671 40.15 601 41.48 531
35.46 880 36.57 810 37.73 740 38.92 670 40.18 600 41.49 530
35.49 879 36.60 809 37.74 739 38.93 669 40.19 599 41.51 529
35.51 878 36.61 808 37.76 738 38.96 668 40.20 598 41.53 528
35.52 877 36.62 807 37.77 737 38.97 667 40.23 597 41.55 527
35.54 876 36.64 806 37.79 736 38.99 666 40.25 596 41.58 526
35.55 875 36.65 805 37.80 735 39.00 665 40.26 595 41.59 525
35.56 874 36.67 804 37.83 734 39.03 664 40.29 594 41.61 524
35.58 873 36.68 803 37.84 733 39.04 663 40.30 593 41.63 523
35.59 872 36.71 802 37.86 732 39.06 662 40.32 592 41.65 522
35.61 871 36.72 801 37.87 731 39.07 661 40.33 591 41.66 521
35.62 870 36.74 800 37.88 730 39.09 660 40.36 590 41.69 520
35.65 869 36.75 799 37.91 729 39.11 659 40.37 589 41.70 519
35.66 868 36.77 798 37.93 728 39.13 658 40.39 588 41.73 518
35.68 867 36.78 797 37.94 727 39.14 657 40.42 587 41.75 517
35.69 866 36.79 796 37.95 726 39.16 656 40.43 586 41.76 516
35.71 865 36.82 795 37.97 725 39.19 655 40.44 585 41.79 515
35.72 864 36.84 794 38.00 724 39.20 654 40.47 584 41.80 514
35.73 863 36.85 793 38.01 723 39.21 653 40.49 583 41.83 513
35.75 862 36.87 792 38.03 722 39.23 652 40.50 582 41.85 512
35.76 861 36.88 791 38.04 721 39.26 651 40.53 581 41.86 511
35.78 860 36.89 790 38.05 720 39.27 650 40.54 580 41.89 510
35.80 859 36.91 789 38.07 719 39.28 649 40.56 579 41.90 509
35.82 858 36.94 788 38.10 718 39.30 648 40.57 578 41.93 508
35.83 857 36.95 787 38.11 717 39.33 647 40.60 577 41.94 507
35.85 856 36.96 786 38.12 716 39.34 646 40.61 576 41.96 506
35.86 855 36.98 785 38.14 715 39.36 645 40.63 575 41.99 505
35.88 854 36.99 784 38.15 714 39.37 644 40.66 574 42.00 504
35.89 853 37.01 783 38.18 713 39.40 643 40.67 573 42.03 503
35.90 852 37.02 782 38.20 712 39.41 642 40.69 572 42.04 502
35.92 851 37.05 781 38.21 711 39.43 641 40.71 571 42.06 501
35.95 850 37.06 780 38.22 710 39.45 640 40.73 570 42.09 500
35.96 849 37.08 779 38.24 709 39.47 639 40.74 569 42.10 499
35.97 848 37.09 778 38.27 708 39.48 638 40.77 568 42.13 498
35.99 847 37.11 777 38.28 707 39.50 637 40.78 567 42.14 497
36.00 846 37.12 776 38.29 706 39.53 636 40.80 566 42.16 496
36.02 845 37.15 775 38.31 705 39.54 635 40.83 565 42.19 495
36.03 844 37.16 774 38.34 704 39.55 634 40.84 564 42.20 494
36.04 843 37.18 773 38.35 703 39.57 633 40.86 563 42.23 493
36.06 842 37.19 772 38.37 702 39.60 632 40.88 562 42.24 492
36.09 841 37.20 771 38.38 701 39.61 631 40.90 561 42.27 491
36.10 840 37.22 770 38.39 700 39.62 630 40.91 560 42.28 490
42.30 489 43.76 419 45.33 349 47.05 279 48.98 209 51.23 139
42.33 488 43.78 418 45.35 348 47.08 278 49.00 208 51.27 138
42.34 487 43.80 417 45.38 347 47.11 277 49.03 207 51.30 137
42.37 486 43.83 416 45.40 346 47.14 276 49.08 206 51.34 136
42.38 485 43.84 415 45.43 345 47.15 275 49.10 205 51.37 135
42.40 484 43.87 414 45.45 344 47.18 274 49.13 204 51.41 134
42.43 483 43.90 413 45.47 343 47.21 273 49.16 203 51.44 133
42.44 482 43.91 412 45.50 342 47.24 272 49.19 202 51.48 132
42.47 481 43.94 411 45.52 341 47.26 271 49.22 201 51.51 131
42.48 480 43.95 410 45.54 340 47.29 270 49.25 200 51.55 130
42.51 479 43.98 409 45.57 339 47.31 269 49.27 199 51.58 129
42.52 478 44.00 408 45.59 338 47.34 268 49.30 198 51.62 128
42.55 477 44.02 407 45.61 337 47.36 267 49.34 197 51.66 127
42.57 476 44.04 406 45.64 336 47.39 266 49.37 196 51.69 126
42.58 475 44.07 405 45.67 335 47.42 265 49.40 195 51.74 125
42.61 474 44.08 404 45.68 334 47.45 264 49.43 194 51.76 124
42.62 473 44.11 403 45.71 333 47.48 263 49.46 193 51.81 123
42.65 472 44.14 402 45.74 332 47.50 262 49.49 192 51.85 122
42.67 471 44.15 401 45.76 331 47.52 261 49.51 191 51.88 121
42.69 470 44.18 400 45.78 330 47.55 260 49.56 190 51.92 120
42.71 469 44.19 399 45.81 329 47.58 259 49.58 189 51.96 119
42.74 468 44.22 398 45.84 328 47.60 258 49.61 188 51.99 118
42.75 467 44.24 397 45.85 327 47.63 257 49.64 187 52.03 117
42.77 466 44.26 396 45.88 326 47.66 256 49.67 186 52.07 116
42.79 465 44.28 395 45.91 325 47.69 255 49.71 185 52.12 115
42.81 464 44.31 394 45.92 324 47.72 254 49.74 184 52.15 114
42.84 463 44.34 393 45.95 323 47.75 253 49.77 183 52.19 113
42.85 462 44.35 392 45.98 322 47.77 252 49.80 182 52.23 112
42.88 461 44.38 391 46.01 321 47.79 251 49.83 181 52.27 111
42.89 460 44.39 390 46.02 320 47.82 250 49.87 180 52.30 110
42.92 459 44.42 389 46.05 319 47.84 249 49.90 179 52.34 109
42.94 458 44.43 388 46.08 318 47.87 248 49.92 178 52.39 108
42.96 457 44.46 387 46.10 317 47.90 247 49.95 177 52.43 107
42.98 456 44.49 386 46.12 316 47.93 246 50.00 176 52.46 106
43.01 455 44.51 385 46.15 315 47.96 245 50.02 175 52.50 105
43.02 454 44.53 384 46.17 314 47.99 244 50.05 174 52.54 104
43.03 453 44.55 383 46.19 313 48.01 243 50.08 173 52.58 103
43.06 452 44.58 382 46.22 312 48.04 242 50.12 172 52.63 102
43.08 451 44.60 381 46.25 311 48.07 241 50.15 171 52.67 101
43.10 450 44.62 380 46.27 310 48.10 240 50.18 170 52.71 100
43.12 449 44.65 379 46.29 309 48.13 239 50.21 169 52.75 99
43.15 448 44.66 378 46.32 308 48.16 238 50.25 168 52.78 98
43.16 447 44.69 377 46.34 307 48.18 237 50.28 167 52.82 97
43.19 446 44.72 376 46.37 306 48.21 236 50.31 166 52.87 96
43.20 445 44.73 375 46.39 305 48.24 235 50.35 165 52.91 95
43.23 444 44.76 374 46.42 304 48.27 234 50.38 164 52.95 94
43.25 443 44.77 373 46.44 303 48.30 233 50.41 163 52.99 93
43.27 442 44.80 372 46.47 302 48.31 232 50.45 162 53.04 92
43.29 441 44.83 371 46.49 301 48.34 231 50.48 161 53.08 91
43.32 440 44.85 370 46.51 300 48.37 230 50.50 160 53.12 90
43.33 439 44.87 369 46.54 299 48.40 229 50.55 159 53.16 89
43.36 438 44.89 368 46.57 298 48.42 228 50.58 158 53.21 88
43.37 437 44.92 367 46.60 297 48.45 227 50.60 157 53.25 87
43.40 436 44.94 366 46.61 296 48.48 226 50.65 156 53.29 86
43.42 435 44.96 365 46.64 295 48.51 225 50.67 155 53.35 85
43.44 434 44.99 364 46.67 294 48.55 224 50.70 154 53.39 84
43.46 433 45.00 363 46.70 293 48.58 223 50.74 153 53.43 83
43.49 432 45.03 362 46.71 292 48.61 222 50.77 152 53.48 82
43.50 431 45.06 361 46.74 291 48.64 221 50.82 151 53.52 81
43.53 430 45.07 360 46.77 290 48.67 220 50.84 150 53.56 80
43.54 429 45.10 359 46.80 289 48.69 219 50.87 149 53.62 79
43.57 428 45.13 358 46.83 288 48.72 218 50.91 148 53.66 78
43.59 427 45.14 357 46.84 287 48.75 217 50.94 147 53.70 77
43.61 426 45.17 356 46.87 286 48.78 216 50.99 146 53.74 76
43.63 425 45.20 355 46.90 285 48.81 215 51.01 145 53.80 75
43.66 424 45.21 354 46.92 284 48.83 214 51.06 144 53.84 74
43.67 423 45.24 353 46.95 283 48.86 213 51.08 143 53.89 73
43.70 422 45.26 352 46.98 282 48.89 212 51.13 142 53.94 72
43.71 421 45.28 351 47.00 281 48.92 211 51.16 141 53.98 71
43.74 420 45.31 350 47.02 280 48.95 210 51.20 140 54.03 70
54.08 69 54.68 57 55.34 45 56.11 33 56.98 21 58.16 9
54.13 68 54.73 56 55.41 44 56.16 32 57.07 20 58.29 8
54.18 67 54.79 55 55.47 43 56.23 31 57.15 19 58.41 7
54.23 66 54.85 54 55.53 42 56.31 30 57.24 18 58.55 6
54.28 65 54.90 53 55.58 41 56.38 29 57.34 17 58.70 5
54.32 64 54.95 52 55.65 40 56.45 28 57.42 16 58.87 4
54.38 63 55.00 51 55.71 39 56.52 27 57.52 15 59.05 3
54.42 62 55.06 50 55.78 38 56.60 26 57.62 14 59.26 2
54.48 61 55.12 49 55.84 37 56.67 25 57.72 13 59.53 1
54.52 60 55.17 48 55.91 36 56.74 24 57.82 12
54.58 59 55.23 47 55.97 35 56.83 23 57.93 11
54.64 58 55.29 46 56.04 34 56.91 22 58.05 10
