31.32 1342 32.39 1266 33.46 1191 34.53 1119 35.59 1049 36.69 979
31.33 1341 32.40 1265 33.47 1190 34.54 1118 35.61 1048 36.71 978
31.35 1340 32.42 1264 33.49 1189 34.56 1117 35.63 1047 36.73 977
31.36 1339 32.43 1263 33.50 1188 34.57 1116 35.64 1046 36.74 976
31.38 1338 32.45 1262 33.52 1187 34.59 1115 35.66 1045 36.76 975
31.39 1337 32.46 1260 33.53 1186 34.60 1114 35.67 1044 36.77 974
31.41 1336 32.48 1259 33.55 1185 34.62 1113 35.69 1043 36.79 973
31.42 1334 32.49 1258 33.56 1184 34.63 1112 35.70 1042 36.80 972
31.44 1333 32.51 1257 33.58 1183 34.65 1111 35.72 1041 36.82 971
31.45 1332 32.52 1256 33.59 1182 34.66 1110 35.73 1040 36.83 970
31.47 1331 32.54 1255 33.61 1181 34.68 1109 35.75 1039 36.85 969
31.48 1330 32.55 1254 33.62 1180 34.69 1108 35.76 1038 36.86 968
31.50 1329 32.57 1253 33.64 1179 34.71 1107 35.78 1037 36.88 967
31.52 1328 32.58 1252 33.65 1178 34.72 1106 35.79 1036 36.89 966
31.53 1327 32.60 1251 33.67 1177 34.74 1105 35.81 1035 36.91 965
31.55 1326 32.62 1250 33.68 1176 34.75 1104 35.82 1034 36.92 964
31.56 1325 32.63 1249 33.70 1175 34.77 1103 35.84 1033 36.95 963
31.58 1323 32.65 1248 33.72 1174 34.78 1102 35.85 1032 36.97 962
31.59 1322 32.66 1247 33.73 1173 34.80 1101 35.87 1031 36.99 961
31.61 1321 32.68 1245 33.75 1172 34.82 1100 35.88 1030 37.00 960
31.62 1320 32.69 1244 33.76 1171 34.83 1099 35.90 1029 37.02 959
31.64 1319 32.71 1243 33.78 1170 34.85 1098 35.92 1028 37.03 958
31.65 1318 32.72 1242 33.79 1169 34.86 1097 35.93 1027 37.05 957
31.67 1317 32.74 1241 33.81 1168 34.88 1096 35.95 1026 37.06 956
31.68 1316 32.75 1240 33.82 1166 34.89 1095 35.96 1025 37.08 955
31.70 1315 32.77 1239 33.84 1165 34.91 1094 35.98 1024 37.09 954
31.71 1314 32.78 1238 33.85 1164 34.92 1093 35.99 1023 37.11 953
31.73 1312 32.80 1237 33.87 1163 34.94 1092 36.01 1022 37.12 952
31.74 1311 32.81 1236 33.88 1162 34.95 1091 36.02 1021 37.14 951
31.76 1310 32.83 1235 33.90 1161 34.97 1090 36.04 1020 37.15 950
31.77 1309 32.84 1234 33.91 1160 34.98 1089 36.05 1019 37.17 949
31.79 1308 32.86 1233 33.93 1159 35.00 1088 36.07 1018 37.18 948
31.81 1307 32.88 1232 33.94 1158 35.01 1087 36.10 1017 37.20 947
31.82 1306 32.89 1231 33.96 1157 35.03 1086 36.11 1016 37.21 946
31.84 1305 32.91 1229 33.98 1156 35.04 1085 36.13 1015 37.24 945
31.85 1304 32.92 1228 33.99 1155 35.06 1084 36.14 1014 37.26 944
31.87 1303 32.94 1227 34.01 1154 35.08 1083 36.16 1013 37.28 943
31.88 1302 32.95 1226 34.02 1153 35.09 1082 36.18 1012 37.29 942
31.90 1300 32.97 1225 34.04 1152 35.11 1081 36.19 1011 37.31 941
31.91 1299 32.98 1224 34.05 1151 35.12 1080 36.21 1010 37.32 940
31.93 1298 33.00 1223 34.07 1150 35.14 1079 36.22 1009 37.34 939
31.94 1297 33.01 1222 34.08 1149 35.15 1078 36.24 1008 37.35 938
31.96 1296 33.03 1221 34.10 1148 35.17 1077 36.25 1007 37.37 937
31.97 1295 33.04 1220 34.11 1147 35.18 1076 36.27 1006 37.38 936
31.99 1294 33.06 1219 34.13 1146 35.20 1075 36.28 1005 37.40 935
32.00 1293 33.07 1218 34.14 1145 35.21 1074 36.30 1004 37.41 934
32.02 1292 33.09 1217 34.16 1144 35.23 1073 36.31 1003 37.43 933
32.03 1291 33.10 1216 34.17 1143 35.24 1072 36.33 1002 37.44 932
32.05 1290 33.12 1215 34.19 1142 35.26 1071 36.34 1001 37.46 931
32.07 1289 33.13 1214 34.20 1141 35.27 1070 36.36 1000 37.47 930
32.08 1287 33.15 1213 34.22 1140 35.29 1069 36.37 999 37.50 929
32.10 1286 33.17 1211 34.23 1139 35.30 1068 36.39 998 37.52 928
32.11 1285 33.18 1210 34.25 1138 35.32 1067 36.40 997 37.54 927
32.13 1284 33.20 1209 34.27 1137 35.33 1066 36.42 996 37.55 926
32.14 1283 33.21 1208 34.28 1136 35.35 1065 36.44 995 37.57 925
32.16 1282 33.23 1207 34.30 1135 35.37 1064 36.45 994 37.58 924
32.17 1281 33.24 1206 34.31 1133 35.38 1063 36.47 993 37.60 923
32.19 1280 33.26 1205 34.33 1132 35.40 1062 36.48 992 37.61 922
32.20 1279 33.27 1204 34.34 1131 35.41 1061 36.50 991 37.63 921
32.22 1278 33.29 1203 34.36 1130 35.43 1060 36.51 990 37.64 920
32.23 1277 33.30 1202 34.37 1129 35.44 1059 36.53 989 37.66 919
32.25 1276 33.32 1201 34.39 1128 35.46 1058 36.54 988 37.67 918
32.26 1274 33.33 1200 34.40 1127 35.47 1057 36.56 987 37.69 917
32.28 1273 33.35 1199 34.42 1126 35.49 1056 36.59 986 37.70 916
32.29 1272 33.36 1198 34.43 1125 35.50 1055 36.60 985 37.73 915
32.31 1271 33.38 1197 34.45 1124 35.52 1054 36.62 984 37.75 914
32.33 1270 33.39 1196 34.46 1123 35.53 1053 36.63 983 37.76 913
32.34 1269 33.41 1195 34.48 1122 35.55 1052 36.65 982 37.78 912
32.36 1268 33.43 1194 34.49 1121 35.56 1051 36.66 981 37.79 911
32.37 1267 33.44 1193 34.51 1120 35.58 1050 36.68 980 37.81 910
37.83 909 39.00 839 40.22 769 41.49 699 42.81 629 44.21 559
37.84 908 39.02 838 40.24 768 41.51 698 42.84 628 44.23 558
37.86 907 39.03 837 40.25 767 41.52 697 42.85 627 44.24 557
37.87 906 39.05 836 40.27 766 41.54 696 42.87 626 44.27 556
37.89 905 39.06 835 40.29 765 41.55 695 42.90 625 44.29 555
37.90 904 39.08 834 40.30 764 41.58 694 42.91 624 44.30 554
37.92 903 39.11 833 40.33 763 41.60 693 42.93 623 44.33 553
37.95 902 39.12 832 40.35 762 41.61 692 42.94 622 44.35 552
37.96 901 39.14 831 40.36 761 41.63 691 42.97 621 44.38 551
37.98 900 39.15 830 40.38 760 41.66 690 42.99 620 44.40 550
37.99 899 39.17 829 40.39 759 41.68 689 43.00 619 44.41 549
38.01 898 39.19 828 40.41 758 41.69 688 43.02 618 44.44 548
38.02 897 39.20 827 40.44 757 41.71 687 43.05 617 44.46 547
38.04 896 39.22 826 40.45 756 41.72 686 43.07 616 44.47 546
38.05 895 39.23 825 40.47 755 41.75 685 43.08 615 44.50 545
38.07 894 39.26 824 40.48 754 41.77 684 43.11 614 44.52 544
38.09 893 39.28 823 40.50 753 41.78 683 43.13 613 44.53 543
38.10 892 39.29 822 40.51 752 41.80 682 43.14 612 44.56 542
38.12 891 39.31 821 40.55 751 41.83 681 43.16 611 44.58 541
38.15 890 39.32 820 40.56 750 41.84 680 43.19 610 44.59 540
38.16 889 39.34 819 40.58 749 41.86 679 43.20 609 44.62 539
38.18 888 39.35 818 40.59 748 41.87 678 43.22 608 44.64 538
38.19 887 39.38 817 40.61 747 41.89 677 43.25 607 44.67 537
38.21 886 39.40 816 40.62 746 41.92 676 43.26 606 44.69 536
38.22 885 39.41 815 40.65 745 41.94 675 43.28 605 44.70 535
38.24 884 39.43 814 40.67 744 41.95 674 43.31 604 44.73 534
38.25 883 39.44 813 40.68 743 41.97 673 43.33 603 44.75 533
38.27 882 39.46 812 40.70 742 42.00 672 43.34 602 44.76 532
38.28 881 39.48 811 40.71 741 42.01 671 43.36 601 44.79 531
38.30 880 39.49 810 40.74 740 42.03 670 43.39 600 44.81 530
38.33 879 39.52 809 40.76 739 42.04 669 43.40 599 44.82 529
38.34 878 39.54 808 40.77 738 42.07 668 43.42 598 44.85 528
38.36 877 39.55 807 40.79 737 42.09 667 43.45 597 44.87 527
38.38 876 39.57 806 40.80 736 42.10 666 43.46 596 44.90 526
38.39 875 39.58 805 40.82 735 42.12 665 43.48 595 44.91 525
38.41 874 39.60 804 40.85 734 42.15 664 43.51 594 44.93 524
38.42 873 39.61 803 40.87 733 42.16 663 43.52 593 44.96 523
38.44 872 39.64 802 40.88 732 42.18 662 43.54 592 44.98 522
38.45 871 39.66 801 40.90 731 42.20 661 43.55 591 44.99 521
38.47 870 39.67 800 40.91 730 42.21 660 43.59 590 45.02 520
38.50 869 39.69 799 40.94 729 42.24 659 43.60 589 45.04 519
38.51 868 39.70 798 40.96 728 42.26 658 43.62 588 45.07 518
38.53 867 39.72 797 40.97 727 42.27 657 43.65 587 45.08 517
38.54 866 39.74 796 40.99 726 42.29 656 43.66 586 45.10 516
38.56 865 39.77 795 41.00 725 42.32 655 43.68 585 45.13 515
38.57 864 39.78 794 41.03 724 42.33 654 43.71 584 45.14 514
38.59 863 39.80 793 41.05 723 42.35 653 43.72 583 45.17 513
38.60 862 39.81 792 41.06 722 42.36 652 43.74 582 45.19 512
38.62 861 39.83 791 41.08 721 42.39 651 43.77 581 45.21 511
38.64 860 39.84 790 41.10 720 42.41 650 43.78 580 45.24 510
38.67 859 39.86 789 41.11 719 42.42 649 43.80 579 45.25 509
38.68 858 39.89 788 41.14 718 42.44 648 43.81 578 45.28 508
38.70 857 39.90 787 41.16 717 42.47 647 43.85 577 45.30 507
38.71 856 39.92 786 41.17 716 42.49 646 43.86 576 45.31 506
38.73 855 39.93 785 41.19 715 42.50 645 43.88 575 45.34 505
38.74 854 39.95 784 41.20 714 42.52 644 43.91 574 45.36 504
38.76 853 39.96 783 41.23 713 42.55 643 43.92 573 45.39 503
38.77 852 39.98 782 41.25 712 42.56 642 43.94 572 45.40 502
38.79 851 40.01 781 41.26 711 42.58 641 43.97 571 45.42 501
38.82 850 40.03 780 41.28 710 42.61 640 43.98 570 45.45 500
38.83 849 40.04 779 41.29 709 42.62 639 44.00 569 45.46 499
38.85 848 40.06 778 41.32 708 42.64 638 44.03 568 45.50 498
38.86 847 40.07 777 41.34 707 42.65 637 44.04 567 45.51 497
38.88 846 40.09 776 41.35 706 42.68 636 44.06 566 45.53 496
38.89 845 40.12 775 41.37 705 42.70 635 44.09 565 45.56 495
38.91 844 40.13 774 41.40 704 42.71 634 44.11 564 45.57 494
38.93 843 40.15 773 41.42 703 42.73 633 44.12 563 45.60 493
38.94 842 40.16 772 41.43 702 42.76 632 44.15 562 45.62 492
38.97 841 40.18 771 41.45 701 42.78 631 44.17 561 45.65 491
38.99 840 40.19 770 41.46 700 42.79 630 44.18 560 45.66 490
45.68 489 47.25 419 48.95 349 50.81 279 52.89 209 55.32 139
45.71 488 47.28 418 48.98 348 50.84 278 52.92 208 55.37 138
45.72 487 47.30 417 49.01 347 50.87 277 52.95 207 55.40 137
45.76 486 47.33 416 49.02 346 50.90 276 53.00 206 55.44 136
45.77 485 47.34 415 49.06 345 50.92 275 53.03 205 55.47 135
45.79 484 47.37 414 49.09 344 50.95 274 53.06 204 55.52 134
45.82 483 47.41 413 49.10 343 50.98 273 53.09 203 55.55 133
45.83 482 47.42 412 49.13 342 51.01 272 53.12 202 55.59 132
45.86 481 47.45 411 49.16 341 51.04 271 53.15 201 55.63 131
45.88 480 47.47 410 49.18 340 51.07 270 53.18 200 55.67 130
45.91 479 47.50 409 49.21 339 51.09 269 53.21 199 55.70 129
45.92 478 47.51 408 49.24 338 51.12 268 53.24 198 55.75 128
45.95 477 47.54 407 49.25 337 51.15 267 53.29 197 55.79 127
45.97 476 47.56 406 49.28 336 51.18 266 53.32 196 55.82 126
45.98 475 47.59 405 49.32 335 51.21 265 53.35 195 55.87 125
46.01 474 47.60 404 49.33 334 51.24 264 53.38 194 55.90 124
46.03 473 47.63 403 49.36 333 51.27 263 53.41 193 55.95 123
46.06 472 47.66 402 49.39 332 51.30 262 53.44 192 55.99 122
46.08 471 47.68 401 49.42 331 51.32 261 53.47 191 56.02 121
46.11 470 47.71 400 49.44 330 51.35 260 53.52 190 56.07 120
46.12 469 47.73 399 49.47 329 51.38 259 53.55 189 56.11 119
46.15 468 47.76 398 49.50 328 51.41 258 53.58 188 56.14 118
46.17 467 47.77 397 49.51 327 51.44 257 53.61 187 56.19 117
46.18 466 47.80 396 49.54 326 51.47 256 53.64 186 56.24 116
46.21 465 47.82 395 49.57 325 51.50 255 53.68 185 56.28 115
46.23 464 47.85 394 49.59 324 51.53 254 53.72 184 56.31 114
46.26 463 47.88 393 49.62 323 51.56 253 53.75 183 56.36 113
46.27 462 47.89 392 49.65 322 51.59 252 53.78 182 56.40 112
46.31 461 47.92 391 49.68 321 51.61 251 53.81 181 56.45 111
46.32 460 47.94 390 49.70 320 51.64 250 53.85 180 56.48 110
46.35 459 47.97 389 49.73 319 51.67 249 53.88 179 56.53 109
46.37 458 47.99 388 49.76 318 51.70 248 53.91 178 56.57 108
46.40 457 48.02 387 49.79 317 51.73 247 53.94 177 56.62 107
46.41 456 48.05 386 49.80 316 51.76 246 53.99 176 56.65 106
46.44 455 48.06 385 49.83 315 51.79 245 54.02 175 56.69 105
46.46 454 48.09 384 49.87 314 51.82 244 54.05 174 56.74 104
46.47 453 48.11 383 49.88 313 51.85 243 54.08 173 56.79 103
46.50 452 48.14 382 49.91 312 51.88 242 54.13 172 56.83 102
46.52 451 48.17 381 49.94 311 51.91 241 54.16 171 56.88 101
46.55 450 48.18 380 49.97 310 51.94 240 54.19 170 56.92 100
46.56 449 48.22 379 49.99 309 51.97 239 54.22 169 56.97 99
46.60 448 48.23 378 50.02 308 52.00 238 54.27 168 57.00 98
46.61 447 48.26 377 50.05 307 52.03 237 54.30 167 57.05 97
46.64 446 48.29 376 50.08 306 52.07 236 54.33 166 57.09 96
46.66 445 48.31 375 50.09 305 52.10 235 54.37 165 57.14 95
46.69 444 48.34 374 50.12 304 52.13 234 54.40 164 57.18 94
46.70 443 48.35 373 50.16 303 52.16 233 54.43 163 57.23 93
46.73 442 48.38 372 50.19 302 52.17 232 54.48 162 57.28 92
46.75 441 48.41 371 50.20 301 52.20 231 54.51 161 57.32 91
46.78 440 48.43 370 50.23 300 52.23 230 54.54 160 57.37 90
46.79 439 48.46 369 50.26 299 52.26 229 54.59 159 57.41 89
46.82 438 48.47 368 50.29 298 52.29 228 54.62 158 57.46 88
46.84 437 48.51 367 50.32 297 52.33 227 54.65 157 57.50 87
46.87 436 48.54 366 50.34 296 52.36 226 54.69 156 57.55 86
46.89 435 48.55 365 50.37 295 52.39 225 54.72 155 57.61 85
46.92 434 48.58 364 50.40 294 52.43 224 54.75 154 57.66 84
46.93 433 48.60 363 50.43 293 52.46 223 54.80 153 57.70 83
46.96 432 48.63 362 50.45 292 52.49 222 54.83 152 57.75 82
46.98 431 48.66 361 50.48 291 52.52 221 54.88 151 57.79 81
47.01 430 48.67 360 50.51 290 52.55 220 54.91 150 57.84 80
47.02 429 48.70 359 50.54 289 52.58 219 54.94 149 57.90 79
47.05 428 48.73 358 50.57 288 52.62 218 54.98 148 57.95 78
47.07 427 48.75 357 50.58 287 52.65 217 55.01 147 57.99 77
47.10 426 48.78 356 50.61 286 52.68 216 55.06 146 58.04 76
47.11 425 48.81 355 50.64 285 52.71 215 55.09 145 58.10 75
47.15 424 48.83 354 50.67 284 52.74 214 55.14 144 58.15 74
47.16 423 48.86 353 50.71 283 52.77 213 55.17 143 58.19 73
47.19 422 48.87 352 50.74 282 52.80 212 55.21 142 58.25 72
47.21 421 48.90 351 50.75 281 52.83 211 55.24 141 58.30 71
47.24 420 48.93 350 50.78 280 52.86 210 55.29 140 58.34 70
58.41 69 59.05 57 59.77 45 1:00.59 33 1:01.54 21 1:02.81 9
58.45 68 59.11 56 59.84 44 1:00.65 32 1:01.63 20 1:02.94 8
58.51 67 59.17 55 59.90 43 1:00.73 31 1:01.72 19 1:03.08 7
58.56 66 59.23 54 59.96 42 1:00.80 30 1:01.81 18 1:03.23 6
58.62 65 59.29 53 1:00.03 41 1:00.88 29 1:01.92 17 1:03.39 5
58.67 64 59.34 52 1:00.10 40 1:00.96 28 1:02.01 16 1:03.57 4
58.73 63 59.40 51 1:00.16 39 1:01.03 27 1:02.12 15 1:03.77 3
58.77 62 59.46 50 1:00.24 38 1:01.13 26 1:02.23 14 1:04.00 2
58.83 61 59.52 49 1:00.30 37 1:01.20 25 1:02.33 13 1:04.29 1
58.88 60 59.58 48 1:00.38 36 1:01.28 24 1:02.44 12
58.94 59 59.64 47 1:00.44 35 1:01.37 23 1:02.56 11
59.00 58 59.70 46 1:00.51 34 1:01.46 22 1:02.68 10
