35.00 1342 36.19 1266 37.39 1191 38.58 1119 39.78 1049 41.01 979
35.01 1341 36.21 1265 37.40 1190 38.60 1118 39.79 1048 41.02 978
35.03 1340 36.23 1264 37.42 1189 38.62 1117 39.81 1047 41.04 977
35.05 1339 36.24 1263 37.44 1188 38.63 1116 39.83 1046 41.06 976
35.06 1338 36.26 1262 37.45 1187 38.65 1115 39.84 1045 41.07 975
35.08 1337 36.28 1260 37.47 1186 38.67 1114 39.86 1044 41.09 974
35.10 1336 36.29 1259 37.49 1185 38.68 1113 39.88 1043 41.11 973
35.12 1334 36.31 1258 37.51 1184 38.70 1112 39.90 1042 41.13 972
35.13 1333 36.33 1257 37.52 1183 38.72 1111 39.91 1041 41.14 971
35.15 1332 36.34 1256 37.54 1182 38.73 1110 39.93 1040 41.16 970
35.17 1331 36.36 1255 37.56 1181 38.75 1109 39.95 1039 41.18 969
35.18 1330 36.38 1254 37.57 1180 38.77 1108 39.96 1038 41.19 968
35.20 1329 36.40 1253 37.59 1179 38.79 1107 39.98 1037 41.21 967
35.22 1328 36.41 1252 37.61 1178 38.80 1106 40.00 1036 41.23 966
35.23 1327 36.43 1251 37.63 1177 38.82 1105 40.02 1035 41.24 965
35.25 1326 36.45 1250 37.64 1176 38.84 1104 40.03 1034 41.26 964
35.27 1325 36.46 1249 37.66 1175 38.85 1103 40.05 1033 41.30 963
35.29 1323 36.48 1248 37.68 1174 38.87 1102 40.07 1032 41.31 962
35.30 1322 36.50 1247 37.69 1173 38.89 1101 40.08 1031 41.33 961
35.32 1321 36.52 1245 37.71 1172 38.91 1100 40.10 1030 41.35 960
35.34 1320 36.53 1244 37.73 1171 38.92 1099 40.12 1029 41.36 959
35.35 1319 36.55 1243 37.74 1170 38.94 1098 40.14 1028 41.38 958
35.37 1318 36.57 1242 37.76 1169 38.96 1097 40.15 1027 41.40 957
35.39 1317 36.58 1241 37.78 1168 38.97 1096 40.17 1026 41.42 956
35.41 1316 36.60 1240 37.80 1166 38.99 1095 40.19 1025 41.43 955
35.42 1315 36.62 1239 37.81 1165 39.01 1094 40.20 1024 41.45 954
35.44 1314 36.63 1238 37.83 1164 39.03 1093 40.22 1023 41.47 953
35.46 1312 36.65 1237 37.85 1163 39.04 1092 40.24 1022 41.48 952
35.47 1311 36.67 1236 37.86 1162 39.06 1091 40.25 1021 41.50 951
35.49 1310 36.69 1235 37.88 1161 39.08 1090 40.27 1020 41.52 950
35.51 1309 36.70 1234 37.90 1160 39.09 1089 40.29 1019 41.54 949
35.53 1308 36.72 1233 37.92 1159 39.11 1088 40.31 1018 41.55 948
35.54 1307 36.74 1232 37.93 1158 39.13 1087 40.34 1017 41.57 947
35.56 1306 36.75 1231 37.95 1157 39.14 1086 40.36 1016 41.59 946
35.58 1305 36.77 1229 37.97 1156 39.16 1085 40.37 1015 41.62 945
35.59 1304 36.79 1228 37.98 1155 39.18 1084 40.39 1014 41.64 944
35.61 1303 36.81 1227 38.00 1154 39.20 1083 40.41 1013 41.65 943
35.63 1302 36.82 1226 38.02 1153 39.21 1082 40.43 1012 41.67 942
35.64 1300 36.84 1225 38.03 1152 39.23 1081 40.44 1011 41.69 941
35.66 1299 36.86 1224 38.05 1151 39.25 1080 40.46 1010 41.71 940
35.68 1298 36.87 1223 38.07 1150 39.26 1079 40.48 1009 41.72 939
35.70 1297 36.89 1222 38.09 1149 39.28 1078 40.49 1008 41.74 938
35.71 1296 36.91 1221 38.10 1148 39.30 1077 40.51 1007 41.76 937
35.73 1295 36.93 1220 38.12 1147 39.32 1076 40.53 1006 41.77 936
35.75 1294 36.94 1219 38.14 1146 39.33 1075 40.54 1005 41.79 935
35.76 1293 36.96 1218 38.15 1145 39.35 1074 40.56 1004 41.81 934
35.78 1292 36.98 1217 38.17 1144 39.37 1073 40.58 1003 41.83 933
35.80 1291 36.99 1216 38.19 1143 39.38 1072 40.60 1002 41.84 932
35.82 1290 37.01 1215 38.21 1142 39.40 1071 40.61 1001 41.86 931
35.83 1289 37.03 1214 38.22 1141 39.42 1070 40.63 1000 41.88 930
35.85 1287 37.04 1213 38.24 1140 39.43 1069 40.65 999 41.91 929
35.87 1286 37.06 1211 38.26 1139 39.45 1068 40.66 998 41.93 928
35.88 1285 37.08 1210 38.27 1138 39.47 1067 40.68 997 41.94 927
35.90 1284 37.10 1209 38.29 1137 39.49 1066 40.70 996 41.96 926
35.92 1283 37.11 1208 38.31 1136 39.50 1065 40.72 995 41.98 925
35.93 1282 37.13 1207 38.33 1135 39.52 1064 40.73 994 42.00 924
35.95 1281 37.15 1206 38.34 1133 39.54 1063 40.75 993 42.01 923
35.97 1280 37.16 1205 38.36 1132 39.55 1062 40.77 992 42.03 922
35.99 1279 37.18 1204 38.38 1131 39.57 1061 40.78 991 42.05 921
36.00 1278 37.20 1203 38.39 1130 39.59 1060 40.80 990 42.06 920
36.02 1277 37.22 1202 38.41 1129 39.61 1059 40.82 989 42.08 919
36.04 1276 37.23 1201 38.43 1128 39.62 1058 40.84 988 42.10 918
36.05 1274 37.25 1200 38.44 1127 39.64 1057 40.85 987 42.12 917
36.07 1273 37.27 1199 38.46 1126 39.66 1056 40.89 986 42.13 916
36.09 1272 37.28 1198 38.48 1125 39.67 1055 40.90 985 42.17 915
36.11 1271 37.30 1197 38.50 1124 39.69 1054 40.92 984 42.18 914
36.12 1270 37.32 1196 38.51 1123 39.71 1053 40.94 983 42.20 913
36.14 1269 37.33 1195 38.53 1122 39.73 1052 40.95 982 42.22 912
36.16 1268 37.35 1194 38.55 1121 39.74 1051 40.97 981 42.24 911
36.17 1267 37.37 1193 38.56 1120 39.76 1050 40.99 980 42.25 910
42.27 909 43.58 839 44.95 769 46.37 699 47.84 629 49.41 559
42.29 908 43.60 838 44.97 768 46.38 698 47.87 628 49.42 558
42.30 907 43.62 837 44.98 767 46.40 697 47.89 627 49.44 557
42.32 906 43.64 836 45.00 766 46.42 696 47.90 626 49.47 556
42.34 905 43.65 835 45.02 765 46.44 695 47.94 625 49.49 555
42.35 904 43.67 834 45.04 764 46.47 694 47.95 624 49.51 554
42.37 903 43.70 833 45.07 763 46.49 693 47.97 623 49.54 553
42.41 902 43.72 832 45.09 762 46.50 692 47.99 622 49.56 552
42.42 901 43.74 831 45.10 761 46.52 691 48.02 621 49.59 551
42.44 900 43.75 830 45.12 760 46.55 690 48.04 620 49.61 550
42.46 899 43.77 829 45.14 759 46.57 689 48.06 619 49.63 549
42.47 898 43.79 828 45.15 758 46.59 688 48.07 618 49.66 548
42.49 897 43.81 827 45.19 757 46.61 687 48.11 617 49.68 547
42.51 896 43.82 826 45.21 756 46.62 686 48.13 616 49.70 546
42.53 895 43.84 825 45.22 755 46.66 685 48.14 615 49.73 545
42.54 894 43.87 824 45.24 754 46.67 684 48.18 614 49.75 544
42.56 893 43.89 823 45.26 753 46.69 683 48.19 613 49.76 543
42.58 892 43.91 822 45.27 752 46.71 682 48.21 612 49.80 542
42.59 891 43.93 821 45.31 751 46.74 681 48.23 611 49.82 541
42.63 890 43.94 820 45.33 750 46.76 680 48.26 610 49.83 540
42.64 889 43.96 819 45.34 749 46.78 679 48.28 609 49.87 539
42.66 888 43.98 818 45.36 748 46.79 678 48.30 608 49.88 538
42.68 887 44.01 817 45.38 747 46.81 677 48.33 607 49.92 537
42.70 886 44.03 816 45.39 746 46.84 676 48.35 606 49.94 536
42.71 885 44.04 815 45.43 745 46.86 675 48.36 605 49.95 535
42.73 884 44.06 814 45.44 744 46.88 674 48.40 604 49.99 534
42.75 883 44.08 813 45.46 743 46.90 673 48.42 603 50.00 533
42.76 882 44.10 812 45.48 742 46.93 672 48.43 602 50.02 532
42.78 881 44.11 811 45.50 741 46.95 671 48.45 601 50.05 531
42.80 880 44.13 810 45.53 740 46.96 670 48.48 600 50.07 530
42.83 879 44.16 809 45.55 739 46.98 669 48.50 599 50.09 529
42.85 878 44.18 808 45.56 738 47.02 668 48.52 598 50.12 528
42.87 877 44.20 807 45.58 737 47.03 667 48.55 597 50.14 527
42.88 876 44.22 806 45.60 736 47.05 666 48.57 596 50.17 526
42.90 875 44.23 805 45.62 735 47.07 665 48.59 595 50.19 525
42.92 874 44.25 804 45.65 734 47.10 664 48.62 594 50.21 524
42.94 873 44.27 803 45.67 733 47.12 663 48.64 593 50.24 523
42.95 872 44.30 802 45.68 732 47.14 662 48.65 592 50.26 522
42.97 871 44.32 801 45.70 731 47.15 661 48.67 591 50.28 521
42.99 870 44.34 800 45.72 730 47.17 660 48.71 590 50.31 520
43.02 869 44.35 799 45.75 729 47.20 659 48.72 589 50.33 519
43.04 868 44.37 798 45.77 728 47.22 658 48.74 588 50.36 518
43.05 867 44.39 797 45.79 727 47.24 657 48.77 587 50.38 517
43.07 866 44.40 796 45.80 726 47.25 656 48.79 586 50.40 516
43.09 865 44.44 795 45.82 725 47.29 655 48.81 585 50.43 515
43.11 864 44.45 794 45.85 724 47.31 654 48.84 584 50.45 514
43.12 863 44.47 793 45.87 723 47.32 653 48.86 583 50.48 513
43.14 862 44.49 792 45.89 722 47.34 652 48.88 582 50.50 512
43.16 861 44.51 791 45.91 721 47.37 651 48.91 581 50.52 511
43.17 860 44.52 790 45.92 720 47.39 650 48.93 580 50.55 510
43.21 859 44.54 789 45.94 719 47.41 649 48.94 579 50.57 509
43.23 858 44.57 788 45.97 718 47.43 648 48.96 578 50.60 508
43.24 857 44.59 787 45.99 717 47.46 647 49.00 577 50.62 507
43.26 856 44.61 786 46.01 716 47.48 646 49.01 576 50.64 506
43.28 855 44.63 785 46.03 715 47.49 645 49.03 575 50.67 505
43.29 854 44.64 784 46.04 714 47.51 644 49.06 574 50.69 504
43.31 853 44.66 783 46.08 713 47.54 643 49.08 573 50.72 503
43.33 852 44.68 782 46.09 712 47.56 642 49.10 572 50.74 502
43.34 851 44.71 781 46.11 711 47.58 641 49.13 571 50.75 501
43.38 850 44.73 780 46.13 710 47.61 640 49.15 570 50.79 500
43.40 849 44.74 779 46.14 709 47.63 639 49.17 569 50.81 499
43.41 848 44.76 778 46.18 708 47.65 638 49.20 568 50.84 498
43.43 847 44.78 777 46.20 707 47.66 637 49.22 567 50.86 497
43.45 846 44.80 776 46.21 706 47.70 636 49.24 566 50.87 496
43.46 845 44.83 775 46.23 705 47.72 635 49.27 565 50.91 495
43.48 844 44.85 774 46.26 704 47.73 634 49.29 564 50.93 494
43.50 843 44.86 773 46.28 703 47.75 633 49.30 563 50.96 493
43.52 842 44.88 772 46.30 702 47.78 632 49.34 562 50.98 492
43.55 841 44.90 771 46.32 701 47.80 631 49.35 561 51.01 491
43.57 840 44.92 770 46.33 700 47.82 630 49.37 560 51.03 490
51.05 489 52.80 419 54.70 349 56.78 279 59.10 209 1:01.82 139
51.08 488 52.84 418 54.73 348 56.82 278 59.14 208 1:01.87 138
51.10 487 52.85 417 54.77 347 56.85 277 59.17 207 1:01.90 137
51.13 486 52.89 416 54.78 346 56.88 276 59.22 206 1:01.96 136
51.15 485 52.91 415 54.82 345 56.90 275 59.26 205 1:01.99 135
51.16 484 52.94 414 54.85 344 56.94 274 59.29 204 1:02.04 134
51.20 483 52.97 413 54.87 343 56.97 273 59.33 203 1:02.07 133
51.22 482 52.99 412 54.90 342 57.00 272 59.36 202 1:02.13 132
51.25 481 53.03 411 54.94 341 57.04 271 59.39 201 1:02.16 131
51.27 480 53.04 410 54.95 340 57.07 270 59.43 200 1:02.21 130
51.30 479 53.08 409 54.99 339 57.09 269 59.46 199 1:02.25 129
51.32 478 53.09 408 55.02 338 57.12 268 59.50 198 1:02.30 128
51.35 477 53.13 407 55.04 337 57.16 267 59.55 197 1:02.35 127
51.37 476 53.15 406 55.07 336 57.19 266 59.58 196 1:02.38 126
51.39 475 53.18 405 55.11 335 57.23 265 59.62 195 1:02.43 125
51.42 474 53.20 404 55.13 334 57.26 264 59.65 194 1:02.47 124
51.44 473 53.23 403 55.16 333 57.29 263 59.68 193 1:02.52 123
51.47 472 53.26 402 55.19 332 57.33 262 59.72 192 1:02.57 122
51.49 471 53.28 401 55.23 331 57.35 261 59.75 191 1:02.60 121
51.52 470 53.32 400 55.25 330 57.38 260 59.80 190 1:02.66 120
51.54 469 53.33 399 55.28 329 57.41 259 59.84 189 1:02.71 119
51.57 468 53.37 398 55.31 328 57.45 258 59.87 188 1:02.74 118
51.59 467 53.38 397 55.33 327 57.48 257 59.91 187 1:02.79 117
51.61 466 53.42 396 55.36 326 57.52 256 59.94 186 1:02.84 116
51.64 465 53.44 395 55.40 325 57.55 255 59.99 185 1:02.89 115
51.66 464 53.47 394 55.42 324 57.58 254 1:00.03 184 1:02.93 114
51.69 463 53.50 393 55.45 323 57.62 253 1:00.06 183 1:02.98 113
51.71 462 53.52 392 55.48 322 57.65 252 1:00.09 182 1:03.03 112
51.75 461 53.55 391 55.52 321 57.67 251 1:00.13 181 1:03.08 111
51.76 460 53.57 390 55.54 320 57.70 250 1:00.18 180 1:03.12 110
51.80 459 53.61 389 55.57 319 57.74 249 1:00.21 179 1:03.17 109
51.81 458 53.62 388 55.60 318 57.77 248 1:00.25 178 1:03.22 108
51.85 457 53.66 387 55.64 317 57.81 247 1:00.28 177 1:03.27 107
51.86 456 53.69 386 55.65 316 57.84 246 1:00.33 176 1:03.30 106
51.90 455 53.71 385 55.69 315 57.87 245 1:00.37 175 1:03.36 105
51.92 454 53.74 384 55.72 314 57.91 244 1:00.40 174 1:03.41 104
51.93 453 53.76 383 55.74 313 57.94 243 1:00.44 173 1:03.46 103
51.97 452 53.79 382 55.77 312 57.98 242 1:00.49 172 1:03.51 102
51.98 451 53.83 381 55.81 311 58.01 241 1:00.52 171 1:03.56 101
52.02 450 53.85 380 55.84 310 58.05 240 1:00.56 170 1:03.61 100
52.04 449 53.88 379 55.86 309 58.08 239 1:00.59 169 1:03.66 99
52.07 448 53.90 378 55.89 308 58.11 238 1:00.64 168 1:03.70 98
52.09 447 53.93 377 55.93 307 58.15 237 1:00.67 167 1:03.75 97
52.12 446 53.96 376 55.96 306 58.18 236 1:00.71 166 1:03.80 96
52.14 445 53.98 375 55.98 305 58.22 235 1:00.76 165 1:03.85 95
52.17 444 54.02 374 56.01 304 58.25 234 1:00.79 164 1:03.90 94
52.19 443 54.03 373 56.05 303 58.28 233 1:00.83 163 1:03.95 93
52.22 442 54.07 372 56.08 302 58.30 232 1:00.88 162 1:04.00 92
52.24 441 54.10 371 56.10 301 58.34 231 1:00.91 161 1:04.06 91
52.27 440 54.12 370 56.13 300 58.37 230 1:00.95 160 1:04.11 90
52.29 439 54.15 369 56.17 299 58.40 229 1:01.00 159 1:04.16 89
52.33 438 54.17 368 56.20 298 58.44 228 1:01.03 158 1:04.21 88
52.34 437 54.20 367 56.24 297 58.47 227 1:01.07 157 1:04.26 87
52.38 436 54.24 366 56.25 296 58.51 226 1:01.12 156 1:04.31 86
52.39 435 54.25 365 56.29 295 58.54 225 1:01.15 155 1:04.38 85
52.43 434 54.29 364 56.32 294 58.59 224 1:01.19 154 1:04.43 84
52.45 433 54.31 363 56.35 293 58.63 223 1:01.24 153 1:04.48 83
52.48 432 54.34 362 56.37 292 58.66 222 1:01.27 152 1:04.53 82
52.50 431 54.37 361 56.41 291 58.69 221 1:01.32 151 1:04.58 81
52.53 430 54.39 360 56.44 290 58.73 220 1:01.36 150 1:04.64 80
52.55 429 54.43 359 56.47 289 58.76 219 1:01.39 149 1:04.70 79
52.58 428 54.46 358 56.51 288 58.80 218 1:01.44 148 1:04.76 78
52.60 427 54.48 357 56.53 287 58.83 217 1:01.48 147 1:04.81 77
52.63 426 54.51 356 56.56 286 58.86 216 1:01.53 146 1:04.86 76
52.65 425 54.55 355 56.59 285 58.90 215 1:01.56 145 1:04.93 75
52.68 424 54.56 354 56.63 284 58.93 214 1:01.61 144 1:04.98 74
52.70 423 54.60 353 56.66 283 58.97 213 1:01.65 143 1:05.03 73
52.74 422 54.61 352 56.70 282 59.00 212 1:01.70 142 1:05.10 72
52.75 421 54.65 351 56.71 281 59.04 211 1:01.73 141 1:05.15 71
52.79 420 54.68 350 56.75 280 59.07 210 1:01.78 140 1:05.20 70
1:05.27 69 1:05.98 57 1:06.79 45 1:07.71 33 1:08.77 21 1:10.18 9
1:05.32 68 1:06.05 56 1:06.87 44 1:07.78 32 1:08.87 20 1:10.34 8
1:05.39 67 1:06.12 55 1:06.94 43 1:07.86 31 1:08.97 19 1:10.49 7
1:05.44 66 1:06.19 54 1:07.01 42 1:07.95 30 1:09.07 18 1:10.66 6
1:05.51 65 1:06.26 53 1:07.08 41 1:08.03 29 1:09.19 17 1:10.83 5
1:05.56 64 1:06.31 52 1:07.16 40 1:08.12 28 1:09.30 16 1:11.04 4
1:05.63 63 1:06.38 51 1:07.23 39 1:08.20 27 1:09.42 15 1:11.26 3
1:05.68 62 1:06.45 50 1:07.32 38 1:08.31 26 1:09.54 14 1:11.52 2
1:05.75 61 1:06.51 49 1:07.38 37 1:08.39 25 1:09.66 13 1:11.84 1
1:05.80 60 1:06.58 48 1:07.47 36 1:08.48 24 1:09.77 12
1:05.86 59 1:06.65 47 1:07.54 35 1:08.58 23 1:09.91 11
1:05.93 58 1:06.72 46 1:07.62 34 1:08.68 22 1:10.05 10
