41.56 1342 42.98 1266 44.40 1191 45.82 1119 47.24 1049 48.70 979
41.58 1341 43.00 1265 44.42 1190 45.84 1118 47.26 1048 48.72 978
41.60 1340 43.02 1264 44.44 1189 45.86 1117 47.28 1047 48.74 977
41.62 1339 43.04 1263 44.46 1188 45.88 1116 47.30 1046 48.76 976
41.64 1338 43.06 1262 44.48 1187 45.90 1115 47.32 1045 48.78 975
41.66 1337 43.08 1260 44.50 1186 45.92 1114 47.34 1044 48.80 974
41.68 1336 43.10 1259 44.52 1185 45.94 1113 47.36 1043 48.82 973
41.70 1334 43.12 1258 44.54 1184 45.96 1112 47.38 1042 48.84 972
41.72 1333 43.14 1257 44.56 1183 45.98 1111 47.40 1041 48.86 971
41.74 1332 43.16 1256 44.58 1182 46.00 1110 47.42 1040 48.88 970
41.76 1331 43.18 1255 44.60 1181 46.02 1109 47.44 1039 48.90 969
41.78 1330 43.20 1254 44.62 1180 46.04 1108 47.46 1038 48.92 968
41.80 1329 43.22 1253 44.64 1179 46.06 1107 47.48 1037 48.94 967
41.82 1328 43.24 1252 44.66 1178 46.08 1106 47.50 1036 48.96 966
41.84 1327 43.26 1251 44.68 1177 46.10 1105 47.52 1035 48.98 965
41.86 1326 43.28 1250 44.70 1176 46.12 1104 47.54 1034 49.00 964
41.88 1325 43.30 1249 44.72 1175 46.14 1103 47.56 1033 49.04 963
41.90 1323 43.32 1248 44.74 1174 46.16 1102 47.58 1032 49.06 962
41.93 1322 43.34 1247 44.76 1173 46.18 1101 47.60 1031 49.08 961
41.95 1321 43.36 1245 44.78 1172 46.20 1100 47.62 1030 49.10 960
41.97 1320 43.39 1244 44.80 1171 46.22 1099 47.64 1029 49.12 959
41.99 1319 43.41 1243 44.82 1170 46.24 1098 47.66 1028 49.14 958
42.01 1318 43.43 1242 44.84 1169 46.26 1097 47.68 1027 49.16 957
42.03 1317 43.45 1241 44.87 1168 46.28 1096 47.70 1026 49.18 956
42.05 1316 43.47 1240 44.89 1166 46.30 1095 47.72 1025 49.20 955
42.07 1315 43.49 1239 44.91 1165 46.33 1094 47.74 1024 49.22 954
42.09 1314 43.51 1238 44.93 1164 46.35 1093 47.76 1023 49.24 953
42.11 1312 43.53 1237 44.95 1163 46.37 1092 47.78 1022 49.27 952
42.13 1311 43.55 1236 44.97 1162 46.39 1091 47.81 1021 49.29 951
42.15 1310 43.57 1235 44.99 1161 46.41 1090 47.83 1020 49.31 950
42.17 1309 43.59 1234 45.01 1160 46.43 1089 47.85 1019 49.33 949
42.19 1308 43.61 1233 45.03 1159 46.45 1088 47.87 1018 49.35 948
42.21 1307 43.63 1232 45.05 1158 46.47 1087 47.91 1017 49.37 947
42.23 1306 43.65 1231 45.07 1157 46.49 1086 47.93 1016 49.39 946
42.25 1305 43.67 1229 45.09 1156 46.51 1085 47.95 1015 49.43 945
42.27 1304 43.69 1228 45.11 1155 46.53 1084 47.97 1014 49.45 944
42.29 1303 43.71 1227 45.13 1154 46.55 1083 47.99 1013 49.47 943
42.31 1302 43.73 1226 45.15 1153 46.57 1082 48.01 1012 49.49 942
42.33 1300 43.75 1225 45.17 1152 46.59 1081 48.03 1011 49.51 941
42.35 1299 43.77 1224 45.19 1151 46.61 1080 48.05 1010 49.53 940
42.37 1298 43.79 1223 45.21 1150 46.63 1079 48.07 1009 49.55 939
42.39 1297 43.81 1222 45.23 1149 46.65 1078 48.09 1008 49.57 938
42.41 1296 43.83 1221 45.25 1148 46.67 1077 48.11 1007 49.59 937
42.43 1295 43.85 1220 45.27 1147 46.69 1076 48.13 1006 49.61 936
42.45 1294 43.87 1219 45.29 1146 46.71 1075 48.15 1005 49.63 935
42.47 1293 43.89 1218 45.31 1145 46.73 1074 48.17 1004 49.65 934
42.49 1292 43.91 1217 45.33 1144 46.75 1073 48.19 1003 49.67 933
42.51 1291 43.93 1216 45.35 1143 46.77 1072 48.21 1002 49.69 932
42.53 1290 43.95 1215 45.37 1142 46.79 1071 48.23 1001 49.71 931
42.55 1289 43.97 1214 45.39 1141 46.81 1070 48.25 1000 49.73 930
42.57 1287 43.99 1213 45.41 1140 46.83 1069 48.27 999 49.77 929
42.59 1286 44.01 1211 45.43 1139 46.85 1068 48.29 998 49.79 928
42.61 1285 44.03 1210 45.45 1138 46.87 1067 48.31 997 49.81 927
42.63 1284 44.05 1209 45.47 1137 46.89 1066 48.33 996 49.83 926
42.66 1283 44.07 1208 45.49 1136 46.91 1065 48.35 995 49.85 925
42.68 1282 44.09 1207 45.51 1135 46.93 1064 48.37 994 49.87 924
42.70 1281 44.12 1206 45.53 1133 46.95 1063 48.39 993 49.89 923
42.72 1280 44.14 1205 45.55 1132 46.97 1062 48.41 992 49.91 922
42.74 1279 44.16 1204 45.57 1131 46.99 1061 48.43 991 49.93 921
42.76 1278 44.18 1203 45.60 1130 47.01 1060 48.45 990 49.95 920
42.78 1277 44.20 1202 45.62 1129 47.03 1059 48.47 989 49.97 919
42.80 1276 44.22 1201 45.64 1128 47.06 1058 48.49 988 50.00 918
42.82 1274 44.24 1200 45.66 1127 47.08 1057 48.51 987 50.02 917
42.84 1273 44.26 1199 45.68 1126 47.10 1056 48.56 986 50.04 916
42.86 1272 44.28 1198 45.70 1125 47.12 1055 48.58 985 50.08 915
42.88 1271 44.30 1197 45.72 1124 47.14 1054 48.60 984 50.10 914
42.90 1270 44.32 1196 45.74 1123 47.16 1053 48.62 983 50.12 913
42.92 1269 44.34 1195 45.76 1122 47.18 1052 48.64 982 50.14 912
42.94 1268 44.36 1194 45.78 1121 47.20 1051 48.66 981 50.16 911
42.96 1267 44.38 1193 45.80 1120 47.22 1050 48.68 980 50.18 910
50.20 909 51.76 839 53.38 769 55.06 699 56.81 629 58.67 559
50.22 908 51.78 838 53.40 768 55.08 698 56.85 628 58.69 558
50.24 907 51.80 837 53.42 767 55.10 697 56.87 627 58.71 557
50.26 906 51.82 836 53.44 766 55.12 696 56.89 626 58.75 556
50.28 905 51.84 835 53.46 765 55.15 695 56.93 625 58.77 555
50.30 904 51.86 834 53.48 764 55.19 694 56.95 624 58.79 554
50.32 903 51.90 833 53.52 763 55.21 693 56.97 623 58.84 553
50.36 902 51.92 832 53.54 762 55.23 692 56.99 622 58.86 552
50.38 901 51.94 831 53.56 761 55.25 691 57.03 621 58.90 551
50.40 900 51.96 830 53.58 760 55.29 690 57.05 620 58.92 550
50.42 899 51.98 829 53.60 759 55.31 689 57.07 619 58.94 549
50.44 898 52.00 828 53.62 758 55.33 688 57.09 618 58.98 548
50.46 897 52.02 827 53.66 757 55.35 687 57.13 617 59.00 547
50.48 896 52.04 826 53.69 756 55.37 686 57.15 616 59.02 546
50.50 895 52.06 825 53.71 755 55.41 685 57.17 615 59.06 545
50.52 894 52.10 824 53.73 754 55.43 684 57.21 614 59.08 544
50.54 893 52.12 823 53.75 753 55.45 683 57.23 613 59.10 543
50.56 892 52.14 822 53.77 752 55.47 682 57.25 612 59.14 542
50.58 891 52.16 821 53.81 751 55.51 681 57.27 611 59.16 541
50.62 890 52.18 820 53.83 750 55.53 680 57.31 610 59.18 540
50.64 889 52.21 819 53.85 749 55.55 679 57.33 609 59.22 539
50.66 888 52.23 818 53.87 748 55.57 678 57.36 608 59.24 538
50.68 887 52.27 817 53.89 747 55.59 677 57.40 607 59.28 537
50.70 886 52.29 816 53.91 746 55.63 676 57.42 606 59.30 536
50.72 885 52.31 815 53.95 745 55.65 675 57.44 605 59.32 535
50.75 884 52.33 814 53.97 744 55.67 674 57.48 604 59.36 534
50.77 883 52.35 813 53.99 743 55.69 673 57.50 603 59.38 533
50.79 882 52.37 812 54.01 742 55.73 672 57.52 602 59.40 532
50.81 881 52.39 811 54.03 741 55.75 671 57.54 601 59.44 531
50.83 880 52.41 810 54.07 740 55.77 670 57.58 600 59.46 530
50.87 879 52.45 809 54.09 739 55.79 669 57.60 599 59.48 529
50.89 878 52.47 808 54.11 738 55.83 668 57.62 598 59.52 528
50.91 877 52.49 807 54.13 737 55.85 667 57.66 597 59.54 527
50.93 876 52.51 806 54.15 736 55.87 666 57.68 596 59.59 526
50.95 875 52.53 805 54.17 735 55.90 665 57.70 595 59.61 525
50.97 874 52.55 804 54.21 734 55.94 664 57.74 594 59.63 524
50.99 873 52.57 803 54.23 733 55.96 663 57.76 593 59.67 523
51.01 872 52.61 802 54.25 732 55.98 662 57.78 592 59.69 522
51.03 871 52.63 801 54.27 731 56.00 661 57.80 591 59.71 521
51.05 870 52.65 800 54.29 730 56.02 660 57.84 590 59.75 520
51.09 869 52.67 799 54.33 729 56.06 659 57.86 589 59.77 519
51.11 868 52.69 798 54.35 728 56.08 658 57.88 588 59.81 518
51.13 867 52.71 797 54.37 727 56.10 657 57.92 587 59.83 517
51.15 866 52.73 796 54.39 726 56.12 656 57.94 586 59.85 516
51.17 865 52.77 795 54.42 725 56.16 655 57.96 585 59.89 515
51.19 864 52.79 794 54.46 724 56.18 654 58.00 584 59.91 514
51.21 863 52.81 793 54.48 723 56.20 653 58.02 583 59.95 513
51.23 862 52.83 792 54.50 722 56.22 652 58.04 582 59.97 512
51.25 861 52.85 791 54.52 721 56.26 651 58.09 581 59.99 511
51.27 860 52.87 790 54.54 720 56.28 650 58.11 580 1:00.03 510
51.31 859 52.89 789 54.56 719 56.30 649 58.13 579 1:00.05 509
51.33 858 52.93 788 54.60 718 56.32 648 58.15 578 1:00.09 508
51.35 857 52.96 787 54.62 717 56.36 647 58.19 577 1:00.11 507
51.37 856 52.98 786 54.64 716 56.38 646 58.21 576 1:00.13 506
51.39 855 53.00 785 54.66 715 56.40 645 58.23 575 1:00.17 505
51.41 854 53.02 784 54.68 714 56.42 644 58.27 574 1:00.19 504
51.43 853 53.04 783 54.72 713 56.46 643 58.29 573 1:00.23 503
51.45 852 53.06 782 54.74 712 56.48 642 58.31 572 1:00.25 502
51.48 851 53.10 781 54.76 711 56.50 641 58.35 571 1:00.27 501
51.52 850 53.12 780 54.78 710 56.54 640 58.37 570 1:00.32 500
51.54 849 53.14 779 54.80 709 56.56 639 58.39 569 1:00.34 499
51.56 848 53.16 778 54.84 708 56.58 638 58.43 568 1:00.38 498
51.58 847 53.18 777 54.86 707 56.60 637 58.45 567 1:00.40 497
51.60 846 53.20 776 54.88 706 56.65 636 58.47 566 1:00.42 496
51.62 845 53.24 775 54.90 705 56.67 635 58.51 565 1:00.46 495
51.64 844 53.26 774 54.94 704 56.69 634 58.53 564 1:00.48 494
51.66 843 53.28 773 54.96 703 56.71 633 58.55 563 1:00.52 493
51.68 842 53.30 772 54.98 702 56.75 632 58.59 562 1:00.54 492
51.72 841 53.32 771 55.00 701 56.77 631 58.61 561 1:00.58 491
51.74 840 53.34 770 55.02 700 56.79 630 58.63 560 1:00.60 490
1:00.62 489 1:02.71 419 1:04.96 349 1:07.43 279 1:10.19 209 1:13.41 139
1:00.66 488 1:02.75 418 1:05.00 348 1:07.47 278 1:10.23 208 1:13.47 138
1:00.68 487 1:02.77 417 1:05.04 347 1:07.51 277 1:10.27 207 1:13.51 137
1:00.72 486 1:02.81 416 1:05.06 346 1:07.55 276 1:10.33 206 1:13.58 136
1:00.74 485 1:02.83 415 1:05.10 345 1:07.57 275 1:10.37 205 1:13.62 135
1:00.76 484 1:02.87 414 1:05.14 344 1:07.61 274 1:10.41 204 1:13.68 134
1:00.80 483 1:02.91 413 1:05.16 343 1:07.66 273 1:10.45 203 1:13.72 133
1:00.82 482 1:02.93 412 1:05.20 342 1:07.70 272 1:10.49 202 1:13.78 132
1:00.86 481 1:02.97 411 1:05.24 341 1:07.74 271 1:10.53 201 1:13.82 131
1:00.88 480 1:02.99 410 1:05.26 340 1:07.78 270 1:10.57 200 1:13.88 130
1:00.92 479 1:03.03 409 1:05.30 339 1:07.80 269 1:10.62 199 1:13.92 129
1:00.94 478 1:03.05 408 1:05.34 338 1:07.84 268 1:10.66 198 1:13.98 128
1:00.98 477 1:03.09 407 1:05.36 337 1:07.88 267 1:10.72 197 1:14.04 127
1:01.00 476 1:03.11 406 1:05.40 336 1:07.92 266 1:10.76 196 1:14.08 126
1:01.03 475 1:03.15 405 1:05.45 335 1:07.96 265 1:10.80 195 1:14.14 125
1:01.07 474 1:03.17 404 1:05.47 334 1:08.00 264 1:10.84 194 1:14.18 124
1:01.09 473 1:03.21 403 1:05.51 333 1:08.04 263 1:10.88 193 1:14.24 123
1:01.13 472 1:03.26 402 1:05.55 332 1:08.08 262 1:10.92 192 1:14.31 122
1:01.15 471 1:03.28 401 1:05.59 331 1:08.10 261 1:10.96 191 1:14.35 121
1:01.19 470 1:03.32 400 1:05.61 330 1:08.14 260 1:11.02 190 1:14.41 120
1:01.21 469 1:03.34 399 1:05.65 329 1:08.18 259 1:11.06 189 1:14.47 119
1:01.25 468 1:03.38 398 1:05.69 328 1:08.22 258 1:11.10 188 1:14.51 118
1:01.27 467 1:03.40 397 1:05.71 327 1:08.26 257 1:11.14 187 1:14.57 117
1:01.29 466 1:03.44 396 1:05.75 326 1:08.30 256 1:11.18 186 1:14.63 116
1:01.33 465 1:03.46 395 1:05.79 325 1:08.34 255 1:11.24 185 1:14.69 115
1:01.35 464 1:03.50 394 1:05.81 324 1:08.39 254 1:11.28 184 1:14.73 114
1:01.39 463 1:03.54 393 1:05.85 323 1:08.43 253 1:11.33 183 1:14.79 113
1:01.41 462 1:03.56 392 1:05.89 322 1:08.47 252 1:11.37 182 1:14.85 112
1:01.45 461 1:03.60 391 1:05.93 321 1:08.49 251 1:11.41 181 1:14.91 111
1:01.47 460 1:03.62 390 1:05.95 320 1:08.53 250 1:11.47 180 1:14.95 110
1:01.51 459 1:03.66 389 1:05.99 319 1:08.57 249 1:11.51 179 1:15.02 109
1:01.53 458 1:03.68 388 1:06.03 318 1:08.61 248 1:11.55 178 1:15.08 108
1:01.57 457 1:03.72 387 1:06.07 317 1:08.65 247 1:11.59 177 1:15.14 107
1:01.59 456 1:03.76 386 1:06.09 316 1:08.69 246 1:11.65 176 1:15.18 106
1:01.63 455 1:03.78 385 1:06.13 315 1:08.73 245 1:11.69 175 1:15.24 105
1:01.65 454 1:03.82 384 1:06.18 314 1:08.77 244 1:11.73 174 1:15.30 104
1:01.67 453 1:03.84 383 1:06.20 313 1:08.81 243 1:11.77 173 1:15.36 103
1:01.71 452 1:03.88 382 1:06.24 312 1:08.85 242 1:11.83 172 1:15.42 102
1:01.73 451 1:03.92 381 1:06.28 311 1:08.89 241 1:11.87 171 1:15.48 101
1:01.78 450 1:03.94 380 1:06.32 310 1:08.93 240 1:11.91 170 1:15.54 100
1:01.80 449 1:03.99 379 1:06.34 309 1:08.97 239 1:11.95 169 1:15.60 99
1:01.84 448 1:04.01 378 1:06.38 308 1:09.01 238 1:12.01 168 1:15.64 98
1:01.86 447 1:04.05 377 1:06.42 307 1:09.05 237 1:12.06 167 1:15.70 97
1:01.90 446 1:04.09 376 1:06.46 306 1:09.09 236 1:12.10 166 1:15.77 96
1:01.92 445 1:04.11 375 1:06.48 305 1:09.14 235 1:12.16 165 1:15.83 95
1:01.96 444 1:04.15 374 1:06.52 304 1:09.18 234 1:12.20 164 1:15.89 94
1:01.98 443 1:04.17 373 1:06.56 303 1:09.22 233 1:12.24 163 1:15.95 93
1:02.02 442 1:04.21 372 1:06.60 302 1:09.24 232 1:12.30 162 1:16.01 92
1:02.04 441 1:04.25 371 1:06.62 301 1:09.28 231 1:12.34 161 1:16.07 91
1:02.08 440 1:04.27 370 1:06.66 300 1:09.32 230 1:12.38 160 1:16.13 90
1:02.10 439 1:04.31 369 1:06.70 299 1:09.36 229 1:12.44 159 1:16.19 89
1:02.14 438 1:04.33 368 1:06.74 298 1:09.40 228 1:12.48 158 1:16.25 88
1:02.16 437 1:04.37 367 1:06.78 297 1:09.44 227 1:12.52 157 1:16.31 87
1:02.20 436 1:04.41 366 1:06.80 296 1:09.48 226 1:12.58 156 1:16.37 86
1:02.22 435 1:04.43 365 1:06.84 295 1:09.52 225 1:12.62 155 1:16.45 85
1:02.26 434 1:04.47 364 1:06.88 294 1:09.58 224 1:12.66 154 1:16.52 84
1:02.28 433 1:04.49 363 1:06.93 293 1:09.62 223 1:12.72 153 1:16.58 83
1:02.32 432 1:04.53 362 1:06.95 292 1:09.66 222 1:12.76 152 1:16.64 82
1:02.34 431 1:04.57 361 1:06.99 291 1:09.70 221 1:12.83 151 1:16.70 81
1:02.38 430 1:04.59 360 1:07.03 290 1:09.74 220 1:12.87 150 1:16.76 80
1:02.40 429 1:04.63 359 1:07.07 289 1:09.78 219 1:12.91 149 1:16.84 79
1:02.44 428 1:04.67 358 1:07.11 288 1:09.82 218 1:12.97 148 1:16.90 78
1:02.46 427 1:04.69 357 1:07.13 287 1:09.87 217 1:13.01 147 1:16.96 77
1:02.51 426 1:04.74 356 1:07.17 286 1:09.91 216 1:13.07 146 1:17.02 76
1:02.53 425 1:04.78 355 1:07.21 285 1:09.95 215 1:13.11 145 1:17.10 75
1:02.57 424 1:04.80 354 1:07.25 284 1:09.99 214 1:13.17 144 1:17.16 74
1:02.59 423 1:04.84 353 1:07.29 283 1:10.03 213 1:13.21 143 1:17.23 73
1:02.63 422 1:04.86 352 1:07.33 282 1:10.07 212 1:13.27 142 1:17.31 72
1:02.65 421 1:04.90 351 1:07.35 281 1:10.11 211 1:13.31 141 1:17.37 71
1:02.69 420 1:04.94 350 1:07.39 280 1:10.15 210 1:13.37 140 1:17.43 70
1:17.51 69 1:18.36 57 1:19.31 45 1:20.41 33 1:21.67 21 1:23.35 9
1:17.57 68 1:18.44 56 1:19.42 44 1:20.49 32 1:21.79 20 1:23.53 8
1:17.65 67 1:18.52 55 1:19.50 43 1:20.59 31 1:21.91 19 1:23.71 7
1:17.71 66 1:18.60 54 1:19.58 42 1:20.69 30 1:22.03 18 1:23.92 6
1:17.79 65 1:18.69 53 1:19.66 41 1:20.79 29 1:22.17 17 1:24.12 5
1:17.85 64 1:18.75 52 1:19.76 40 1:20.90 28 1:22.29 16 1:24.36 4
1:17.93 63 1:18.83 51 1:19.84 39 1:21.00 27 1:22.44 15 1:24.63 3
1:18.00 62 1:18.91 50 1:19.94 38 1:21.12 26 1:22.58 14 1:24.93 2
1:18.08 61 1:18.99 49 1:20.02 37 1:21.22 25 1:22.72 13 1:25.32 1
1:18.14 60 1:19.07 48 1:20.12 36 1:21.32 24 1:22.86 12
1:18.22 59 1:19.15 47 1:20.21 35 1:21.44 23 1:23.02 11
1:18.30 58 1:19.23 46 1:20.31 34 1:21.56 22 1:23.19 10
