20.50 1342
20.51 1341
20.52 1340
20.53 1339
20.54 1338
20.55 1337
20.56 1336
20.57 1334
20.58 1333
20.59 1332
20.60 1331
20.61 1330
20.62 1329
20.63 1328
20.64 1327
20.65 1326
20.66 1325
20.67 1323
20.68 1322
20.69 1321
20.70 1320
20.71 1319
20.72 1318
20.73 1317
20.74 1316
20.75 1315
20.76 1314
20.77 1312
20.78 1311
20.79 1310
20.80 1309
20.81 1308
20.82 1307
20.83 1306
20.84 1305
20.85 1304
20.86 1303
20.87 1302
20.88 1300
20.89 1299
20.90 1298
20.91 1297
20.92 1296
20.93 1295
20.94 1294
20.95 1293
20.96 1292
20.97 1291
20.98 1290
20.99 1289

21.00 1287
21.01 1286
21.02 1285
21.03 1284
21.04 1283
21.05 1282
21.06 1281
21.07 1280
21.08 1279
21.09 1278
21.10 1277
21.11 1276
21.12 1274
21.13 1273
21.14 1272
21.15 1271
21.16 1270
21.17 1269
21.18 1268
21.19 1267
21.20 1266
21.21 1265
21.22 1264
21.23 1263
21.24 1262
21.25 1260
21.26 1259
21.27 1258
21.28 1257
21.29 1256
21.30 1255
21.31 1254
21.32 1253
21.33 1252
21.34 1251
21.35 1250
21.36 1249
21.37 1248
21.38 1247
21.39 1245
21.40 1244
21.41 1243
21.42 1242
21.43 1241
21.44 1240
21.45 1239
21.46 1238
21.47 1237
21.48 1236
21.49 1235

21.50 1234
21.51 1233
21.52 1232
21.53 1231
21.54 1229
21.55 1228
21.56 1227
21.57 1226
21.58 1225
21.59 1224
21.60 1223
21.61 1222
21.62 1221
21.63 1220
21.64 1219
21.65 1218
21.66 1217
21.67 1216
21.68 1215
21.69 1214
21.70 1213
21.71 1211
21.72 1210
21.73 1209
21.74 1208
21.75 1207
21.76 1206
21.77 1205
21.78 1204
21.79 1203
21.80 1202
21.81 1201
21.82 1200
21.83 1199
21.84 1198
21.85 1197
21.86 1196
21.87 1195
21.88 1194
21.89 1193
21.90 1191
21.91 1190
21.92 1189
21.93 1188
21.94 1187
21.95 1186
21.96 1185
21.97 1184
21.98 1183
21.99 1182

22.00 1181
22.01 1180
22.02 1179
22.03 1178
22.04 1177
22.05 1176
22.06 1175
22.07 1174
22.08 1173
22.09 1172
22.10 1171
22.11 1170
22.12 1169
22.13 1168
22.14 1166
22.15 1165
22.16 1164
22.17 1163
22.18 1162
22.19 1161
22.20 1160
22.21 1159
22.22 1158
22.23 1157
22.24 1156
22.25 1155
22.26 1154
22.27 1153
22.28 1152
22.29 1151
22.30 1150
22.31 1149
22.32 1148
22.33 1147
22.34 1146
22.35 1145
22.36 1144
22.37 1143
22.38 1142
22.39 1141
22.40 1140
22.41 1139
22.42 1138
22.43 1137
22.44 1136
22.45 1135
22.46 1133
22.47 1132
22.48 1131
22.49 1130

22.50 1129
22.51 1128
22.52 1127
22.53 1126
22.54 1125
22.55 1124
22.56 1123
22.57 1122
22.58 1121
22.59 1120
22.60 1119
22.61 1118
22.62 1117
22.63 1116
22.64 1115
22.65 1114
22.66 1113
22.67 1112
22.68 1111
22.69 1110
22.70 1109
22.71 1108
22.72 1107
22.73 1106
22.74 1105
22.75 1104
22.76 1103
22.77 1102
22.78 1101
22.79 1100
22.80 1099
22.81 1098
22.82 1097
22.83 1096
22.84 1095
22.85 1094
22.86 1093
22.87 1092
22.88 1091
22.89 1090
22.90 1089
22.91 1088
22.92 1087
22.93 1086
22.94 1085
22.95 1084
22.96 1083
22.97 1082
22.98 1081
22.99 1080
23.00 1079
23.01 1078
23.02 1077
23.03 1076
23.04 1075
23.05 1074
23.06 1073
23.07 1072
23.08 1071
23.09 1070
23.10 1069
23.11 1068
23.12 1067
23.13 1066
23.14 1065
23.15 1064
23.16 1063
23.17 1062
23.18 1061
23.19 1060
23.20 1059
23.21 1058
23.22 1057
23.23 1056
23.24 1055
23.25 1054
23.26 1053
23.27 1052
23.28 1051
23.29 1050
23.30 1049
23.31 1048
23.32 1047
23.33 1046
23.34 1045
23.35 1044
23.36 1043
23.37 1042
23.38 1041
23.39 1040
23.40 1039
23.41 1038
23.42 1037
23.43 1036
23.44 1035
23.45 1034
23.46 1033
23.47 1032
23.48 1031
23.49 1030

23.50 1029
23.51 1028
23.52 1027
23.53 1026
23.54 1025
23.55 1024
23.56 1023
23.57 1022
23.58 1021
23.59 1020
23.60 1019
23.61 1018
23.63 1017
23.64 1016
23.65 1015
23.66 1014
23.67 1013
23.68 1012
23.69 1011
23.70 1010
23.71 1009
23.72 1008
23.73 1007
23.74 1006
23.75 1005
23.76 1004
23.77 1003
23.78 1002
23.79 1001
23.80 1000
23.81 999
23.82 998
23.83 997
23.84 996
23.85 995
23.86 994
23.87 993
23.88 992
23.89 991
23.90 990
23.91 989
23.92 988
23.93 987
23.95 986
23.96 985
23.97 984
23.98 983
23.99 982
24.00 981
24.01 980

24.02 979
24.03 978
24.04 977
24.05 976
24.06 975
24.07 974
24.08 973
24.09 972
24.10 971
24.11 970
24.12 969
24.13 968
24.14 967
24.15 966
24.16 965
24.17 964
24.19 963
24.20 962
24.21 961
24.22 960
24.23 959
24.24 958
24.25 957
24.26 956
24.27 955
24.28 954
24.29 953
24.30 952
24.31 951
24.32 950
24.33 949
24.34 948
24.35 947
24.36 946
24.38 945
24.39 944
24.40 943
24.41 942
24.42 941
24.43 940
24.44 939
24.45 938
24.46 937
24.47 936
24.48 935
24.49 934
24.50 933
24.51 932
24.52 931
24.53 930

24.55 929
24.56 928
24.57 927
24.58 926
24.59 925
24.60 924
24.61 923
24.62 922
24.63 921
24.64 920
24.65 919
24.66 918
24.67 917
24.68 916
24.70 915
24.71 914
24.72 913
24.73 912
24.74 911
24.75 910
24.76 909
24.77 908
24.78 907
24.79 906
24.80 905
24.81 904
24.82 903
24.84 902
24.85 901
24.86 900
24.87 899
24.88 898
24.89 897
24.90 896
24.91 895
24.92 894
24.93 893
24.94 892
24.95 891
24.97 890
24.98 889
24.99 888
25.00 887
25.01 886
25.02 885
25.03 884
25.04 883
25.05 882
25.06 881
25.07 880

25.09 879
25.10 878
25.11 877
25.12 876
25.13 875
25.14 874
25.15 873
25.16 872
25.17 871
25.18 870
25.20 869
25.21 868
25.22 867
25.23 866
25.24 865
25.25 864
25.26 863
25.27 862
25.28 861
25.29 860
25.31 859
25.32 858
25.33 857
25.34 856
25.35 855
25.36 854
25.37 853
25.38 852
25.39 851
25.41 850
25.42 849
25.43 848
25.44 847
25.45 846
25.46 845
25.47 844
25.48 843
25.49 842
25.51 841
25.52 840
25.53 839
25.54 838
25.55 837
25.56 836
25.57 835
25.58 834
25.60 833
25.61 832
25.62 831
25.63 830
25.64 829
25.65 828
25.66 827
25.67 826
25.68 825
25.70 824
25.71 823
25.72 822
25.73 821
25.74 820
25.75 819
25.76 818
25.78 817
25.79 816
25.80 815
25.81 814
25.82 813
25.83 812
25.84 811
25.85 810
25.87 809
25.88 808
25.89 807
25.90 806
25.91 805
25.92 804
25.93 803
25.95 802
25.96 801
25.97 800
25.98 799
25.99 798
26.00 797
26.01 796
26.03 795
26.04 794
26.05 793
26.06 792
26.07 791
26.08 790
26.09 789
26.11 788
26.12 787
26.13 786
26.14 785
26.15 784
26.16 783
26.17 782
26.19 781
26.20 780

26.21 779
26.22 778
26.23 777
26.24 776
26.26 775
26.27 774
26.28 773
26.29 772
26.30 771
26.31 770
26.33 769
26.34 768
26.35 767
26.36 766
26.37 765
26.38 764
26.40 763
26.41 762
26.42 761
26.43 760
26.44 759
26.45 758
26.47 757
26.48 756
26.49 755
26.50 754
26.51 753
26.52 752
26.54 751
26.55 750
26.56 749
26.57 748
26.58 747
26.59 746
26.61 745
26.62 744
26.63 743
26.64 742
26.65 741
26.67 740
26.68 739
26.69 738
26.70 737
26.71 736
26.72 735
26.74 734
26.75 733
26.76 732
26.77 731
26.78 730

26.80 729
26.81 728
26.82 727
26.83 726
26.84 725
26.86 724
26.87 723
26.88 722
26.89 721
26.90 720
26.91 719
26.93 718
26.94 717
26.95 716
26.96 715
26.97 714
26.99 713
27.00 712
27.01 711
27.02 710
27.03 709
27.05 708
27.06 707
27.07 706
27.08 705
27.10 704
27.11 703
27.12 702
27.13 701
27.14 700
27.16 699
27.17 698
27.18 697
27.19 696
27.20 695
27.22 694
27.23 693
27.24 692
27.25 691
27.27 690
27.28 689
27.29 688
27.30 687
27.31 686
27.33 685
27.34 684
27.35 683
27.36 682
27.38 681
27.39 680

27.40 679
27.41 678
27.42 677
27.44 676
27.45 675
27.46 674
27.47 673
27.49 672
27.50 671
27.51 670
27.52 669
27.54 668
27.55 667
27.56 666
27.57 665
27.59 664
27.60 663
27.61 662
27.62 661
27.63 660
27.65 659
27.66 658
27.67 657
27.68 656
27.70 655
27.71 654
27.72 653
27.73 652
27.75 651
27.76 650
27.77 649
27.78 648
27.80 647
27.81 646
27.82 645
27.83 644
27.85 643
27.86 642
27.87 641
27.89 640
27.90 639
27.91 638
27.92 637
27.94 636
27.95 635
27.96 634
27.97 633
27.99 632
28.00 631
28.01 630

28.02 629
28.04 628
28.05 627
28.06 626
28.08 625
28.09 624
28.10 623
28.11 622
28.13 621
28.14 620
28.15 619
28.16 618
28.18 617
28.19 616
28.20 615
28.22 614
28.23 613
28.24 612
28.25 611
28.27 610
28.28 609
28.29 608
28.31 607
28.32 606
28.33 605
28.35 604
28.36 603
28.37 602
28.38 601
28.40 600
28.41 599
28.42 598
28.44 597
28.45 596
28.46 595
28.48 594
28.49 593
28.50 592
28.51 591
28.53 590
28.54 589
28.55 588
28.57 587
28.58 586
28.59 585
28.61 584
28.62 583
28.63 582
28.65 581
28.66 580
28.67 579
28.68 578
28.70 577
28.71 576
28.72 575
28.74 574
28.75 573
28.76 572
28.78 571
28.79 570
28.80 569
28.82 568
28.83 567
28.84 566
28.86 565
28.87 564
28.88 563
28.90 562
28.91 561
28.92 560
28.94 559
28.95 558
28.96 557
28.98 556
28.99 555
29.00 554
29.02 553
29.03 552
29.05 551
29.06 550
29.07 549
29.09 548
29.10 547
29.11 546
29.13 545
29.14 544
29.15 543
29.17 542
29.18 541
29.19 540
29.21 539
29.22 538
29.24 537
29.25 536
29.26 535
29.28 534
29.29 533
29.30 532
29.32 531
29.33 530

29.34 529
29.36 528
29.37 527
29.39 526
29.40 525
29.41 524
29.43 523
29.44 522
29.45 521
29.47 520
29.48 519
29.50 518
29.51 517
29.52 516
29.54 515
29.55 514
29.57 513
29.58 512
29.59 511
29.61 510
29.62 509
29.64 508
29.65 507
29.66 506
29.68 505
29.69 504
29.71 503
29.72 502
29.73 501
29.75 500
29.76 499
29.78 498
29.79 497
29.80 496
29.82 495
29.83 494
29.85 493
29.86 492
29.88 491
29.89 490
29.90 489
29.92 488
29.93 487
29.95 486
29.96 485
29.97 484
29.99 483
30.00 482
30.02 481
30.03 480

30.05 479
30.06 478
30.08 477
30.09 476
30.10 475
30.12 474
30.13 473
30.15 472
30.16 471
30.18 470
30.19 469
30.21 468
30.22 467
30.23 466
30.25 465
30.26 464
30.28 463
30.29 462
30.31 461
30.32 460
30.34 459
30.35 458
30.37 457
30.38 456
30.40 455
30.41 454
30.42 453
30.44 452
30.45 451
30.47 450
30.48 449
30.50 448
30.51 447
30.53 446
30.54 445
30.56 444
30.57 443
30.59 442
30.60 441
30.62 440
30.63 439
30.65 438
30.66 437
30.68 436
30.69 435
30.71 434
30.72 433
30.74 432
30.75 431
30.77 430

30.78 429
30.80 428
30.81 427
30.83 426
30.84 425
30.86 424
30.87 423
30.89 422
30.90 421
30.92 420
30.93 419
30.95 418
30.96 417
30.98 416
30.99 415
31.01 414
31.03 413
31.04 412
31.06 411
31.07 410
31.09 409
31.10 408
31.12 407
31.13 406
31.15 405
31.16 404
31.18 403
31.20 402
31.21 401
31.23 400
31.24 399
31.26 398
31.27 397
31.29 396
31.30 395
31.32 394
31.34 393
31.35 392
31.37 391
31.38 390
31.40 389
31.41 388
31.43 387
31.45 386
31.46 385
31.48 384
31.49 383
31.51 382
31.53 381
31.54 380

31.56 379
31.57 378
31.59 377
31.61 376
31.62 375
31.64 374
31.65 373
31.67 372
31.69 371
31.70 370
31.72 369
31.73 368
31.75 367
31.77 366
31.78 365
31.80 364
31.81 363
31.83 362
31.85 361
31.86 360
31.88 359
31.90 358
31.91 357
31.93 356
31.95 355
31.96 354
31.98 353
31.99 352
32.01 351
32.03 350
32.04 349
32.06 348
32.08 347
32.09 346
32.11 345
32.13 344
32.14 343
32.16 342
32.18 341
32.19 340
32.21 339
32.23 338
32.24 337
32.26 336
32.28 335
32.29 334
32.31 333
32.33 332
32.35 331
32.36 330
32.38 329
32.40 328
32.41 327
32.43 326
32.45 325
32.46 324
32.48 323
32.50 322
32.52 321
32.53 320
32.55 319
32.57 318
32.59 317
32.60 316
32.62 315
32.64 314
32.65 313
32.67 312
32.69 311
32.71 310
32.72 309
32.74 308
32.76 307
32.78 306
32.79 305
32.81 304
32.83 303
32.85 302
32.86 301
32.88 300
32.90 299
32.92 298
32.94 297
32.95 296
32.97 295
32.99 294
33.01 293
33.02 292
33.04 291
33.06 290
33.08 289
33.10 288
33.11 287
33.13 286
33.15 285
33.17 284
33.19 283
33.21 282
33.22 281
33.24 280

33.26 279
33.28 278
33.30 277
33.32 276
33.33 275
33.35 274
33.37 273
33.39 272
33.41 271
33.43 270
33.44 269
33.46 268
33.48 267
33.50 266
33.52 265
33.54 264
33.56 263
33.58 262
33.59 261
33.61 260
33.63 259
33.65 258
33.67 257
33.69 256
33.71 255
33.73 254
33.75 253
33.77 252
33.78 251
33.80 250
33.82 249
33.84 248
33.86 247
33.88 246
33.90 245
33.92 244
33.94 243
33.96 242
33.98 241
34.00 240
34.02 239
34.04 238
34.06 237
34.08 236
34.10 235
34.12 234
34.14 233
34.15 232
34.17 231
34.19 230

34.21 229
34.23 228
34.25 227
34.27 226
34.29 225
34.32 224
34.34 223
34.36 222
34.38 221
34.40 220
34.42 219
34.44 218
34.46 217
34.48 216
34.50 215
34.52 214
34.54 213
34.56 212
34.58 211
34.60 210
34.62 209
34.64 208
34.66 207
34.69 206
34.71 205
34.73 204
34.75 203
34.77 202
34.79 201
34.81 200
34.83 199
34.85 198
34.88 197
34.90 196
34.92 195
34.94 194
34.96 193
34.98 192
35.00 191
35.03 190
35.05 189
35.07 188
35.09 187
35.11 186
35.14 185
35.16 184
35.18 183
35.20 182
35.22 181
35.25 180

35.27 179
35.29 178
35.31 177
35.34 176
35.36 175
35.38 174
35.40 173
35.43 172
35.45 171
35.47 170
35.49 169
35.52 168
35.54 167
35.56 166
35.59 165
35.61 164
35.63 163
35.66 162
35.68 161
35.70 160
35.73 159
35.75 158
35.77 157
35.80 156
35.82 155
35.84 154
35.87 153
35.89 152
35.92 151
35.94 150
35.96 149
35.99 148
36.01 147
36.04 146
36.06 145
36.09 144
36.11 143
36.14 142
36.16 141
36.19 140
36.21 139
36.24 138
36.26 137
36.29 136
36.31 135
36.34 134
36.36 133
36.39 132
36.41 131
36.44 130

36.46 129
36.49 128
36.52 127
36.54 126
36.57 125
36.59 124
36.62 123
36.65 122
36.67 121
36.70 120
36.73 119
36.75 118
36.78 117
36.81 116
36.84 115
36.86 114
36.89 113
36.92 112
36.95 111
36.97 110
37.00 109
37.03 108
37.06 107
37.08 106
37.11 105
37.14 104
37.17 103
37.20 102
37.23 101
37.26 100
37.29 99
37.31 98
37.34 97
37.37 96
37.40 95
37.43 94
37.46 93
37.49 92
37.52 91
37.55 90
37.58 89
37.61 88
37.64 87
37.67 86
37.71 85
37.74 84
37.77 83
37.80 82
37.83 81
37.86 80
37.90 79
37.93 78
37.96 77
37.99 76
38.03 75
38.06 74
38.09 73
38.13 72
38.16 71
38.19 70
38.23 69
38.26 68
38.30 67
38.33 66
38.37 65
38.40 64
38.44 63
38.47 62
38.51 61
38.54 60

38.58 59
38.62 58
38.65 57
38.69 56
38.73 55
38.77 54
38.81 53
38.84 52
38.88 51
38.92 50
38.96 49
39.00 48
39.04 47
39.08 46
39.12 45
39.17 44
39.21 43
39.25 42
39.29 41
39.34 40

39.38 39
39.43 38
39.47 37
39.52 36
39.56 35
39.61 34
39.66 33
39.70 32
39.75 31
39.80 30
39.85 29
39.90 28
39.95 27
40.01 26
40.06 25
40.11 24
40.17 23
40.23 22
40.28 21
40.34 20

40.40 19
40.46 18
40.53 17
40.59 16
40.66 15
40.73 14
40.80 13
40.87 12
40.95 11
41.03 10
41.11 9
41.20 8
41.29 7
41.39 6
41.49 5
41.61 4
41.74 3
41.89 2
42.08 1
