77.80 1500 74.47 1430 71.13 1360 67.79 1290 64.42 1220 61.06 1150
77.76 1499 74.42 1429 71.08 1359 67.73 1289 64.38 1219 61.02 1149
77.70 1498 74.37 1428 71.03 1358 67.68 1288 64.33 1218 60.97 1148
77.65 1497 74.32 1427 70.99 1357 67.64 1287 64.28 1217 60.92 1147
77.61 1496 74.27 1426 70.94 1356 67.59 1286 64.24 1216 60.87 1146
77.56 1495 74.23 1425 70.89 1355 67.54 1285 64.19 1215 60.83 1145
77.51 1494 74.18 1424 70.84 1354 67.49 1284 64.14 1214 60.78 1144
77.46 1493 74.13 1423 70.79 1353 67.45 1283 64.10 1213 60.73 1143
77.42 1492 74.08 1422 70.74 1352 67.40 1282 64.05 1212 60.69 1142
77.37 1491 74.04 1421 70.70 1351 67.35 1281 64.00 1211 60.64 1141
77.32 1490 73.99 1420 70.65 1350 67.31 1280 63.94 1210 60.58 1140
77.28 1489 73.94 1419 70.60 1349 67.26 1279 63.90 1209 60.54 1139
77.23 1488 73.90 1418 70.55 1348 67.21 1278 63.85 1208 60.49 1138
77.18 1487 73.85 1417 70.51 1347 67.15 1277 63.80 1207 60.44 1137
77.14 1486 73.80 1416 70.46 1346 67.11 1276 63.76 1206 60.39 1136
77.09 1485 73.76 1415 70.41 1345 67.06 1275 63.71 1205 60.35 1135
77.04 1484 73.71 1414 70.37 1344 67.01 1274 63.66 1204 60.30 1134
76.99 1483 73.65 1413 70.32 1343 66.97 1273 63.61 1203 60.25 1133
76.95 1482 73.60 1412 70.27 1342 66.92 1272 63.57 1202 60.21 1132
76.90 1481 73.56 1411 70.22 1341 66.87 1271 63.52 1201 60.15 1131
76.84 1480 73.51 1410 70.17 1340 66.83 1270 63.47 1200 60.10 1130
76.80 1479 73.46 1409 70.12 1339 66.78 1269 63.42 1199 60.06 1129
76.75 1478 73.42 1408 70.07 1338 66.73 1268 63.37 1198 60.01 1128
76.70 1477 73.37 1407 70.03 1337 66.68 1267 63.32 1197 59.96 1127
76.66 1476 73.32 1406 69.98 1336 66.64 1266 63.28 1196 59.91 1126
76.61 1475 73.27 1405 69.93 1335 66.58 1265 63.23 1195 59.87 1125
76.56 1474 73.23 1404 69.89 1334 66.53 1264 63.18 1194 59.82 1124
76.51 1473 73.18 1403 69.84 1333 66.49 1263 63.13 1193 59.77 1123
76.47 1472 73.13 1402 69.79 1332 66.44 1262 63.09 1192 59.73 1122
76.42 1471 73.09 1401 69.74 1331 66.39 1261 63.04 1191 59.67 1121
76.37 1470 73.04 1400 69.70 1330 66.35 1260 62.99 1190 59.62 1120
76.33 1469 72.99 1399 69.65 1329 66.30 1259 62.94 1189 59.58 1119
76.28 1468 72.95 1398 69.60 1328 66.25 1258 62.89 1188 59.53 1118
76.23 1467 72.89 1397 69.55 1327 66.20 1257 62.84 1187 59.48 1117
76.18 1466 72.84 1396 69.50 1326 66.16 1256 62.80 1186 59.43 1116
76.14 1465 72.79 1395 69.45 1325 66.11 1255 62.75 1185 59.39 1115
76.09 1464 72.75 1394 69.41 1324 66.05 1254 62.70 1184 59.34 1114
76.04 1463 72.70 1393 69.36 1323 66.01 1253 62.65 1183 59.29 1113
75.99 1462 72.65 1392 69.31 1322 65.96 1252 62.61 1182 59.24 1112
75.94 1461 72.61 1391 69.26 1321 65.91 1251 62.56 1181 59.19 1111
75.89 1460 72.56 1390 69.22 1320 65.87 1250 62.51 1180 59.14 1110
75.85 1459 72.51 1389 69.17 1319 65.82 1249 62.46 1179 59.10 1109
75.80 1458 72.47 1388 69.12 1318 65.77 1248 62.41 1178 59.05 1108
75.75 1457 72.42 1387 69.08 1317 65.72 1247 62.36 1177 59.00 1107
75.70 1456 72.37 1386 69.03 1316 65.68 1246 62.32 1176 58.95 1106
75.66 1455 72.32 1385 68.98 1315 65.63 1245 62.27 1175 58.91 1105
75.61 1454 72.28 1384 68.93 1314 65.58 1244 62.22 1174 58.86 1104
75.56 1453 72.23 1383 68.88 1313 65.53 1243 62.17 1173 58.80 1103
75.52 1452 72.17 1382 68.83 1312 65.48 1242 62.13 1172 58.76 1102
75.47 1451 72.13 1381 68.78 1311 65.43 1241 62.08 1171 58.71 1101
75.42 1450 72.08 1380 68.74 1310 65.38 1240 62.03 1170 58.66 1100
75.37 1449 72.03 1379 68.69 1309 65.34 1239 61.98 1169 58.62 1099
75.33 1448 71.99 1378 68.64 1308 65.29 1238 61.93 1168 58.57 1098
75.28 1447 71.94 1377 68.60 1307 65.24 1237 61.88 1167 58.52 1097
75.23 1446 71.89 1376 68.55 1306 65.20 1236 61.84 1166 58.47 1096
75.18 1445 71.84 1375 68.50 1305 65.15 1235 61.79 1165 58.42 1095
75.13 1444 71.80 1374 68.45 1304 65.10 1234 61.74 1164 58.37 1094
75.08 1443 71.75 1373 68.41 1303 65.06 1233 61.69 1163 58.32 1093
75.04 1442 71.70 1372 68.35 1302 65.01 1232 61.65 1162 58.28 1092
74.99 1441 71.66 1371 68.30 1301 64.95 1231 61.60 1161 58.23 1091
74.94 1440 71.61 1370 68.26 1300 64.90 1230 61.55 1160 58.18 1090
74.89 1439 71.56 1369 68.21 1299 64.86 1229 61.50 1159 58.14 1089
74.85 1438 71.50 1368 68.16 1298 64.81 1228 61.45 1158 58.09 1088
74.80 1437 71.46 1367 68.12 1297 64.76 1227 61.40 1157 58.04 1087
74.75 1436 71.41 1366 68.07 1296 64.72 1226 61.36 1156 57.98 1086
74.71 1435 71.36 1365 68.02 1295 64.67 1225 61.31 1155 57.94 1085
74.66 1434 71.32 1364 67.97 1294 64.62 1224 61.26 1154 57.89 1084
74.61 1433 71.27 1363 67.93 1293 64.58 1223 61.21 1153 57.84 1083
74.56 1432 71.22 1362 67.88 1292 64.53 1222 61.17 1152 57.80 1082
74.52 1431 71.18 1361 67.83 1291 64.47 1221 61.12 1151 57.75 1081
57.70 1080 54.32 1010 50.94 940 47.54 870 44.13 800 40.72 730
57.65 1079 54.27 1009 50.89 939 47.50 869 44.09 799 40.67 729
57.61 1078 54.23 1008 50.84 938 47.45 868 44.04 798 40.62 728
57.55 1077 54.18 1007 50.79 937 47.39 867 43.99 797 40.58 727
57.50 1076 54.13 1006 50.74 936 47.35 866 43.94 796 40.52 726
57.46 1075 54.08 1005 50.70 935 47.30 865 43.89 795 40.47 725
57.41 1074 54.03 1004 50.65 934 47.25 864 43.84 794 40.42 724
57.36 1073 53.98 1003 50.60 933 47.20 863 43.80 793 40.38 723
57.32 1072 53.94 1002 50.55 932 47.16 862 43.75 792 40.33 722
57.27 1071 53.89 1001 50.50 931 47.10 861 43.70 791 40.27 721
57.22 1070 53.84 1000 50.45 930 47.05 860 43.64 790 40.23 720
57.17 1069 53.79 999 50.41 929 47.01 859 43.60 789 40.18 719
57.12 1068 53.75 998 50.36 928 46.96 858 43.55 788 40.13 718
57.07 1067 53.69 997 50.31 927 46.91 857 43.50 787 40.09 717
57.02 1066 53.64 996 50.25 926 46.86 856 43.46 786 40.03 716
56.98 1065 53.60 995 50.21 925 46.81 855 43.40 785 39.98 715
56.93 1064 53.55 994 50.16 924 46.76 854 43.35 784 39.94 714
56.88 1063 53.50 993 50.11 923 46.71 853 43.31 783 39.89 713
56.84 1062 53.46 992 50.07 922 46.67 852 43.26 782 39.84 712
56.79 1061 53.41 991 50.02 921 46.62 851 43.21 781 39.78 711
56.73 1060 53.35 990 49.97 920 46.57 850 43.16 780 39.74 710
56.69 1059 53.31 989 49.92 919 46.52 849 43.11 779 39.69 709
56.64 1058 53.26 988 49.87 918 46.47 848 43.06 778 39.64 708
56.59 1057 53.21 987 49.82 917 46.42 847 43.01 777 39.60 707
56.54 1056 53.16 986 49.77 916 46.38 846 42.97 776 39.54 706
56.50 1055 53.12 985 49.73 915 46.33 845 42.92 775 39.49 705
56.45 1054 53.07 984 49.68 914 46.28 844 42.86 774 39.45 704
56.40 1053 53.02 983 49.63 913 46.23 843 42.82 773 39.40 703
56.35 1052 52.97 982 49.58 912 46.18 842 42.77 772 39.35 702
56.30 1051 52.92 981 49.53 911 46.13 841 42.72 771 39.30 701
56.25 1050 52.87 980 49.48 910 46.08 840 42.68 770 39.25 700
56.20 1049 52.82 979 49.44 909 46.04 839 42.63 769 39.20 699
56.16 1048 52.78 978 49.39 908 45.99 838 42.57 768 39.15 698
56.11 1047 52.73 977 49.34 907 45.94 837 42.52 767 39.11 697
56.06 1046 52.68 976 49.28 906 45.89 836 42.48 766 39.05 696
56.02 1045 52.63 975 49.24 905 45.84 835 42.43 765 39.00 695
55.96 1044 52.58 974 49.19 904 45.79 834 42.38 764 38.96 694
55.91 1043 52.53 973 49.14 903 45.74 833 42.33 763 38.91 693
55.87 1042 52.49 972 49.10 902 45.70 832 42.28 762 38.86 692
55.82 1041 52.44 971 49.05 901 45.64 831 42.23 761 38.81 691
55.77 1040 52.39 970 49.00 900 45.59 830 42.19 760 38.76 690
55.72 1039 52.34 969 48.95 899 45.55 829 42.14 759 38.71 689
55.68 1038 52.29 968 48.90 898 45.50 828 42.09 758 38.66 688
55.63 1037 52.24 967 48.85 897 45.45 827 42.03 757 38.62 687
55.57 1036 52.19 966 48.80 896 45.41 826 41.99 756 38.56 686
55.53 1035 52.15 965 48.76 895 45.35 825 41.94 755 38.51 685
55.48 1034 52.10 964 48.71 894 45.30 824 41.89 754 38.47 684
55.43 1033 52.05 963 48.66 893 45.25 823 41.85 753 38.42 683
55.39 1032 52.01 962 48.61 892 45.21 822 41.79 752 38.37 682
55.34 1031 51.96 961 48.56 891 45.16 821 41.74 751 38.32 681
55.29 1030 51.90 960 48.51 890 45.11 820 41.70 750 38.27 680
55.24 1029 51.86 959 48.47 889 45.06 819 41.65 749 38.22 679
55.19 1028 51.81 958 48.42 888 45.01 818 41.60 748 38.17 678
55.14 1027 51.76 957 48.37 887 44.96 817 41.55 747 38.12 677
55.09 1026 51.71 956 48.31 886 44.92 816 41.50 746 38.07 676
55.05 1025 51.67 955 48.27 885 44.87 815 41.45 745 38.02 675
55.00 1024 51.62 954 48.22 884 44.82 814 41.40 744 37.98 674
54.95 1023 51.56 953 48.17 883 44.77 813 41.36 743 37.93 673
54.91 1022 51.52 952 48.13 882 44.72 812 41.30 742 37.87 672
54.86 1021 51.47 951 48.08 881 44.67 811 41.25 741 37.83 671
54.80 1020 51.42 950 48.02 880 44.62 810 41.21 740 37.78 670
54.76 1019 51.37 949 47.98 879 44.58 809 41.16 739 37.73 669
54.71 1018 51.33 948 47.93 878 44.53 808 41.11 738 37.69 668
54.66 1017 51.28 947 47.88 877 44.47 807 41.07 737 37.63 667
54.61 1016 51.22 946 47.83 876 44.43 806 41.01 736 37.58 666
54.57 1015 51.18 945 47.79 875 44.38 805 40.96 735 37.53 665
54.52 1014 51.13 944 47.74 874 44.33 804 40.91 734 37.49 664
54.47 1013 51.08 943 47.68 873 44.29 803 40.87 733 37.44 663
54.42 1012 51.04 942 47.64 872 44.24 802 40.82 732 37.38 662
54.37 1011 50.99 941 47.59 871 44.18 801 40.76 731 37.34 661
37.29 660 33.84 590 30.39 520 26.90 450 23.41 380 19.88 310
37.24 659 33.80 589 30.33 519 26.86 449 23.35 379 19.83 309
37.19 658 33.75 588 30.28 518 26.81 448 23.31 378 19.79 308
37.14 657 33.69 587 30.24 517 26.75 447 23.26 377 19.73 307
37.09 656 33.65 586 30.19 516 26.71 446 23.20 376 19.68 306
37.04 655 33.60 585 30.13 515 26.66 445 23.16 375 19.63 305
37.00 654 33.55 584 30.09 514 26.60 444 23.11 374 19.58 304
36.94 653 33.50 583 30.04 513 26.56 443 23.05 373 19.53 303
36.89 652 33.45 582 29.98 512 26.51 442 23.01 372 19.48 302
36.85 651 33.40 581 29.94 511 26.46 441 22.96 371 19.43 301
36.80 650 33.35 580 29.89 510 26.41 440 22.90 370 19.38 300
36.74 649 33.30 579 29.84 509 26.36 439 22.86 369 19.33 299
36.70 648 33.25 578 29.79 508 26.31 438 22.81 368 19.28 298
36.65 647 33.20 577 29.74 507 26.25 437 22.75 367 19.22 297
36.60 646 33.16 576 29.69 506 26.21 436 22.71 366 19.17 296
36.56 645 33.10 575 29.64 505 26.16 435 22.66 365 19.13 295
36.50 644 33.05 574 29.59 504 26.10 434 22.60 364 19.07 294
36.45 643 33.01 573 29.54 503 26.06 433 22.55 363 19.02 293
36.40 642 32.96 572 29.49 502 26.01 432 22.51 362 18.98 292
36.36 641 32.90 571 29.45 501 25.96 431 22.45 361 18.92 291
36.31 640 32.86 570 29.39 500 25.91 430 22.40 360 18.87 290
36.25 639 32.81 569 29.34 499 25.86 429 22.36 359 18.82 289
36.21 638 32.76 568 29.30 498 25.81 428 22.30 358 18.77 288
36.16 637 32.71 567 29.24 497 25.76 427 22.25 357 18.72 287
36.11 636 32.66 566 29.19 496 25.71 426 22.21 356 18.67 286
36.06 635 32.61 565 29.15 495 25.66 425 22.15 355 18.62 285
36.01 634 32.56 564 29.10 494 25.61 424 22.10 354 18.56 284
35.96 633 32.52 563 29.04 493 25.56 423 22.06 353 18.52 283
35.91 632 32.46 562 28.99 492 25.51 422 22.00 352 18.47 282
35.87 631 32.41 561 28.95 491 25.46 421 21.95 351 18.41 281
35.81 630 32.37 560 28.90 490 25.41 420 21.91 350 18.36 280
35.76 629 32.32 559 28.84 489 25.36 419 21.85 349 18.32 279
35.72 628 32.26 558 28.80 488 25.31 418 21.80 348 18.26 278
35.67 627 32.21 557 28.75 487 25.26 417 21.74 347 18.21 277
35.61 626 32.17 556 28.69 486 25.21 416 21.70 346 18.16 276
35.57 625 32.12 555 28.65 485 25.16 415 21.65 345 18.11 275
35.52 624 32.06 554 28.60 484 25.11 414 21.59 344 18.06 274
35.47 623 32.02 553 28.55 483 25.06 413 21.55 343 18.01 273
35.42 622 31.97 552 28.50 482 25.01 412 21.50 342 17.96 272
35.37 621 31.92 551 28.45 481 24.96 411 21.44 341 17.90 271
35.32 620 31.87 550 28.40 480 24.91 410 21.40 340 17.86 270
35.27 619 31.82 549 28.35 479 24.86 409 21.35 339 17.81 269
35.23 618 31.77 548 28.30 478 24.81 408 21.29 338 17.75 268
35.17 617 31.73 547 28.25 477 24.76 407 21.25 337 17.71 267
35.12 616 31.67 546 28.20 476 24.71 406 21.20 336 17.65 266
35.08 615 31.62 545 28.15 475 24.66 405 21.14 335 17.60 265
35.03 614 31.57 544 28.10 474 24.61 404 21.10 334 17.56 264
34.97 613 31.53 543 28.05 473 24.56 403 21.05 333 17.50 263
34.93 612 31.47 542 28.01 472 24.51 402 20.99 332 17.45 262
34.88 611 31.42 541 27.95 471 24.46 401 20.94 331 17.40 261
34.83 610 31.38 540 27.90 470 24.41 400 20.90 330 17.35 260
34.79 609 31.33 539 27.86 469 24.36 399 20.84 329 17.30 259
34.73 608 31.27 538 27.80 468 24.31 398 20.79 328 17.24 258
34.68 607 31.23 537 27.75 467 24.26 397 20.74 327 17.20 257
34.63 606 31.18 536 27.70 466 24.21 396 20.69 326 17.14 256
34.59 605 31.12 535 27.66 465 24.16 395 20.64 325 17.09 255
34.53 604 31.08 534 27.60 464 24.11 394 20.59 324 17.05 254
34.48 603 31.03 533 27.55 463 24.06 393 20.54 323 16.99 253
34.44 602 30.98 532 27.51 462 24.00 392 20.49 322 16.94 252
34.39 601 30.92 531 27.45 461 23.96 391 20.44 321 16.89 251
34.33 600 30.88 530 27.40 460 23.91 390 20.39 320 16.84 250
34.29 599 30.83 529 27.36 459 23.85 389 20.34 319 16.78 249
34.24 598 30.78 528 27.31 458 23.81 388 20.29 318 16.74 248
34.19 597 30.73 527 27.25 457 23.76 387 20.24 317 16.69 247
34.14 596 30.68 526 27.21 456 23.71 386 20.18 316 16.63 246
34.09 595 30.63 525 27.16 455 23.66 385 20.13 315 16.59 245
34.04 594 30.59 524 27.10 454 23.61 384 20.09 314 16.53 244
33.99 593 30.53 523 27.06 453 23.56 383 20.03 313 16.48 243
33.95 592 30.48 522 27.01 452 23.51 382 19.98 312 16.43 242
33.89 591 30.44 521 26.95 451 23.46 381 19.94 311 16.38 241
16.33 240 14.28 200 12.22 160 10.13 120 8.02 80 5.86 40
16.27 239 14.23 199 12.16 159 10.08 119 7.96 79 5.80 39
16.23 238 14.18 198 12.11 158 10.02 118 7.91 78 5.76 38
16.17 237 14.13 197 12.06 157 9.98 117 7.86 77 5.70 37
16.12 236 14.07 196 12.01 156 9.92 116 7.80 76 5.64 36
16.08 235 14.02 195 11.95 155 9.87 115 7.75 75 5.59 35
16.02 234 13.97 194 11.91 154 9.82 114 7.70 74 5.53 34
15.97 233 13.92 193 11.85 153 9.76 113 7.64 73 5.48 33
15.92 232 13.86 192 11.80 152 9.71 112 7.59 72 5.42 32
15.87 231 13.82 191 11.75 151 9.66 111 7.54 71 5.37 31
15.81 230 13.76 190 11.70 150 9.61 110 7.48 70 5.32 30
15.77 229 13.71 189 11.64 149 9.55 109 7.43 69 5.26 29
15.72 228 13.67 188 11.60 148 9.50 108 7.38 68 5.20 28
15.66 227 13.61 187 11.54 147 9.45 107 7.32 67 5.15 27
15.62 226 13.56 186 11.49 146 9.39 106 7.27 66 5.09 26
15.56 225 13.51 185 11.44 145 9.34 105 7.22 65 5.03 25
15.51 224 13.46 184 11.39 144 9.29 104 7.16 64 4.98 24
15.46 223 13.40 183 11.33 143 9.23 103 7.10 63 4.92 23
15.41 222 13.36 182 11.28 142 9.18 102 7.06 62 4.86 22
15.36 221 13.30 181 11.23 141 9.13 101 7.00 61 4.82 21
15.30 220 13.25 180 11.17 140 9.08 100 6.94 60 4.76 20
15.26 219 13.20 179 11.12 139 9.02 99 6.90 59 4.70 19
15.20 218 13.15 178 11.07 138 8.97 98 6.84 58 4.65 18
15.15 217 13.09 177 11.02 137 8.92 97 6.78 57 4.59 17
15.10 216 13.05 176 10.96 136 8.86 96 6.73 56 4.53 16
15.05 215 12.99 175 10.92 135 8.82 95 6.68 55 4.48 15
14.99 214 12.94 174 10.86 134 8.76 94 6.62 54 4.42 14
14.95 213 12.89 173 10.81 133 8.70 93 6.57 53 4.35 13
14.90 212 12.84 172 10.76 132 8.66 92 6.51 52 4.30 12
14.84 211 12.78 171 10.71 131 8.60 91 6.46 51 4.24 11
14.80 210 12.73 170 10.65 130 8.54 90 6.41 50 4.19 10
14.74 209 12.68 169 10.60 129 8.50 89 6.35 49 4.13 9
14.69 208 12.63 168 10.55 128 8.44 88 6.29 48 4.07 8
14.64 207 12.57 167 10.49 127 8.39 87 6.25 47 4.02 7
14.59 206 12.53 166 10.45 126 8.34 86 6.19 46 3.95 6
14.53 205 12.47 165 10.39 125 8.28 85 6.13 45 3.89 5
14.49 204 12.42 164 10.34 124 8.23 84 6.08 44 3.84 4
14.44 203 12.37 163 10.29 123 8.18 83 6.03 43 3.78 3
14.38 202 12.32 162 10.24 122 8.12 82 5.97 42 3.71 2
14.34 201 12.26 161 10.18 121 8.07 81 5.92 41 3.65 1
