72.01 1500 68.93 1430 65.84 1360 62.74 1290 59.63 1220 56.52 1150
71.97 1499 68.89 1429 65.79 1359 62.69 1289 59.59 1219 56.48 1149
71.92 1498 68.83 1428 65.75 1358 62.65 1288 59.54 1218 56.43 1148
71.87 1497 68.79 1427 65.70 1357 62.60 1287 59.50 1217 56.39 1147
71.83 1496 68.75 1426 65.66 1356 62.56 1286 59.46 1216 56.34 1146
71.79 1495 68.70 1425 65.62 1355 62.51 1285 59.41 1215 56.30 1145
71.74 1494 68.66 1424 65.56 1354 62.47 1284 59.37 1214 56.26 1144
71.70 1493 68.62 1423 65.52 1353 62.43 1283 59.33 1213 56.21 1143
71.66 1492 68.57 1422 65.48 1352 62.38 1282 59.28 1212 56.17 1142
71.61 1491 68.53 1421 65.43 1351 62.34 1281 59.24 1211 56.13 1141
71.57 1490 68.48 1420 65.39 1350 62.30 1280 59.19 1210 56.07 1140
71.53 1489 68.44 1419 65.35 1349 62.25 1279 59.14 1209 56.03 1139
71.48 1488 68.40 1418 65.30 1348 62.21 1278 59.10 1208 55.99 1138
71.44 1487 68.35 1417 65.26 1347 62.16 1277 59.06 1207 55.94 1137
71.39 1486 68.31 1416 65.22 1346 62.11 1276 59.01 1206 55.90 1136
71.35 1485 68.27 1415 65.17 1345 62.07 1275 58.97 1205 55.86 1135
71.31 1484 68.22 1414 65.13 1344 62.03 1274 58.92 1204 55.81 1134
71.26 1483 68.17 1413 65.09 1343 61.98 1273 58.88 1203 55.77 1133
71.22 1482 68.13 1412 65.04 1342 61.94 1272 58.84 1202 55.73 1132
71.18 1481 68.08 1411 65.00 1341 61.90 1271 58.79 1201 55.67 1131
71.12 1480 68.04 1410 64.95 1340 61.85 1270 58.75 1200 55.63 1130
71.08 1479 68.00 1409 64.90 1339 61.81 1269 58.70 1199 55.59 1129
71.04 1478 67.95 1408 64.86 1338 61.77 1268 58.65 1198 55.54 1128
70.99 1477 67.91 1407 64.82 1337 61.72 1267 58.61 1197 55.50 1127
70.95 1476 67.87 1406 64.77 1336 61.68 1266 58.57 1196 55.46 1126
70.91 1475 67.82 1405 64.73 1335 61.63 1265 58.52 1195 55.41 1125
70.86 1474 67.78 1404 64.68 1334 61.58 1264 58.48 1194 55.37 1124
70.82 1473 67.73 1403 64.64 1333 61.54 1263 58.44 1193 55.33 1123
70.78 1472 67.69 1402 64.60 1332 61.50 1262 58.39 1192 55.28 1122
70.73 1471 67.65 1401 64.55 1331 61.45 1261 58.35 1191 55.23 1121
70.69 1470 67.60 1400 64.51 1330 61.41 1260 58.31 1190 55.19 1120
70.65 1469 67.56 1399 64.47 1329 61.36 1259 58.25 1189 55.14 1119
70.60 1468 67.52 1398 64.42 1328 61.32 1258 58.21 1188 55.10 1118
70.56 1467 67.46 1397 64.37 1327 61.28 1257 58.17 1187 55.06 1117
70.51 1466 67.42 1396 64.33 1326 61.23 1256 58.12 1186 55.01 1116
70.47 1465 67.38 1395 64.28 1325 61.19 1255 58.08 1185 54.97 1115
70.43 1464 67.33 1394 64.24 1324 61.14 1254 58.04 1184 54.92 1114
70.38 1463 67.29 1393 64.20 1323 61.09 1253 57.99 1183 54.88 1113
70.33 1462 67.25 1392 64.15 1322 61.05 1252 57.95 1182 54.83 1112
70.29 1461 67.20 1391 64.11 1321 61.01 1251 57.90 1181 54.78 1111
70.24 1460 67.16 1390 64.07 1320 60.96 1250 57.86 1180 54.74 1110
70.20 1459 67.12 1389 64.02 1319 60.92 1249 57.81 1179 54.70 1109
70.16 1458 67.07 1388 63.98 1318 60.88 1248 57.77 1178 54.65 1108
70.11 1457 67.03 1387 63.94 1317 60.83 1247 57.72 1177 54.61 1107
70.07 1456 66.99 1386 63.89 1316 60.79 1246 57.68 1176 54.57 1106
70.03 1455 66.94 1385 63.85 1315 60.75 1245 57.63 1175 54.52 1105
69.98 1454 66.90 1384 63.80 1314 60.70 1244 57.59 1174 54.48 1104
69.94 1453 66.85 1383 63.75 1313 60.65 1243 57.55 1173 54.43 1103
69.90 1452 66.80 1382 63.71 1312 60.61 1242 57.50 1172 54.38 1102
69.85 1451 66.76 1381 63.67 1311 60.56 1241 57.46 1171 54.34 1101
69.81 1450 66.72 1380 63.62 1310 60.52 1240 57.42 1170 54.30 1100
69.77 1449 66.67 1379 63.58 1309 60.48 1239 57.36 1169 54.25 1099
69.72 1448 66.63 1378 63.53 1308 60.43 1238 57.32 1168 54.21 1098
69.68 1447 66.58 1377 63.49 1307 60.39 1237 57.28 1167 54.17 1097
69.63 1446 66.54 1376 63.45 1306 60.34 1236 57.23 1166 54.12 1096
69.58 1445 66.50 1375 63.40 1305 60.30 1235 57.19 1165 54.07 1095
69.54 1444 66.45 1374 63.36 1304 60.26 1234 57.15 1164 54.03 1094
69.50 1443 66.41 1373 63.32 1303 60.21 1233 57.10 1163 53.98 1093
69.45 1442 66.37 1372 63.26 1302 60.17 1232 57.06 1162 53.94 1092
69.41 1441 66.32 1371 63.22 1301 60.12 1231 57.02 1161 53.90 1091
69.36 1440 66.28 1370 63.18 1300 60.07 1230 56.97 1160 53.85 1090
69.32 1439 66.24 1369 63.13 1299 60.03 1229 56.92 1159 53.81 1089
69.28 1438 66.18 1368 63.09 1298 59.99 1228 56.88 1158 53.77 1088
69.23 1437 66.14 1367 63.05 1297 59.94 1227 56.83 1157 53.72 1087
69.19 1436 66.10 1366 63.00 1296 59.90 1226 56.79 1156 53.67 1086
69.15 1435 66.05 1365 62.96 1295 59.86 1225 56.75 1155 53.63 1085
69.10 1434 66.01 1364 62.92 1294 59.81 1224 56.70 1154 53.58 1084
69.06 1433 65.97 1363 62.87 1293 59.77 1223 56.66 1153 53.54 1083
69.02 1432 65.92 1362 62.83 1292 59.73 1222 56.62 1152 53.50 1082
68.97 1431 65.88 1361 62.78 1291 59.67 1221 56.57 1151 53.45 1081
53.41 1080 50.28 1010 47.15 940 44.01 870 40.85 800 37.69 730
53.36 1079 50.24 1009 47.10 939 43.96 869 40.81 799 37.64 729
53.32 1078 50.19 1008 47.06 938 43.92 868 40.76 798 37.60 728
53.27 1077 50.15 1007 47.01 937 43.87 867 40.72 797 37.56 727
53.23 1076 50.11 1006 46.97 936 43.82 866 40.67 796 37.50 726
53.18 1075 50.05 1005 46.92 935 43.78 865 40.62 795 37.46 725
53.14 1074 50.01 1004 46.88 934 43.73 864 40.58 794 37.42 724
53.09 1073 49.97 1003 46.84 933 43.69 863 40.54 793 37.37 723
53.05 1072 49.92 1002 46.78 932 43.65 862 40.49 792 37.33 722
53.01 1071 49.88 1001 46.74 931 43.60 861 40.45 791 37.28 721
52.96 1070 49.84 1000 46.70 930 43.55 860 40.40 790 37.23 720
52.91 1069 49.79 999 46.65 929 43.51 859 40.35 789 37.19 719
52.87 1068 49.75 998 46.61 928 43.46 858 40.31 788 37.15 718
52.82 1067 49.70 997 46.57 927 43.42 857 40.27 787 37.10 717
52.78 1066 49.65 996 46.51 926 43.38 856 40.22 786 37.05 716
52.74 1065 49.61 995 46.47 925 43.33 855 40.17 785 37.01 715
52.69 1064 49.56 994 46.43 924 43.28 854 40.13 784 36.96 714
52.65 1063 49.52 993 46.38 923 43.24 853 40.08 783 36.92 713
52.61 1062 49.48 992 46.34 922 43.19 852 40.04 782 36.88 712
52.56 1061 49.43 991 46.30 921 43.15 851 40.00 781 36.82 711
52.51 1060 49.38 990 46.25 920 43.11 850 39.95 780 36.78 710
52.47 1059 49.34 989 46.20 919 43.06 849 39.90 779 36.74 709
52.42 1058 49.29 988 46.16 918 43.01 848 39.86 778 36.69 708
52.38 1057 49.25 987 46.11 917 42.97 847 39.81 777 36.65 707
52.34 1056 49.21 986 46.07 916 42.92 846 39.77 776 36.60 706
52.29 1055 49.16 985 46.03 915 42.88 845 39.73 775 36.55 705
52.25 1054 49.12 984 45.98 914 42.84 844 39.67 774 36.51 704
52.21 1053 49.08 983 45.94 913 42.79 843 39.63 773 36.47 703
52.15 1052 49.02 982 45.89 912 42.74 842 39.59 772 36.42 702
52.11 1051 48.98 981 45.84 911 42.70 841 39.54 771 36.37 701
52.07 1050 48.94 980 45.80 910 42.65 840 39.50 770 36.33 700
52.02 1049 48.89 979 45.76 909 42.61 839 39.46 769 36.28 699
51.98 1048 48.85 978 45.71 908 42.57 838 39.40 768 36.24 698
51.94 1047 48.81 977 45.67 907 42.52 837 39.36 767 36.20 697
51.89 1046 48.76 976 45.62 906 42.47 836 39.32 766 36.14 696
51.85 1045 48.71 975 45.57 905 42.43 835 39.27 765 36.10 695
51.80 1044 48.67 974 45.53 904 42.38 834 39.23 764 36.06 694
51.75 1043 48.62 973 45.49 903 42.34 833 39.18 763 36.01 693
51.71 1042 48.58 972 45.44 902 42.30 832 39.13 762 35.97 692
51.67 1041 48.54 971 45.40 901 42.24 831 39.09 761 35.92 691
51.62 1040 48.49 970 45.36 900 42.20 830 39.05 760 35.87 690
51.58 1039 48.45 969 45.30 899 42.16 829 39.00 759 35.83 689
51.53 1038 48.40 968 45.26 898 42.11 828 38.96 758 35.79 688
51.49 1037 48.35 967 45.22 897 42.07 827 38.91 757 35.74 687
51.44 1036 48.31 966 45.17 896 42.03 826 38.86 756 35.69 686
51.39 1035 48.27 965 45.13 895 41.97 825 38.82 755 35.65 685
51.35 1034 48.22 964 45.09 894 41.93 824 38.78 754 35.60 684
51.31 1033 48.18 963 45.04 893 41.89 823 38.73 753 35.56 683
51.26 1032 48.14 962 44.99 892 41.84 822 38.68 752 35.52 682
51.22 1031 48.09 961 44.95 891 41.80 821 38.64 751 35.46 681
51.18 1030 48.04 960 44.90 890 41.76 820 38.59 750 35.42 680
51.13 1029 48.00 959 44.86 889 41.70 819 38.55 749 35.38 679
51.08 1028 47.95 958 44.82 888 41.66 818 38.51 748 35.33 678
51.04 1027 47.91 957 44.77 887 41.62 817 38.45 747 35.28 677
50.99 1026 47.87 956 44.72 886 41.57 816 38.41 746 35.24 676
50.95 1025 47.82 955 44.68 885 41.53 815 38.37 745 35.19 675
50.91 1024 47.78 954 44.63 884 41.49 814 38.32 744 35.15 674
50.86 1023 47.73 953 44.59 883 41.43 813 38.28 743 35.11 673
50.82 1022 47.68 952 44.55 882 41.39 812 38.23 742 35.06 672
50.78 1021 47.64 951 44.50 881 41.35 811 38.18 741 35.01 671
50.72 1020 47.60 950 44.45 880 41.30 810 38.14 740 34.97 670
50.68 1019 47.55 949 44.41 879 41.26 809 38.10 739 34.92 669
50.64 1018 47.51 948 44.36 878 41.22 808 38.05 738 34.88 668
50.59 1017 47.46 947 44.32 877 41.16 807 38.01 737 34.83 667
50.55 1016 47.41 946 44.28 876 41.12 806 37.96 736 34.78 666
50.51 1015 47.37 945 44.23 875 41.08 805 37.91 735 34.74 665
50.46 1014 47.33 944 44.19 874 41.03 804 37.87 734 34.70 664
50.42 1013 47.28 943 44.14 873 40.99 803 37.83 733 34.65 663
50.37 1012 47.24 942 44.09 872 40.95 802 37.78 732 34.60 662
50.32 1011 47.19 941 44.05 871 40.89 801 37.73 731 34.56 661
34.51 660 31.33 590 28.13 520 24.90 450 21.67 380 18.40 310
34.47 659 31.28 589 28.07 519 24.86 449 21.62 379 18.36 309
34.42 658 31.24 588 28.03 518 24.82 448 21.57 378 18.31 308
34.38 657 31.19 587 27.99 517 24.76 447 21.53 377 18.26 307
34.33 656 31.14 586 27.94 516 24.72 446 21.48 376 18.22 306
34.29 655 31.10 585 27.89 515 24.68 445 21.43 375 18.17 305
34.24 654 31.06 584 27.85 514 24.62 444 21.39 374 18.12 304
34.19 653 31.00 583 27.80 513 24.58 443 21.34 373 18.08 303
34.15 652 30.96 582 27.75 512 24.54 442 21.29 372 18.03 302
34.11 651 30.92 581 27.71 511 24.49 441 21.25 371 17.98 301
34.06 650 30.87 580 27.67 510 24.44 440 21.20 370 17.94 300
34.01 649 30.82 579 27.62 509 24.40 439 21.16 369 17.89 299
33.97 648 30.78 578 27.57 508 24.35 438 21.11 368 17.84 298
33.92 647 30.73 577 27.53 507 24.30 437 21.06 367 17.79 297
33.88 646 30.69 576 27.48 506 24.26 436 21.02 366 17.75 296
33.84 645 30.64 575 27.44 505 24.21 435 20.97 365 17.70 295
33.78 644 30.59 574 27.39 504 24.16 434 20.92 364 17.65 294
33.74 643 30.55 573 27.34 503 24.12 433 20.88 363 17.61 293
33.70 642 30.51 572 27.30 502 24.07 432 20.83 362 17.56 292
33.65 641 30.45 571 27.26 501 24.03 431 20.78 361 17.51 291
33.61 640 30.41 570 27.20 500 23.98 430 20.74 360 17.47 290
33.56 639 30.37 569 27.16 499 23.94 429 20.69 359 17.42 289
33.51 638 30.32 568 27.12 498 23.89 428 20.64 358 17.37 288
33.47 637 30.28 567 27.06 497 23.84 427 20.60 357 17.33 287
33.43 636 30.23 566 27.02 496 23.80 426 20.55 356 17.28 286
33.37 635 30.18 565 26.98 495 23.75 425 20.50 355 17.23 285
33.33 634 30.14 564 26.93 494 23.70 424 20.46 354 17.18 284
33.29 633 30.10 563 26.88 493 23.66 423 20.41 353 17.14 283
33.24 632 30.04 562 26.84 492 23.61 422 20.36 352 17.09 282
33.20 631 30.00 561 26.79 491 23.57 421 20.32 351 17.04 281
33.15 630 29.96 560 26.75 490 23.52 420 20.28 350 17.00 280
33.10 629 29.91 559 26.70 489 23.47 419 20.22 349 16.95 279
33.06 628 29.86 558 26.65 488 23.43 418 20.18 348 16.90 278
33.02 627 29.82 557 26.61 487 23.38 417 20.13 347 16.86 277
32.96 626 29.77 556 26.56 486 23.33 416 20.08 346 16.81 276
32.92 625 29.73 555 26.51 485 23.29 415 20.04 345 16.76 275
32.88 624 29.68 554 26.47 484 23.24 414 19.99 344 16.72 274
32.83 623 29.63 553 26.43 483 23.19 413 19.94 343 16.67 273
32.78 622 29.59 552 26.38 482 23.15 412 19.90 342 16.62 272
32.74 621 29.55 551 26.33 481 23.10 411 19.85 341 16.57 271
32.69 620 29.50 550 26.29 480 23.06 410 19.80 340 16.53 270
32.65 619 29.45 549 26.24 479 23.01 409 19.76 339 16.48 269
32.61 618 29.41 548 26.19 478 22.97 408 19.71 338 16.43 268
32.55 617 29.36 547 26.15 477 22.92 407 19.67 337 16.39 267
32.51 616 29.31 546 26.11 476 22.87 406 19.62 336 16.34 266
32.47 615 29.27 545 26.05 475 22.83 405 19.57 335 16.29 265
32.42 614 29.23 544 26.01 474 22.78 404 19.53 334 16.25 264
32.37 613 29.18 543 25.97 473 22.73 403 19.48 333 16.20 263
32.33 612 29.13 542 25.92 472 22.69 402 19.43 332 16.15 262
32.28 611 29.09 541 25.87 471 22.64 401 19.39 331 16.10 261
32.24 610 29.04 540 25.83 470 22.59 400 19.34 330 16.06 260
32.20 609 29.00 539 25.78 469 22.55 399 19.29 329 16.01 259
32.14 608 28.95 538 25.73 468 22.50 398 19.25 328 15.96 258
32.10 607 28.90 537 25.69 467 22.45 397 19.19 327 15.92 257
32.06 606 28.86 536 25.64 466 22.41 396 19.15 326 15.87 256
32.01 605 28.81 535 25.60 465 22.36 395 19.11 325 15.82 255
31.96 604 28.76 534 25.55 464 22.31 394 19.06 324 15.78 254
31.92 603 28.72 533 25.50 463 22.27 393 19.01 323 15.73 253
31.87 602 28.68 532 25.46 462 22.22 392 18.97 322 15.68 252
31.83 601 28.62 531 25.41 461 22.17 391 18.92 321 15.63 251
31.78 600 28.58 530 25.36 460 22.13 390 18.87 320 15.59 250
31.73 599 28.54 529 25.32 459 22.08 389 18.83 319 15.53 249
31.69 598 28.49 528 25.28 458 22.04 388 18.78 318 15.49 248
31.65 597 28.44 527 25.23 457 21.99 387 18.73 317 15.45 247
31.60 596 28.40 526 25.18 456 21.95 386 18.68 316 15.39 246
31.55 595 28.35 525 25.14 455 21.90 385 18.64 315 15.35 245
31.51 594 28.31 524 25.09 454 21.85 384 18.59 314 15.30 244
31.46 593 28.26 523 25.04 453 21.81 383 18.54 313 15.26 243
31.42 592 28.21 522 25.00 452 21.76 382 18.50 312 15.21 242
31.37 591 28.17 521 24.95 451 21.71 381 18.45 311 15.16 241
15.12 240 13.22 200 11.31 160 9.37 120 7.42 80 5.43 40
15.06 239 13.17 199 11.26 159 9.33 119 7.37 79 5.37 39
15.02 238 13.12 198 11.21 158 9.28 118 7.33 78 5.33 38
14.97 237 13.08 197 11.16 157 9.23 117 7.27 77 5.28 37
14.92 236 13.02 196 11.12 156 9.18 116 7.22 76 5.23 36
14.88 235 12.98 195 11.06 155 9.14 115 7.18 75 5.17 35
14.83 234 12.93 194 11.02 154 9.09 114 7.12 74 5.12 34
14.78 233 12.89 193 10.97 153 9.03 113 7.07 73 5.07 33
14.73 232 12.83 192 10.92 152 8.99 112 7.03 72 5.02 32
14.69 231 12.79 191 10.87 151 8.94 111 6.98 71 4.97 31
14.64 230 12.74 190 10.83 150 8.89 110 6.92 70 4.92 30
14.59 229 12.69 189 10.78 149 8.84 109 6.88 69 4.87 29
14.55 228 12.65 188 10.73 148 8.79 108 6.83 68 4.82 28
14.50 227 12.60 187 10.68 147 8.75 107 6.78 67 4.76 27
14.45 226 12.55 186 10.64 146 8.69 106 6.73 66 4.71 26
14.40 225 12.50 185 10.58 145 8.65 105 6.68 65 4.66 25
14.36 224 12.46 184 10.54 144 8.60 104 6.63 64 4.61 24
14.31 223 12.41 183 10.49 143 8.55 103 6.58 63 4.55 23
14.26 222 12.36 182 10.44 142 8.50 102 6.53 62 4.50 22
14.22 221 12.31 181 10.39 141 8.45 101 6.48 61 4.46 21
14.17 220 12.27 180 10.34 140 8.41 100 6.43 60 4.41 20
14.12 219 12.21 179 10.30 139 8.35 99 6.38 59 4.35 19
14.07 218 12.17 178 10.24 138 8.30 98 6.33 58 4.30 18
14.03 217 12.12 177 10.20 137 8.26 97 6.28 57 4.25 17
13.97 216 12.07 176 10.15 136 8.21 96 6.23 56 4.20 16
13.93 215 12.02 175 10.11 135 8.16 95 6.18 55 4.14 15
13.88 214 11.98 174 10.05 134 8.11 94 6.13 54 4.09 14
13.84 213 11.93 173 10.01 133 8.06 93 6.08 53 4.03 13
13.79 212 11.88 172 9.96 132 8.01 92 6.03 52 3.98 12
13.74 211 11.83 171 9.91 131 7.96 91 5.98 51 3.93 11
13.70 210 11.79 170 9.86 130 7.91 90 5.93 50 3.87 10
13.64 209 11.73 169 9.81 129 7.87 89 5.88 49 3.82 9
13.60 208 11.69 168 9.77 128 7.81 88 5.83 48 3.77 8
13.55 207 11.64 167 9.71 127 7.77 87 5.78 47 3.72 7
13.50 206 11.60 166 9.67 126 7.72 86 5.73 46 3.66 6
13.45 205 11.54 165 9.62 125 7.67 85 5.68 45 3.60 5
13.41 204 11.50 164 9.57 124 7.62 84 5.63 44 3.55 4
13.36 203 11.45 163 9.52 123 7.57 83 5.58 43 3.50 3
13.31 202 11.40 162 9.48 122 7.52 82 5.53 42 3.44 2
13.27 201 11.35 161 9.43 121 7.47 81 5.48 41 3.38 1
