66.22 1500 63.38 1430 60.54 1360 57.69 1290 54.83 1220 51.97 1150
66.18 1499 63.34 1429 60.50 1359 57.65 1289 54.79 1219 51.93 1149
66.13 1498 63.30 1428 60.46 1358 57.61 1288 54.75 1218 51.89 1148
66.09 1497 63.26 1427 60.42 1357 57.57 1287 54.71 1217 51.85 1147
66.05 1496 63.22 1426 60.38 1356 57.53 1286 54.67 1216 51.81 1146
66.01 1495 63.18 1425 60.34 1355 57.49 1285 54.63 1215 51.77 1145
65.97 1494 63.14 1424 60.29 1354 57.45 1284 54.59 1214 51.73 1144
65.93 1493 63.09 1423 60.25 1353 57.41 1283 54.55 1213 51.69 1143
65.89 1492 63.05 1422 60.21 1352 57.37 1282 54.51 1212 51.65 1142
65.85 1491 63.01 1421 60.17 1351 57.33 1281 54.47 1211 51.61 1141
65.81 1490 62.97 1420 60.13 1350 57.29 1280 54.42 1210 51.56 1140
65.77 1489 62.93 1419 60.09 1349 57.25 1279 54.38 1209 51.52 1139
65.73 1488 62.89 1418 60.05 1348 57.21 1278 54.34 1208 51.48 1138
65.69 1487 62.85 1417 60.01 1347 57.16 1277 54.30 1207 51.44 1137
65.65 1486 62.81 1416 59.97 1346 57.12 1276 54.26 1206 51.40 1136
65.61 1485 62.77 1415 59.93 1345 57.08 1275 54.22 1205 51.36 1135
65.57 1484 62.73 1414 59.89 1344 57.04 1274 54.18 1204 51.32 1134
65.53 1483 62.69 1413 59.85 1343 57.00 1273 54.14 1203 51.28 1133
65.49 1482 62.65 1412 59.81 1342 56.96 1272 54.10 1202 51.24 1132
65.45 1481 62.61 1411 59.77 1341 56.92 1271 54.06 1201 51.19 1131
65.40 1480 62.57 1410 59.72 1340 56.88 1270 54.02 1200 51.15 1130
65.36 1479 62.53 1409 59.68 1339 56.84 1269 53.98 1199 51.11 1129
65.32 1478 62.49 1408 59.64 1338 56.80 1268 53.94 1198 51.07 1128
65.28 1477 62.45 1407 59.60 1337 56.76 1267 53.90 1197 51.03 1127
65.24 1476 62.41 1406 59.56 1336 56.72 1266 53.86 1196 50.99 1126
65.20 1475 62.37 1405 59.52 1335 56.67 1265 53.82 1195 50.95 1125
65.16 1474 62.33 1404 59.48 1334 56.63 1264 53.78 1194 50.91 1124
65.12 1473 62.29 1403 59.44 1333 56.59 1263 53.74 1193 50.87 1123
65.08 1472 62.25 1402 59.40 1332 56.55 1262 53.70 1192 50.83 1122
65.04 1471 62.21 1401 59.36 1331 56.51 1261 53.66 1191 50.79 1121
65.00 1470 62.17 1400 59.32 1330 56.47 1260 53.62 1190 50.75 1120
64.96 1469 62.13 1399 59.28 1329 56.43 1259 53.57 1189 50.71 1119
64.92 1468 62.09 1398 59.24 1328 56.39 1258 53.53 1188 50.67 1118
64.88 1467 62.04 1397 59.19 1327 56.35 1257 53.49 1187 50.63 1117
64.84 1466 62.00 1396 59.15 1326 56.31 1256 53.45 1186 50.59 1116
64.80 1465 61.96 1395 59.11 1325 56.27 1255 53.41 1185 50.55 1115
64.76 1464 61.92 1394 59.07 1324 56.22 1254 53.37 1184 50.51 1114
64.72 1463 61.88 1393 59.03 1323 56.18 1253 53.33 1183 50.47 1113
64.67 1462 61.84 1392 58.99 1322 56.14 1252 53.29 1182 50.42 1112
64.63 1461 61.80 1391 58.95 1321 56.10 1251 53.25 1181 50.38 1111
64.59 1460 61.76 1390 58.91 1320 56.06 1250 53.21 1180 50.34 1110
64.55 1459 61.72 1389 58.87 1319 56.02 1249 53.16 1179 50.30 1109
64.51 1458 61.68 1388 58.83 1318 55.98 1248 53.12 1178 50.26 1108
64.47 1457 61.64 1387 58.79 1317 55.94 1247 53.08 1177 50.22 1107
64.43 1456 61.60 1386 58.75 1316 55.90 1246 53.04 1176 50.18 1106
64.39 1455 61.56 1385 58.71 1315 55.86 1245 53.00 1175 50.14 1105
64.35 1454 61.52 1384 58.66 1314 55.82 1244 52.96 1174 50.10 1104
64.31 1453 61.48 1383 58.62 1313 55.77 1243 52.92 1173 50.05 1103
64.27 1452 61.43 1382 58.58 1312 55.73 1242 52.88 1172 50.01 1102
64.23 1451 61.39 1381 58.54 1311 55.69 1241 52.84 1171 49.97 1101
64.19 1450 61.35 1380 58.50 1310 55.65 1240 52.80 1170 49.93 1100
64.15 1449 61.31 1379 58.46 1309 55.61 1239 52.75 1169 49.89 1099
64.11 1448 61.27 1378 58.42 1308 55.57 1238 52.71 1168 49.85 1098
64.07 1447 61.23 1377 58.38 1307 55.53 1237 52.67 1167 49.81 1097
64.03 1446 61.19 1376 58.34 1306 55.49 1236 52.63 1166 49.77 1096
63.98 1445 61.15 1375 58.30 1305 55.45 1235 52.59 1165 49.72 1095
63.94 1444 61.11 1374 58.26 1304 55.41 1234 52.55 1164 49.68 1094
63.90 1443 61.07 1373 58.22 1303 55.37 1233 52.51 1163 49.64 1093
63.86 1442 61.03 1372 58.17 1302 55.33 1232 52.47 1162 49.60 1092
63.82 1441 60.99 1371 58.13 1301 55.28 1231 52.43 1161 49.56 1091
63.78 1440 60.95 1370 58.09 1300 55.24 1230 52.39 1160 49.52 1090
63.74 1439 60.91 1369 58.05 1299 55.20 1229 52.34 1159 49.48 1089
63.70 1438 60.86 1368 58.01 1298 55.16 1228 52.30 1158 49.44 1088
63.66 1437 60.82 1367 57.97 1297 55.12 1227 52.26 1157 49.40 1087
63.62 1436 60.78 1366 57.93 1296 55.08 1226 52.22 1156 49.35 1086
63.58 1435 60.74 1365 57.89 1295 55.04 1225 52.18 1155 49.31 1085
63.54 1434 60.70 1364 57.85 1294 55.00 1224 52.14 1154 49.27 1084
63.50 1433 60.66 1363 57.81 1293 54.96 1223 52.10 1153 49.23 1083
63.46 1432 60.62 1362 57.77 1292 54.92 1222 52.06 1152 49.19 1082
63.42 1431 60.58 1361 57.73 1291 54.87 1221 52.02 1151 49.15 1081
49.11 1080 46.23 1010 43.36 940 40.46 870 37.56 800 34.66 730
49.07 1079 46.19 1009 43.31 939 40.42 869 37.52 799 34.62 729
49.03 1078 46.15 1008 43.27 938 40.38 868 37.48 798 34.58 728
48.98 1077 46.11 1007 43.23 937 40.34 867 37.44 797 34.54 727
48.94 1076 46.07 1006 43.19 936 40.30 866 37.40 796 34.49 726
48.90 1075 46.03 1005 43.15 935 40.26 865 37.36 795 34.45 725
48.86 1074 45.99 1004 43.11 934 40.22 864 37.32 794 34.41 724
48.82 1073 45.95 1003 43.07 933 40.18 863 37.28 793 34.37 723
48.78 1072 45.91 1002 43.02 932 40.14 862 37.24 792 34.33 722
48.74 1071 45.87 1001 42.98 931 40.09 861 37.20 791 34.28 721
48.70 1070 45.83 1000 42.94 930 40.05 860 37.15 790 34.24 720
48.65 1069 45.79 999 42.90 929 40.01 859 37.11 789 34.20 719
48.61 1068 45.75 998 42.86 928 39.97 858 37.07 788 34.16 718
48.57 1067 45.70 997 42.82 927 39.93 857 37.03 787 34.12 717
48.53 1066 45.66 996 42.77 926 39.89 856 36.99 786 34.07 716
48.49 1065 45.62 995 42.73 925 39.84 855 36.94 785 34.03 715
48.45 1064 45.58 994 42.69 924 39.80 854 36.90 784 33.99 714
48.41 1063 45.54 993 42.65 923 39.76 853 36.86 783 33.95 713
48.37 1062 45.50 992 42.61 922 39.72 852 36.82 782 33.91 712
48.33 1061 45.46 991 42.57 921 39.68 851 36.78 781 33.86 711
48.29 1060 45.41 990 42.53 920 39.64 850 36.74 780 33.82 710
48.25 1059 45.37 989 42.48 919 39.59 849 36.69 779 33.78 709
48.21 1058 45.33 988 42.44 918 39.55 848 36.65 778 33.74 708
48.17 1057 45.29 987 42.40 917 39.51 847 36.61 777 33.70 707
48.13 1056 45.25 986 42.36 916 39.47 846 36.57 776 33.65 706
48.09 1055 45.21 985 42.32 915 39.43 845 36.53 775 33.61 705
48.05 1054 45.17 984 42.28 914 39.39 844 36.48 774 33.57 704
48.01 1053 45.13 983 42.24 913 39.35 843 36.44 773 33.53 703
47.96 1052 45.08 982 42.20 912 39.30 842 36.40 772 33.49 702
47.92 1051 45.04 981 42.16 911 39.26 841 36.36 771 33.45 701
47.88 1050 45.00 980 42.12 910 39.22 840 36.32 770 33.41 700
47.84 1049 44.96 979 42.08 909 39.18 839 36.28 769 33.37 699
47.80 1048 44.92 978 42.04 908 39.14 838 36.23 768 33.32 698
47.76 1047 44.88 977 42.00 907 39.10 837 36.19 767 33.28 697
47.72 1046 44.84 976 41.95 906 39.05 836 36.15 766 33.24 696
47.68 1045 44.79 975 41.91 905 39.01 835 36.11 765 33.20 695
47.63 1044 44.75 974 41.87 904 38.97 834 36.07 764 33.16 694
47.59 1043 44.71 973 41.83 903 38.93 833 36.03 763 33.12 693
47.55 1042 44.67 972 41.79 902 38.89 832 35.99 762 33.08 692
47.51 1041 44.63 971 41.75 901 38.85 831 35.95 761 33.03 691
47.47 1040 44.59 970 41.71 900 38.81 830 35.91 760 32.99 690
47.43 1039 44.55 969 41.66 899 38.77 829 35.87 759 32.95 689
47.39 1038 44.50 968 41.62 898 38.73 828 35.83 758 32.91 688
47.35 1037 44.46 967 41.58 897 38.69 827 35.78 757 32.87 687
47.30 1036 44.42 966 41.54 896 38.65 826 35.74 756 32.82 686
47.26 1035 44.38 965 41.50 895 38.60 825 35.70 755 32.78 685
47.22 1034 44.34 964 41.46 894 38.56 824 35.66 754 32.74 684
47.18 1033 44.30 963 41.42 893 38.52 823 35.62 753 32.70 683
47.14 1032 44.26 962 41.37 892 38.48 822 35.57 752 32.66 682
47.10 1031 44.22 961 41.33 891 38.44 821 35.53 751 32.61 681
47.06 1030 44.18 960 41.29 890 38.40 820 35.49 750 32.57 680
47.02 1029 44.14 959 41.25 889 38.35 819 35.45 749 32.53 679
46.97 1028 44.10 958 41.21 888 38.31 818 35.41 748 32.49 678
46.93 1027 44.06 957 41.17 887 38.27 817 35.36 747 32.44 677
46.89 1026 44.01 956 41.12 886 38.23 816 35.32 746 32.40 676
46.85 1025 43.97 955 41.08 885 38.19 815 35.28 745 32.36 675
46.81 1024 43.93 954 41.04 884 38.15 814 35.24 744 32.32 674
46.77 1023 43.89 953 41.00 883 38.10 813 35.20 743 32.28 673
46.73 1022 43.85 952 40.96 882 38.06 812 35.15 742 32.24 672
46.69 1021 43.81 951 40.92 881 38.02 811 35.11 741 32.20 671
46.64 1020 43.77 950 40.87 880 37.98 810 35.07 740 32.16 670
46.60 1019 43.73 949 40.83 879 37.94 809 35.03 739 32.11 669
46.56 1018 43.69 948 40.79 878 37.90 808 34.99 738 32.07 668
46.52 1017 43.65 947 40.75 877 37.85 807 34.95 737 32.03 667
46.48 1016 43.60 946 40.71 876 37.81 806 34.90 736 31.99 666
46.44 1015 43.56 945 40.67 875 37.77 805 34.86 735 31.95 665
46.40 1014 43.52 944 40.63 874 37.73 804 34.82 734 31.91 664
46.36 1013 43.48 943 40.59 873 37.69 803 34.78 733 31.87 663
46.31 1012 43.44 942 40.55 872 37.65 802 34.74 732 31.82 662
46.27 1011 43.40 941 40.51 871 37.60 801 34.70 731 31.78 661
31.74 660 28.81 590 25.86 520 22.90 450 19.93 380 16.92 310
31.70 659 28.77 589 25.82 519 22.86 449 19.88 379 16.88 309
31.65 658 28.73 588 25.78 518 22.82 448 19.84 378 16.84 308
31.61 657 28.68 587 25.74 517 22.77 447 19.80 377 16.79 307
31.57 656 28.64 586 25.70 516 22.73 446 19.75 376 16.75 306
31.53 655 28.60 585 25.65 515 22.69 445 19.71 375 16.71 305
31.49 654 28.56 584 25.61 514 22.64 444 19.67 374 16.66 304
31.44 653 28.51 583 25.57 513 22.60 443 19.62 373 16.62 303
31.40 652 28.47 582 25.52 512 22.56 442 19.58 372 16.58 302
31.36 651 28.43 581 25.48 511 22.52 441 19.54 371 16.54 301
31.32 650 28.39 580 25.44 510 22.47 440 19.49 370 16.50 300
31.27 649 28.34 579 25.40 509 22.43 439 19.45 369 16.45 299
31.23 648 28.30 578 25.35 508 22.39 438 19.41 368 16.41 298
31.19 647 28.26 577 25.31 507 22.35 437 19.37 367 16.36 297
31.15 646 28.22 576 25.27 506 22.31 436 19.33 366 16.32 296
31.11 645 28.17 575 25.23 505 22.27 435 19.29 365 16.28 295
31.07 644 28.13 574 25.18 504 22.22 434 19.24 364 16.23 294
31.03 643 28.09 573 25.14 503 22.18 433 19.20 363 16.19 293
30.99 642 28.05 572 25.10 502 22.14 432 19.16 362 16.15 292
30.94 641 28.00 571 25.06 501 22.10 431 19.11 361 16.10 291
30.90 640 27.96 570 25.02 500 22.05 430 19.07 360 16.06 290
30.86 639 27.92 569 24.97 499 22.01 429 19.03 359 16.02 289
30.82 638 27.88 568 24.93 498 21.97 428 18.98 358 15.98 288
30.78 637 27.84 567 24.89 497 21.92 427 18.94 357 15.94 287
30.74 636 27.80 566 24.85 496 21.88 426 18.90 356 15.89 286
30.69 635 27.76 565 24.81 495 21.84 425 18.85 355 15.85 285
30.65 634 27.72 564 24.77 494 21.79 424 18.81 354 15.80 284
30.61 633 27.68 563 24.72 493 21.75 423 18.77 353 15.76 283
30.57 632 27.63 562 24.68 492 21.71 422 18.72 352 15.72 282
30.53 631 27.59 561 24.64 491 21.67 421 18.68 351 15.67 281
30.48 630 27.55 560 24.60 490 21.63 420 18.64 350 15.63 280
30.44 629 27.51 559 24.55 489 21.59 419 18.60 349 15.59 279
30.40 628 27.46 558 24.51 488 21.55 418 18.56 348 15.54 278
30.36 627 27.42 557 24.47 487 21.50 417 18.51 347 15.50 277
30.31 626 27.38 556 24.42 486 21.46 416 18.47 346 15.45 276
30.27 625 27.34 555 24.38 485 21.42 415 18.43 345 15.41 275
30.23 624 27.29 554 24.34 484 21.37 414 18.38 344 15.37 274
30.19 623 27.25 553 24.30 483 21.33 413 18.34 343 15.33 273
30.14 622 27.21 552 24.25 482 21.29 412 18.30 342 15.29 272
30.10 621 27.17 551 24.21 481 21.24 411 18.25 341 15.24 271
30.06 620 27.12 550 24.17 480 21.20 410 18.21 340 15.20 270
30.02 619 27.08 549 24.13 479 21.16 409 18.17 339 15.16 269
29.98 618 27.04 548 24.09 478 21.12 408 18.12 338 15.11 268
29.94 617 27.00 547 24.05 477 21.07 407 18.08 337 15.07 267
29.90 616 26.95 546 24.01 476 21.03 406 18.04 336 15.02 266
29.86 615 26.91 545 23.96 475 20.99 405 18.00 335 14.98 265
29.82 614 26.87 544 23.92 474 20.94 404 17.96 334 14.94 264
29.77 613 26.83 543 23.88 473 20.90 403 17.92 333 14.89 263
29.73 612 26.79 542 23.84 472 20.86 402 17.87 332 14.85 262
29.69 611 26.75 541 23.79 471 20.82 401 17.83 331 14.81 261
29.65 610 26.71 540 23.75 470 20.78 400 17.79 330 14.77 260
29.61 609 26.67 539 23.71 469 20.74 399 17.74 329 14.73 259
29.56 608 26.62 538 23.66 468 20.69 398 17.70 328 14.68 258
29.52 607 26.58 537 23.62 467 20.65 397 17.65 327 14.64 257
29.48 606 26.54 536 23.58 466 20.61 396 17.61 326 14.59 256
29.44 605 26.49 535 23.54 465 20.56 395 17.57 325 14.55 255
29.39 604 26.45 534 23.49 464 20.52 394 17.52 324 14.51 254
29.35 603 26.41 533 23.45 463 20.48 393 17.48 323 14.46 253
29.31 602 26.37 532 23.41 462 20.43 392 17.44 322 14.42 252
29.27 601 26.32 531 23.36 461 20.39 391 17.39 321 14.37 251
29.22 600 26.28 530 23.32 460 20.35 390 17.35 320 14.33 250
29.18 599 26.24 529 23.28 459 20.30 389 17.31 319 14.28 249
29.14 598 26.20 528 23.24 458 20.26 388 17.27 318 14.24 248
29.10 597 26.15 527 23.20 457 20.22 387 17.23 317 14.20 247
29.05 596 26.11 526 23.16 456 20.18 386 17.18 316 14.16 246
29.01 595 26.07 525 23.12 455 20.13 385 17.14 315 14.12 245
28.97 594 26.03 524 23.07 454 20.09 384 17.10 314 14.07 244
28.93 593 25.98 523 23.03 453 20.05 383 17.05 313 14.03 243
28.89 592 25.94 522 22.99 452 20.01 382 17.01 312 13.99 242
28.85 591 25.90 521 22.94 451 19.97 381 16.97 311 13.94 241
13.90 240 12.15 200 10.40 160 8.62 120 6.82 80 4.99 40
13.85 239 12.11 199 10.35 159 8.58 119 6.78 79 4.94 39
13.81 238 12.07 198 10.31 158 8.53 118 6.74 78 4.90 38
13.76 237 12.03 197 10.26 157 8.49 117 6.69 77 4.85 37
13.72 236 11.98 196 10.22 156 8.44 116 6.64 76 4.81 36
13.68 235 11.94 195 10.17 155 8.40 115 6.60 75 4.76 35
13.64 234 11.89 194 10.13 154 8.36 114 6.55 74 4.71 34
13.60 233 11.85 193 10.09 153 8.31 113 6.50 73 4.66 33
13.55 232 11.80 192 10.05 152 8.27 112 6.46 72 4.61 32
13.51 231 11.76 191 10.00 151 8.22 111 6.42 71 4.57 31
13.46 230 11.71 190 9.96 150 8.18 110 6.37 70 4.52 30
13.42 229 11.67 189 9.91 149 8.13 109 6.33 69 4.48 29
13.38 228 11.63 188 9.87 148 8.08 108 6.28 68 4.43 28
13.33 227 11.58 187 9.82 147 8.04 107 6.23 67 4.38 27
13.29 226 11.54 186 9.78 146 7.99 106 6.19 66 4.33 26
13.24 225 11.50 185 9.73 145 7.95 105 6.14 65 4.28 25
13.20 224 11.46 184 9.69 144 7.91 104 6.10 64 4.24 24
13.16 223 11.41 183 9.65 143 7.86 103 6.05 63 4.19 23
13.12 222 11.37 182 9.60 142 7.82 102 6.01 62 4.14 22
13.07 221 11.32 181 9.56 141 7.77 101 5.96 61 4.10 21
13.03 220 11.28 180 9.51 140 7.73 100 5.91 60 4.05 20
12.99 219 11.23 179 9.47 139 7.68 99 5.87 59 4.00 19
12.94 218 11.19 178 9.42 138 7.63 98 5.82 58 3.96 18
12.90 217 11.14 177 9.38 137 7.59 97 5.77 57 3.91 17
12.85 216 11.10 176 9.33 136 7.55 96 5.73 56 3.86 16
12.81 215 11.06 175 9.29 135 7.51 95 5.69 55 3.81 15
12.76 214 11.02 174 9.24 134 7.46 94 5.64 54 3.76 14
12.72 213 10.97 173 9.20 133 7.41 93 5.59 53 3.71 13
12.68 212 10.93 172 9.16 132 7.37 92 5.54 52 3.66 12
12.63 211 10.88 171 9.12 131 7.32 91 5.50 51 3.61 11
12.59 210 10.84 170 9.07 130 7.27 90 5.45 50 3.56 10
12.55 209 10.79 169 9.02 129 7.23 89 5.41 49 3.51 9
12.51 208 10.75 168 8.98 128 7.19 88 5.36 48 3.47 8
12.46 207 10.70 167 8.93 127 7.14 87 5.32 47 3.42 7
12.42 206 10.66 166 8.89 126 7.10 86 5.27 46 3.36 6
12.37 205 10.61 165 8.84 125 7.05 85 5.22 45 3.31 5
12.33 204 10.57 164 8.80 124 7.01 84 5.17 44 3.27 4
12.29 203 10.53 163 8.76 123 6.96 83 5.13 43 3.22 3
12.24 202 10.49 162 8.72 122 6.91 82 5.09 42 3.16 2
12.20 201 10.44 161 8.67 121 6.87 81 5.04 41 3.11 1
