62.86 1500 60.16 1430 57.46 1360 54.76 1290 52.05 1220 49.33 1150
62.82 1499 60.13 1429 57.42 1359 54.72 1289 52.01 1219 49.29 1149
62.77 1498 60.08 1428 57.39 1358 54.68 1288 51.97 1218 49.26 1148
62.73 1497 60.04 1427 57.35 1357 54.64 1287 51.93 1217 49.22 1147
62.70 1496 60.00 1426 57.31 1356 54.60 1286 51.90 1216 49.18 1146
62.66 1495 59.97 1425 57.27 1355 54.56 1285 51.86 1215 49.14 1145
62.62 1494 59.93 1424 57.23 1354 54.53 1284 51.82 1214 49.10 1144
62.58 1493 59.89 1423 57.19 1353 54.49 1283 51.78 1213 49.07 1143
62.54 1492 59.85 1422 57.15 1352 54.45 1282 51.74 1212 49.03 1142
62.51 1491 59.81 1421 57.11 1351 54.41 1281 51.71 1211 48.99 1141
62.47 1490 59.78 1420 57.08 1350 54.37 1280 51.66 1210 48.94 1140
62.43 1489 59.74 1419 57.04 1349 54.34 1279 51.62 1209 48.91 1139
62.39 1488 59.70 1418 57.00 1348 54.30 1278 51.58 1208 48.87 1138
62.35 1487 59.66 1417 56.96 1347 54.25 1277 51.55 1207 48.83 1137
62.32 1486 59.62 1416 56.92 1346 54.22 1276 51.51 1206 48.79 1136
62.28 1485 59.59 1415 56.88 1345 54.18 1275 51.47 1205 48.75 1135
62.24 1484 59.55 1414 56.85 1344 54.14 1274 51.43 1204 48.72 1134
62.20 1483 59.50 1413 56.81 1343 54.10 1273 51.39 1203 48.68 1133
62.16 1482 59.46 1412 56.77 1342 54.06 1272 51.36 1202 48.64 1132
62.13 1481 59.43 1411 56.73 1341 54.02 1271 51.32 1201 48.59 1131
62.08 1480 59.39 1410 56.69 1340 53.99 1270 51.28 1200 48.56 1130
62.04 1479 59.35 1409 56.65 1339 53.95 1269 51.23 1199 48.52 1129
62.00 1478 59.31 1408 56.61 1338 53.91 1268 51.20 1198 48.48 1128
61.97 1477 59.27 1407 56.57 1337 53.87 1267 51.16 1197 48.44 1127
61.93 1476 59.24 1406 56.54 1336 53.83 1266 51.12 1196 48.40 1126
61.89 1475 59.20 1405 56.50 1335 53.79 1265 51.08 1195 48.37 1125
61.85 1474 59.16 1404 56.46 1334 53.75 1264 51.04 1194 48.33 1124
61.81 1473 59.12 1403 56.42 1333 53.71 1263 51.01 1193 48.29 1123
61.78 1472 59.08 1402 56.38 1332 53.68 1262 50.97 1192 48.25 1122
61.74 1471 59.05 1401 56.34 1331 53.64 1261 50.93 1191 48.21 1121
61.70 1470 59.01 1400 56.31 1330 53.60 1260 50.89 1190 48.17 1120
61.66 1469 58.97 1399 56.27 1329 53.56 1259 50.85 1189 48.13 1119
61.62 1468 58.93 1398 56.23 1328 53.52 1258 50.81 1188 48.09 1118
61.59 1467 58.89 1397 56.19 1327 53.48 1257 50.77 1187 48.05 1117
61.55 1466 58.85 1396 56.15 1326 53.45 1256 50.73 1186 48.02 1116
61.51 1465 58.81 1395 56.11 1325 53.41 1255 50.69 1185 47.98 1115
61.47 1464 58.77 1394 56.07 1324 53.36 1254 50.66 1184 47.94 1114
61.43 1463 58.73 1393 56.03 1323 53.33 1253 50.62 1183 47.90 1113
61.39 1462 58.70 1392 55.99 1322 53.29 1252 50.58 1182 47.86 1112
61.35 1461 58.66 1391 55.96 1321 53.25 1251 50.54 1181 47.82 1111
61.31 1460 58.62 1390 55.92 1320 53.21 1250 50.50 1180 47.78 1110
61.27 1459 58.58 1389 55.88 1319 53.17 1249 50.46 1179 47.74 1109
61.24 1458 58.54 1388 55.84 1318 53.13 1248 50.42 1178 47.70 1108
61.20 1457 58.51 1387 55.80 1317 53.10 1247 50.38 1177 47.67 1107
61.16 1456 58.47 1386 55.77 1316 53.06 1246 50.34 1176 47.63 1106
61.12 1455 58.43 1385 55.73 1315 53.02 1245 50.31 1175 47.59 1105
61.08 1454 58.39 1384 55.68 1314 52.98 1244 50.27 1174 47.55 1104
61.05 1453 58.35 1383 55.65 1313 52.94 1243 50.23 1173 47.51 1103
61.01 1452 58.31 1382 55.61 1312 52.90 1242 50.19 1172 47.47 1102
60.97 1451 58.27 1381 55.57 1311 52.86 1241 50.15 1171 47.43 1101
60.93 1450 58.23 1380 55.53 1310 52.82 1240 50.12 1170 47.39 1100
60.89 1449 58.19 1379 55.49 1309 52.79 1239 50.07 1169 47.35 1099
60.86 1448 58.16 1378 55.45 1308 52.75 1238 50.03 1168 47.32 1098
60.82 1447 58.12 1377 55.42 1307 52.71 1237 49.99 1167 47.28 1097
60.78 1446 58.08 1376 55.38 1306 52.67 1236 49.96 1166 47.24 1096
60.73 1445 58.04 1375 55.34 1305 52.63 1235 49.92 1165 47.19 1095
60.70 1444 58.00 1374 55.30 1304 52.59 1234 49.88 1164 47.16 1094
60.66 1443 57.96 1373 55.26 1303 52.56 1233 49.84 1163 47.12 1093
60.62 1442 57.93 1372 55.22 1302 52.52 1232 49.80 1162 47.08 1092
60.58 1441 57.89 1371 55.18 1301 52.47 1231 49.77 1161 47.04 1091
60.54 1440 57.85 1370 55.14 1300 52.44 1230 49.73 1160 47.00 1090
60.51 1439 57.81 1369 55.11 1299 52.40 1229 49.68 1159 46.97 1089
60.47 1438 57.77 1368 55.07 1298 52.36 1228 49.64 1158 46.93 1088
60.43 1437 57.73 1367 55.03 1297 52.32 1227 49.61 1157 46.89 1087
60.39 1436 57.69 1366 54.99 1296 52.28 1226 49.57 1156 46.84 1086
60.35 1435 57.65 1365 54.95 1295 52.25 1225 49.53 1155 46.81 1085
60.32 1434 57.62 1364 54.91 1294 52.21 1224 49.49 1154 46.77 1084
60.28 1433 57.58 1363 54.88 1293 52.17 1223 49.45 1153 46.73 1083
60.24 1432 57.54 1362 54.84 1292 52.13 1222 49.42 1152 46.69 1082
60.20 1431 57.50 1361 54.80 1291 52.09 1221 49.38 1151 46.65 1081
46.62 1080 43.89 1010 41.16 940 38.41 870 35.66 800 32.89 730
46.58 1079 43.85 1009 41.11 939 38.37 869 35.62 799 32.86 729
46.54 1078 43.81 1008 41.07 938 38.33 868 35.58 798 32.82 728
46.49 1077 43.77 1007 41.03 937 38.29 867 35.54 797 32.78 727
46.46 1076 43.73 1006 41.00 936 38.25 866 35.50 796 32.73 726
46.42 1075 43.69 1005 40.96 935 38.21 865 35.46 795 32.70 725
46.38 1074 43.65 1004 40.92 934 38.17 864 35.42 794 32.66 724
46.34 1073 43.61 1003 40.88 933 38.14 863 35.38 793 32.62 723
46.30 1072 43.57 1002 40.84 932 38.10 862 35.34 792 32.58 722
46.27 1071 43.54 1001 40.80 931 38.05 861 35.31 791 32.54 721
46.23 1070 43.50 1000 40.76 930 38.01 860 35.26 790 32.50 720
46.18 1069 43.46 999 40.72 929 37.98 859 35.22 789 32.46 719
46.14 1068 43.42 998 40.68 928 37.94 858 35.18 788 32.42 718
46.11 1067 43.38 997 40.65 927 37.90 857 35.15 787 32.39 717
46.07 1066 43.34 996 40.60 926 37.86 856 35.11 786 32.34 716
46.03 1065 43.30 995 40.56 925 37.82 855 35.06 785 32.30 715
45.99 1064 43.26 994 40.52 924 37.78 854 35.02 784 32.26 714
45.95 1063 43.22 993 40.49 923 37.74 853 34.99 783 32.23 713
45.92 1062 43.19 992 40.45 922 37.70 852 34.95 782 32.19 712
45.88 1061 43.15 991 40.41 921 37.66 851 34.91 781 32.14 711
45.83 1060 43.10 990 40.37 920 37.63 850 34.87 780 32.10 710
45.79 1059 43.06 989 40.33 919 37.58 849 34.83 779 32.07 709
45.76 1058 43.03 988 40.29 918 37.54 848 34.79 778 32.03 708
45.72 1057 42.99 987 40.25 917 37.50 847 34.75 777 31.99 707
45.68 1056 42.95 986 40.21 916 37.47 846 34.71 776 31.94 706
45.64 1055 42.91 985 40.17 915 37.43 845 34.67 775 31.91 705
45.60 1054 42.87 984 40.14 914 37.39 844 34.63 774 31.87 704
45.57 1053 42.84 983 40.10 913 37.35 843 34.59 773 31.83 703
45.52 1052 42.79 982 40.05 912 37.31 842 34.55 772 31.79 702
45.48 1051 42.75 981 40.01 911 37.27 841 34.51 771 31.75 701
45.45 1050 42.71 980 39.98 910 37.23 840 34.48 770 31.71 700
45.41 1049 42.68 979 39.94 909 37.19 839 34.44 769 31.67 699
45.37 1048 42.64 978 39.90 908 37.15 838 34.39 768 31.63 698
45.33 1047 42.60 977 39.86 907 37.12 837 34.36 767 31.59 697
45.29 1046 42.56 976 39.82 906 37.07 836 34.32 766 31.55 696
45.25 1045 42.52 975 39.78 905 37.03 835 34.28 765 31.51 695
45.21 1044 42.48 974 39.74 904 36.99 834 34.24 764 31.47 694
45.17 1043 42.44 973 39.70 903 36.96 833 34.20 763 31.43 693
45.13 1042 42.40 972 39.66 902 36.92 832 34.16 762 31.40 692
45.10 1041 42.36 971 39.63 901 36.87 831 34.12 761 31.35 691
45.06 1040 42.33 970 39.59 900 36.83 830 34.08 760 31.31 690
45.02 1039 42.29 969 39.54 899 36.80 829 34.04 759 31.27 689
44.98 1038 42.24 968 39.50 898 36.76 828 34.01 758 31.24 688
44.94 1037 42.20 967 39.47 897 36.72 827 33.96 757 31.20 687
44.90 1036 42.17 966 39.43 896 36.68 826 33.92 756 31.15 686
44.86 1035 42.13 965 39.39 895 36.64 825 33.88 755 31.11 685
44.82 1034 42.09 964 39.35 894 36.60 824 33.85 754 31.08 684
44.78 1033 42.05 963 39.31 893 36.56 823 33.81 753 31.04 683
44.75 1032 42.01 962 39.27 892 36.52 822 33.76 752 31.00 682
44.71 1031 41.98 961 39.23 891 36.48 821 33.72 751 30.96 681
44.67 1030 41.93 960 39.19 890 36.45 820 33.69 750 30.92 680
44.63 1029 41.89 959 39.15 889 36.40 819 33.65 749 30.88 679
44.59 1028 41.85 958 39.12 888 36.36 818 33.61 748 30.84 678
44.55 1027 41.82 957 39.08 887 36.33 817 33.56 747 30.80 677
44.51 1026 41.78 956 39.03 886 36.29 816 33.53 746 30.76 676
44.47 1025 41.74 955 38.99 885 36.25 815 33.49 745 30.72 675
44.43 1024 41.70 954 38.96 884 36.21 814 33.45 744 30.68 674
44.40 1023 41.66 953 38.92 883 36.17 813 33.41 743 30.64 673
44.36 1022 41.62 952 38.88 882 36.13 812 33.37 742 30.60 672
44.32 1021 41.58 951 38.84 881 36.09 811 33.33 741 30.56 671
44.27 1020 41.54 950 38.80 880 36.05 810 33.29 740 30.52 670
44.24 1019 41.50 949 38.76 879 36.01 809 33.25 739 30.48 669
44.20 1018 41.47 948 38.72 878 35.98 808 33.21 738 30.45 668
44.16 1017 41.43 947 38.68 877 35.93 807 33.18 737 30.40 667
44.12 1016 41.38 946 38.64 876 35.89 806 33.13 736 30.36 666
44.08 1015 41.35 945 38.61 875 35.85 805 33.09 735 30.32 665
44.05 1014 41.31 944 38.57 874 35.82 804 33.05 734 30.29 664
44.01 1013 41.27 943 38.52 873 35.78 803 33.02 733 30.25 663
43.96 1012 41.23 942 38.49 872 35.74 802 32.98 732 30.20 662
43.92 1011 41.19 941 38.45 871 35.69 801 32.93 731 30.16 661
30.13 660 27.34 590 24.55 520 21.74 450 18.91 380 16.06 310
30.09 659 27.30 589 24.50 519 21.70 449 18.87 379 16.02 309
30.04 658 27.27 588 24.47 518 21.66 448 18.83 378 15.99 308
30.00 657 27.22 587 24.43 517 21.61 447 18.79 377 15.94 307
29.97 656 27.18 586 24.39 516 21.58 446 18.75 376 15.90 306
29.93 655 27.14 585 24.35 515 21.54 445 18.71 375 15.86 305
29.89 654 27.11 584 24.31 514 21.49 444 18.67 374 15.82 304
29.84 653 27.06 583 24.27 513 21.45 443 18.63 373 15.78 303
29.81 652 27.02 582 24.22 512 21.42 442 18.59 372 15.73 302
29.77 651 26.98 581 24.19 511 21.38 441 18.55 371 15.70 301
29.73 650 26.95 580 24.15 510 21.33 440 18.50 370 15.66 300
29.68 649 26.90 579 24.11 509 21.30 439 18.47 369 15.61 299
29.65 648 26.86 578 24.06 508 21.26 438 18.43 368 15.58 298
29.61 647 26.82 577 24.03 507 21.21 437 18.38 367 15.53 297
29.57 646 26.79 576 23.99 506 21.17 436 18.34 366 15.49 296
29.53 645 26.74 575 23.95 505 21.14 435 18.31 365 15.45 295
29.49 644 26.70 574 23.90 504 21.09 434 18.26 364 15.41 294
29.45 643 26.67 573 23.87 503 21.05 433 18.22 363 15.37 293
29.41 642 26.63 572 23.83 502 21.01 432 18.18 362 15.33 292
29.37 641 26.58 571 23.79 501 20.98 431 18.14 361 15.29 291
29.33 640 26.54 570 23.74 500 20.93 430 18.10 360 15.25 290
29.29 639 26.51 569 23.71 499 20.89 429 18.06 359 15.20 289
29.25 638 26.47 568 23.67 498 20.85 428 18.02 358 15.16 288
29.21 637 26.43 567 23.62 497 20.81 427 17.98 357 15.13 287
29.18 636 26.38 566 23.58 496 20.77 426 17.94 356 15.08 286
29.13 635 26.35 565 23.55 495 20.73 425 17.90 355 15.04 285
29.09 634 26.31 564 23.51 494 20.69 424 17.86 354 15.00 284
29.05 633 26.27 563 23.46 493 20.65 423 17.82 353 14.96 283
29.02 632 26.22 562 23.42 492 20.61 422 17.77 352 14.92 282
28.98 631 26.19 561 23.39 491 20.57 421 17.74 351 14.88 281
28.93 630 26.15 560 23.35 490 20.53 420 17.70 350 14.84 280
28.89 629 26.11 559 23.30 489 20.49 419 17.65 349 14.80 279
28.86 628 26.06 558 23.27 488 20.45 418 17.61 348 14.75 278
28.82 627 26.03 557 23.23 487 20.41 417 17.57 347 14.72 277
28.77 626 25.99 556 23.18 486 20.37 416 17.53 346 14.67 276
28.73 625 25.95 555 23.14 485 20.33 415 17.49 345 14.63 275
28.70 624 25.90 554 23.11 484 20.28 414 17.45 344 14.59 274
28.66 623 25.87 553 23.07 483 20.25 413 17.41 343 14.55 273
28.61 622 25.83 552 23.02 482 20.21 412 17.37 342 14.51 272
28.57 621 25.79 551 22.98 481 20.16 411 17.32 341 14.46 271
28.54 620 25.74 550 22.95 480 20.12 410 17.29 340 14.43 270
28.50 619 25.71 549 22.90 479 20.09 409 17.25 339 14.39 269
28.46 618 25.67 548 22.86 478 20.05 408 17.20 338 14.34 268
28.41 617 25.63 547 22.82 477 20.00 407 17.16 337 14.30 267
28.38 616 25.58 546 22.79 476 19.96 406 17.13 336 14.26 266
28.34 615 25.55 545 22.74 475 19.93 405 17.08 335 14.22 265
28.30 614 25.51 544 22.70 474 19.88 404 17.04 334 14.18 264
28.25 613 25.47 543 22.66 473 19.84 403 17.01 333 14.14 263
28.22 612 25.43 542 22.63 472 19.80 402 16.96 332 14.10 262
28.18 611 25.39 541 22.58 471 19.76 401 16.92 331 14.05 261
28.14 610 25.35 540 22.54 470 19.72 400 16.88 330 14.02 260
28.10 609 25.31 539 22.50 469 19.68 399 16.84 329 13.98 259
28.06 608 25.27 538 22.46 468 19.64 398 16.80 328 13.93 258
28.02 607 25.23 537 22.42 467 19.60 397 16.75 327 13.89 257
27.98 606 25.19 536 22.38 466 19.56 396 16.72 326 13.85 256
27.94 605 25.14 535 22.34 465 19.52 395 16.68 325 13.81 255
27.90 604 25.11 534 22.30 464 19.48 394 16.63 324 13.77 254
27.86 603 25.07 533 22.26 463 19.44 393 16.59 323 13.73 253
27.82 602 25.03 532 22.22 462 19.39 392 16.56 322 13.69 252
27.78 601 24.98 531 22.18 461 19.36 391 16.51 321 13.64 251
27.74 600 24.95 530 22.14 460 19.32 390 16.47 320 13.61 250
27.70 599 24.91 529 22.10 459 19.27 389 16.43 319 13.56 249
27.66 598 24.87 528 22.06 458 19.23 388 16.39 318 13.52 248
27.62 597 24.82 527 22.02 457 19.20 387 16.35 317 13.48 247
27.58 596 24.79 526 21.98 456 19.16 386 16.31 316 13.44 246
27.54 595 24.75 525 21.94 455 19.11 385 16.27 315 13.40 245
27.50 594 24.71 524 21.90 454 19.07 384 16.23 314 13.35 244
27.46 593 24.66 523 21.86 453 19.04 383 16.18 313 13.32 243
27.43 592 24.63 522 21.82 452 18.99 382 16.15 312 13.28 242
27.38 591 24.59 521 21.77 451 18.95 381 16.11 311 13.23 241
13.19 240 11.54 200 9.87 160 8.18 120 6.48 80 4.74 40
13.15 239 11.50 199 9.82 159 8.14 119 6.43 79 4.69 39
13.11 238 11.45 198 9.79 158 8.10 118 6.39 78 4.65 38
13.07 237 11.41 197 9.74 157 8.06 117 6.35 77 4.61 37
13.03 236 11.37 196 9.70 156 8.01 116 6.30 76 4.56 36
12.99 235 11.33 195 9.66 155 7.98 115 6.26 75 4.52 35
12.94 234 11.29 194 9.62 154 7.93 114 6.22 74 4.47 34
12.91 233 11.25 193 9.57 153 7.89 113 6.17 73 4.42 33
12.86 232 11.20 192 9.54 152 7.85 112 6.14 72 4.38 32
12.82 231 11.16 191 9.49 151 7.80 111 6.09 71 4.34 31
12.78 230 11.12 190 9.45 150 7.76 110 6.04 70 4.29 30
12.74 229 11.08 189 9.41 149 7.72 109 6.01 69 4.25 29
12.70 228 11.04 188 9.37 148 7.67 108 5.96 68 4.20 28
12.65 227 11.00 187 9.32 147 7.63 107 5.92 67 4.16 27
12.62 226 10.96 186 9.28 146 7.59 106 5.88 66 4.11 26
12.57 225 10.91 185 9.24 145 7.55 105 5.83 65 4.07 25
12.53 224 10.87 184 9.20 144 7.50 104 5.79 64 4.02 24
12.49 223 10.83 183 9.16 143 7.46 103 5.74 63 3.98 23
12.45 222 10.79 182 9.11 142 7.42 102 5.70 62 3.93 22
12.41 221 10.75 181 9.07 141 7.38 101 5.66 61 3.89 21
12.37 220 10.71 180 9.03 140 7.34 100 5.61 60 3.85 20
12.33 219 10.66 179 8.99 139 7.29 99 5.57 59 3.80 19
12.28 218 10.62 178 8.94 138 7.25 98 5.53 58 3.75 18
12.24 217 10.58 177 8.90 137 7.21 97 5.48 57 3.71 17
12.20 216 10.54 176 8.86 136 7.16 96 5.44 56 3.66 16
12.16 215 10.49 175 8.82 135 7.12 95 5.40 55 3.62 15
12.11 214 10.46 174 8.78 134 7.08 94 5.35 54 3.57 14
12.08 213 10.41 173 8.74 133 7.03 93 5.31 53 3.52 13
12.04 212 10.37 172 8.69 132 7.00 92 5.26 52 3.47 12
11.99 211 10.33 171 8.65 131 6.95 91 5.22 51 3.43 11
11.95 210 10.29 170 8.61 130 6.90 90 5.18 50 3.38 10
11.91 209 10.24 169 8.56 129 6.87 89 5.13 49 3.34 9
11.87 208 10.21 168 8.52 128 6.82 88 5.09 48 3.29 8
11.83 207 10.16 167 8.48 127 6.78 87 5.05 47 3.25 7
11.79 206 10.12 166 8.44 126 6.74 86 5.00 46 3.19 6
11.74 205 10.08 165 8.39 125 6.69 85 4.96 45 3.15 5
11.70 204 10.04 164 8.36 124 6.65 84 4.91 44 3.10 4
11.67 203 9.99 163 8.31 123 6.61 83 4.87 43 3.06 3
11.62 202 9.95 162 8.27 122 6.56 82 4.83 42 3.00 2
11.58 201 9.91 161 8.23 121 6.52 81 4.78 41 2.95 1
