57.06 1500 54.62 1430 52.17 1360 49.71 1290 47.25 1220 44.78 1150
57.03 1499 54.58 1429 52.13 1359 49.67 1289 47.22 1219 44.75 1149
56.99 1498 54.54 1428 52.10 1358 49.64 1288 47.18 1218 44.72 1148
56.95 1497 54.51 1427 52.06 1357 49.60 1287 47.15 1217 44.68 1147
56.92 1496 54.47 1426 52.03 1356 49.57 1286 47.11 1216 44.65 1146
56.88 1495 54.44 1425 51.99 1355 49.54 1285 47.08 1215 44.61 1145
56.85 1494 54.40 1424 51.95 1354 49.50 1284 47.04 1214 44.58 1144
56.81 1493 54.37 1423 51.92 1353 49.47 1283 47.01 1213 44.54 1143
56.78 1492 54.33 1422 51.88 1352 49.43 1282 46.97 1212 44.51 1142
56.74 1491 54.30 1421 51.85 1351 49.40 1281 46.94 1211 44.47 1141
56.71 1490 54.27 1420 51.81 1350 49.36 1280 46.90 1210 44.43 1140
56.68 1489 54.23 1419 51.78 1349 49.33 1279 46.86 1209 44.40 1139
56.64 1488 54.20 1418 51.75 1348 49.29 1278 46.83 1208 44.36 1138
56.61 1487 54.16 1417 51.71 1347 49.25 1277 46.79 1207 44.33 1137
56.57 1486 54.13 1416 51.68 1346 49.22 1276 46.76 1206 44.29 1136
56.54 1485 54.09 1415 51.64 1345 49.18 1275 46.73 1205 44.26 1135
56.50 1484 54.06 1414 51.61 1344 49.15 1274 46.69 1204 44.23 1134
56.47 1483 54.02 1413 51.57 1343 49.11 1273 46.66 1203 44.19 1133
56.43 1482 53.98 1412 51.54 1342 49.08 1272 46.62 1202 44.16 1132
56.40 1481 53.95 1411 51.50 1341 49.05 1271 46.59 1201 44.11 1131
56.36 1480 53.91 1410 51.46 1340 49.01 1270 46.55 1200 44.08 1130
56.32 1479 53.88 1409 51.43 1339 48.98 1269 46.51 1199 44.05 1129
56.29 1478 53.84 1408 51.39 1338 48.94 1268 46.48 1198 44.01 1128
56.25 1477 53.81 1407 51.36 1337 48.91 1267 46.44 1197 43.98 1127
56.22 1476 53.78 1406 51.32 1336 48.87 1266 46.41 1196 43.94 1126
56.19 1475 53.74 1405 51.29 1335 48.83 1265 46.37 1195 43.91 1125
56.15 1474 53.71 1404 51.25 1334 48.80 1264 46.34 1194 43.87 1124
56.12 1473 53.67 1403 51.22 1333 48.76 1263 46.30 1193 43.84 1123
56.08 1472 53.64 1402 51.19 1332 48.73 1262 46.27 1192 43.80 1122
56.05 1471 53.60 1401 51.15 1331 48.69 1261 46.23 1191 43.76 1121
56.01 1470 53.57 1400 51.12 1330 48.66 1260 46.20 1190 43.73 1120
55.98 1469 53.53 1399 51.08 1329 48.62 1259 46.16 1189 43.69 1119
55.94 1468 53.50 1398 51.05 1328 48.59 1258 46.12 1188 43.66 1118
55.91 1467 53.46 1397 51.01 1327 48.55 1257 46.09 1187 43.62 1117
55.87 1466 53.42 1396 50.97 1326 48.52 1256 46.06 1186 43.59 1116
55.84 1465 53.39 1395 50.94 1325 48.49 1255 46.02 1185 43.56 1115
55.81 1464 53.35 1394 50.90 1324 48.44 1254 45.99 1184 43.52 1114
55.77 1463 53.32 1393 50.87 1323 48.41 1253 45.95 1183 43.49 1113
55.73 1462 53.28 1392 50.83 1322 48.38 1252 45.92 1182 43.45 1112
55.69 1461 53.25 1391 50.80 1321 48.34 1251 45.88 1181 43.41 1111
55.66 1460 53.22 1390 50.76 1320 48.31 1250 45.85 1180 43.38 1110
55.63 1459 53.18 1389 50.73 1319 48.27 1249 45.81 1179 43.34 1109
55.59 1458 53.15 1388 50.70 1318 48.24 1248 45.77 1178 43.31 1108
55.56 1457 53.11 1387 50.66 1317 48.20 1247 45.74 1177 43.27 1107
55.52 1456 53.08 1386 50.63 1316 48.17 1246 45.70 1176 43.24 1106
55.49 1455 53.04 1385 50.59 1315 48.13 1245 45.67 1175 43.20 1105
55.45 1454 53.01 1384 50.55 1314 48.10 1244 45.63 1174 43.17 1104
55.42 1453 52.97 1383 50.52 1313 48.06 1243 45.60 1173 43.13 1103
55.38 1452 52.93 1382 50.48 1312 48.02 1242 45.57 1172 43.09 1102
55.35 1451 52.90 1381 50.45 1311 47.99 1241 45.53 1171 43.06 1101
55.32 1450 52.86 1380 50.41 1310 47.95 1240 45.50 1170 43.02 1100
55.28 1449 52.83 1379 50.38 1309 47.92 1239 45.45 1169 42.99 1099
55.25 1448 52.79 1378 50.34 1308 47.89 1238 45.42 1168 42.95 1098
55.21 1447 52.76 1377 50.31 1307 47.85 1237 45.39 1167 42.92 1097
55.18 1446 52.73 1376 50.27 1306 47.82 1236 45.35 1166 42.89 1096
55.14 1445 52.69 1375 50.24 1305 47.78 1235 45.32 1165 42.84 1095
55.10 1444 52.66 1374 50.21 1304 47.75 1234 45.28 1164 42.81 1094
55.07 1443 52.62 1373 50.17 1303 47.71 1233 45.25 1163 42.78 1093
55.03 1442 52.59 1372 50.13 1302 47.68 1232 45.21 1162 42.74 1092
55.00 1441 52.55 1371 50.09 1301 47.64 1231 45.18 1161 42.71 1091
54.96 1440 52.52 1370 50.06 1300 47.60 1230 45.14 1160 42.67 1090
54.93 1439 52.48 1369 50.03 1299 47.57 1229 45.10 1159 42.64 1089
54.89 1438 52.44 1368 49.99 1298 47.53 1228 45.07 1158 42.60 1088
54.86 1437 52.41 1367 49.96 1297 47.50 1227 45.03 1157 42.57 1087
54.82 1436 52.37 1366 49.92 1296 47.46 1226 45.00 1156 42.53 1086
54.79 1435 52.34 1365 49.89 1295 47.43 1225 44.96 1155 42.49 1085
54.76 1434 52.30 1364 49.85 1294 47.39 1224 44.93 1154 42.46 1084
54.72 1433 52.27 1363 49.82 1293 47.36 1223 44.90 1153 42.42 1083
54.69 1432 52.24 1362 49.78 1292 47.33 1222 44.86 1152 42.39 1082
54.65 1431 52.20 1361 49.75 1291 47.28 1221 44.83 1151 42.35 1081
42.32 1080 39.84 1010 37.36 940 34.87 870 32.37 800 29.86 730
42.29 1079 39.81 1009 37.32 939 34.83 869 32.33 799 29.83 729
42.25 1078 39.77 1008 37.29 938 34.80 868 32.30 798 29.79 728
42.21 1077 39.74 1007 37.25 937 34.76 867 32.27 797 29.76 727
42.17 1076 39.70 1006 37.22 936 34.72 866 32.22 796 29.72 726
42.14 1075 39.66 1005 37.18 935 34.69 865 32.19 795 29.68 725
42.11 1074 39.63 1004 37.15 934 34.65 864 32.16 794 29.65 724
42.07 1073 39.59 1003 37.11 933 34.62 863 32.12 793 29.61 723
42.04 1072 39.56 1002 37.07 932 34.59 862 32.09 792 29.58 722
42.00 1071 39.52 1001 37.04 931 34.54 861 32.05 791 29.54 721
41.97 1070 39.49 1000 37.00 930 34.51 860 32.01 790 29.50 720
41.93 1069 39.45 999 36.97 929 34.48 859 31.98 789 29.47 719
41.89 1068 39.42 998 36.93 928 34.44 858 31.94 788 29.43 718
41.86 1067 39.38 997 36.90 927 34.41 857 31.91 787 29.40 717
41.82 1066 39.34 996 36.86 926 34.37 856 31.87 786 29.36 716
41.79 1065 39.31 995 36.82 925 34.33 855 31.83 785 29.32 715
41.75 1064 39.27 994 36.79 924 34.30 854 31.80 784 29.29 714
41.72 1063 39.24 993 36.75 923 34.26 853 31.76 783 29.26 713
41.68 1062 39.21 992 36.72 922 34.23 852 31.73 782 29.22 712
41.65 1061 39.17 991 36.69 921 34.19 851 31.69 781 29.18 711
41.61 1060 39.13 990 36.65 920 34.16 850 31.66 780 29.14 710
41.57 1059 39.09 989 36.61 919 34.12 849 31.62 779 29.11 709
41.54 1058 39.06 988 36.57 918 34.08 848 31.58 778 29.08 708
41.50 1057 39.03 987 36.54 917 34.05 847 31.55 777 29.04 707
41.47 1056 38.99 986 36.51 916 34.01 846 31.51 776 29.00 706
41.44 1055 38.96 985 36.47 915 33.98 845 31.48 775 28.97 705
41.40 1054 38.92 984 36.44 914 33.94 844 31.44 774 28.93 704
41.37 1053 38.89 983 36.40 913 33.91 843 31.40 773 28.90 703
41.33 1052 38.85 982 36.36 912 33.87 842 31.37 772 28.86 702
41.29 1051 38.81 981 36.33 911 33.83 841 31.33 771 28.82 701
41.26 1050 38.78 980 36.29 910 33.80 840 31.30 770 28.79 700
41.22 1049 38.74 979 36.26 909 33.76 839 31.26 769 28.75 699
41.19 1048 38.71 978 36.22 908 33.73 838 31.22 768 28.72 698
41.15 1047 38.67 977 36.19 907 33.70 837 31.19 767 28.68 697
41.12 1046 38.64 976 36.15 906 33.65 836 31.15 766 28.64 696
41.08 1045 38.60 975 36.11 905 33.62 835 31.12 765 28.61 695
41.04 1044 38.56 974 36.08 904 33.58 834 31.08 764 28.57 694
41.01 1043 38.53 973 36.04 903 33.55 833 31.04 763 28.54 693
40.97 1042 38.49 972 36.01 902 33.52 832 31.01 762 28.50 692
40.94 1041 38.46 971 35.97 901 33.47 831 30.97 761 28.46 691
40.90 1040 38.43 970 35.94 900 33.44 830 30.94 760 28.43 690
40.87 1039 38.39 969 35.90 899 33.41 829 30.91 759 28.39 689
40.83 1038 38.35 968 35.86 898 33.37 828 30.87 758 28.36 688
40.80 1037 38.31 967 35.83 897 33.34 827 30.83 757 28.32 687
40.76 1036 38.28 966 35.79 896 33.30 826 30.79 756 28.28 686
40.72 1035 38.25 965 35.76 895 33.26 825 30.76 755 28.25 685
40.69 1034 38.21 964 35.73 894 33.23 824 30.73 754 28.21 684
40.66 1033 38.18 963 35.69 893 33.19 823 30.69 753 28.18 683
40.62 1032 38.14 962 35.65 892 33.16 822 30.65 752 28.14 682
40.59 1031 38.11 961 35.61 891 33.12 821 30.62 751 28.10 681
40.55 1030 38.07 960 35.58 890 33.09 820 30.58 750 28.07 680
40.52 1029 38.03 959 35.55 889 33.05 819 30.55 749 28.03 679
40.48 1028 38.00 958 35.51 888 33.01 818 30.51 748 28.00 678
40.44 1027 37.96 957 35.48 887 32.98 817 30.47 747 27.96 677
40.41 1026 37.93 956 35.44 886 32.94 816 30.44 746 27.92 676
40.37 1025 37.89 955 35.40 885 32.91 815 30.40 745 27.89 675
40.34 1024 37.86 954 35.37 884 32.87 814 30.37 744 27.85 674
40.30 1023 37.82 953 35.33 883 32.83 813 30.33 743 27.82 673
40.27 1022 37.78 952 35.30 882 32.80 812 30.29 742 27.78 672
40.23 1021 37.75 951 35.26 881 32.76 811 30.26 741 27.74 671
40.19 1020 37.71 950 35.22 880 32.73 810 30.22 740 27.71 670
40.16 1019 37.68 949 35.19 879 32.69 809 30.19 739 27.67 669
40.12 1018 37.64 948 35.15 878 32.66 808 30.15 738 27.64 668
40.09 1017 37.61 947 35.12 877 32.62 807 30.12 737 27.60 667
40.05 1016 37.57 946 35.08 876 32.58 806 30.08 736 27.56 666
40.02 1015 37.53 945 35.05 875 32.55 805 30.04 735 27.53 665
39.99 1014 37.50 944 35.01 874 32.51 804 30.01 734 27.49 664
39.95 1013 37.47 943 34.97 873 32.48 803 29.97 733 27.46 663
39.91 1012 37.43 942 34.94 872 32.45 802 29.94 732 27.42 662
39.88 1011 37.40 941 34.90 871 32.40 801 29.90 731 27.38 661
27.35 660 24.82 590 22.29 520 19.73 450 17.17 380 14.58 310
27.31 659 24.79 589 22.25 519 19.70 449 17.13 379 14.55 309
27.27 658 24.75 588 22.21 518 19.66 448 17.10 378 14.51 308
27.24 657 24.71 587 22.18 517 19.62 447 17.06 377 14.47 307
27.20 656 24.68 586 22.14 516 19.59 446 17.02 376 14.44 306
27.17 655 24.64 585 22.10 515 19.55 445 16.98 375 14.40 305
27.14 654 24.61 584 22.07 514 19.51 444 16.95 374 14.36 304
27.09 653 24.57 583 22.03 513 19.48 443 16.91 373 14.33 303
27.06 652 24.53 582 21.99 512 19.44 442 16.87 372 14.28 302
27.02 651 24.50 581 21.96 511 19.41 441 16.84 371 14.25 301
26.99 650 24.46 580 21.92 510 19.37 440 16.80 370 14.22 300
26.95 649 24.42 579 21.89 509 19.33 439 16.76 369 14.17 299
26.91 648 24.39 578 21.85 508 19.30 438 16.73 368 14.14 298
26.88 647 24.35 577 21.81 507 19.26 437 16.69 367 14.10 297
26.85 646 24.32 576 21.78 506 19.22 436 16.65 366 14.06 296
26.81 645 24.28 575 21.74 505 19.19 435 16.62 365 14.03 295
26.77 644 24.24 574 21.70 504 19.15 434 16.58 364 13.99 294
26.73 643 24.21 573 21.67 503 19.11 433 16.54 363 13.95 293
26.70 642 24.17 572 21.63 502 19.08 432 16.51 362 13.92 292
26.67 641 24.13 571 21.60 501 19.04 431 16.47 361 13.88 291
26.63 640 24.10 570 21.56 500 19.00 430 16.43 360 13.84 290
26.59 639 24.06 569 21.52 499 18.97 429 16.40 359 13.80 289
26.56 638 24.03 568 21.49 498 18.93 428 16.36 358 13.77 288
26.52 637 23.99 567 21.45 497 18.89 427 16.32 357 13.73 287
26.49 636 23.95 566 21.41 496 18.86 426 16.29 356 13.69 286
26.44 635 23.92 565 21.38 495 18.82 425 16.25 355 13.66 285
26.41 634 23.88 564 21.34 494 18.78 424 16.21 354 13.61 284
26.38 633 23.85 563 21.30 493 18.75 423 16.18 353 13.58 283
26.34 632 23.81 562 21.27 492 18.71 422 16.14 352 13.55 282
26.31 631 23.77 561 21.23 491 18.68 421 16.10 351 13.50 281
26.27 630 23.74 560 21.20 490 18.64 420 16.07 350 13.47 280
26.23 629 23.70 559 21.16 489 18.60 419 16.02 349 13.44 279
26.20 628 23.66 558 21.12 488 18.57 418 15.99 348 13.39 278
26.16 627 23.63 557 21.09 487 18.52 417 15.95 347 13.36 277
26.12 626 23.59 556 21.04 486 18.49 416 15.91 346 13.32 276
26.09 625 23.56 555 21.01 485 18.46 415 15.88 345 13.28 275
26.05 624 23.52 554 20.98 484 18.41 414 15.84 344 13.25 274
26.02 623 23.48 553 20.94 483 18.38 413 15.80 343 13.21 273
25.98 622 23.45 552 20.90 482 18.35 412 15.77 342 13.17 272
25.94 621 23.41 551 20.87 481 18.30 411 15.73 341 13.13 271
25.91 620 23.37 550 20.83 480 18.27 410 15.69 340 13.10 270
25.87 619 23.34 549 20.79 479 18.23 409 15.66 339 13.06 269
25.84 618 23.30 548 20.75 478 18.20 408 15.62 338 13.02 268
25.80 617 23.27 547 20.72 477 18.16 407 15.58 337 12.99 267
25.76 616 23.23 546 20.69 476 18.12 406 15.55 336 12.95 266
25.73 615 23.19 545 20.64 475 18.09 405 15.51 335 12.91 265
25.69 614 23.16 544 20.61 474 18.05 404 15.47 334 12.88 264
25.65 613 23.12 543 20.58 473 18.01 403 15.44 333 12.83 263
25.62 612 23.08 542 20.54 472 17.98 402 15.40 332 12.80 262
25.58 611 23.05 541 20.50 471 17.94 401 15.36 331 12.76 261
25.55 610 23.01 540 20.46 470 17.90 400 15.33 330 12.72 260
25.51 609 22.98 539 20.43 469 17.87 399 15.29 329 12.69 259
25.47 608 22.94 538 20.39 468 17.83 398 15.25 328 12.65 258
25.44 607 22.90 537 20.35 467 17.79 397 15.21 327 12.61 257
25.40 606 22.87 536 20.32 466 17.76 396 15.18 326 12.57 256
25.37 605 22.83 535 20.29 465 17.72 395 15.14 325 12.54 255
25.33 604 22.79 534 20.24 464 17.68 394 15.10 324 12.50 254
25.29 603 22.76 533 20.21 463 17.65 393 15.07 323 12.46 253
25.26 602 22.72 532 20.17 462 17.61 392 15.03 322 12.43 252
25.22 601 22.68 531 20.13 461 17.57 391 14.99 321 12.39 251
25.18 600 22.65 530 20.10 460 17.54 390 14.95 320 12.35 250
25.15 599 22.61 529 20.06 459 17.50 389 14.92 319 12.31 249
25.11 598 22.58 528 20.03 458 17.46 388 14.88 318 12.28 248
25.08 597 22.54 527 19.99 457 17.43 387 14.84 317 12.24 247
25.04 596 22.50 526 19.95 456 17.39 386 14.80 316 12.20 246
25.00 595 22.47 525 19.92 455 17.35 385 14.77 315 12.16 245
24.97 594 22.43 524 19.88 454 17.32 384 14.73 314 12.12 244
24.93 593 22.39 523 19.84 453 17.28 383 14.69 313 12.09 243
24.90 592 22.36 522 19.81 452 17.24 382 14.66 312 12.05 242
24.86 591 22.32 521 19.77 451 17.21 381 14.62 311 12.01 241
11.98 240 10.47 200 8.96 160 7.43 120 5.88 80 4.30 40
11.94 239 10.44 199 8.92 159 7.39 119 5.84 79 4.26 39
11.90 238 10.40 198 8.88 158 7.35 118 5.81 78 4.22 38
11.86 237 10.36 197 8.84 157 7.32 117 5.76 77 4.18 37
11.83 236 10.32 196 8.81 156 7.28 116 5.72 76 4.14 36
11.79 235 10.29 195 8.77 155 7.24 115 5.69 75 4.10 35
11.75 234 10.25 194 8.73 154 7.20 114 5.65 74 4.06 34
11.72 233 10.21 193 8.69 153 7.16 113 5.61 73 4.02 33
11.67 232 10.17 192 8.66 152 7.12 112 5.57 72 3.98 32
11.64 231 10.13 191 8.62 151 7.08 111 5.53 71 3.94 31
11.60 230 10.09 190 8.58 150 7.05 110 5.49 70 3.90 30
11.56 229 10.06 189 8.54 149 7.01 109 5.45 69 3.86 29
11.53 228 10.02 188 8.51 148 6.97 108 5.41 68 3.82 28
11.49 227 9.98 187 8.46 147 6.93 107 5.37 67 3.78 27
11.45 226 9.95 186 8.43 146 6.89 106 5.34 66 3.73 26
11.41 225 9.91 185 8.39 145 6.85 105 5.29 65 3.69 25
11.38 224 9.87 184 8.35 144 6.81 104 5.25 64 3.65 24
11.34 223 9.83 183 8.31 143 6.77 103 5.21 63 3.61 23
11.30 222 9.80 182 8.27 142 6.74 102 5.18 62 3.57 22
11.27 221 9.76 181 8.24 141 6.70 101 5.14 61 3.53 21
11.23 220 9.72 180 8.19 140 6.66 100 5.09 60 3.49 20
11.19 219 9.68 179 8.16 139 6.62 99 5.06 59 3.45 19
11.15 218 9.64 178 8.12 138 6.58 98 5.02 58 3.41 18
11.12 217 9.60 177 8.08 137 6.54 97 4.98 57 3.37 17
11.07 216 9.57 176 8.04 136 6.50 96 4.94 56 3.33 16
11.04 215 9.53 175 8.01 135 6.47 95 4.90 55 3.28 15
11.00 214 9.49 174 7.97 134 6.43 94 4.86 54 3.24 14
10.96 213 9.45 173 7.93 133 6.39 93 4.82 53 3.20 13
10.93 212 9.42 172 7.89 132 6.35 92 4.78 52 3.15 12
10.89 211 9.38 171 7.86 131 6.31 91 4.74 51 3.11 11
10.85 210 9.34 170 7.81 130 6.27 90 4.70 50 3.07 10
10.81 209 9.30 169 7.77 129 6.23 89 4.66 49 3.03 9
10.78 208 9.26 168 7.74 128 6.19 88 4.62 48 2.99 8
10.74 207 9.22 167 7.70 127 6.16 87 4.58 47 2.95 7
10.70 206 9.19 166 7.66 126 6.12 86 4.54 46 2.90 6
10.66 205 9.15 165 7.62 125 6.07 85 4.50 45 2.86 5
10.63 204 9.11 164 7.59 124 6.04 84 4.46 44 2.82 4
10.59 203 9.07 163 7.55 123 6.00 83 4.42 43 2.77 3
10.55 202 9.04 162 7.51 122 5.96 82 4.38 42 2.73 2
10.51 201 9.00 161 7.47 121 5.92 81 4.34 41 2.68 1
