53.63 1500 51.34 1430 49.03 1360 46.73 1290 44.41 1220 42.09 1150
53.60 1499 51.30 1429 49.00 1359 46.69 1289 44.38 1219 42.06 1149
53.56 1498 51.26 1428 48.97 1358 46.66 1288 44.35 1218 42.03 1148
53.53 1497 51.23 1427 48.93 1357 46.62 1287 44.31 1217 42.00 1147
53.50 1496 51.20 1426 48.90 1356 46.59 1286 44.28 1216 41.96 1146
53.46 1495 51.17 1425 48.87 1355 46.56 1285 44.25 1215 41.93 1145
53.43 1494 51.13 1424 48.83 1354 46.53 1284 44.22 1214 41.90 1144
53.40 1493 51.10 1423 48.80 1353 46.49 1283 44.18 1213 41.87 1143
53.37 1492 51.07 1422 48.77 1352 46.46 1282 44.15 1212 41.83 1142
53.33 1491 51.04 1421 48.73 1351 46.43 1281 44.12 1211 41.80 1141
53.30 1490 51.00 1420 48.70 1350 46.40 1280 44.08 1210 41.76 1140
53.27 1489 50.97 1419 48.67 1349 46.36 1279 44.05 1209 41.73 1139
53.24 1488 50.94 1418 48.64 1348 46.33 1278 44.01 1208 41.70 1138
53.20 1487 50.91 1417 48.60 1347 46.29 1277 43.98 1207 41.67 1137
53.17 1486 50.87 1416 48.57 1346 46.26 1276 43.95 1206 41.63 1136
53.14 1485 50.84 1415 48.54 1345 46.23 1275 43.92 1205 41.60 1135
53.11 1484 50.81 1414 48.51 1344 46.20 1274 43.88 1204 41.57 1134
53.07 1483 50.77 1413 48.47 1343 46.16 1273 43.85 1203 41.54 1133
53.04 1482 50.74 1412 48.44 1342 46.13 1272 43.82 1202 41.50 1132
53.01 1481 50.71 1411 48.41 1341 46.10 1271 43.79 1201 41.46 1131
52.97 1480 50.67 1410 48.37 1340 46.07 1270 43.75 1200 41.43 1130
52.94 1479 50.64 1409 48.34 1339 46.03 1269 43.72 1199 41.40 1129
52.91 1478 50.61 1408 48.30 1338 46.00 1268 43.68 1198 41.37 1128
52.87 1477 50.58 1407 48.27 1337 45.97 1267 43.65 1197 41.33 1127
52.84 1476 50.54 1406 48.24 1336 45.94 1266 43.62 1196 41.30 1126
52.81 1475 50.51 1405 48.21 1335 45.90 1265 43.59 1195 41.27 1125
52.78 1474 50.48 1404 48.17 1334 45.86 1264 43.55 1194 41.24 1124
52.74 1473 50.45 1403 48.14 1333 45.83 1263 43.52 1193 41.20 1123
52.71 1472 50.41 1402 48.11 1332 45.80 1262 43.49 1192 41.17 1122
52.68 1471 50.38 1401 48.08 1331 45.77 1261 43.46 1191 41.13 1121
52.65 1470 50.35 1400 48.04 1330 45.73 1260 43.42 1190 41.10 1120
52.61 1469 50.32 1399 48.01 1329 45.70 1259 43.39 1189 41.07 1119
52.58 1468 50.28 1398 47.98 1328 45.67 1258 43.35 1188 41.04 1118
52.55 1467 50.25 1397 47.94 1327 45.64 1257 43.32 1187 41.00 1117
52.52 1466 50.21 1396 47.91 1326 45.60 1256 43.29 1186 40.97 1116
52.48 1465 50.18 1395 47.88 1325 45.57 1255 43.26 1185 40.94 1115
52.45 1464 50.15 1394 47.84 1324 45.53 1254 43.22 1184 40.91 1114
52.42 1463 50.12 1393 47.81 1323 45.50 1253 43.19 1183 40.87 1113
52.38 1462 50.08 1392 47.78 1322 45.47 1252 43.16 1182 40.83 1112
52.35 1461 50.05 1391 47.75 1321 45.44 1251 43.13 1181 40.80 1111
52.32 1460 50.02 1390 47.71 1320 45.40 1250 43.09 1180 40.77 1110
52.28 1459 49.99 1389 47.68 1319 45.37 1249 43.05 1179 40.74 1109
52.25 1458 49.95 1388 47.65 1318 45.34 1248 43.02 1178 40.70 1108
52.22 1457 49.92 1387 47.62 1317 45.31 1247 42.99 1177 40.67 1107
52.19 1456 49.89 1386 47.58 1316 45.27 1246 42.96 1176 40.64 1106
52.15 1455 49.86 1385 47.55 1315 45.24 1245 42.92 1175 40.61 1105
52.12 1454 49.82 1384 47.51 1314 45.21 1244 42.89 1174 40.57 1104
52.09 1453 49.79 1383 47.48 1313 45.17 1243 42.86 1173 40.54 1103
52.06 1452 49.75 1382 47.45 1312 45.14 1242 42.83 1172 40.50 1102
52.02 1451 49.72 1381 47.42 1311 45.10 1241 42.79 1171 40.47 1101
51.99 1450 49.69 1380 47.38 1310 45.07 1240 42.76 1170 40.44 1100
51.96 1449 49.65 1379 47.35 1309 45.04 1239 42.72 1169 40.41 1099
51.93 1448 49.62 1378 47.32 1308 45.01 1238 42.69 1168 40.37 1098
51.89 1447 49.59 1377 47.29 1307 44.98 1237 42.66 1167 40.34 1097
51.86 1446 49.56 1376 47.25 1306 44.94 1236 42.63 1166 40.31 1096
51.82 1445 49.52 1375 47.22 1305 44.91 1235 42.59 1165 40.27 1095
51.79 1444 49.49 1374 47.19 1304 44.88 1234 42.56 1164 40.24 1094
51.76 1443 49.46 1373 47.16 1303 44.85 1233 42.53 1163 40.20 1093
51.72 1442 49.43 1372 47.12 1302 44.81 1232 42.50 1162 40.17 1092
51.69 1441 49.39 1371 47.08 1301 44.77 1231 42.46 1161 40.14 1091
51.66 1440 49.36 1370 47.05 1300 44.74 1230 42.43 1160 40.11 1090
51.63 1439 49.33 1369 47.02 1299 44.71 1229 42.39 1159 40.08 1089
51.60 1438 49.29 1368 46.99 1298 44.68 1228 42.36 1158 40.04 1088
51.56 1437 49.26 1367 46.95 1297 44.64 1227 42.33 1157 40.01 1087
51.53 1436 49.23 1366 46.92 1296 44.61 1226 42.29 1156 39.97 1086
51.50 1435 49.19 1365 46.89 1295 44.58 1225 42.26 1155 39.94 1085
51.47 1434 49.16 1364 46.86 1294 44.55 1224 42.23 1154 39.91 1084
51.43 1433 49.13 1363 46.82 1293 44.51 1223 42.20 1153 39.87 1083
51.40 1432 49.10 1362 46.79 1292 44.48 1222 42.16 1152 39.84 1082
51.37 1431 49.06 1361 46.76 1291 44.44 1221 42.13 1151 39.81 1081
39.78 1080 37.45 1010 35.12 940 32.77 870 30.42 800 28.07 730
39.74 1079 37.41 1009 35.08 939 32.74 869 30.39 799 28.04 729
39.71 1078 37.38 1008 35.05 938 32.71 868 30.36 798 28.00 728
39.67 1077 37.35 1007 35.01 937 32.67 867 30.33 797 27.97 727
39.64 1076 37.32 1006 34.98 936 32.64 866 30.29 796 27.93 726
39.61 1075 37.28 1005 34.95 935 32.60 865 30.26 795 27.90 725
39.58 1074 37.25 1004 34.92 934 32.57 864 30.22 794 27.87 724
39.54 1073 37.21 1003 34.88 933 32.54 863 30.19 793 27.83 723
39.51 1072 37.18 1002 34.84 932 32.51 862 30.16 792 27.80 722
39.48 1071 37.15 1001 34.81 931 32.47 861 30.13 791 27.76 721
39.45 1070 37.12 1000 34.78 930 32.44 860 30.09 790 27.73 720
39.41 1069 37.08 999 34.75 929 32.40 859 30.05 789 27.70 719
39.37 1068 37.05 998 34.71 928 32.37 858 30.02 788 27.67 718
39.34 1067 37.01 997 34.68 927 32.34 857 29.99 787 27.63 717
39.31 1066 36.98 996 34.64 926 32.31 856 29.96 786 27.59 716
39.28 1065 36.95 995 34.61 925 32.27 855 29.92 785 27.56 715
39.24 1064 36.91 994 34.58 924 32.24 854 29.89 784 27.53 714
39.21 1063 36.88 993 34.55 923 32.20 853 29.85 783 27.50 713
39.18 1062 36.85 992 34.51 922 32.17 852 29.82 782 27.46 712
39.15 1061 36.82 991 34.48 921 32.14 851 29.79 781 27.43 711
39.11 1060 36.78 990 34.45 920 32.11 850 29.76 780 27.39 710
39.08 1059 36.75 989 34.41 919 32.07 849 29.72 779 27.36 709
39.04 1058 36.71 988 34.38 918 32.03 848 29.68 778 27.33 708
39.01 1057 36.68 987 34.34 917 32.00 847 29.65 777 27.30 707
38.98 1056 36.65 986 34.31 916 31.97 846 29.62 776 27.26 706
38.95 1055 36.62 985 34.28 915 31.94 845 29.59 775 27.22 705
38.91 1054 36.58 984 34.25 914 31.90 844 29.55 774 27.19 704
38.88 1053 36.55 983 34.21 913 31.87 843 29.52 773 27.16 703
38.84 1052 36.51 982 34.18 912 31.83 842 29.48 772 27.13 702
38.81 1051 36.48 981 34.14 911 31.80 841 29.45 771 27.09 701
38.78 1050 36.45 980 34.11 910 31.77 840 29.42 770 27.06 700
38.74 1049 36.41 979 34.08 909 31.74 839 29.39 769 27.02 699
38.71 1048 36.38 978 34.05 908 31.70 838 29.35 768 26.99 698
38.68 1047 36.35 977 34.01 907 31.67 837 29.31 767 26.96 697
38.65 1046 36.32 976 33.97 906 31.63 836 29.28 766 26.92 696
38.61 1045 36.28 975 33.94 905 31.60 835 29.25 765 26.89 695
38.58 1044 36.25 974 33.91 904 31.57 834 29.22 764 26.85 694
38.54 1043 36.21 973 33.88 903 31.53 833 29.18 763 26.82 693
38.51 1042 36.18 972 33.84 902 31.50 832 29.15 762 26.79 692
38.48 1041 36.15 971 33.81 901 31.46 831 29.11 761 26.75 691
38.45 1040 36.12 970 33.78 900 31.43 830 29.08 760 26.72 690
38.41 1039 36.08 969 33.74 899 31.40 829 29.05 759 26.69 689
38.38 1038 36.04 968 33.71 898 31.37 828 29.02 758 26.65 688
38.35 1037 36.01 967 33.68 897 31.33 827 28.98 757 26.62 687
38.31 1036 35.98 966 33.64 896 31.30 826 28.94 756 26.58 686
38.28 1035 35.95 965 33.61 895 31.26 825 28.91 755 26.55 685
38.24 1034 35.91 964 33.58 894 31.23 824 28.88 754 26.52 684
38.21 1033 35.88 963 33.55 893 31.20 823 28.85 753 26.48 683
38.18 1032 35.85 962 33.51 892 31.16 822 28.81 752 26.45 682
38.15 1031 35.82 961 33.47 891 31.13 821 28.78 751 26.41 681
38.12 1030 35.78 960 33.44 890 31.10 820 28.74 750 26.38 680
38.08 1029 35.75 959 33.41 889 31.06 819 28.71 749 26.35 679
38.04 1028 35.71 958 33.38 888 31.03 818 28.68 748 26.32 678
38.01 1027 35.68 957 33.34 887 31.00 817 28.64 747 26.28 677
37.98 1026 35.65 956 33.31 886 30.96 816 28.61 746 26.24 676
37.95 1025 35.62 955 33.27 885 30.93 815 28.57 745 26.21 675
37.91 1024 35.58 954 33.24 884 30.90 814 28.54 744 26.18 674
37.88 1023 35.54 953 33.21 883 30.86 813 28.51 743 26.15 673
37.85 1022 35.51 952 33.18 882 30.83 812 28.47 742 26.11 672
37.82 1021 35.48 951 33.14 881 30.79 811 28.44 741 26.08 671
37.78 1020 35.45 950 33.10 880 30.76 810 28.41 740 26.04 670
37.75 1019 35.42 949 33.07 879 30.73 809 28.37 739 26.01 669
37.71 1018 35.38 948 33.04 878 30.70 808 28.34 738 25.98 668
37.68 1017 35.35 947 33.01 877 30.66 807 28.31 737 25.94 667
37.65 1016 35.31 946 32.97 876 30.63 806 28.27 736 25.91 666
37.62 1015 35.28 945 32.94 875 30.59 805 28.24 735 25.87 665
37.58 1014 35.25 944 32.91 874 30.56 804 28.20 734 25.84 664
37.55 1013 35.21 943 32.87 873 30.53 803 28.17 733 25.81 663
37.51 1012 35.18 942 32.84 872 30.50 802 28.14 732 25.77 662
37.48 1011 35.15 941 32.81 871 30.46 801 28.10 731 25.74 661
25.71 660 23.33 590 20.95 520 18.55 450 16.14 380 13.71 310
25.67 659 23.30 589 20.91 519 18.51 449 16.10 379 13.67 309
25.63 658 23.27 588 20.88 518 18.48 448 16.07 378 13.64 308
25.60 657 23.23 587 20.84 517 18.44 447 16.04 377 13.60 307
25.57 656 23.19 586 20.81 516 18.41 446 16.00 376 13.57 306
25.54 655 23.16 585 20.77 515 18.38 445 15.96 375 13.53 305
25.50 654 23.13 584 20.74 514 18.34 444 15.93 374 13.50 304
25.47 653 23.09 583 20.71 513 18.31 443 15.89 373 13.47 303
25.43 652 23.06 582 20.67 512 18.27 442 15.86 372 13.43 302
25.40 651 23.03 581 20.64 511 18.24 441 15.83 371 13.39 301
25.37 650 22.99 580 20.60 510 18.20 440 15.79 370 13.36 300
25.33 649 22.95 579 20.57 509 18.17 439 15.76 369 13.32 299
25.30 648 22.92 578 20.53 508 18.14 438 15.72 368 13.29 298
25.26 647 22.89 577 20.50 507 18.10 437 15.69 367 13.25 297
25.23 646 22.86 576 20.47 506 18.07 436 15.65 366 13.22 296
25.20 645 22.82 575 20.44 505 18.03 435 15.62 365 13.19 295
25.16 644 22.79 574 20.40 504 18.00 434 15.58 364 13.15 294
25.13 643 22.75 573 20.36 503 17.96 433 15.55 363 13.12 293
25.10 642 22.72 572 20.33 502 17.93 432 15.52 362 13.08 292
25.06 641 22.68 571 20.30 501 17.90 431 15.48 361 13.04 291
25.03 640 22.65 570 20.26 500 17.86 430 15.45 360 13.01 290
24.99 639 22.62 569 20.23 499 17.83 429 15.41 359 12.97 289
24.96 638 22.58 568 20.20 498 17.79 428 15.37 358 12.94 288
24.93 637 22.55 567 20.16 497 17.76 427 15.34 357 12.91 287
24.89 636 22.51 566 20.12 496 17.72 426 15.31 356 12.87 286
24.86 635 22.48 565 20.09 495 17.69 425 15.27 355 12.84 285
24.82 634 22.45 564 20.06 494 17.65 424 15.24 354 12.80 284
24.79 633 22.42 563 20.02 493 17.62 423 15.20 353 12.76 283
24.76 632 22.38 562 19.99 492 17.59 422 15.17 352 12.73 282
24.73 631 22.34 561 19.96 491 17.55 421 15.13 351 12.69 281
24.69 630 22.31 560 19.92 490 17.52 420 15.10 350 12.66 280
24.65 629 22.28 559 19.88 489 17.48 419 15.06 349 12.63 279
24.62 628 22.24 558 19.85 488 17.45 418 15.03 348 12.59 278
24.59 627 22.21 557 19.82 487 17.41 417 14.99 347 12.56 277
24.55 626 22.18 556 19.78 486 17.38 416 14.96 346 12.52 276
24.52 625 22.14 555 19.75 485 17.35 415 14.93 345 12.49 275
24.49 624 22.10 554 19.72 484 17.31 414 14.89 344 12.45 274
24.45 623 22.07 553 19.68 483 17.28 413 14.85 343 12.41 273
24.41 622 22.04 552 19.64 482 17.24 412 14.82 342 12.38 272
24.38 621 22.01 551 19.61 481 17.20 411 14.78 341 12.34 271
24.35 620 21.97 550 19.58 480 17.17 410 14.75 340 12.31 270
24.32 619 21.94 549 19.54 479 17.14 409 14.72 339 12.28 269
24.28 618 21.90 548 19.51 478 17.11 408 14.68 338 12.24 268
24.25 617 21.87 547 19.48 477 17.07 407 14.65 337 12.21 267
24.21 616 21.83 546 19.44 476 17.04 406 14.61 336 12.17 266
24.18 615 21.80 545 19.40 475 17.00 405 14.58 335 12.14 265
24.15 614 21.77 544 19.37 474 16.96 404 14.54 334 12.10 264
24.11 613 21.73 543 19.34 473 16.93 403 14.51 333 12.06 263
24.08 612 21.70 542 19.31 472 16.90 402 14.47 332 12.03 262
24.04 611 21.66 541 19.27 471 16.86 401 14.44 331 11.99 261
24.01 610 21.63 540 19.24 470 16.83 400 14.41 330 11.96 260
23.98 609 21.60 539 19.20 469 16.79 399 14.37 329 11.93 259
23.94 608 21.56 538 19.16 468 16.76 398 14.34 328 11.89 258
23.91 607 21.53 537 19.13 467 16.72 397 14.30 327 11.86 257
23.88 606 21.49 536 19.10 466 16.69 396 14.26 326 11.82 256
23.84 605 21.45 535 19.07 465 16.65 395 14.23 325 11.78 255
23.80 604 21.42 534 19.03 464 16.62 394 14.19 324 11.75 254
23.77 603 21.39 533 19.00 463 16.59 393 14.16 323 11.71 253
23.74 602 21.36 532 18.96 462 16.55 392 14.13 322 11.68 252
23.71 601 21.32 531 18.92 461 16.52 391 14.09 321 11.64 251
23.67 600 21.29 530 18.89 460 16.48 390 14.06 320 11.61 250
23.64 599 21.25 529 18.86 459 16.44 389 14.02 319 11.57 249
23.60 598 21.22 528 18.83 458 16.41 388 13.98 318 11.54 248
23.57 597 21.18 527 18.79 457 16.38 387 13.95 317 11.51 247
23.53 596 21.15 526 18.75 456 16.35 386 13.91 316 11.47 246
23.50 595 21.12 525 18.72 455 16.31 385 13.88 315 11.43 245
23.47 594 21.08 524 18.68 454 16.28 384 13.85 314 11.40 244
23.43 593 21.05 523 18.65 453 16.24 383 13.81 313 11.36 243
23.40 592 21.01 522 18.62 452 16.20 382 13.78 312 11.33 242
23.36 591 20.98 521 18.58 451 16.17 381 13.74 311 11.29 241
11.26 240 9.84 200 8.42 160 6.98 120 5.53 80 4.04 40
11.22 239 9.81 199 8.38 159 6.95 119 5.49 79 4.00 39
11.19 238 9.77 198 8.35 158 6.91 118 5.46 78 3.97 38
11.15 237 9.74 197 8.31 157 6.88 117 5.42 77 3.93 37
11.12 236 9.70 196 8.28 156 6.84 116 5.38 76 3.89 36
11.08 235 9.67 195 8.24 155 6.81 115 5.35 75 3.85 35
11.04 234 9.63 194 8.21 154 6.77 114 5.31 74 3.81 34
11.01 233 9.60 193 8.17 153 6.73 113 5.27 73 3.78 33
10.97 232 9.56 192 8.14 152 6.70 112 5.24 72 3.74 32
10.94 231 9.53 191 8.10 151 6.66 111 5.20 71 3.70 31
10.90 230 9.49 190 8.07 150 6.62 110 5.16 70 3.67 30
10.87 229 9.45 189 8.03 149 6.59 109 5.13 69 3.63 29
10.84 228 9.42 188 7.99 148 6.55 108 5.09 68 3.59 28
10.80 227 9.38 187 7.96 147 6.51 107 5.05 67 3.55 27
10.77 226 9.35 186 7.92 146 6.48 106 5.02 66 3.51 26
10.73 225 9.31 185 7.88 145 6.44 105 4.98 65 3.47 25
10.69 224 9.28 184 7.85 144 6.40 104 4.94 64 3.43 24
10.66 223 9.24 183 7.81 143 6.37 103 4.90 63 3.39 23
10.62 222 9.21 182 7.77 142 6.33 102 4.87 62 3.35 22
10.59 221 9.17 181 7.74 141 6.29 101 4.83 61 3.32 21
10.55 220 9.14 180 7.70 140 6.26 100 4.79 60 3.28 20
10.52 219 9.10 179 7.67 139 6.22 99 4.76 59 3.24 19
10.48 218 9.07 178 7.63 138 6.18 98 4.72 58 3.20 18
10.45 217 9.03 177 7.60 137 6.15 97 4.68 57 3.17 17
10.41 216 8.99 176 7.56 136 6.11 96 4.64 56 3.13 16
10.38 215 8.95 175 7.53 135 6.08 95 4.61 55 3.09 15
10.34 214 8.92 174 7.49 134 6.04 94 4.57 54 3.05 14
10.30 213 8.88 173 7.46 133 6.00 93 4.53 53 3.00 13
10.27 212 8.85 172 7.42 132 5.97 92 4.49 52 2.96 12
10.23 211 8.81 171 7.38 131 5.93 91 4.46 51 2.93 11
10.20 210 8.78 170 7.35 130 5.89 90 4.42 50 2.89 10
10.16 209 8.74 169 7.31 129 5.86 89 4.38 49 2.85 9
10.13 208 8.71 168 7.27 128 5.82 88 4.34 48 2.81 8
10.09 207 8.67 167 7.24 127 5.79 87 4.31 47 2.77 7
10.06 206 8.64 166 7.20 126 5.75 86 4.27 46 2.72 6
10.02 205 8.60 165 7.16 125 5.71 85 4.23 45 2.69 5
9.99 204 8.57 164 7.13 124 5.68 84 4.19 44 2.65 4
9.95 203 8.53 163 7.09 123 5.64 83 4.16 43 2.61 3
9.92 202 8.49 162 7.06 122 5.60 82 4.12 42 2.56 2
9.88 201 8.46 161 7.02 121 5.57 81 4.08 41 2.52 1
