47.84 1500 45.79 1430 43.74 1360 41.68 1290 39.61 1220 37.55 1150
47.81 1499 45.76 1429 43.71 1359 41.65 1289 39.58 1219 37.52 1149
47.78 1498 45.73 1428 43.68 1358 41.62 1288 39.56 1218 37.49 1148
47.75 1497 45.70 1427 43.65 1357 41.59 1287 39.53 1217 37.46 1147
47.72 1496 45.67 1426 43.62 1356 41.56 1286 39.50 1216 37.43 1146
47.69 1495 45.64 1425 43.59 1355 41.53 1285 39.47 1215 37.40 1145
47.66 1494 45.61 1424 43.56 1354 41.50 1284 39.44 1214 37.37 1144
47.63 1493 45.58 1423 43.53 1353 41.47 1283 39.41 1213 37.34 1143
47.60 1492 45.55 1422 43.50 1352 41.44 1282 39.38 1212 37.32 1142
47.57 1491 45.52 1421 43.47 1351 41.41 1281 39.35 1211 37.29 1141
47.54 1490 45.50 1420 43.44 1350 41.39 1280 39.32 1210 37.25 1140
47.52 1489 45.47 1419 43.41 1349 41.36 1279 39.29 1209 37.22 1139
47.49 1488 45.44 1418 43.38 1348 41.33 1278 39.26 1208 37.19 1138
47.46 1487 45.41 1417 43.35 1347 41.29 1277 39.23 1207 37.16 1137
47.43 1486 45.38 1416 43.32 1346 41.26 1276 39.20 1206 37.14 1136
47.40 1485 45.35 1415 43.30 1345 41.23 1275 39.17 1205 37.11 1135
47.37 1484 45.32 1414 43.27 1344 41.21 1274 39.14 1204 37.08 1134
47.34 1483 45.29 1413 43.24 1343 41.18 1273 39.12 1203 37.05 1133
47.31 1482 45.26 1412 43.21 1342 41.15 1272 39.09 1202 37.02 1132
47.28 1481 45.23 1411 43.18 1341 41.12 1271 39.06 1201 36.99 1131
47.25 1480 45.20 1410 43.14 1340 41.09 1270 39.03 1200 36.96 1130
47.22 1479 45.17 1409 43.12 1339 41.06 1269 38.99 1199 36.93 1129
47.19 1478 45.14 1408 43.09 1338 41.03 1268 38.97 1198 36.90 1128
47.16 1477 45.11 1407 43.06 1337 41.00 1267 38.94 1197 36.87 1127
47.13 1476 45.08 1406 43.03 1336 40.97 1266 38.91 1196 36.84 1126
47.10 1475 45.06 1405 43.00 1335 40.94 1265 38.88 1195 36.81 1125
47.08 1474 45.03 1404 42.97 1334 40.91 1264 38.85 1194 36.78 1124
47.05 1473 45.00 1403 42.94 1333 40.88 1263 38.82 1193 36.75 1123
47.02 1472 44.97 1402 42.91 1332 40.85 1262 38.79 1192 36.72 1122
46.99 1471 44.94 1401 42.88 1331 40.82 1261 38.76 1191 36.69 1121
46.96 1470 44.91 1400 42.86 1330 40.79 1260 38.73 1190 36.66 1120
46.93 1469 44.88 1399 42.83 1329 40.77 1259 38.70 1189 36.63 1119
46.90 1468 44.85 1398 42.80 1328 40.74 1258 38.67 1188 36.60 1118
46.87 1467 44.82 1397 42.76 1327 40.71 1257 38.64 1187 36.57 1117
46.84 1466 44.79 1396 42.73 1326 40.68 1256 38.61 1186 36.55 1116
46.82 1465 44.76 1395 42.71 1325 40.65 1255 38.58 1185 36.52 1115
46.79 1464 44.73 1394 42.68 1324 40.62 1254 38.55 1184 36.49 1114
46.76 1463 44.70 1393 42.65 1323 40.59 1253 38.53 1183 36.46 1113
46.72 1462 44.67 1392 42.62 1322 40.56 1252 38.50 1182 36.42 1112
46.69 1461 44.64 1391 42.59 1321 40.53 1251 38.47 1181 36.39 1111
46.66 1460 44.62 1390 42.56 1320 40.50 1250 38.44 1180 36.37 1110
46.64 1459 44.59 1389 42.53 1319 40.47 1249 38.40 1179 36.34 1109
46.61 1458 44.56 1388 42.50 1318 40.44 1248 38.37 1178 36.31 1108
46.58 1457 44.53 1387 42.47 1317 40.41 1247 38.35 1177 36.28 1107
46.55 1456 44.50 1386 42.44 1316 40.38 1246 38.32 1176 36.25 1106
46.52 1455 44.47 1385 42.42 1315 40.35 1245 38.29 1175 36.22 1105
46.49 1454 44.44 1384 42.38 1314 40.33 1244 38.26 1174 36.19 1104
46.46 1453 44.41 1383 42.35 1313 40.29 1243 38.23 1173 36.16 1103
46.43 1452 44.38 1382 42.32 1312 40.26 1242 38.20 1172 36.13 1102
46.40 1451 44.35 1381 42.29 1311 40.23 1241 38.17 1171 36.10 1101
46.38 1450 44.32 1380 42.27 1310 40.20 1240 38.14 1170 36.07 1100
46.35 1449 44.29 1379 42.24 1309 40.18 1239 38.11 1169 36.04 1099
46.32 1448 44.26 1378 42.21 1308 40.15 1238 38.08 1168 36.01 1098
46.29 1447 44.23 1377 42.18 1307 40.12 1237 38.05 1167 35.98 1097
46.26 1446 44.20 1376 42.15 1306 40.09 1236 38.02 1166 35.95 1096
46.22 1445 44.18 1375 42.12 1305 40.06 1235 37.99 1165 35.92 1095
46.20 1444 44.15 1374 42.09 1304 40.03 1234 37.96 1164 35.89 1094
46.17 1443 44.12 1373 42.06 1303 40.00 1233 37.93 1163 35.86 1093
46.14 1442 44.09 1372 42.03 1302 39.97 1232 37.91 1162 35.83 1092
46.11 1441 44.06 1371 42.00 1301 39.94 1231 37.88 1161 35.80 1091
46.08 1440 44.03 1370 41.97 1300 39.91 1230 37.85 1160 35.78 1090
46.05 1439 44.00 1369 41.94 1299 39.88 1229 37.81 1159 35.75 1089
46.02 1438 43.97 1368 41.91 1298 39.85 1228 37.78 1158 35.72 1088
45.99 1437 43.94 1367 41.88 1297 39.82 1227 37.76 1157 35.69 1087
45.96 1436 43.91 1366 41.85 1296 39.79 1226 37.73 1156 35.65 1086
45.94 1435 43.88 1365 41.83 1295 39.76 1225 37.70 1155 35.63 1085
45.91 1434 43.85 1364 41.80 1294 39.74 1224 37.67 1154 35.60 1084
45.88 1433 43.82 1363 41.77 1293 39.71 1223 37.64 1153 35.57 1083
45.85 1432 43.79 1362 41.74 1292 39.68 1222 37.61 1152 35.54 1082
45.82 1431 43.76 1361 41.71 1291 39.64 1221 37.58 1151 35.51 1081
35.48 1080 33.40 1010 31.32 940 29.23 870 27.14 800 25.04 730
35.45 1079 33.37 1009 31.29 939 29.20 869 27.11 799 25.01 729
35.42 1078 33.34 1008 31.26 938 29.18 868 27.08 798 24.98 728
35.39 1077 33.32 1007 31.23 937 29.14 867 27.05 797 24.95 727
35.36 1076 33.29 1006 31.20 936 29.11 866 27.02 796 24.92 726
35.33 1075 33.25 1005 31.17 935 29.08 865 26.99 795 24.89 725
35.30 1074 33.22 1004 31.14 934 29.05 864 26.96 794 24.86 724
35.27 1073 33.19 1003 31.12 933 29.03 863 26.93 793 24.83 723
35.24 1072 33.16 1002 31.08 932 29.00 862 26.90 792 24.80 722
35.21 1071 33.14 1001 31.05 931 28.96 861 26.87 791 24.76 721
35.19 1070 33.11 1000 31.02 930 28.93 860 26.84 790 24.74 720
35.15 1069 33.08 999 30.99 929 28.90 859 26.81 789 24.71 719
35.12 1068 33.05 998 30.96 928 28.87 858 26.78 788 24.68 718
35.09 1067 33.01 997 30.94 927 28.85 857 26.75 787 24.65 717
35.06 1066 32.99 996 30.90 926 28.82 856 26.72 786 24.61 716
35.03 1065 32.96 995 30.87 925 28.78 855 26.69 785 24.59 715
35.01 1064 32.93 994 30.84 924 28.75 854 26.66 784 24.56 714
34.98 1063 32.90 993 30.81 923 28.72 853 26.63 783 24.53 713
34.95 1062 32.87 992 30.79 922 28.70 852 26.60 782 24.50 712
34.92 1061 32.84 991 30.76 921 28.67 851 26.57 781 24.46 711
34.88 1060 32.81 990 30.73 920 28.64 850 26.54 780 24.43 710
34.86 1059 32.78 989 30.69 919 28.60 849 26.51 779 24.41 709
34.83 1058 32.75 988 30.66 918 28.57 848 26.48 778 24.38 708
34.80 1057 32.72 987 30.63 917 28.55 847 26.45 777 24.35 707
34.77 1056 32.69 986 30.61 916 28.52 846 26.42 776 24.31 706
34.74 1055 32.66 985 30.58 915 28.49 845 26.39 775 24.28 705
34.71 1054 32.63 984 30.55 914 28.46 844 26.36 774 24.26 704
34.68 1053 32.60 983 30.52 913 28.43 843 26.33 773 24.23 703
34.65 1052 32.57 982 30.48 912 28.39 842 26.30 772 24.20 702
34.62 1051 32.54 981 30.46 911 28.37 841 26.27 771 24.16 701
34.59 1050 32.51 980 30.43 910 28.34 840 26.24 770 24.13 700
34.56 1049 32.48 979 30.40 909 28.31 839 26.21 769 24.10 699
34.53 1048 32.45 978 30.37 908 28.28 838 26.18 768 24.08 698
34.50 1047 32.42 977 30.34 907 28.25 837 26.15 767 24.05 697
34.47 1046 32.39 976 30.30 906 28.22 836 26.12 766 24.01 696
34.44 1045 32.36 975 30.28 905 28.19 835 26.09 765 23.98 695
34.41 1044 32.33 974 30.25 904 28.16 834 26.06 764 23.95 694
34.38 1043 32.30 973 30.22 903 28.13 833 26.03 763 23.93 693
34.35 1042 32.27 972 30.19 902 28.10 832 26.00 762 23.90 692
34.32 1041 32.24 971 30.16 901 28.06 831 25.97 761 23.86 691
34.29 1040 32.22 970 30.13 900 28.04 830 25.94 760 23.83 690
34.26 1039 32.19 969 30.10 899 28.01 829 25.91 759 23.80 689
34.24 1038 32.15 968 30.07 898 27.98 828 25.88 758 23.77 688
34.21 1037 32.12 967 30.04 897 27.95 827 25.85 757 23.75 687
34.17 1036 32.09 966 30.01 896 27.92 826 25.82 756 23.71 686
34.14 1035 32.06 965 29.98 895 27.89 825 25.79 755 23.68 685
34.11 1034 32.04 964 29.95 894 27.86 824 25.76 754 23.65 684
34.09 1033 32.01 963 29.92 893 27.83 823 25.73 753 23.62 683
34.06 1032 31.98 962 29.89 892 27.80 822 25.70 752 23.60 682
34.03 1031 31.95 961 29.86 891 27.77 821 25.67 751 23.56 681
34.00 1030 31.91 960 29.83 890 27.74 820 25.64 750 23.53 680
33.97 1029 31.89 959 29.80 889 27.71 819 25.61 749 23.50 679
33.93 1028 31.86 958 29.77 888 27.68 818 25.58 748 23.47 678
33.91 1027 31.83 957 29.74 887 27.65 817 25.55 747 23.44 677
33.88 1026 31.80 956 29.71 886 27.62 816 25.52 746 23.41 676
33.85 1025 31.77 955 29.68 885 27.59 815 25.49 745 23.38 675
33.82 1024 31.74 954 29.65 884 27.56 814 25.46 744 23.35 674
33.79 1023 31.71 953 29.62 883 27.53 813 25.43 743 23.32 673
33.76 1022 31.68 952 29.59 882 27.50 812 25.40 742 23.29 672
33.73 1021 31.65 951 29.56 881 27.47 811 25.37 741 23.26 671
33.70 1020 31.62 950 29.53 880 27.44 810 25.34 740 23.23 670
33.67 1019 31.59 949 29.50 879 27.41 809 25.31 739 23.20 669
33.64 1018 31.56 948 29.47 878 27.38 808 25.28 738 23.17 668
33.61 1017 31.53 947 29.44 877 27.35 807 25.25 737 23.14 667
33.58 1016 31.50 946 29.41 876 27.32 806 25.22 736 23.11 666
33.55 1015 31.47 945 29.38 875 27.29 805 25.19 735 23.08 665
33.52 1014 31.44 944 29.36 874 27.26 804 25.16 734 23.05 664
33.49 1013 31.41 943 29.32 873 27.23 803 25.13 733 23.02 663
33.46 1012 31.38 942 29.29 872 27.20 802 25.10 732 22.99 662
33.43 1011 31.35 941 29.26 871 27.17 801 25.07 731 22.96 661
22.93 660 20.81 590 18.69 520 16.54 450 14.40 380 12.23 310
22.90 659 20.78 589 18.65 519 16.52 449 14.36 379 12.20 309
22.87 658 20.75 588 18.62 518 16.49 448 14.33 378 12.17 308
22.84 657 20.72 587 18.59 517 16.45 447 14.30 377 12.13 307
22.81 656 20.69 586 18.56 516 16.42 446 14.27 376 12.10 306
22.78 655 20.66 585 18.53 515 16.39 445 14.24 375 12.07 305
22.75 654 20.63 584 18.50 514 16.36 444 14.21 374 12.04 304
22.72 653 20.60 583 18.47 513 16.33 443 14.18 373 12.01 303
22.69 652 20.57 582 18.44 512 16.30 442 14.15 372 11.98 302
22.66 651 20.54 581 18.41 511 16.27 441 14.12 371 11.95 301
22.63 650 20.51 580 18.38 510 16.24 440 14.08 370 11.92 300
22.59 649 20.48 579 18.35 509 16.21 439 14.06 369 11.88 299
22.56 648 20.45 578 18.32 508 16.18 438 14.03 368 11.86 298
22.54 647 20.42 577 18.29 507 16.14 437 13.99 367 11.82 297
22.51 646 20.39 576 18.26 506 16.12 436 13.96 366 11.79 296
22.48 645 20.35 575 18.23 505 16.09 435 13.93 365 11.76 295
22.44 644 20.32 574 18.19 504 16.05 434 13.90 364 11.73 294
22.41 643 20.30 573 18.17 503 16.02 433 13.87 363 11.70 293
22.39 642 20.27 572 18.14 502 15.99 432 13.84 362 11.67 292
22.36 641 20.23 571 18.11 501 15.97 431 13.81 361 11.64 291
22.33 640 20.20 570 18.07 500 15.93 430 13.78 360 11.61 290
22.29 639 20.17 569 18.04 499 15.90 429 13.75 359 11.57 289
22.26 638 20.15 568 18.01 498 15.87 428 13.71 358 11.54 288
22.23 637 20.12 567 17.98 497 15.84 427 13.68 357 11.51 287
22.21 636 20.08 566 17.95 496 15.81 426 13.66 356 11.48 286
22.17 635 20.05 565 17.92 495 15.78 425 13.62 355 11.45 285
22.14 634 20.02 564 17.89 494 15.75 424 13.59 354 11.42 284
22.11 633 19.99 563 17.86 493 15.72 423 13.56 353 11.39 283
22.08 632 19.96 562 17.83 492 15.69 422 13.53 352 11.36 282
22.06 631 19.93 561 17.80 491 15.66 421 13.50 351 11.32 281
22.02 630 19.90 560 17.77 490 15.62 420 13.47 350 11.29 280
21.99 629 19.87 559 17.74 489 15.59 419 13.44 349 11.26 279
21.96 628 19.84 558 17.71 488 15.57 418 13.41 348 11.23 278
21.93 627 19.81 557 17.68 487 15.53 417 13.37 347 11.20 277
21.90 626 19.78 556 17.64 486 15.50 416 13.34 346 11.17 276
21.87 625 19.75 555 17.62 485 15.47 415 13.31 345 11.14 275
21.84 624 19.72 554 17.59 484 15.44 414 13.28 344 11.11 274
21.81 623 19.69 553 17.56 483 15.41 413 13.25 343 11.07 273
21.78 622 19.66 552 17.52 482 15.38 412 13.22 342 11.04 272
21.75 621 19.63 551 17.49 481 15.35 411 13.19 341 11.01 271
21.72 620 19.60 550 17.46 480 15.32 410 13.16 340 10.98 270
21.69 619 19.57 549 17.43 479 15.29 409 13.13 339 10.95 269
21.66 618 19.54 548 17.40 478 15.26 408 13.09 338 10.92 268
21.63 617 19.51 547 17.37 477 15.22 407 13.07 337 10.89 267
21.60 616 19.47 546 17.34 476 15.20 406 13.04 336 10.85 266
21.57 615 19.44 545 17.31 475 15.17 405 13.00 335 10.82 265
21.54 614 19.42 544 17.28 474 15.13 404 12.97 334 10.80 264
21.51 613 19.39 543 17.25 473 15.10 403 12.94 333 10.76 263
21.48 612 19.35 542 17.22 472 15.07 402 12.91 332 10.73 262
21.45 611 19.32 541 17.19 471 15.04 401 12.88 331 10.70 261
21.42 610 19.29 540 17.16 470 15.01 400 12.85 330 10.67 260
21.39 609 19.27 539 17.13 469 14.98 399 12.82 329 10.64 259
21.36 608 19.23 538 17.09 468 14.95 398 12.79 328 10.60 258
21.33 607 19.20 537 17.07 467 14.92 397 12.75 327 10.58 257
21.30 606 19.17 536 17.04 466 14.89 396 12.72 326 10.54 256
21.27 605 19.14 535 17.01 465 14.85 395 12.69 325 10.51 255
21.23 604 19.11 534 16.97 464 14.82 394 12.66 324 10.48 254
21.20 603 19.08 533 16.94 463 14.80 393 12.63 323 10.45 253
21.18 602 19.05 532 16.91 462 14.76 392 12.60 322 10.42 252
21.15 601 19.02 531 16.88 461 14.73 391 12.57 321 10.38 251
21.11 600 18.99 530 16.85 460 14.70 390 12.54 320 10.36 250
21.08 599 18.96 529 16.82 459 14.67 389 12.51 319 10.32 249
21.05 598 18.93 528 16.79 458 14.64 388 12.47 318 10.29 248
21.03 597 18.89 527 16.76 457 14.61 387 12.45 317 10.26 247
20.99 596 18.87 526 16.73 456 14.58 386 12.41 316 10.23 246
20.96 595 18.84 525 16.70 455 14.55 385 12.38 315 10.20 245
20.93 594 18.81 524 16.67 454 14.52 384 12.35 314 10.16 244
20.90 593 18.77 523 16.64 453 14.49 383 12.32 313 10.14 243
20.87 592 18.74 522 16.61 452 14.45 382 12.29 312 10.11 242
20.84 591 18.72 521 16.57 451 14.43 381 12.26 311 10.07 241
10.04 240 8.78 200 7.51 160 6.23 120 4.93 80 3.61 40
10.01 239 8.75 199 7.48 159 6.20 119 4.90 79 3.57 39
9.98 238 8.72 198 7.45 158 6.16 118 4.87 78 3.54 38
9.94 237 8.69 197 7.41 157 6.14 117 4.83 77 3.51 37
9.92 236 8.65 196 7.39 156 6.10 116 4.80 76 3.47 36
9.89 235 8.62 195 7.35 155 6.07 115 4.77 75 3.44 35
9.85 234 8.59 194 7.32 154 6.04 114 4.73 74 3.40 34
9.82 233 8.56 193 7.29 153 6.00 113 4.70 73 3.37 33
9.79 232 8.53 192 7.26 152 5.97 112 4.67 72 3.33 32
9.76 231 8.50 191 7.22 151 5.94 111 4.64 71 3.30 31
9.72 230 8.46 190 7.19 150 5.91 110 4.60 70 3.27 30
9.70 229 8.43 189 7.16 149 5.88 109 4.57 69 3.24 29
9.67 228 8.40 188 7.13 148 5.84 108 4.54 68 3.20 28
9.63 227 8.37 187 7.10 147 5.81 107 4.50 67 3.17 27
9.60 226 8.34 186 7.07 146 5.78 106 4.47 66 3.13 26
9.57 225 8.31 185 7.03 145 5.75 105 4.44 65 3.10 25
9.54 224 8.28 184 7.00 144 5.71 104 4.40 64 3.06 24
9.50 223 8.24 183 6.97 143 5.68 103 4.37 63 3.03 23
9.48 222 8.21 182 6.93 142 5.65 102 4.34 62 2.99 22
9.45 221 8.18 181 6.91 141 5.61 101 4.31 61 2.96 21
9.41 220 8.15 180 6.87 140 5.59 100 4.27 60 2.93 20
9.38 219 8.12 179 6.84 139 5.55 99 4.24 59 2.89 19
9.35 218 8.09 178 6.81 138 5.52 98 4.21 58 2.86 18
9.32 217 8.05 177 6.78 137 5.49 97 4.17 57 2.82 17
9.28 216 8.02 176 6.74 136 5.45 96 4.14 56 2.79 16
9.26 215 7.99 175 6.71 135 5.42 95 4.11 55 2.75 15
9.22 214 7.96 174 6.68 134 5.39 94 4.07 54 2.72 14
9.19 213 7.92 173 6.65 133 5.35 93 4.04 53 2.68 13
9.16 212 7.90 172 6.62 132 5.33 92 4.01 52 2.64 12
9.13 211 7.86 171 6.59 131 5.29 91 3.98 51 2.61 11
9.10 210 7.83 170 6.55 130 5.26 90 3.94 50 2.58 10
9.06 209 7.80 169 6.52 129 5.23 89 3.91 49 2.54 9
9.04 208 7.77 168 6.49 128 5.19 88 3.87 48 2.51 8
9.00 207 7.73 167 6.45 127 5.16 87 3.84 47 2.47 7
8.97 206 7.70 166 6.43 126 5.13 86 3.81 46 2.43 6
8.94 205 7.67 165 6.39 125 5.09 85 3.77 45 2.40 5
8.91 204 7.64 164 6.36 124 5.06 84 3.74 44 2.36 4
8.88 203 7.61 163 6.33 123 5.03 83 3.71 43 2.33 3
8.84 202 7.58 162 6.30 122 5.00 82 3.68 42 2.29 2
8.82 201 7.54 161 6.26 121 4.97 81 3.64 41 2.25 1
