42.05 1500 40.25 1430 38.44 1360 36.63 1290 34.82 1220 33.00 1150
42.02 1499 40.22 1429 38.41 1359 36.60 1289 34.79 1219 32.98 1149
41.99 1498 40.19 1428 38.39 1358 36.58 1288 34.77 1218 32.95 1148
41.97 1497 40.16 1427 38.36 1357 36.55 1287 34.74 1217 32.92 1147
41.94 1496 40.14 1426 38.34 1356 36.53 1286 34.72 1216 32.90 1146
41.92 1495 40.11 1425 38.31 1355 36.50 1285 34.69 1215 32.87 1145
41.89 1494 40.09 1424 38.28 1354 36.48 1284 34.66 1214 32.85 1144
41.86 1493 40.06 1423 38.26 1353 36.45 1283 34.64 1213 32.82 1143
41.84 1492 40.04 1422 38.23 1352 36.43 1282 34.61 1212 32.80 1142
41.81 1491 40.01 1421 38.21 1351 36.40 1281 34.59 1211 32.77 1141
41.79 1490 39.99 1420 38.18 1350 36.37 1280 34.56 1210 32.74 1140
41.76 1489 39.96 1419 38.15 1349 36.35 1279 34.53 1209 32.72 1139
41.74 1488 39.94 1418 38.13 1348 36.32 1278 34.51 1208 32.69 1138
41.71 1487 39.91 1417 38.10 1347 36.29 1277 34.48 1207 32.67 1137
41.69 1486 39.88 1416 38.08 1346 36.27 1276 34.46 1206 32.64 1136
41.66 1485 39.86 1415 38.05 1345 36.24 1275 34.43 1205 32.61 1135
41.64 1484 39.83 1414 38.03 1344 36.22 1274 34.41 1204 32.59 1134
41.61 1483 39.80 1413 38.00 1343 36.19 1273 34.38 1203 32.56 1133
41.58 1482 39.78 1412 37.98 1342 36.17 1272 34.35 1202 32.54 1132
41.56 1481 39.75 1411 37.95 1341 36.14 1271 34.33 1201 32.51 1131
41.53 1480 39.73 1410 37.92 1340 36.11 1270 34.30 1200 32.48 1130
41.50 1479 39.70 1409 37.90 1339 36.09 1269 34.27 1199 32.46 1129
41.48 1478 39.68 1408 37.87 1338 36.06 1268 34.25 1198 32.43 1128
41.45 1477 39.65 1407 37.84 1337 36.04 1267 34.22 1197 32.41 1127
41.43 1476 39.63 1406 37.82 1336 36.01 1266 34.20 1196 32.38 1126
41.40 1475 39.60 1405 37.79 1335 35.98 1265 34.17 1195 32.35 1125
41.38 1474 39.57 1404 37.77 1334 35.96 1264 34.15 1194 32.33 1124
41.35 1473 39.55 1403 37.74 1333 35.93 1263 34.12 1193 32.30 1123
41.32 1472 39.52 1402 37.72 1332 35.91 1262 34.09 1192 32.28 1122
41.30 1471 39.50 1401 37.69 1331 35.88 1261 34.07 1191 32.25 1121
41.27 1470 39.47 1400 37.67 1330 35.86 1260 34.04 1190 32.22 1120
41.25 1469 39.45 1399 37.64 1329 35.83 1259 34.01 1189 32.20 1119
41.22 1468 39.42 1398 37.62 1328 35.80 1258 33.99 1188 32.17 1118
41.20 1467 39.39 1397 37.59 1327 35.78 1257 33.96 1187 32.15 1117
41.17 1466 39.37 1396 37.56 1326 35.75 1256 33.94 1186 32.12 1116
41.15 1465 39.34 1395 37.53 1325 35.73 1255 33.91 1185 32.10 1115
41.12 1464 39.32 1394 37.51 1324 35.70 1254 33.89 1184 32.07 1114
41.10 1463 39.29 1393 37.48 1323 35.67 1253 33.86 1183 32.04 1113
41.07 1462 39.26 1392 37.46 1322 35.65 1252 33.84 1182 32.01 1112
41.04 1461 39.24 1391 37.43 1321 35.62 1251 33.81 1181 31.99 1111
41.01 1460 39.21 1390 37.41 1320 35.60 1250 33.78 1180 31.96 1110
40.99 1459 39.19 1389 37.38 1319 35.57 1249 33.75 1179 31.94 1109
40.96 1458 39.16 1388 37.36 1318 35.54 1248 33.73 1178 31.91 1108
40.94 1457 39.14 1387 37.33 1317 35.52 1247 33.70 1177 31.89 1107
40.91 1456 39.11 1386 37.31 1316 35.49 1246 33.68 1176 31.86 1106
40.89 1455 39.09 1385 37.28 1315 35.47 1245 33.65 1175 31.84 1105
40.86 1454 39.06 1384 37.25 1314 35.44 1244 33.63 1174 31.81 1104
40.84 1453 39.04 1383 37.22 1313 35.41 1243 33.60 1173 31.78 1103
40.81 1452 39.00 1382 37.20 1312 35.39 1242 33.58 1172 31.75 1102
40.79 1451 38.98 1381 37.17 1311 35.36 1241 33.55 1171 31.73 1101
40.76 1450 38.95 1380 37.15 1310 35.34 1240 33.52 1170 31.70 1100
40.73 1449 38.93 1379 37.12 1309 35.31 1239 33.49 1169 31.68 1099
40.71 1448 38.90 1378 37.10 1308 35.29 1238 33.47 1168 31.65 1098
40.68 1447 38.88 1377 37.07 1307 35.26 1237 33.44 1167 31.63 1097
40.66 1446 38.85 1376 37.05 1306 35.23 1236 33.42 1166 31.60 1096
40.63 1445 38.83 1375 37.02 1305 35.21 1235 33.39 1165 31.57 1095
40.60 1444 38.80 1374 36.99 1304 35.18 1234 33.37 1164 31.55 1094
40.58 1443 38.78 1373 36.97 1303 35.16 1233 33.34 1163 31.52 1093
40.55 1442 38.75 1372 36.94 1302 35.13 1232 33.32 1162 31.49 1092
40.53 1441 38.72 1371 36.91 1301 35.10 1231 33.29 1161 31.47 1091
40.50 1440 38.70 1370 36.89 1300 35.08 1230 33.27 1160 31.44 1090
40.48 1439 38.67 1369 36.86 1299 35.05 1229 33.23 1159 31.42 1089
40.45 1438 38.64 1368 36.84 1298 35.03 1228 33.21 1158 31.39 1088
40.42 1437 38.62 1367 36.81 1297 35.00 1227 33.18 1157 31.37 1087
40.40 1436 38.59 1366 36.79 1296 34.97 1226 33.16 1156 31.34 1086
40.37 1435 38.57 1365 36.76 1295 34.95 1225 33.13 1155 31.31 1085
40.35 1434 38.54 1364 36.74 1294 34.92 1224 33.11 1154 31.29 1084
40.32 1433 38.52 1363 36.71 1293 34.90 1223 33.08 1153 31.26 1083
40.30 1432 38.49 1362 36.68 1292 34.87 1222 33.06 1152 31.24 1082
40.27 1431 38.47 1361 36.66 1291 34.84 1221 33.03 1151 31.21 1081
31.18 1080 29.36 1010 27.53 940 25.69 870 23.85 800 22.01 730
31.16 1079 29.33 1009 27.50 939 25.67 869 23.83 799 21.98 729
31.13 1078 29.31 1008 27.48 938 25.64 868 23.80 798 21.95 728
31.10 1077 29.28 1007 27.45 937 25.61 867 23.78 797 21.93 727
31.08 1076 29.26 1006 27.42 936 25.59 866 23.75 796 21.90 726
31.05 1075 29.23 1005 27.40 935 25.56 865 23.72 795 21.87 725
31.03 1074 29.20 1004 27.37 934 25.54 864 23.69 794 21.85 724
31.00 1073 29.17 1003 27.35 933 25.51 863 23.67 793 21.82 723
30.98 1072 29.15 1002 27.32 932 25.49 862 23.64 792 21.80 722
30.95 1071 29.12 1001 27.29 931 25.46 861 23.62 791 21.77 721
30.92 1070 29.10 1000 27.27 930 25.43 860 23.59 790 21.74 720
30.89 1069 29.07 999 27.24 929 25.40 859 23.56 789 21.72 719
30.87 1068 29.05 998 27.22 928 25.38 858 23.54 788 21.69 718
30.84 1067 29.02 997 27.19 927 25.35 857 23.51 787 21.66 717
30.82 1066 28.99 996 27.16 926 25.33 856 23.49 786 21.63 716
30.79 1065 28.97 995 27.13 925 25.30 855 23.46 785 21.61 715
30.77 1064 28.94 994 27.11 924 25.27 854 23.43 784 21.58 714
30.74 1063 28.92 993 27.08 923 25.25 853 23.40 783 21.56 713
30.72 1062 28.89 992 27.06 922 25.22 852 23.38 782 21.53 712
30.69 1061 28.86 991 27.03 921 25.20 851 23.35 781 21.50 711
30.66 1060 28.83 990 27.01 920 25.17 850 23.33 780 21.48 710
30.63 1059 28.81 989 26.98 919 25.14 849 23.30 779 21.45 709
30.61 1058 28.78 988 26.95 918 25.11 848 23.27 778 21.43 708
30.58 1057 28.76 987 26.93 917 25.09 847 23.25 777 21.40 707
30.56 1056 28.73 986 26.90 916 25.06 846 23.22 776 21.37 706
30.53 1055 28.71 985 26.87 915 25.04 845 23.20 775 21.34 705
30.51 1054 28.68 984 26.85 914 25.01 844 23.17 774 21.32 704
30.48 1053 28.66 983 26.82 913 24.99 843 23.14 773 21.29 703
30.45 1052 28.63 982 26.79 912 24.96 842 23.11 772 21.27 702
30.43 1051 28.60 981 26.77 911 24.93 841 23.09 771 21.24 701
30.40 1050 28.57 980 26.74 910 24.91 840 23.06 770 21.21 700
30.38 1049 28.55 979 26.72 909 24.88 839 23.04 769 21.19 699
30.35 1048 28.52 978 26.69 908 24.85 838 23.01 768 21.16 698
30.32 1047 28.50 977 26.67 907 24.83 837 22.98 767 21.14 697
30.30 1046 28.47 976 26.64 906 24.80 836 22.96 766 21.11 696
30.27 1045 28.44 975 26.61 905 24.77 835 22.93 765 21.08 695
30.24 1044 28.42 974 26.58 904 24.75 834 22.91 764 21.05 694
30.22 1043 28.39 973 26.56 903 24.72 833 22.88 763 21.03 693
30.19 1042 28.37 972 26.53 902 24.70 832 22.85 762 21.00 692
30.17 1041 28.34 971 26.51 901 24.67 831 22.82 761 20.97 691
30.14 1040 28.31 970 26.48 900 24.64 830 22.80 760 20.95 690
30.12 1039 28.29 969 26.45 899 24.62 829 22.77 759 20.92 689
30.09 1038 28.26 968 26.43 898 24.59 828 22.75 758 20.90 688
30.07 1037 28.23 967 26.40 897 24.56 827 22.72 757 20.87 687
30.03 1036 28.21 966 26.38 896 24.54 826 22.69 756 20.84 686
30.01 1035 28.18 965 26.35 895 24.51 825 22.67 755 20.82 685
29.98 1034 28.16 964 26.33 894 24.48 824 22.64 754 20.79 684
29.96 1033 28.13 963 26.30 893 24.46 823 22.62 753 20.76 683
29.93 1032 28.11 962 26.27 892 24.43 822 22.59 752 20.74 682
29.91 1031 28.08 961 26.24 891 24.41 821 22.56 751 20.71 681
29.88 1030 28.05 960 26.22 890 24.38 820 22.53 750 20.68 680
29.86 1029 28.02 959 26.19 889 24.35 819 22.51 749 20.66 679
29.83 1028 28.00 958 26.17 888 24.33 818 22.48 748 20.63 678
29.80 1027 27.97 957 26.14 887 24.30 817 22.45 747 20.60 677
29.78 1026 27.95 956 26.11 886 24.27 816 22.43 746 20.58 676
29.75 1025 27.92 955 26.09 885 24.25 815 22.40 745 20.55 675
29.72 1024 27.90 954 26.06 884 24.22 814 22.38 744 20.52 674
29.70 1023 27.87 953 26.04 883 24.19 813 22.35 743 20.50 673
29.67 1022 27.84 952 26.01 882 24.17 812 22.32 742 20.47 672
29.65 1021 27.82 951 25.98 881 24.14 811 22.30 741 20.44 671
29.62 1020 27.79 950 25.95 880 24.12 810 22.27 740 20.42 670
29.59 1019 27.77 949 25.93 879 24.09 809 22.24 739 20.39 669
29.57 1018 27.74 948 25.90 878 24.07 808 22.22 738 20.37 668
29.54 1017 27.71 947 25.88 877 24.04 807 22.19 737 20.34 667
29.52 1016 27.68 946 25.85 876 24.01 806 22.16 736 20.31 666
29.49 1015 27.66 945 25.83 875 23.98 805 22.14 735 20.29 665
29.46 1014 27.63 944 25.80 874 23.96 804 22.11 734 20.26 664
29.44 1013 27.61 943 25.77 873 23.93 803 22.09 733 20.23 663
29.41 1012 27.58 942 25.75 872 23.91 802 22.06 732 20.20 662
29.38 1011 27.56 941 25.72 871 23.88 801 22.03 731 20.18 661
20.15 660 18.29 590 16.42 520 14.54 450 12.65 380 10.75 310
20.13 659 18.27 589 16.39 519 14.52 449 12.62 379 10.72 309
20.10 658 18.24 588 16.37 518 14.49 448 12.60 378 10.69 308
20.07 657 18.21 587 16.34 517 14.46 447 12.57 377 10.66 307
20.05 656 18.18 586 16.32 516 14.43 446 12.54 376 10.64 306
20.02 655 18.16 585 16.29 515 14.41 445 12.52 375 10.61 305
20.00 654 18.13 584 16.26 514 14.38 444 12.49 374 10.58 304
19.97 653 18.10 583 16.24 513 14.35 443 12.46 373 10.56 303
19.94 652 18.08 582 16.21 512 14.33 442 12.44 372 10.53 302
19.91 651 18.05 581 16.18 511 14.30 441 12.41 371 10.50 301
19.89 650 18.03 580 16.15 510 14.27 440 12.38 370 10.48 300
19.86 649 18.00 579 16.13 509 14.25 439 12.35 369 10.45 299
19.83 648 17.97 578 16.10 508 14.22 438 12.33 368 10.42 298
19.81 647 17.95 577 16.07 507 14.19 437 12.30 367 10.39 297
19.78 646 17.92 576 16.05 506 14.16 436 12.27 366 10.36 296
19.76 645 17.89 575 16.02 505 14.14 435 12.25 365 10.34 295
19.73 644 17.86 574 15.99 504 14.11 434 12.22 364 10.31 294
19.70 643 17.84 573 15.97 503 14.08 433 12.19 363 10.28 293
19.68 642 17.81 572 15.94 502 14.06 432 12.17 362 10.26 292
19.65 641 17.78 571 15.92 501 14.03 431 12.13 361 10.23 291
19.62 640 17.76 570 15.88 500 14.00 430 12.11 360 10.20 290
19.59 639 17.73 569 15.86 499 13.98 429 12.08 359 10.17 289
19.57 638 17.71 568 15.83 498 13.95 428 12.05 358 10.15 288
19.54 637 17.68 567 15.80 497 13.92 427 12.03 357 10.12 287
19.52 636 17.65 566 15.78 496 13.90 426 12.00 356 10.09 286
19.49 635 17.62 565 15.75 495 13.87 425 11.97 355 10.06 285
19.46 634 17.60 564 15.73 494 13.84 424 11.95 354 10.03 284
19.44 633 17.57 563 15.70 493 13.81 423 11.92 353 10.01 283
19.41 632 17.54 562 15.67 492 13.79 422 11.89 352 9.98 282
19.39 631 17.52 561 15.65 491 13.76 421 11.87 351 9.95 281
19.35 630 17.49 560 15.62 490 13.73 420 11.84 350 9.93 280
19.33 629 17.47 559 15.59 489 13.71 419 11.81 349 9.90 279
19.30 628 17.44 558 15.56 488 13.68 418 11.78 348 9.87 278
19.28 627 17.41 557 15.54 487 13.65 417 11.75 347 9.85 277
19.25 626 17.39 556 15.51 486 13.63 416 11.73 346 9.81 276
19.22 625 17.36 555 15.48 485 13.60 415 11.70 345 9.79 275
19.20 624 17.33 554 15.46 484 13.57 414 11.67 344 9.76 274
19.17 623 17.30 553 15.43 483 13.54 413 11.65 343 9.73 273
19.14 622 17.28 552 15.40 482 13.52 412 11.62 342 9.71 272
19.12 621 17.25 551 15.38 481 13.49 411 11.59 341 9.68 271
19.09 620 17.22 550 15.35 480 13.46 410 11.56 340 9.65 270
19.06 619 17.20 549 15.32 479 13.44 409 11.54 339 9.63 269
19.04 618 17.17 548 15.29 478 13.41 408 11.51 338 9.60 268
19.01 617 17.15 547 15.27 477 13.38 407 11.48 337 9.57 267
18.98 616 17.12 546 15.24 476 13.36 406 11.46 336 9.54 266
18.96 615 17.09 545 15.21 475 13.33 405 11.43 335 9.51 265
18.93 614 17.07 544 15.19 474 13.30 404 11.40 334 9.49 264
18.90 613 17.04 543 15.16 473 13.27 403 11.38 333 9.46 263
18.88 612 17.01 542 15.14 472 13.25 402 11.35 332 9.43 262
18.85 611 16.98 541 15.11 471 13.22 401 11.32 331 9.40 261
18.83 610 16.96 540 15.08 470 13.19 400 11.30 330 9.38 260
18.80 609 16.93 539 15.06 469 13.17 399 11.26 329 9.35 259
18.77 608 16.90 538 15.02 468 13.14 398 11.24 328 9.32 258
18.74 607 16.88 537 15.00 467 13.11 397 11.21 327 9.30 257
18.72 606 16.85 536 14.97 466 13.09 396 11.18 326 9.27 256
18.69 605 16.82 535 14.95 465 13.06 395 11.16 325 9.24 255
18.66 604 16.80 534 14.92 464 13.03 394 11.13 324 9.21 254
18.64 603 16.77 533 14.89 463 13.00 393 11.10 323 9.18 253
18.61 602 16.74 532 14.87 462 12.97 392 11.08 322 9.16 252
18.59 601 16.71 531 14.84 461 12.95 391 11.05 321 9.13 251
18.56 600 16.69 530 14.81 460 12.92 390 11.02 320 9.10 250
18.53 599 16.66 529 14.79 459 12.89 389 11.00 319 9.07 249
18.51 598 16.64 528 14.76 458 12.87 388 10.96 318 9.05 248
18.48 597 16.61 527 14.73 457 12.84 387 10.94 317 9.02 247
18.45 596 16.58 526 14.70 456 12.82 386 10.91 316 8.99 246
18.42 595 16.56 525 14.68 455 12.79 385 10.88 315 8.97 245
18.40 594 16.53 524 14.65 454 12.76 384 10.86 314 8.93 244
18.37 593 16.50 523 14.62 453 12.74 383 10.83 313 8.91 243
18.35 592 16.47 522 14.60 452 12.70 382 10.80 312 8.88 242
18.32 591 16.45 521 14.57 451 12.68 381 10.78 311 8.85 241
8.83 240 7.72 200 6.60 160 5.47 120 4.33 80 3.17 40
8.80 239 7.69 199 6.57 159 5.45 119 4.30 79 3.14 39
8.77 238 7.66 198 6.55 158 5.42 118 4.28 78 3.11 38
8.74 237 7.64 197 6.52 157 5.39 117 4.25 77 3.08 37
8.72 236 7.61 196 6.49 156 5.36 116 4.22 76 3.05 36
8.69 235 7.58 195 6.46 155 5.34 115 4.19 75 3.02 35
8.66 234 7.55 194 6.44 154 5.31 114 4.16 74 2.99 34
8.63 233 7.53 193 6.41 153 5.28 113 4.13 73 2.96 33
8.60 232 7.49 192 6.38 152 5.25 112 4.11 72 2.93 32
8.58 231 7.47 191 6.35 151 5.22 111 4.08 71 2.91 31
8.55 230 7.44 190 6.32 150 5.19 110 4.04 70 2.87 30
8.52 229 7.41 189 6.29 149 5.16 109 4.02 69 2.84 29
8.50 228 7.39 188 6.27 148 5.13 108 3.99 68 2.81 28
8.47 227 7.36 187 6.24 147 5.11 107 3.96 67 2.78 27
8.44 226 7.33 186 6.21 146 5.08 106 3.93 66 2.75 26
8.41 225 7.30 185 6.18 145 5.05 105 3.90 65 2.72 25
8.38 224 7.28 184 6.16 144 5.02 104 3.87 64 2.69 24
8.35 223 7.25 183 6.13 143 4.99 103 3.84 63 2.66 23
8.33 222 7.22 182 6.10 142 4.97 102 3.82 62 2.63 22
8.30 221 7.19 181 6.07 141 4.94 101 3.79 61 2.60 21
8.27 220 7.16 180 6.04 140 4.91 100 3.75 60 2.57 20
8.25 219 7.13 179 6.01 139 4.88 99 3.73 59 2.54 19
8.22 218 7.11 178 5.98 138 4.85 98 3.70 58 2.51 18
8.19 217 7.08 177 5.96 137 4.82 97 3.67 57 2.48 17
8.16 216 7.05 176 5.93 136 4.79 96 3.64 56 2.45 16
8.14 215 7.02 175 5.90 135 4.77 95 3.61 55 2.42 15
8.11 214 7.00 174 5.87 134 4.74 94 3.58 54 2.39 14
8.08 213 6.97 173 5.85 133 4.71 93 3.55 53 2.36 13
8.05 212 6.94 172 5.82 132 4.68 92 3.52 52 2.33 12
8.02 211 6.91 171 5.79 131 4.65 91 3.50 51 2.29 11
8.00 210 6.88 170 5.76 130 4.62 90 3.46 50 2.26 10
7.97 209 6.85 169 5.73 129 4.59 89 3.43 49 2.23 9
7.94 208 6.83 168 5.70 128 4.56 88 3.40 48 2.20 8
7.91 207 6.80 167 5.67 127 4.54 87 3.38 47 2.17 7
7.89 206 6.77 166 5.65 126 4.51 86 3.35 46 2.14 6
7.86 205 6.74 165 5.62 125 4.48 85 3.32 45 2.11 5
7.83 204 6.72 164 5.59 124 4.45 84 3.29 44 2.08 4
7.80 203 6.69 163 5.56 123 4.42 83 3.26 43 2.05 3
7.77 202 6.66 162 5.54 122 4.39 82 3.23 42 2.01 2
7.75 201 6.63 161 5.51 121 4.37 81 3.20 41 1.97 1
