36.26 1500 34.70 1430 33.15 1360 31.59 1290 30.02 1220 28.46 1150
36.23 1499 34.68 1429 33.12 1359 31.56 1289 30.00 1219 28.43 1149
36.21 1498 34.65 1428 33.10 1358 31.54 1288 29.98 1218 28.41 1148
36.19 1497 34.63 1427 33.08 1357 31.52 1287 29.96 1217 28.39 1147
36.16 1496 34.61 1426 33.06 1356 31.50 1286 29.93 1216 28.37 1146
36.14 1495 34.59 1425 33.04 1355 31.47 1285 29.91 1215 28.35 1145
36.12 1494 34.57 1424 33.01 1354 31.45 1284 29.89 1214 28.32 1144
36.10 1493 34.54 1423 32.99 1353 31.43 1283 29.87 1213 28.30 1143
36.08 1492 34.52 1422 32.97 1352 31.41 1282 29.85 1212 28.28 1142
36.05 1491 34.50 1421 32.94 1351 31.39 1281 29.82 1211 28.26 1141
36.03 1490 34.48 1420 32.92 1350 31.36 1280 29.80 1210 28.23 1140
36.01 1489 34.46 1419 32.90 1349 31.34 1279 29.78 1209 28.21 1139
35.99 1488 34.44 1418 32.88 1348 31.32 1278 29.75 1208 28.19 1138
35.97 1487 34.41 1417 32.86 1347 31.29 1277 29.73 1207 28.17 1137
35.94 1486 34.39 1416 32.83 1346 31.27 1276 29.71 1206 28.14 1136
35.92 1485 34.37 1415 32.81 1345 31.25 1275 29.69 1205 28.12 1135
35.90 1484 34.35 1414 32.79 1344 31.23 1274 29.67 1204 28.10 1134
35.88 1483 34.32 1413 32.77 1343 31.21 1273 29.64 1203 28.08 1133
35.86 1482 34.30 1412 32.75 1342 31.18 1272 29.62 1202 28.06 1132
35.83 1481 34.28 1411 32.72 1341 31.16 1271 29.60 1201 28.03 1131
35.81 1480 34.26 1410 32.70 1340 31.14 1270 29.58 1200 28.01 1130
35.79 1479 34.23 1409 32.68 1339 31.12 1269 29.55 1199 27.99 1129
35.76 1478 34.21 1408 32.65 1338 31.10 1268 29.53 1198 27.96 1128
35.74 1477 34.19 1407 32.63 1337 31.07 1267 29.51 1197 27.94 1127
35.72 1476 34.17 1406 32.61 1336 31.05 1266 29.49 1196 27.92 1126
35.70 1475 34.15 1405 32.59 1335 31.03 1265 29.46 1195 27.90 1125
35.68 1474 34.12 1404 32.57 1334 31.00 1264 29.44 1194 27.88 1124
35.65 1473 34.10 1403 32.54 1333 30.98 1263 29.42 1193 27.85 1123
35.63 1472 34.08 1402 32.52 1332 30.96 1262 29.40 1192 27.83 1122
35.61 1471 34.06 1401 32.50 1331 30.94 1261 29.38 1191 27.81 1121
35.59 1470 34.04 1400 32.48 1330 30.92 1260 29.35 1190 27.78 1120
35.57 1469 34.01 1399 32.46 1329 30.89 1259 29.33 1189 27.76 1119
35.55 1468 33.99 1398 32.43 1328 30.87 1258 29.31 1188 27.74 1118
35.52 1467 33.97 1397 32.41 1327 30.85 1257 29.28 1187 27.72 1117
35.50 1466 33.94 1396 32.39 1326 30.83 1256 29.26 1186 27.70 1116
35.48 1465 33.92 1395 32.36 1325 30.81 1255 29.24 1185 27.67 1115
35.46 1464 33.90 1394 32.34 1324 30.78 1254 29.22 1184 27.65 1114
35.44 1463 33.88 1393 32.32 1323 30.76 1253 29.20 1183 27.63 1113
35.41 1462 33.86 1392 32.30 1322 30.74 1252 29.17 1182 27.60 1112
35.39 1461 33.83 1391 32.28 1321 30.71 1251 29.15 1181 27.58 1111
35.37 1460 33.81 1390 32.25 1320 30.69 1250 29.13 1180 27.56 1110
35.34 1459 33.79 1389 32.23 1319 30.67 1249 29.10 1179 27.54 1109
35.32 1458 33.77 1388 32.21 1318 30.65 1248 29.08 1178 27.52 1108
35.30 1457 33.75 1387 32.19 1317 30.63 1247 29.06 1177 27.49 1107
35.28 1456 33.72 1386 32.17 1316 30.61 1246 29.04 1176 27.47 1106
35.26 1455 33.70 1385 32.15 1315 30.58 1245 29.02 1175 27.45 1105
35.23 1454 33.68 1384 32.12 1314 30.56 1244 29.00 1174 27.43 1104
35.21 1453 33.66 1383 32.10 1313 30.53 1243 28.97 1173 27.40 1103
35.19 1452 33.63 1382 32.07 1312 30.51 1242 28.95 1172 27.38 1102
35.17 1451 33.61 1381 32.05 1311 30.49 1241 28.93 1171 27.36 1101
35.15 1450 33.59 1380 32.03 1310 30.47 1240 28.91 1170 27.34 1100
35.12 1449 33.57 1379 32.01 1309 30.45 1239 28.88 1169 27.31 1099
35.10 1448 33.54 1378 31.99 1308 30.43 1238 28.86 1168 27.29 1098
35.08 1447 33.52 1377 31.97 1307 30.40 1237 28.84 1167 27.27 1097
35.06 1446 33.50 1376 31.94 1306 30.38 1236 28.82 1166 27.25 1096
35.03 1445 33.48 1375 31.92 1305 30.36 1235 28.79 1165 27.22 1095
35.01 1444 33.46 1374 31.90 1304 30.34 1234 28.77 1164 27.20 1094
34.99 1443 33.43 1373 31.88 1303 30.32 1233 28.75 1163 27.18 1093
34.97 1442 33.41 1372 31.85 1302 30.29 1232 28.73 1162 27.16 1092
34.94 1441 33.39 1371 31.83 1301 30.27 1231 28.71 1161 27.13 1091
34.92 1440 33.37 1370 31.81 1300 30.25 1230 28.68 1160 27.11 1090
34.90 1439 33.35 1369 31.79 1299 30.22 1229 28.66 1159 27.09 1089
34.88 1438 33.32 1368 31.76 1298 30.20 1228 28.64 1158 27.07 1088
34.86 1437 33.30 1367 31.74 1297 30.18 1227 28.61 1157 27.05 1087
34.83 1436 33.28 1366 31.72 1296 30.16 1226 28.59 1156 27.02 1086
34.81 1435 33.25 1365 31.70 1295 30.14 1225 28.57 1155 27.00 1085
34.79 1434 33.23 1364 31.68 1294 30.11 1224 28.55 1154 26.98 1084
34.77 1433 33.21 1363 31.65 1293 30.09 1223 28.53 1153 26.96 1083
34.75 1432 33.19 1362 31.63 1292 30.07 1222 28.50 1152 26.93 1082
34.72 1431 33.17 1361 31.61 1291 30.04 1221 28.48 1151 26.91 1081
26.89 1080 25.31 1010 23.74 940 22.16 870 20.57 800 18.97 730
26.87 1079 25.29 1009 23.71 939 22.13 869 20.55 799 18.95 729
26.85 1078 25.27 1008 23.69 938 22.11 868 20.52 798 18.93 728
26.82 1077 25.25 1007 23.67 937 22.09 867 20.50 797 18.91 727
26.80 1076 25.23 1006 23.65 936 22.06 866 20.48 796 18.88 726
26.78 1075 25.20 1005 23.63 935 22.04 865 20.45 795 18.86 725
26.75 1074 25.18 1004 23.60 934 22.02 864 20.43 794 18.84 724
26.73 1073 25.16 1003 23.58 933 22.00 863 20.41 793 18.82 723
26.71 1072 25.13 1002 23.56 932 21.98 862 20.39 792 18.80 722
26.69 1071 25.11 1001 23.53 931 21.95 861 20.37 791 18.77 721
26.67 1070 25.09 1000 23.51 930 21.93 860 20.34 790 18.75 720
26.64 1069 25.07 999 23.49 929 21.91 859 20.32 789 18.72 719
26.62 1068 25.05 998 23.47 928 21.88 858 20.30 788 18.70 718
26.60 1067 25.02 997 23.45 927 21.86 857 20.27 787 18.68 717
26.57 1066 25.00 996 23.42 926 21.84 856 20.25 786 18.65 716
26.55 1065 24.98 995 23.40 925 21.81 855 20.23 785 18.63 715
26.53 1064 24.95 994 23.38 924 21.79 854 20.20 784 18.61 714
26.51 1063 24.93 993 23.35 923 21.77 853 20.18 783 18.59 713
26.49 1062 24.91 992 23.33 922 21.75 852 20.16 782 18.57 712
26.46 1061 24.89 991 23.31 921 21.73 851 20.14 781 18.54 711
26.44 1060 24.86 990 23.29 920 21.70 850 20.12 780 18.52 710
26.42 1059 24.84 989 23.26 919 21.68 849 20.09 779 18.50 709
26.39 1058 24.82 988 23.24 918 21.66 848 20.07 778 18.47 708
26.37 1057 24.80 987 23.22 917 21.63 847 20.05 777 18.45 707
26.35 1056 24.77 986 23.20 916 21.61 846 20.02 776 18.43 706
26.33 1055 24.75 985 23.17 915 21.59 845 20.00 775 18.40 705
26.31 1054 24.73 984 23.15 914 21.57 844 19.98 774 18.38 704
26.28 1053 24.71 983 23.13 913 21.55 843 19.95 773 18.36 703
26.26 1052 24.68 982 23.10 912 21.52 842 19.93 772 18.34 702
26.24 1051 24.66 981 23.08 911 21.50 841 19.91 771 18.31 701
26.21 1050 24.64 980 23.06 910 21.48 840 19.89 770 18.29 700
26.19 1049 24.62 979 23.04 909 21.45 839 19.87 769 18.27 699
26.17 1048 24.59 978 23.02 908 21.43 838 19.84 768 18.25 698
26.15 1047 24.57 977 22.99 907 21.41 837 19.82 767 18.22 697
26.13 1046 24.55 976 22.97 906 21.38 836 19.80 766 18.20 696
26.10 1045 24.52 975 22.95 905 21.36 835 19.77 765 18.18 695
26.08 1044 24.50 974 22.92 904 21.34 834 19.75 764 18.15 694
26.06 1043 24.48 973 22.90 903 21.32 833 19.73 763 18.13 693
26.03 1042 24.46 972 22.88 902 21.30 832 19.70 762 18.11 692
26.01 1041 24.44 971 22.86 901 21.27 831 19.68 761 18.08 691
25.99 1040 24.41 970 22.84 900 21.25 830 19.66 760 18.06 690
25.97 1039 24.39 969 22.81 899 21.23 829 19.64 759 18.04 689
25.95 1038 24.37 968 22.79 898 21.20 828 19.62 758 18.02 688
25.92 1037 24.34 967 22.77 897 21.18 827 19.59 757 18.00 687
25.90 1036 24.32 966 22.74 896 21.16 826 19.57 756 17.97 686
25.88 1035 24.30 965 22.72 895 21.13 825 19.55 755 17.95 685
25.85 1034 24.28 964 22.70 894 21.11 824 19.52 754 17.93 684
25.83 1033 24.26 963 22.68 893 21.09 823 19.50 753 17.90 683
25.81 1032 24.24 962 22.65 892 21.07 822 19.48 752 17.88 682
25.79 1031 24.21 961 22.63 891 21.05 821 19.45 751 17.86 681
25.77 1030 24.19 960 22.61 890 21.02 820 19.43 750 17.83 680
25.74 1029 24.16 959 22.59 889 21.00 819 19.41 749 17.81 679
25.72 1028 24.14 958 22.56 888 20.98 818 19.39 748 17.79 678
25.70 1027 24.12 957 22.54 887 20.95 817 19.36 747 17.76 677
25.67 1026 24.10 956 22.52 886 20.93 816 19.34 746 17.74 676
25.65 1025 24.08 955 22.49 885 20.91 815 19.32 745 17.72 675
25.63 1024 24.06 954 22.47 884 20.89 814 19.30 744 17.70 674
25.61 1023 24.03 953 22.45 883 20.86 813 19.27 743 17.68 673
25.59 1022 24.01 952 22.43 882 20.84 812 19.25 742 17.65 672
25.56 1021 23.98 951 22.41 881 20.82 811 19.22 741 17.63 671
25.54 1020 23.96 950 22.38 880 20.80 810 19.20 740 17.61 670
25.52 1019 23.94 949 22.36 879 20.77 809 19.18 739 17.58 669
25.49 1018 23.92 948 22.34 878 20.75 808 19.16 738 17.56 668
25.47 1017 23.90 947 22.31 877 20.73 807 19.14 737 17.54 667
25.45 1016 23.87 946 22.29 876 20.70 806 19.11 736 17.51 666
25.43 1015 23.85 945 22.27 875 20.68 805 19.09 735 17.49 665
25.41 1014 23.83 944 22.25 874 20.66 804 19.07 734 17.47 664
25.38 1013 23.81 943 22.22 873 20.64 803 19.05 733 17.45 663
25.36 1012 23.78 942 22.20 872 20.62 802 19.02 732 17.42 662
25.34 1011 23.76 941 22.18 871 20.59 801 19.00 731 17.40 661
17.38 660 15.77 590 14.16 520 12.54 450 10.91 380 9.27 310
17.36 659 15.75 589 14.14 519 12.52 449 10.89 379 9.24 309
17.33 658 15.73 588 14.11 518 12.50 448 10.86 378 9.22 308
17.31 657 15.70 587 14.09 517 12.47 447 10.84 377 9.20 307
17.29 656 15.68 586 14.07 516 12.45 446 10.81 376 9.17 306
17.26 655 15.66 585 14.04 515 12.42 445 10.79 375 9.15 305
17.24 654 15.64 584 14.02 514 12.40 444 10.77 374 9.13 304
17.22 653 15.61 583 14.00 513 12.38 443 10.74 373 9.10 303
17.19 652 15.59 582 13.97 512 12.35 442 10.72 372 9.08 302
17.17 651 15.57 581 13.95 511 12.33 441 10.70 371 9.06 301
17.15 650 15.54 580 13.93 510 12.31 440 10.67 370 9.03 300
17.12 649 15.52 579 13.91 509 12.28 439 10.65 369 9.01 299
17.10 648 15.50 578 13.88 508 12.26 438 10.63 368 8.99 298
17.08 647 15.47 577 13.86 507 12.24 437 10.60 367 8.96 297
17.06 646 15.45 576 13.84 506 12.21 436 10.58 366 8.94 296
17.04 645 15.43 575 13.82 505 12.19 435 10.56 365 8.92 295
17.01 644 15.40 574 13.79 504 12.17 434 10.53 364 8.89 294
16.99 643 15.38 573 13.77 503 12.14 433 10.51 363 8.87 293
16.97 642 15.36 572 13.75 502 12.12 432 10.49 362 8.85 292
16.94 641 15.33 571 13.72 501 12.10 431 10.46 361 8.82 291
16.92 640 15.31 570 13.70 500 12.07 430 10.44 360 8.80 290
16.90 639 15.29 569 13.68 499 12.05 429 10.42 359 8.77 289
16.87 638 15.27 568 13.65 498 12.03 428 10.39 358 8.75 288
16.85 637 15.25 567 13.63 497 12.00 427 10.37 357 8.73 287
16.83 636 15.22 566 13.61 496 11.98 426 10.35 356 8.70 286
16.80 635 15.20 565 13.58 495 11.96 425 10.32 355 8.68 285
16.78 634 15.18 564 13.56 494 11.93 424 10.30 354 8.65 284
16.76 633 15.15 563 13.53 493 11.91 423 10.28 353 8.63 283
16.74 632 15.13 562 13.51 492 11.89 422 10.25 352 8.61 282
16.72 631 15.11 561 13.49 491 11.87 421 10.23 351 8.58 281
16.69 630 15.08 560 13.47 490 11.84 420 10.21 350 8.56 280
16.67 629 15.06 559 13.44 489 11.82 419 10.18 349 8.54 279
16.65 628 15.04 558 13.42 488 11.80 418 10.16 348 8.51 278
16.62 627 15.01 557 13.40 487 11.77 417 10.13 347 8.49 277
16.60 626 14.99 556 13.37 486 11.75 416 10.11 346 8.46 276
16.58 625 14.97 555 13.35 485 11.73 415 10.09 345 8.44 275
16.55 624 14.94 554 13.33 484 11.70 414 10.06 344 8.42 274
16.53 623 14.92 553 13.31 483 11.68 413 10.04 343 8.39 273
16.50 622 14.90 552 13.28 482 11.66 412 10.02 342 8.37 272
16.48 621 14.88 551 13.26 481 11.63 411 9.99 341 8.34 271
16.46 620 14.85 550 13.24 480 11.61 410 9.97 340 8.32 270
16.44 619 14.83 549 13.21 479 11.59 409 9.95 339 8.30 269
16.42 618 14.81 548 13.19 478 11.57 408 9.92 338 8.27 268
16.39 617 14.79 547 13.17 477 11.54 407 9.90 337 8.25 267
16.37 616 14.76 546 13.14 476 11.52 406 9.88 336 8.23 266
16.35 615 14.74 545 13.12 475 11.49 405 9.85 335 8.20 265
16.33 614 14.72 544 13.10 474 11.47 404 9.83 334 8.18 264
16.30 613 14.69 543 13.07 473 11.45 403 9.81 333 8.16 263
16.28 612 14.67 542 13.05 472 11.42 402 9.78 332 8.13 262
16.25 611 14.64 541 13.03 471 11.40 401 9.76 331 8.11 261
16.23 610 14.62 540 13.00 470 11.38 400 9.74 330 8.09 260
16.21 609 14.60 539 12.98 469 11.35 399 9.71 329 8.06 259
16.18 608 14.57 538 12.96 468 11.33 398 9.69 328 8.04 258
16.16 607 14.55 537 12.93 467 11.31 397 9.67 327 8.02 257
16.14 606 14.53 536 12.91 466 11.28 396 9.64 326 7.99 256
16.12 605 14.50 535 12.89 465 11.26 395 9.62 325 7.97 255
16.09 604 14.48 534 12.86 464 11.24 394 9.60 324 7.95 254
16.07 603 14.46 533 12.84 463 11.21 393 9.57 323 7.92 253
16.05 602 14.44 532 12.82 462 11.19 392 9.55 322 7.90 252
16.03 601 14.41 531 12.79 461 11.17 391 9.53 321 7.87 251
16.00 600 14.39 530 12.77 460 11.14 390 9.50 320 7.85 250
15.98 599 14.37 529 12.75 459 11.12 389 9.48 319 7.82 249
15.96 598 14.35 528 12.73 458 11.10 388 9.45 318 7.80 248
15.93 597 14.32 527 12.70 457 11.07 387 9.43 317 7.78 247
15.91 596 14.30 526 12.68 456 11.05 386 9.41 316 7.75 246
15.89 595 14.28 525 12.66 455 11.03 385 9.38 315 7.73 245
15.86 594 14.25 524 12.63 454 11.00 384 9.36 314 7.70 244
15.84 593 14.23 523 12.61 453 10.98 383 9.34 313 7.68 243
15.82 592 14.21 522 12.59 452 10.96 382 9.31 312 7.66 242
15.79 591 14.18 521 12.56 451 10.93 381 9.29 311 7.63 241
7.61 240 6.66 200 5.70 160 4.72 120 3.74 80 2.73 40
7.59 239 6.63 199 5.67 159 4.70 119 3.71 79 2.71 39
7.56 238 6.61 198 5.65 158 4.67 118 3.69 78 2.69 38
7.54 237 6.59 197 5.62 157 4.65 117 3.66 77 2.66 37
7.52 236 6.56 196 5.60 156 4.62 116 3.64 76 2.63 36
7.49 235 6.54 195 5.57 155 4.60 115 3.62 75 2.61 35
7.47 234 6.51 194 5.55 154 4.58 114 3.59 74 2.58 34
7.45 233 6.49 193 5.52 153 4.55 113 3.56 73 2.55 33
7.42 232 6.46 192 5.50 152 4.53 112 3.54 72 2.53 32
7.40 231 6.44 191 5.48 151 4.50 111 3.51 71 2.51 31
7.37 230 6.41 190 5.45 150 4.48 110 3.49 70 2.48 30
7.35 229 6.39 189 5.43 149 4.45 109 3.47 69 2.45 29
7.33 228 6.37 188 5.41 148 4.43 108 3.44 68 2.43 28
7.30 227 6.34 187 5.38 147 4.41 107 3.41 67 2.40 27
7.28 226 6.32 186 5.36 146 4.38 106 3.39 66 2.37 26
7.25 225 6.30 185 5.33 145 4.36 105 3.37 65 2.35 25
7.23 224 6.27 184 5.31 144 4.33 104 3.34 64 2.32 24
7.20 223 6.25 183 5.28 143 4.30 103 3.31 63 2.30 23
7.18 222 6.23 182 5.26 142 4.28 102 3.29 62 2.27 22
7.16 221 6.20 181 5.23 141 4.26 101 3.26 61 2.25 21
7.13 220 6.18 180 5.21 140 4.23 100 3.24 60 2.22 20
7.11 219 6.15 179 5.19 139 4.21 99 3.22 59 2.19 19
7.09 218 6.13 178 5.16 138 4.18 98 3.19 58 2.17 18
7.06 217 6.10 177 5.14 137 4.16 97 3.16 57 2.14 17
7.04 216 6.08 176 5.11 136 4.13 96 3.14 56 2.12 16
7.02 215 6.05 175 5.09 135 4.11 95 3.12 55 2.09 15
6.99 214 6.03 174 5.06 134 4.09 94 3.09 54 2.06 14
6.97 213 6.01 173 5.04 133 4.06 93 3.06 53 2.03 13
6.95 212 5.98 172 5.02 132 4.04 92 3.04 52 2.01 12
6.92 211 5.96 171 4.99 131 4.01 91 3.01 51 1.98 11
6.90 210 5.94 170 4.97 130 3.98 90 2.99 50 1.95 10
6.87 209 5.91 169 4.94 129 3.96 89 2.96 49 1.93 9
6.85 208 5.89 168 4.92 128 3.94 88 2.94 48 1.90 8
6.82 207 5.86 167 4.89 127 3.91 87 2.91 47 1.87 7
6.80 206 5.84 166 4.87 126 3.89 86 2.89 46 1.84 6
6.77 205 5.81 165 4.84 125 3.86 85 2.86 45 1.82 5
6.75 204 5.79 164 4.82 124 3.84 84 2.83 44 1.79 4
6.73 203 5.77 163 4.80 123 3.81 83 2.81 43 1.76 3
6.70 202 5.74 162 4.77 122 3.79 82 2.79 42 1.73 2
6.68 201 5.72 161 4.75 121 3.76 81 2.76 41 1.70 1
