30.46 1500 29.16 1430 27.85 1360 26.54 1290 25.23 1220 23.91 1150
30.44 1499 29.14 1429 27.83 1359 26.52 1289 25.21 1219 23.89 1149
30.42 1498 29.12 1428 27.81 1358 26.50 1288 25.19 1218 23.87 1148
30.40 1497 29.10 1427 27.79 1357 26.48 1287 25.17 1217 23.85 1147
30.39 1496 29.08 1426 27.78 1356 26.46 1286 25.15 1216 23.84 1146
30.37 1495 29.06 1425 27.76 1355 26.45 1285 25.13 1215 23.82 1145
30.35 1494 29.04 1424 27.74 1354 26.43 1284 25.11 1214 23.80 1144
30.33 1493 29.03 1423 27.72 1353 26.41 1283 25.10 1213 23.78 1143
30.31 1492 29.01 1422 27.70 1352 26.39 1282 25.08 1212 23.76 1142
30.29 1491 28.99 1421 27.68 1351 26.37 1281 25.06 1211 23.74 1141
30.28 1490 28.97 1420 27.66 1350 26.35 1280 25.04 1210 23.72 1140
30.26 1489 28.95 1419 27.64 1349 26.33 1279 25.02 1209 23.70 1139
30.24 1488 28.93 1418 27.62 1348 26.32 1278 25.00 1208 23.68 1138
30.22 1487 28.92 1417 27.61 1347 26.29 1277 24.98 1207 23.67 1137
30.20 1486 28.90 1416 27.59 1346 26.28 1276 24.96 1206 23.65 1136
30.18 1485 28.88 1415 27.57 1345 26.26 1275 24.95 1205 23.63 1135
30.16 1484 28.86 1414 27.55 1344 26.24 1274 24.93 1204 23.61 1134
30.15 1483 28.84 1413 27.53 1343 26.22 1273 24.91 1203 23.59 1133
30.13 1482 28.82 1412 27.51 1342 26.20 1272 24.89 1202 23.57 1132
30.11 1481 28.80 1411 27.50 1341 26.18 1271 24.87 1201 23.55 1131
30.09 1480 28.78 1410 27.47 1340 26.17 1270 24.85 1200 23.53 1130
30.07 1479 28.76 1409 27.46 1339 26.15 1269 24.83 1199 23.51 1129
30.05 1478 28.75 1408 27.44 1338 26.13 1268 24.81 1198 23.50 1128
30.03 1477 28.73 1407 27.42 1337 26.11 1267 24.79 1197 23.48 1127
30.01 1476 28.71 1406 27.40 1336 26.09 1266 24.78 1196 23.46 1126
30.00 1475 28.69 1405 27.38 1335 26.07 1265 24.76 1195 23.44 1125
29.98 1474 28.67 1404 27.36 1334 26.05 1264 24.74 1194 23.42 1124
29.96 1473 28.65 1403 27.34 1333 26.03 1263 24.72 1193 23.40 1123
29.94 1472 28.63 1402 27.33 1332 26.01 1262 24.70 1192 23.39 1122
29.92 1471 28.62 1401 27.31 1331 26.00 1261 24.68 1191 23.36 1121
29.90 1470 28.60 1400 27.29 1330 25.98 1260 24.66 1190 23.35 1120
29.88 1469 28.58 1399 27.27 1329 25.96 1259 24.64 1189 23.33 1119
29.87 1468 28.56 1398 27.25 1328 25.94 1258 24.62 1188 23.31 1118
29.85 1467 28.54 1397 27.23 1327 25.92 1257 24.61 1187 23.29 1117
29.83 1466 28.52 1396 27.21 1326 25.90 1256 24.59 1186 23.27 1116
29.81 1465 28.50 1395 27.19 1325 25.89 1255 24.57 1185 23.25 1115
29.79 1464 28.48 1394 27.18 1324 25.86 1254 24.55 1184 23.23 1114
29.77 1463 28.47 1393 27.16 1323 25.84 1253 24.53 1183 23.22 1113
29.75 1462 28.45 1392 27.14 1322 25.83 1252 24.51 1182 23.19 1112
29.73 1461 28.43 1391 27.12 1321 25.81 1251 24.50 1181 23.18 1111
29.71 1460 28.41 1390 27.10 1320 25.79 1250 24.48 1180 23.16 1110
29.70 1459 28.39 1389 27.08 1319 25.77 1249 24.45 1179 23.14 1109
29.68 1458 28.37 1388 27.06 1318 25.75 1248 24.44 1178 23.12 1108
29.66 1457 28.35 1387 27.05 1317 25.73 1247 24.42 1177 23.10 1107
29.64 1456 28.34 1386 27.03 1316 25.72 1246 24.40 1176 23.08 1106
29.62 1455 28.32 1385 27.01 1315 25.70 1245 24.38 1175 23.07 1105
29.60 1454 28.30 1384 26.99 1314 25.68 1244 24.36 1174 23.05 1104
29.59 1453 28.28 1383 26.97 1313 25.66 1243 24.34 1173 23.02 1103
29.57 1452 28.26 1382 26.95 1312 25.64 1242 24.33 1172 23.01 1102
29.55 1451 28.24 1381 26.93 1311 25.62 1241 24.31 1171 22.99 1101
29.53 1450 28.22 1380 26.91 1310 25.60 1240 24.29 1170 22.97 1100
29.51 1449 28.20 1379 26.90 1309 25.58 1239 24.27 1169 22.95 1099
29.49 1448 28.19 1378 26.88 1308 25.56 1238 24.25 1168 22.93 1098
29.48 1447 28.17 1377 26.86 1307 25.55 1237 24.23 1167 22.91 1097
29.46 1446 28.15 1376 26.84 1306 25.53 1236 24.21 1166 22.90 1096
29.43 1445 28.13 1375 26.82 1305 25.51 1235 24.19 1165 22.87 1095
29.42 1444 28.11 1374 26.80 1304 25.49 1234 24.17 1164 22.86 1094
29.40 1443 28.09 1373 26.78 1303 25.47 1233 24.16 1163 22.84 1093
29.38 1442 28.07 1372 26.76 1302 25.45 1232 24.14 1162 22.82 1092
29.36 1441 28.06 1371 26.74 1301 25.43 1231 24.12 1161 22.80 1091
29.34 1440 28.04 1370 26.73 1300 25.41 1230 24.10 1160 22.78 1090
29.32 1439 28.02 1369 26.71 1299 25.39 1229 24.08 1159 22.76 1089
29.31 1438 28.00 1368 26.69 1298 25.38 1228 24.06 1158 22.74 1088
29.29 1437 27.98 1367 26.67 1297 25.36 1227 24.04 1157 22.73 1087
29.27 1436 27.96 1366 26.65 1296 25.34 1226 24.02 1156 22.70 1086
29.25 1435 27.94 1365 26.63 1295 25.32 1225 24.01 1155 22.69 1085
29.23 1434 27.92 1364 26.61 1294 25.30 1224 23.99 1154 22.67 1084
29.21 1433 27.91 1363 26.60 1293 25.28 1223 23.97 1153 22.65 1083
29.20 1432 27.89 1362 26.58 1292 25.27 1222 23.95 1152 22.63 1082
29.18 1431 27.87 1361 26.56 1291 25.24 1221 23.93 1151 22.61 1081
22.59 1080 21.27 1010 19.95 940 18.62 870 17.28 800 15.94 730
22.57 1079 21.25 1009 19.92 939 18.60 869 17.26 799 15.93 729
22.56 1078 21.23 1008 19.91 938 18.58 868 17.24 798 15.91 728
22.53 1077 21.21 1007 19.89 937 18.56 867 17.23 797 15.89 727
22.52 1076 21.20 1006 19.87 936 18.54 866 17.20 796 15.87 726
22.50 1075 21.17 1005 19.85 935 18.52 865 17.19 795 15.85 725
22.48 1074 21.16 1004 19.83 934 18.50 864 17.17 794 15.83 724
22.46 1073 21.14 1003 19.81 933 18.48 863 17.15 793 15.81 723
22.44 1072 21.12 1002 19.79 932 18.46 862 17.13 792 15.79 722
22.42 1071 21.10 1001 19.77 931 18.44 861 17.11 791 15.77 721
22.41 1070 21.08 1000 19.76 930 18.42 860 17.09 790 15.75 720
22.38 1069 21.06 999 19.74 929 18.41 859 17.07 789 15.73 719
22.36 1068 21.05 998 19.72 928 18.39 858 17.05 788 15.72 718
22.35 1067 21.02 997 19.70 927 18.37 857 17.03 787 15.70 717
22.33 1066 21.00 996 19.68 926 18.35 856 17.02 786 15.67 716
22.31 1065 20.99 995 19.66 925 18.33 855 16.99 785 15.66 715
22.29 1064 20.97 994 19.64 924 18.31 854 16.98 784 15.64 714
22.27 1063 20.95 993 19.62 923 18.29 853 16.96 783 15.62 713
22.25 1062 20.93 992 19.60 922 18.27 852 16.94 782 15.60 712
22.24 1061 20.91 991 19.59 921 18.25 851 16.92 781 15.58 711
22.21 1060 20.89 990 19.57 920 18.24 850 16.90 780 15.56 710
22.20 1059 20.87 989 19.54 919 18.21 849 16.88 779 15.54 709
22.18 1058 20.85 988 19.53 918 18.20 848 16.86 778 15.52 708
22.16 1057 20.84 987 19.51 917 18.18 847 16.84 777 15.51 707
22.14 1056 20.82 986 19.49 916 18.16 846 16.82 776 15.48 706
22.12 1055 20.80 985 19.47 915 18.14 845 16.81 775 15.46 705
22.10 1054 20.78 984 19.45 914 18.12 844 16.78 774 15.45 704
22.08 1053 20.76 983 19.43 913 18.10 843 16.77 773 15.43 703
22.06 1052 20.74 982 19.41 912 18.08 842 16.75 772 15.41 702
22.04 1051 20.72 981 19.39 911 18.06 841 16.73 771 15.39 701
22.03 1050 20.70 980 19.38 910 18.04 840 16.71 770 15.37 700
22.01 1049 20.68 979 19.36 909 18.03 839 16.69 769 15.35 699
21.99 1048 20.67 978 19.34 908 18.01 838 16.67 768 15.33 698
21.97 1047 20.65 977 19.32 907 17.99 837 16.65 767 15.31 697
21.95 1046 20.63 976 19.30 906 17.97 836 16.63 766 15.29 696
21.93 1045 20.61 975 19.28 905 17.95 835 16.61 765 15.27 695
21.91 1044 20.59 974 19.26 904 17.93 834 16.60 764 15.25 694
21.89 1043 20.57 973 19.24 903 17.91 833 16.57 763 15.24 693
21.87 1042 20.55 972 19.22 902 17.89 832 16.56 762 15.22 692
21.86 1041 20.53 971 19.21 901 17.87 831 16.54 761 15.20 691
21.84 1040 20.51 970 19.19 900 17.85 830 16.52 760 15.18 690
21.82 1039 20.50 969 19.17 899 17.83 829 16.50 759 15.16 689
21.80 1038 20.47 968 19.15 898 17.82 828 16.48 758 15.14 688
21.78 1037 20.46 967 19.13 897 17.80 827 16.46 757 15.12 687
21.76 1036 20.44 966 19.11 896 17.78 826 16.44 756 15.10 686
21.74 1035 20.42 965 19.09 895 17.76 825 16.42 755 15.08 685
21.72 1034 20.40 964 19.07 894 17.74 824 16.40 754 15.06 684
21.71 1033 20.38 963 19.05 893 17.72 823 16.39 753 15.04 683
21.69 1032 20.36 962 19.03 892 17.70 822 16.36 752 15.03 682
21.67 1031 20.34 961 19.01 891 17.68 821 16.35 751 15.00 681
21.65 1030 20.32 960 19.00 890 17.67 820 16.33 750 14.99 680
21.63 1029 20.30 959 18.98 889 17.64 819 16.31 749 14.97 679
21.61 1028 20.29 958 18.96 888 17.62 818 16.29 748 14.95 678
21.59 1027 20.27 957 18.94 887 17.61 817 16.27 747 14.93 677
21.57 1026 20.25 956 18.92 886 17.59 816 16.25 746 14.91 676
21.55 1025 20.23 955 18.90 885 17.57 815 16.23 745 14.89 675
21.54 1024 20.21 954 18.88 884 17.55 814 16.21 744 14.87 674
21.52 1023 20.19 953 18.86 883 17.53 813 16.19 743 14.85 673
21.50 1022 20.17 952 18.84 882 17.51 812 16.17 742 14.83 672
21.48 1021 20.15 951 18.83 881 17.49 811 16.15 741 14.81 671
21.46 1020 20.13 950 18.80 880 17.47 810 16.14 740 14.79 670
21.44 1019 20.12 949 18.79 879 17.45 809 16.12 739 14.78 669
21.42 1018 20.10 948 18.77 878 17.44 808 16.10 738 14.76 668
21.40 1017 20.08 947 18.75 877 17.41 807 16.08 737 14.73 667
21.38 1016 20.06 946 18.73 876 17.40 806 16.06 736 14.72 666
21.37 1015 20.04 945 18.71 875 17.38 805 16.04 735 14.70 665
21.35 1014 20.02 944 18.69 874 17.36 804 16.02 734 14.68 664
21.33 1013 20.00 943 18.67 873 17.34 803 16.00 733 14.66 663
21.31 1012 19.98 942 18.65 872 17.32 802 15.98 732 14.64 662
21.29 1011 19.97 941 18.63 871 17.30 801 15.96 731 14.62 661
14.60 660 13.25 590 11.90 520 10.54 450 9.17 380 7.79 310
14.58 659 13.23 589 11.88 519 10.52 449 9.15 379 7.77 309
14.56 658 13.22 588 11.86 518 10.50 448 9.13 378 7.75 308
14.54 657 13.19 587 11.84 517 10.48 447 9.11 377 7.73 307
14.52 656 13.18 586 11.82 516 10.46 446 9.09 376 7.71 306
14.51 655 13.16 585 11.80 515 10.44 445 9.07 375 7.69 305
14.49 654 13.14 584 11.78 514 10.42 444 9.05 374 7.67 304
14.47 653 13.12 583 11.76 513 10.40 443 9.03 373 7.65 303
14.45 652 13.10 582 11.74 512 10.38 442 9.01 372 7.63 302
14.43 651 13.08 581 11.72 511 10.36 441 8.99 371 7.61 301
14.41 650 13.06 580 11.70 510 10.34 440 8.97 370 7.59 300
14.39 649 13.04 579 11.69 509 10.32 439 8.95 369 7.57 299
14.37 648 13.02 578 11.66 508 10.30 438 8.93 368 7.55 298
14.35 647 13.00 577 11.65 507 10.28 437 8.91 367 7.53 297
14.33 646 12.98 576 11.63 506 10.26 436 8.89 366 7.51 296
14.31 645 12.96 575 11.61 505 10.24 435 8.87 365 7.49 295
14.29 644 12.94 574 11.59 504 10.22 434 8.85 364 7.47 294
14.27 643 12.92 573 11.57 503 10.20 433 8.83 363 7.45 293
14.26 642 12.91 572 11.55 502 10.19 432 8.81 362 7.43 292
14.24 641 12.88 571 11.53 501 10.17 431 8.79 361 7.41 291
14.22 640 12.87 570 11.51 500 10.15 430 8.77 360 7.39 290
14.20 639 12.85 569 11.49 499 10.13 429 8.76 359 7.37 289
14.18 638 12.83 568 11.47 498 10.11 428 8.73 358 7.35 288
14.16 637 12.81 567 11.45 497 10.09 427 8.72 357 7.33 287
14.14 636 12.79 566 11.43 496 10.07 426 8.70 356 7.31 286
14.12 635 12.77 565 11.41 495 10.05 425 8.67 355 7.29 285
14.10 634 12.75 564 11.40 494 10.03 424 8.66 354 7.27 284
14.08 633 12.73 563 11.37 493 10.01 423 8.64 353 7.25 283
14.06 632 12.71 562 11.35 492 9.99 422 8.62 352 7.23 282
14.05 631 12.69 561 11.34 491 9.97 421 8.60 351 7.21 281
14.02 630 12.67 560 11.32 490 9.95 420 8.58 350 7.19 280
14.00 629 12.66 559 11.30 489 9.93 419 8.56 349 7.17 279
13.99 628 12.63 558 11.28 488 9.91 418 8.54 348 7.15 278
13.97 627 12.62 557 11.26 487 9.89 417 8.52 347 7.13 277
13.95 626 12.60 556 11.24 486 9.87 416 8.50 346 7.11 276
13.93 625 12.58 555 11.22 485 9.85 415 8.48 345 7.09 275
13.91 624 12.56 554 11.20 484 9.83 414 8.46 344 7.07 274
13.89 623 12.54 553 11.18 483 9.81 413 8.44 343 7.05 273
13.87 622 12.52 552 11.16 482 9.80 412 8.42 342 7.03 272
13.85 621 12.50 551 11.14 481 9.77 411 8.40 341 7.01 271
13.83 620 12.48 550 11.12 480 9.75 410 8.38 340 6.99 270
13.81 619 12.46 549 11.10 479 9.74 409 8.36 339 6.98 269
13.79 618 12.44 548 11.08 478 9.72 408 8.34 338 6.95 268
13.77 617 12.42 547 11.06 477 9.70 407 8.32 337 6.93 267
13.75 616 12.40 546 11.04 476 9.68 406 8.30 336 6.91 266
13.74 615 12.38 545 11.02 475 9.66 405 8.28 335 6.89 265
13.72 614 12.36 544 11.00 474 9.64 404 8.26 334 6.88 264
13.70 613 12.35 543 10.99 473 9.62 403 8.24 333 6.85 263
13.68 612 12.32 542 10.97 472 9.60 402 8.22 332 6.84 262
13.66 611 12.31 541 10.95 471 9.58 401 8.20 331 6.81 261
13.64 610 12.29 540 10.93 470 9.56 400 8.18 330 6.79 260
13.62 609 12.27 539 10.91 469 9.54 399 8.16 329 6.78 259
13.60 608 12.25 538 10.89 468 9.52 398 8.14 328 6.75 258
13.58 607 12.23 537 10.87 467 9.50 397 8.12 327 6.74 257
13.56 606 12.21 536 10.85 466 9.48 396 8.10 326 6.71 256
13.54 605 12.19 535 10.83 465 9.46 395 8.08 325 6.70 255
13.52 604 12.17 534 10.81 464 9.44 394 8.06 324 6.68 254
13.50 603 12.15 533 10.79 463 9.42 393 8.04 323 6.65 253
13.49 602 12.13 532 10.77 462 9.40 392 8.03 322 6.64 252
13.47 601 12.11 531 10.75 461 9.38 391 8.00 321 6.61 251
13.44 600 12.09 530 10.73 460 9.36 390 7.99 320 6.60 250
13.43 599 12.07 529 10.71 459 9.34 389 7.97 319 6.57 249
13.41 598 12.05 528 10.69 458 9.32 388 7.94 318 6.56 248
13.39 597 12.03 527 10.67 457 9.31 387 7.93 317 6.54 247
13.37 596 12.01 526 10.65 456 9.29 386 7.90 316 6.51 246
13.35 595 12.00 525 10.64 455 9.26 385 7.89 315 6.50 245
13.33 594 11.98 524 10.61 454 9.25 384 7.87 314 6.47 244
13.31 593 11.96 523 10.60 453 9.23 383 7.85 313 6.46 243
13.29 592 11.94 522 10.58 452 9.21 382 7.83 312 6.44 242
13.27 591 11.92 521 10.55 451 9.19 381 7.81 311 6.42 241
6.40 240 5.59 200 4.79 160 3.97 120 3.14 80 2.30 40
6.37 239 5.57 199 4.76 159 3.95 119 3.12 79 2.28 39
6.36 238 5.55 198 4.75 158 3.93 118 3.10 78 2.26 38
6.33 237 5.53 197 4.72 157 3.91 117 3.08 77 2.24 37
6.32 236 5.51 196 4.70 156 3.89 116 3.06 76 2.21 36
6.30 235 5.49 195 4.68 155 3.87 115 3.04 75 2.19 35
6.28 234 5.47 194 4.66 154 3.85 114 3.02 74 2.17 34
6.26 233 5.45 193 4.64 153 3.82 113 2.99 73 2.15 33
6.23 232 5.43 192 4.62 152 3.81 112 2.98 72 2.12 32
6.22 231 5.41 191 4.60 151 3.78 111 2.95 71 2.11 31
6.19 230 5.39 190 4.58 150 3.76 110 2.93 70 2.08 30
6.18 229 5.37 189 4.56 149 3.74 109 2.91 69 2.06 29
6.16 228 5.35 188 4.54 148 3.72 108 2.89 68 2.04 28
6.13 227 5.33 187 4.52 147 3.70 107 2.87 67 2.02 27
6.12 226 5.31 186 4.50 146 3.68 106 2.85 66 2.00 26
6.09 225 5.29 185 4.48 145 3.66 105 2.83 65 1.97 25
6.08 224 5.27 184 4.46 144 3.64 104 2.81 64 1.95 24
6.05 223 5.25 183 4.44 143 3.62 103 2.78 63 1.93 23
6.04 222 5.23 182 4.42 142 3.60 102 2.77 62 1.91 22
6.02 221 5.21 181 4.40 141 3.58 101 2.74 61 1.89 21
5.99 220 5.19 180 4.38 140 3.56 100 2.72 60 1.87 20
5.98 219 5.17 179 4.36 139 3.54 99 2.70 59 1.84 19
5.95 218 5.15 178 4.34 138 3.51 98 2.68 58 1.82 18
5.94 217 5.13 177 4.32 137 3.50 97 2.66 57 1.80 17
5.91 216 5.11 176 4.30 136 3.47 96 2.64 56 1.78 16
5.90 215 5.09 175 4.28 135 3.46 95 2.62 55 1.76 15
5.87 214 5.07 174 4.26 134 3.43 94 2.60 54 1.73 14
5.85 213 5.05 173 4.24 133 3.41 93 2.57 53 1.71 13
5.84 212 5.03 172 4.21 132 3.39 92 2.55 52 1.69 12
5.81 211 5.01 171 4.20 131 3.37 91 2.53 51 1.66 11
5.80 210 4.99 170 4.17 130 3.35 90 2.51 50 1.64 10
5.77 209 4.97 169 4.15 129 3.33 89 2.49 49 1.62 9
5.76 208 4.95 168 4.13 128 3.31 88 2.47 48 1.60 8
5.73 207 4.93 167 4.11 127 3.29 87 2.45 47 1.58 7
5.71 206 4.91 166 4.09 126 3.27 86 2.43 46 1.55 6
5.69 205 4.89 165 4.07 125 3.25 85 2.40 45 1.53 5
5.67 204 4.87 164 4.05 124 3.23 84 2.38 44 1.51 4
5.66 203 4.84 163 4.03 123 3.20 83 2.36 43 1.48 3
5.63 202 4.83 162 4.01 122 3.18 82 2.34 42 1.46 2
5.62 201 4.80 161 3.99 121 3.16 81 2.32 41 1.43 1
