24.67 1500 23.61 1430 22.55 1360 21.49 1290 20.43 1220 19.36 1150
24.66 1499 23.60 1429 22.54 1359 21.48 1289 20.41 1219 19.35 1149
24.64 1498 23.58 1428 22.52 1358 21.46 1288 20.40 1218 19.33 1148
24.62 1497 23.57 1427 22.51 1357 21.45 1287 20.38 1217 19.32 1147
24.61 1496 23.55 1426 22.49 1356 21.43 1286 20.37 1216 19.30 1146
24.59 1495 23.54 1425 22.48 1355 21.42 1285 20.35 1215 19.29 1145
24.58 1494 23.52 1424 22.46 1354 21.40 1284 20.34 1214 19.27 1144
24.56 1493 23.51 1423 22.45 1353 21.39 1283 20.32 1213 19.26 1143
24.55 1492 23.49 1422 22.43 1352 21.37 1282 20.31 1212 19.24 1142
24.53 1491 23.48 1421 22.42 1351 21.36 1281 20.29 1211 19.23 1141
24.52 1490 23.46 1420 22.40 1350 21.34 1280 20.28 1210 19.21 1140
24.50 1489 23.45 1419 22.39 1349 21.33 1279 20.26 1209 19.20 1139
24.49 1488 23.43 1418 22.37 1348 21.31 1278 20.25 1208 19.18 1138
24.47 1487 23.42 1417 22.36 1347 21.29 1277 20.23 1207 19.17 1137
24.46 1486 23.40 1416 22.34 1346 21.28 1276 20.22 1206 19.15 1136
24.44 1485 23.39 1415 22.33 1345 21.26 1275 20.20 1205 19.14 1135
24.43 1484 23.37 1414 22.31 1344 21.25 1274 20.19 1204 19.12 1134
24.41 1483 23.35 1413 22.30 1343 21.23 1273 20.17 1203 19.11 1133
24.40 1482 23.34 1412 22.28 1342 21.22 1272 20.16 1202 19.09 1132
24.38 1481 23.32 1411 22.27 1341 21.20 1271 20.14 1201 19.07 1131
24.37 1480 23.31 1410 22.25 1340 21.19 1270 20.13 1200 19.06 1130
24.35 1479 23.29 1409 22.23 1339 21.18 1269 20.11 1199 19.04 1129
24.34 1478 23.28 1408 22.22 1338 21.16 1268 20.09 1198 19.03 1128
24.32 1477 23.26 1407 22.20 1337 21.15 1267 20.08 1197 19.01 1127
24.31 1476 23.25 1406 22.19 1336 21.13 1266 20.06 1196 19.00 1126
24.29 1475 23.23 1405 22.18 1335 21.11 1265 20.05 1195 18.98 1125
24.28 1474 23.22 1404 22.16 1334 21.10 1264 20.03 1194 18.97 1124
24.26 1473 23.20 1403 22.15 1333 21.08 1263 20.02 1193 18.95 1123
24.25 1472 23.19 1402 22.13 1332 21.07 1262 20.00 1192 18.94 1122
24.23 1471 23.18 1401 22.12 1331 21.05 1261 19.99 1191 18.92 1121
24.22 1470 23.16 1400 22.10 1330 21.04 1260 19.98 1190 18.91 1120
24.20 1469 23.15 1399 22.09 1329 21.02 1259 19.96 1189 18.89 1119
24.19 1468 23.13 1398 22.07 1328 21.01 1258 19.94 1188 18.88 1118
24.17 1467 23.11 1397 22.05 1327 20.99 1257 19.93 1187 18.86 1117
24.16 1466 23.10 1396 22.04 1326 20.98 1256 19.91 1186 18.85 1116
24.14 1465 23.08 1395 22.02 1325 20.96 1255 19.90 1185 18.83 1115
24.13 1464 23.07 1394 22.01 1324 20.95 1254 19.88 1184 18.82 1114
24.11 1463 23.05 1393 21.99 1323 20.93 1253 19.87 1183 18.80 1113
24.09 1462 23.04 1392 21.98 1322 20.92 1252 19.85 1182 18.78 1112
24.08 1461 23.02 1391 21.96 1321 20.90 1251 19.84 1181 18.77 1111
24.06 1460 23.01 1390 21.95 1320 20.89 1250 19.82 1180 18.75 1110
24.05 1459 22.99 1389 21.93 1319 20.87 1249 19.80 1179 18.74 1109
24.03 1458 22.98 1388 21.92 1318 20.86 1248 19.79 1178 18.72 1108
24.02 1457 22.96 1387 21.90 1317 20.84 1247 19.78 1177 18.71 1107
24.00 1456 22.95 1386 21.89 1316 20.83 1246 19.76 1176 18.69 1106
23.99 1455 22.93 1385 21.87 1315 20.81 1245 19.75 1175 18.68 1105
23.98 1454 22.92 1384 21.86 1314 20.80 1244 19.73 1174 18.66 1104
23.96 1453 22.90 1383 21.84 1313 20.78 1243 19.72 1173 18.65 1103
23.95 1452 22.89 1382 21.83 1312 20.76 1242 19.70 1172 18.63 1102
23.93 1451 22.87 1381 21.81 1311 20.75 1241 19.69 1171 18.62 1101
23.92 1450 22.86 1380 21.80 1310 20.73 1240 19.67 1170 18.60 1100
23.90 1449 22.84 1379 21.78 1309 20.72 1239 19.65 1169 18.59 1099
23.89 1448 22.83 1378 21.77 1308 20.70 1238 19.64 1168 18.57 1098
23.87 1447 22.81 1377 21.75 1307 20.69 1237 19.62 1167 18.56 1097
23.86 1446 22.80 1376 21.74 1306 20.67 1236 19.61 1166 18.54 1096
23.84 1445 22.78 1375 21.72 1305 20.66 1235 19.59 1165 18.52 1095
23.82 1444 22.77 1374 21.71 1304 20.64 1234 19.58 1164 18.51 1094
23.81 1443 22.75 1373 21.69 1303 20.63 1233 19.56 1163 18.49 1093
23.79 1442 22.74 1372 21.67 1302 20.61 1232 19.55 1162 18.48 1092
23.78 1441 22.72 1371 21.66 1301 20.60 1231 19.53 1161 18.46 1091
23.76 1440 22.71 1370 21.64 1300 20.58 1230 19.52 1160 18.45 1090
23.75 1439 22.69 1369 21.63 1299 20.57 1229 19.50 1159 18.43 1089
23.73 1438 22.67 1368 21.61 1298 20.55 1228 19.49 1158 18.42 1088
23.72 1437 22.66 1367 21.60 1297 20.54 1227 19.47 1157 18.41 1087
23.70 1436 22.64 1366 21.58 1296 20.52 1226 19.46 1156 18.39 1086
23.69 1435 22.63 1365 21.57 1295 20.51 1225 19.44 1155 18.37 1085
23.67 1434 22.61 1364 21.55 1294 20.49 1224 19.43 1154 18.36 1084
23.66 1433 22.60 1363 21.54 1293 20.48 1223 19.41 1153 18.34 1083
23.64 1432 22.58 1362 21.52 1292 20.46 1222 19.40 1152 18.33 1082
23.63 1431 22.57 1361 21.51 1291 20.44 1221 19.38 1151 18.31 1081
18.30 1080 17.23 1010 16.15 940 15.08 870 14.00 800 12.91 730
18.28 1079 17.21 1009 16.14 939 15.06 869 13.98 799 12.90 729
18.27 1078 17.20 1008 16.12 938 15.05 868 13.97 798 12.88 728
18.25 1077 17.18 1007 16.11 937 15.03 867 13.95 797 12.87 727
18.23 1076 17.17 1006 16.09 936 15.01 866 13.93 796 12.85 726
18.22 1075 17.15 1005 16.08 935 15.00 865 13.92 795 12.83 725
18.20 1074 17.13 1004 16.06 934 14.98 864 13.90 794 12.82 724
18.19 1073 17.12 1003 16.05 933 14.97 863 13.89 793 12.80 723
18.18 1072 17.10 1002 16.03 932 14.95 862 13.87 792 12.79 722
18.16 1071 17.09 1001 16.01 931 14.94 861 13.86 791 12.77 721
18.15 1070 17.07 1000 16.00 930 14.92 860 13.84 790 12.76 720
18.13 1069 17.06 999 15.98 929 14.91 859 13.83 789 12.74 719
18.11 1068 17.04 998 15.97 928 14.89 858 13.81 788 12.73 718
18.10 1067 17.03 997 15.95 927 14.88 857 13.80 787 12.71 717
18.08 1066 17.01 996 15.94 926 14.86 856 13.78 786 12.69 716
18.07 1065 17.00 995 15.92 925 14.84 855 13.76 785 12.68 715
18.05 1064 16.98 994 15.91 924 14.83 854 13.75 784 12.66 714
18.04 1063 16.97 993 15.89 923 14.81 853 13.73 783 12.65 713
18.02 1062 16.95 992 15.88 922 14.80 852 13.72 782 12.63 712
18.01 1061 16.94 991 15.86 921 14.78 851 13.70 781 12.62 711
17.99 1060 16.92 990 15.85 920 14.77 850 13.69 780 12.60 710
17.98 1059 16.90 989 15.83 919 14.75 849 13.67 779 12.59 709
17.96 1058 16.89 988 15.81 918 14.74 848 13.66 778 12.57 708
17.95 1057 16.87 987 15.80 917 14.72 847 13.64 777 12.56 707
17.93 1056 16.86 986 15.78 916 14.71 846 13.63 776 12.54 706
17.92 1055 16.84 985 15.77 915 14.69 845 13.61 775 12.52 705
17.90 1054 16.83 984 15.75 914 14.68 844 13.59 774 12.51 704
17.89 1053 16.81 983 15.74 913 14.66 843 13.58 773 12.49 703
17.87 1052 16.80 982 15.72 912 14.64 842 13.56 772 12.48 702
17.85 1051 16.78 981 15.71 911 14.63 841 13.55 771 12.46 701
17.84 1050 16.77 980 15.69 910 14.61 840 13.53 770 12.45 700
17.82 1049 16.75 979 15.68 909 14.60 839 13.52 769 12.43 699
17.81 1048 16.74 978 15.66 908 14.58 838 13.50 768 12.42 698
17.79 1047 16.72 977 15.65 907 14.57 837 13.49 767 12.40 697
17.78 1046 16.71 976 15.63 906 14.55 836 13.47 766 12.38 696
17.76 1045 16.69 975 15.61 905 14.54 835 13.46 765 12.37 695
17.75 1044 16.67 974 15.60 904 14.52 834 13.44 764 12.35 694
17.73 1043 16.66 973 15.58 903 14.51 833 13.42 763 12.34 693
17.72 1042 16.64 972 15.57 902 14.49 832 13.41 762 12.32 692
17.70 1041 16.63 971 15.55 901 14.47 831 13.39 761 12.31 691
17.69 1040 16.61 970 15.54 900 14.46 830 13.38 760 12.29 690
17.67 1039 16.60 969 15.52 899 14.44 829 13.36 759 12.28 689
17.66 1038 16.58 968 15.51 898 14.43 828 13.35 758 12.26 688
17.64 1037 16.57 967 15.49 897 14.41 827 13.33 757 12.25 687
17.62 1036 16.55 966 15.48 896 14.40 826 13.32 756 12.23 686
17.61 1035 16.54 965 15.46 895 14.38 825 13.30 755 12.21 685
17.59 1034 16.52 964 15.45 894 14.37 824 13.29 754 12.20 684
17.58 1033 16.51 963 15.43 893 14.35 823 13.27 753 12.18 683
17.56 1032 16.49 962 15.41 892 14.34 822 13.25 752 12.17 682
17.55 1031 16.48 961 15.40 891 14.32 821 13.24 751 12.15 681
17.53 1030 16.46 960 15.38 890 14.31 820 13.22 750 12.14 680
17.52 1029 16.44 959 15.37 889 14.29 819 13.21 749 12.12 679
17.50 1028 16.43 958 15.35 888 14.27 818 13.19 748 12.11 678
17.49 1027 16.41 957 15.34 887 14.26 817 13.18 747 12.09 677
17.47 1026 16.40 956 15.32 886 14.24 816 13.16 746 12.07 676
17.46 1025 16.38 955 15.31 885 14.23 815 13.15 745 12.06 675
17.44 1024 16.37 954 15.29 884 14.21 814 13.13 744 12.04 674
17.43 1023 16.35 953 15.28 883 14.20 813 13.12 743 12.03 673
17.41 1022 16.34 952 15.26 882 14.18 812 13.10 742 12.01 672
17.40 1021 16.32 951 15.25 881 14.17 811 13.08 741 12.00 671
17.38 1020 16.31 950 15.23 880 14.15 810 13.07 740 11.98 670
17.36 1019 16.29 949 15.21 879 14.14 809 13.05 739 11.97 669
17.35 1018 16.28 948 15.20 878 14.12 808 13.04 738 11.95 668
17.33 1017 16.26 947 15.18 877 14.10 807 13.02 737 11.93 667
17.32 1016 16.24 946 15.17 876 14.09 806 13.00 736 11.92 666
17.30 1015 16.23 945 15.15 875 14.07 805 12.99 735 11.90 665
17.29 1014 16.21 944 15.14 874 14.06 804 12.98 734 11.89 664
17.27 1013 16.20 943 15.12 873 14.04 803 12.96 733 11.87 663
17.26 1012 16.18 942 15.11 872 14.03 802 12.95 732 11.86 662
17.24 1011 16.17 941 15.09 871 14.01 801 12.93 731 11.84 661
11.83 660 10.73 590 9.64 520 8.53 450 7.43 380 6.31 310
11.81 659 10.72 589 9.62 519 8.52 449 7.41 379 6.29 309
11.79 658 10.70 588 9.61 518 8.50 448 7.39 378 6.28 308
11.78 657 10.69 587 9.59 517 8.49 447 7.38 377 6.26 307
11.76 656 10.67 586 9.58 516 8.47 446 7.36 376 6.24 306
11.75 655 10.66 585 9.56 515 8.46 445 7.35 375 6.23 305
11.73 654 10.64 584 9.54 514 8.44 444 7.33 374 6.21 304
11.72 653 10.62 583 9.53 513 8.42 443 7.31 373 6.20 303
11.70 652 10.61 582 9.51 512 8.41 442 7.30 372 6.18 302
11.69 651 10.59 581 9.49 511 8.39 441 7.28 371 6.16 301
11.67 650 10.58 580 9.48 510 8.38 440 7.26 370 6.15 300
11.65 649 10.56 579 9.46 509 8.36 439 7.25 369 6.13 299
11.64 648 10.55 578 9.45 508 8.35 438 7.23 368 6.12 298
11.62 647 10.53 577 9.43 507 8.33 437 7.22 367 6.10 297
11.61 646 10.52 576 9.42 506 8.31 436 7.20 366 6.08 296
11.59 645 10.50 575 9.40 505 8.30 435 7.19 365 6.07 295
11.58 644 10.48 574 9.38 504 8.28 434 7.17 364 6.05 294
11.56 643 10.47 573 9.37 503 8.26 433 7.15 363 6.03 293
11.55 642 10.45 572 9.35 502 8.25 432 7.14 362 6.02 292
11.53 641 10.43 571 9.34 501 8.23 431 7.12 361 6.00 291
11.52 640 10.42 570 9.32 500 8.22 430 7.11 360 5.99 290
11.50 639 10.40 569 9.31 499 8.20 429 7.09 359 5.97 289
11.48 638 10.39 568 9.29 498 8.19 428 7.07 358 5.95 288
11.47 637 10.38 567 9.27 497 8.17 427 7.06 357 5.94 287
11.45 636 10.36 566 9.26 496 8.15 426 7.04 356 5.92 286
11.43 635 10.34 565 9.24 495 8.14 425 7.03 355 5.91 285
11.42 634 10.33 564 9.23 494 8.12 424 7.01 354 5.89 284
11.40 633 10.31 563 9.21 493 8.11 423 7.00 353 5.87 283
11.39 632 10.29 562 9.20 492 8.09 422 6.98 352 5.86 282
11.38 631 10.28 561 9.18 491 8.08 421 6.96 351 5.84 281
11.36 630 10.26 560 9.17 490 8.06 420 6.95 350 5.83 280
11.34 629 10.25 559 9.15 489 8.04 419 6.93 349 5.81 279
11.33 628 10.23 558 9.13 488 8.03 418 6.92 348 5.79 278
11.31 627 10.22 557 9.12 487 8.01 417 6.90 347 5.78 277
11.29 626 10.20 556 9.10 486 8.00 416 6.88 346 5.76 276
11.28 625 10.19 555 9.09 485 7.98 415 6.87 345 5.75 275
11.26 624 10.17 554 9.07 484 7.96 414 6.85 344 5.73 274
11.25 623 10.15 553 9.06 483 7.95 413 6.83 343 5.71 273
11.23 622 10.14 552 9.04 482 7.93 412 6.82 342 5.70 272
11.22 621 10.12 551 9.02 481 7.92 411 6.80 341 5.68 271
11.20 620 10.11 550 9.01 480 7.90 410 6.79 340 5.66 270
11.19 619 10.09 549 8.99 479 7.89 409 6.77 339 5.65 269
11.17 618 10.08 548 8.98 478 7.87 408 6.75 338 5.63 268
11.15 617 10.06 547 8.96 477 7.85 407 6.74 337 5.62 267
11.14 616 10.04 546 8.95 476 7.84 406 6.72 336 5.60 266
11.12 615 10.03 545 8.93 475 7.82 405 6.71 335 5.58 265
11.11 614 10.01 544 8.91 474 7.80 404 6.69 334 5.57 264
11.09 613 10.00 543 8.90 473 7.79 403 6.68 333 5.55 263
11.08 612 9.98 542 8.88 472 7.78 402 6.66 332 5.54 262
11.06 611 9.97 541 8.86 471 7.76 401 6.64 331 5.52 261
11.05 610 9.95 540 8.85 470 7.74 400 6.63 330 5.50 260
11.03 609 9.94 539 8.83 469 7.73 399 6.61 329 5.49 259
11.01 608 9.92 538 8.82 468 7.71 398 6.60 328 5.47 258
11.00 607 9.90 537 8.80 467 7.69 397 6.58 327 5.46 257
10.98 606 9.89 536 8.79 466 7.68 396 6.56 326 5.44 256
10.97 605 9.87 535 8.77 465 7.66 395 6.55 325 5.42 255
10.95 604 9.86 534 8.75 464 7.65 394 6.53 324 5.41 254
10.94 603 9.84 533 8.74 463 7.63 393 6.52 323 5.39 253
10.92 602 9.83 532 8.72 462 7.61 392 6.50 322 5.38 252
10.91 601 9.81 531 8.71 461 7.60 391 6.48 321 5.36 251
10.89 600 9.79 530 8.69 460 7.58 390 6.47 320 5.34 250
10.87 599 9.78 529 8.68 459 7.57 389 6.45 319 5.32 249
10.86 598 9.76 528 8.66 458 7.55 388 6.43 318 5.31 248
10.84 597 9.75 527 8.64 457 7.54 387 6.42 317 5.29 247
10.83 596 9.73 526 8.63 456 7.52 386 6.40 316 5.28 246
10.81 595 9.72 525 8.61 455 7.50 385 6.39 315 5.26 245
10.80 594 9.70 524 8.60 454 7.49 384 6.37 314 5.24 244
10.78 593 9.68 523 8.58 453 7.47 383 6.35 313 5.23 243
10.77 592 9.67 522 8.57 452 7.46 382 6.34 312 5.21 242
10.75 591 9.65 521 8.55 451 7.44 381 6.32 311 5.20 241
5.18 240 4.53 200 3.88 160 3.21 120 2.55 80 1.86 40
5.16 239 4.52 199 3.86 159 3.20 119 2.53 79 1.84 39
5.15 238 4.50 198 3.84 158 3.18 118 2.51 78 1.83 38
5.13 237 4.48 197 3.83 157 3.17 117 2.49 77 1.81 37
5.12 236 4.46 196 3.81 156 3.15 116 2.48 76 1.79 36
5.10 235 4.45 195 3.79 155 3.13 115 2.46 75 1.78 35
5.08 234 4.43 194 3.78 154 3.12 114 2.44 74 1.76 34
5.07 233 4.42 193 3.76 153 3.10 113 2.43 73 1.74 33
5.05 232 4.40 192 3.75 152 3.08 112 2.41 72 1.72 32
5.03 231 4.38 191 3.73 151 3.06 111 2.39 71 1.71 31
5.02 230 4.37 190 3.71 150 3.05 110 2.38 70 1.69 30
5.00 229 4.35 189 3.69 149 3.03 109 2.36 69 1.67 29
4.99 228 4.34 188 3.68 148 3.01 108 2.34 68 1.65 28
4.97 227 4.32 187 3.66 147 3.00 107 2.32 67 1.63 27
4.95 226 4.30 186 3.65 146 2.98 106 2.31 66 1.62 26
4.94 225 4.29 185 3.63 145 2.97 105 2.29 65 1.60 25
4.92 224 4.27 184 3.61 144 2.95 104 2.27 64 1.58 24
4.90 223 4.25 183 3.60 143 2.93 103 2.26 63 1.56 23
4.89 222 4.24 182 3.58 142 2.92 102 2.24 62 1.55 22
4.87 221 4.22 181 3.56 141 2.90 101 2.22 61 1.53 21
4.86 220 4.20 180 3.55 140 2.88 100 2.20 60 1.51 20
4.84 219 4.19 179 3.53 139 2.86 99 2.19 59 1.49 19
4.82 218 4.17 178 3.51 138 2.85 98 2.17 58 1.48 18
4.81 217 4.15 177 3.50 137 2.83 97 2.15 57 1.46 17
4.79 216 4.14 176 3.48 136 2.81 96 2.14 56 1.44 16
4.78 215 4.12 175 3.46 135 2.80 95 2.12 55 1.42 15
4.76 214 4.11 174 3.45 134 2.78 94 2.10 54 1.41 14
4.74 213 4.09 173 3.43 133 2.76 93 2.09 53 1.38 13
4.73 212 4.07 172 3.41 132 2.75 92 2.07 52 1.37 12
4.71 211 4.06 171 3.40 131 2.73 91 2.05 51 1.35 11
4.69 210 4.04 170 3.38 130 2.71 90 2.03 50 1.33 10
4.68 209 4.02 169 3.36 129 2.70 89 2.02 49 1.31 9
4.66 208 4.01 168 3.35 128 2.68 88 2.00 48 1.29 8
4.64 207 3.99 167 3.33 127 2.66 87 1.98 47 1.28 7
4.63 206 3.98 166 3.32 126 2.65 86 1.97 46 1.26 6
4.61 205 3.96 165 3.30 125 2.63 85 1.95 45 1.24 5
4.60 204 3.94 164 3.28 124 2.61 84 1.93 44 1.22 4
4.58 203 3.92 163 3.26 123 2.60 83 1.92 43 1.20 3
4.56 202 3.91 162 3.25 122 2.58 82 1.90 42 1.18 2
4.55 201 3.89 161 3.23 121 2.56 81 1.88 41 1.16 1
