18.88 1500 18.07 1430 17.26 1360 16.45 1290 15.63 1220 14.82 1150
18.87 1499 18.06 1429 17.25 1359 16.43 1289 15.62 1219 14.81 1149
18.85 1498 18.04 1428 17.24 1358 16.42 1288 15.61 1218 14.79 1148
18.84 1497 18.03 1427 17.22 1357 16.41 1287 15.60 1217 14.78 1147
18.83 1496 18.02 1426 17.21 1356 16.40 1286 15.59 1216 14.77 1146
18.82 1495 18.01 1425 17.20 1355 16.39 1285 15.58 1215 14.76 1145
18.81 1494 18.00 1424 17.19 1354 16.38 1284 15.56 1214 14.75 1144
18.80 1493 17.99 1423 17.18 1353 16.37 1283 15.55 1213 14.74 1143
18.78 1492 17.98 1422 17.17 1352 16.35 1282 15.54 1212 14.73 1142
18.77 1491 17.96 1421 17.15 1351 16.34 1281 15.53 1211 14.71 1141
18.76 1490 17.95 1420 17.14 1350 16.33 1280 15.52 1210 14.70 1140
18.75 1489 17.94 1419 17.13 1349 16.32 1279 15.50 1209 14.69 1139
18.74 1488 17.93 1418 17.12 1348 16.31 1278 15.49 1208 14.68 1138
18.73 1487 17.92 1417 17.11 1347 16.29 1277 15.48 1207 14.67 1137
18.72 1486 17.91 1416 17.10 1346 16.28 1276 15.47 1206 14.65 1136
18.70 1485 17.90 1415 17.09 1345 16.27 1275 15.46 1205 14.64 1135
18.69 1484 17.88 1414 17.07 1344 16.26 1274 15.45 1204 14.63 1134
18.68 1483 17.87 1413 17.06 1343 16.25 1273 15.44 1203 14.62 1133
18.67 1482 17.86 1412 17.05 1342 16.24 1272 15.42 1202 14.61 1132
18.66 1481 17.85 1411 17.04 1341 16.23 1271 15.41 1201 14.60 1131
18.65 1480 17.84 1410 17.03 1340 16.21 1270 15.40 1200 14.58 1130
18.63 1479 17.83 1409 17.01 1339 16.20 1269 15.39 1199 14.57 1129
18.62 1478 17.81 1408 17.00 1338 16.19 1268 15.38 1198 14.56 1128
18.61 1477 17.80 1407 16.99 1337 16.18 1267 15.37 1197 14.55 1127
18.60 1476 17.79 1406 16.98 1336 16.17 1266 15.35 1196 14.54 1126
18.59 1475 17.78 1405 16.97 1335 16.16 1265 15.34 1195 14.53 1125
18.58 1474 17.77 1404 16.96 1334 16.14 1264 15.33 1194 14.52 1124
18.57 1473 17.76 1403 16.95 1333 16.13 1263 15.32 1193 14.50 1123
18.55 1472 17.75 1402 16.93 1332 16.12 1262 15.31 1192 14.49 1122
18.54 1471 17.73 1401 16.92 1331 16.11 1261 15.30 1191 14.48 1121
18.53 1470 17.72 1400 16.91 1330 16.10 1260 15.29 1190 14.47 1120
18.52 1469 17.71 1399 16.90 1329 16.09 1259 15.27 1189 14.46 1119
18.51 1468 17.70 1398 16.89 1328 16.08 1258 15.26 1188 14.44 1118
18.50 1467 17.69 1397 16.87 1327 16.06 1257 15.25 1187 14.43 1117
18.49 1466 17.67 1396 16.86 1326 16.05 1256 15.24 1186 14.42 1116
18.47 1465 17.66 1395 16.85 1325 16.04 1255 15.23 1185 14.41 1115
18.46 1464 17.65 1394 16.84 1324 16.03 1254 15.21 1184 14.40 1114
18.45 1463 17.64 1393 16.83 1323 16.02 1253 15.20 1183 14.39 1113
18.44 1462 17.63 1392 16.82 1322 16.00 1252 15.19 1182 14.37 1112
18.43 1461 17.62 1391 16.81 1321 15.99 1251 15.18 1181 14.36 1111
18.41 1460 17.61 1390 16.80 1320 15.98 1250 15.17 1180 14.35 1110
18.40 1459 17.59 1389 16.78 1319 15.97 1249 15.16 1179 14.34 1109
18.39 1458 17.58 1388 16.77 1318 15.96 1248 15.14 1178 14.33 1108
18.38 1457 17.57 1387 16.76 1317 15.95 1247 15.13 1177 14.32 1107
18.37 1456 17.56 1386 16.75 1316 15.94 1246 15.12 1176 14.31 1106
18.36 1455 17.55 1385 16.74 1315 15.92 1245 15.11 1175 14.29 1105
18.35 1454 17.54 1384 16.72 1314 15.91 1244 15.10 1174 14.28 1104
18.33 1453 17.53 1383 16.71 1313 15.90 1243 15.09 1173 14.27 1103
18.32 1452 17.51 1382 16.70 1312 15.89 1242 15.08 1172 14.26 1102
18.31 1451 17.50 1381 16.69 1311 15.88 1241 15.06 1171 14.25 1101
18.30 1450 17.49 1380 16.68 1310 15.87 1240 15.05 1170 14.23 1100
18.29 1449 17.48 1379 16.67 1309 15.85 1239 15.04 1169 14.22 1099
18.28 1448 17.47 1378 16.66 1308 15.84 1238 15.03 1168 14.21 1098
18.27 1447 17.46 1377 16.64 1307 15.83 1237 15.02 1167 14.20 1097
18.25 1446 17.44 1376 16.63 1306 15.82 1236 15.00 1166 14.19 1096
18.24 1445 17.43 1375 16.62 1305 15.81 1235 14.99 1165 14.18 1095
18.23 1444 17.42 1374 16.61 1304 15.80 1234 14.98 1164 14.16 1094
18.22 1443 17.41 1373 16.60 1303 15.79 1233 14.97 1163 14.15 1093
18.21 1442 17.40 1372 16.58 1302 15.77 1232 14.96 1162 14.14 1092
18.20 1441 17.39 1371 16.57 1301 15.76 1231 14.95 1161 14.13 1091
18.18 1440 17.38 1370 16.56 1300 15.75 1230 14.94 1160 14.12 1090
18.17 1439 17.36 1369 16.55 1299 15.74 1229 14.92 1159 14.11 1089
18.16 1438 17.35 1368 16.54 1298 15.73 1228 14.91 1158 14.10 1088
18.15 1437 17.34 1367 16.53 1297 15.71 1227 14.90 1157 14.08 1087
18.14 1436 17.33 1366 16.52 1296 15.70 1226 14.89 1156 14.07 1086
18.13 1435 17.32 1365 16.50 1295 15.69 1225 14.88 1155 14.06 1085
18.12 1434 17.30 1364 16.49 1294 15.68 1224 14.86 1154 14.05 1084
18.10 1433 17.29 1363 16.48 1293 15.67 1223 14.85 1153 14.04 1083
18.09 1432 17.28 1362 16.47 1292 15.66 1222 14.84 1152 14.02 1082
18.08 1431 17.27 1361 16.46 1291 15.64 1221 14.83 1151 14.01 1081
14.00 1080 13.18 1010 12.36 940 11.54 870 10.71 800 9.88 730
13.99 1079 13.17 1009 12.35 939 11.53 869 10.70 799 9.87 729
13.98 1078 13.16 1008 12.34 938 11.51 868 10.69 798 9.86 728
13.97 1077 13.15 1007 12.33 937 11.50 867 10.68 797 9.85 727
13.95 1076 13.14 1006 12.31 936 11.49 866 10.66 796 9.83 726
13.94 1075 13.12 1005 12.30 935 11.48 865 10.65 795 9.82 725
13.93 1074 13.11 1004 12.29 934 11.47 864 10.64 794 9.81 724
13.92 1073 13.10 1003 12.28 933 11.45 863 10.63 793 9.80 723
13.91 1072 13.09 1002 12.27 932 11.44 862 10.62 792 9.79 722
13.90 1071 13.08 1001 12.25 931 11.43 861 10.61 791 9.77 721
13.89 1070 13.07 1000 12.24 930 11.42 860 10.59 790 9.76 720
13.87 1069 13.05 999 12.23 929 11.41 859 10.58 789 9.75 719
13.86 1068 13.04 998 12.22 928 11.40 858 10.57 788 9.74 718
13.85 1067 13.03 997 12.21 927 11.38 857 10.56 787 9.73 717
13.84 1066 13.02 996 12.19 926 11.37 856 10.55 786 9.71 716
13.83 1065 13.01 995 12.18 925 11.36 855 10.53 785 9.70 715
13.81 1064 12.99 994 12.17 924 11.35 854 10.52 784 9.69 714
13.80 1063 12.98 993 12.16 923 11.34 853 10.51 783 9.68 713
13.79 1062 12.97 992 12.15 922 11.32 852 10.50 782 9.67 712
13.78 1061 12.96 991 12.14 921 11.31 851 10.49 781 9.66 711
13.77 1060 12.95 990 12.13 920 11.30 850 10.48 780 9.64 710
13.75 1059 12.93 989 12.11 919 11.29 849 10.46 779 9.63 709
13.74 1058 12.92 988 12.10 918 11.28 848 10.45 778 9.62 708
13.73 1057 12.91 987 12.09 917 11.27 847 10.44 777 9.61 707
13.72 1056 12.90 986 12.08 916 11.25 846 10.43 776 9.60 706
13.71 1055 12.89 985 12.07 915 11.24 845 10.42 775 9.58 705
13.70 1054 12.88 984 12.06 914 11.23 844 10.40 774 9.57 704
13.69 1053 12.87 983 12.04 913 11.22 843 10.39 773 9.56 703
13.67 1052 12.85 982 12.03 912 11.21 842 10.38 772 9.55 702
13.66 1051 12.84 981 12.02 911 11.19 841 10.37 771 9.54 701
13.65 1050 12.83 980 12.01 910 11.18 840 10.36 770 9.52 700
13.64 1049 12.82 979 12.00 909 11.17 839 10.34 769 9.51 699
13.63 1048 12.81 978 11.98 908 11.16 838 10.33 768 9.50 698
13.62 1047 12.80 977 11.97 907 11.15 837 10.32 767 9.49 697
13.60 1046 12.78 976 11.96 906 11.14 836 10.31 766 9.48 696
13.59 1045 12.77 975 11.95 905 11.12 835 10.30 765 9.47 695
13.58 1044 12.76 974 11.94 904 11.11 834 10.29 764 9.45 694
13.57 1043 12.75 973 11.93 903 11.10 833 10.27 763 9.44 693
13.56 1042 12.74 972 11.91 902 11.09 832 10.26 762 9.43 692
13.54 1041 12.72 971 11.90 901 11.08 831 10.25 761 9.42 691
13.53 1040 12.71 970 11.89 900 11.06 830 10.24 760 9.41 690
13.52 1039 12.70 969 11.88 899 11.05 829 10.23 759 9.39 689
13.51 1038 12.69 968 11.87 898 11.04 828 10.21 758 9.38 688
13.50 1037 12.68 967 11.85 897 11.03 827 10.20 757 9.37 687
13.49 1036 12.67 966 11.84 896 11.02 826 10.19 756 9.36 686
13.47 1035 12.65 965 11.83 895 11.00 825 10.18 755 9.35 685
13.46 1034 12.64 964 11.82 894 10.99 824 10.17 754 9.34 684
13.45 1033 12.63 963 11.81 893 10.98 823 10.16 753 9.32 683
13.44 1032 12.62 962 11.80 892 10.97 822 10.14 752 9.31 682
13.43 1031 12.61 961 11.78 891 10.96 821 10.13 751 9.30 681
13.42 1030 12.59 960 11.77 890 10.95 820 10.12 750 9.29 680
13.41 1029 12.58 959 11.76 889 10.93 819 10.11 749 9.28 679
13.39 1028 12.57 958 11.75 888 10.92 818 10.10 748 9.26 678
13.38 1027 12.56 957 11.74 887 10.91 817 10.08 747 9.25 677
13.37 1026 12.55 956 11.72 886 10.90 816 10.07 746 9.24 676
13.36 1025 12.54 955 11.71 885 10.89 815 10.06 745 9.23 675
13.35 1024 12.53 954 11.70 884 10.88 814 10.05 744 9.22 674
13.33 1023 12.51 953 11.69 883 10.86 813 10.04 743 9.21 673
13.32 1022 12.50 952 11.68 882 10.85 812 10.02 742 9.19 672
13.31 1021 12.49 951 11.67 881 10.84 811 10.01 741 9.18 671
13.30 1020 12.48 950 11.65 880 10.83 810 10.00 740 9.17 670
13.29 1019 12.47 949 11.64 879 10.82 809 9.99 739 9.16 669
13.28 1018 12.46 948 11.63 878 10.81 808 9.98 738 9.15 668
13.26 1017 12.44 947 11.62 877 10.79 807 9.97 737 9.13 667
13.25 1016 12.43 946 11.61 876 10.78 806 9.95 736 9.12 666
13.24 1015 12.42 945 11.60 875 10.77 805 9.94 735 9.11 665
13.23 1014 12.41 944 11.59 874 10.76 804 9.93 734 9.10 664
13.22 1013 12.40 943 11.57 873 10.75 803 9.92 733 9.09 663
13.20 1012 12.38 942 11.56 872 10.74 802 9.91 732 9.07 662
13.19 1011 12.37 941 11.55 871 10.72 801 9.89 731 9.06 661
9.05 660 8.21 590 7.38 520 6.53 450 5.68 380 4.83 310
9.04 659 8.20 589 7.36 519 6.52 449 5.67 379 4.82 309
9.02 658 8.19 588 7.35 518 6.51 448 5.66 378 4.80 308
9.01 657 8.18 587 7.34 517 6.49 447 5.65 377 4.79 307
9.00 656 8.17 586 7.33 516 6.48 446 5.63 376 4.78 306
8.99 655 8.15 585 7.31 515 6.47 445 5.62 375 4.76 305
8.98 654 8.14 584 7.30 514 6.46 444 5.61 374 4.75 304
8.97 653 8.13 583 7.29 513 6.45 443 5.60 373 4.74 303
8.95 652 8.12 582 7.28 512 6.43 442 5.58 372 4.73 302
8.94 651 8.11 581 7.27 511 6.42 441 5.57 371 4.72 301
8.93 650 8.10 580 7.25 510 6.41 440 5.56 370 4.71 300
8.92 649 8.08 579 7.24 509 6.40 439 5.55 369 4.69 299
8.91 648 8.07 578 7.23 508 6.39 438 5.54 368 4.68 298
8.89 647 8.06 577 7.22 507 6.37 437 5.52 367 4.67 297
8.88 646 8.05 576 7.21 506 6.36 436 5.51 366 4.66 296
8.87 645 8.03 575 7.20 505 6.35 435 5.50 365 4.64 295
8.86 644 8.02 574 7.18 504 6.34 434 5.49 364 4.63 294
8.85 643 8.01 573 7.17 503 6.32 433 5.48 363 4.62 293
8.84 642 8.00 572 7.16 502 6.31 432 5.46 362 4.61 292
8.82 641 7.99 571 7.15 501 6.30 431 5.45 361 4.59 291
8.81 640 7.97 570 7.13 500 6.29 430 5.44 360 4.58 290
8.80 639 7.96 569 7.12 499 6.28 429 5.43 359 4.57 289
8.79 638 7.95 568 7.11 498 6.27 428 5.41 358 4.56 288
8.78 637 7.94 567 7.10 497 6.25 427 5.40 357 4.55 287
8.76 636 7.93 566 7.09 496 6.24 426 5.39 356 4.53 286
8.75 635 7.91 565 7.07 495 6.23 425 5.38 355 4.52 285
8.74 634 7.90 564 7.06 494 6.22 424 5.37 354 4.51 284
8.73 633 7.89 563 7.05 493 6.20 423 5.35 353 4.50 283
8.72 632 7.88 562 7.04 492 6.19 422 5.34 352 4.48 282
8.70 631 7.87 561 7.03 491 6.18 421 5.33 351 4.47 281
8.69 630 7.86 560 7.01 490 6.17 420 5.32 350 4.46 280
8.68 629 7.84 559 7.00 489 6.16 419 5.30 349 4.45 279
8.67 628 7.83 558 6.99 488 6.14 418 5.29 348 4.43 278
8.66 627 7.82 557 6.98 487 6.13 417 5.28 347 4.42 277
8.64 626 7.81 556 6.96 486 6.12 416 5.27 346 4.41 276
8.63 625 7.80 555 6.95 485 6.11 415 5.26 345 4.40 275
8.62 624 7.78 554 6.94 484 6.09 414 5.24 344 4.39 274
8.61 623 7.77 553 6.93 483 6.08 413 5.23 343 4.37 273
8.60 622 7.76 552 6.92 482 6.07 412 5.22 342 4.36 272
8.58 621 7.75 551 6.91 481 6.06 411 5.21 341 4.35 271
8.57 620 7.73 550 6.89 480 6.05 410 5.19 340 4.34 270
8.56 619 7.72 549 6.88 479 6.03 409 5.18 339 4.32 269
8.55 618 7.71 548 6.87 478 6.02 408 5.17 338 4.31 268
8.54 617 7.70 547 6.86 477 6.01 407 5.16 337 4.30 267
8.52 616 7.69 546 6.85 476 6.00 406 5.15 336 4.29 266
8.51 615 7.67 545 6.83 475 5.99 405 5.13 335 4.27 265
8.50 614 7.66 544 6.82 474 5.97 404 5.12 334 4.26 264
8.49 613 7.65 543 6.81 473 5.96 403 5.11 333 4.25 263
8.48 612 7.64 542 6.80 472 5.95 402 5.10 332 4.24 262
8.47 611 7.63 541 6.78 471 5.94 401 5.08 331 4.22 261
8.45 610 7.62 540 6.77 470 5.93 400 5.07 330 4.21 260
8.44 609 7.60 539 6.76 469 5.91 399 5.06 329 4.20 259
8.43 608 7.59 538 6.75 468 5.90 398 5.05 328 4.19 258
8.42 607 7.58 537 6.74 467 5.89 397 5.03 327 4.18 257
8.41 606 7.57 536 6.72 466 5.88 396 5.02 326 4.16 256
8.39 605 7.55 535 6.71 465 5.86 395 5.01 325 4.15 255
8.38 604 7.54 534 6.70 464 5.85 394 5.00 324 4.14 254
8.37 603 7.53 533 6.69 463 5.84 393 4.99 323 4.13 253
8.36 602 7.52 532 6.68 462 5.83 392 4.98 322 4.11 252
8.35 601 7.51 531 6.66 461 5.82 391 4.96 321 4.10 251
8.33 600 7.49 530 6.65 460 5.80 390 4.95 320 4.09 250
8.32 599 7.48 529 6.64 459 5.79 389 4.94 319 4.08 249
8.31 598 7.47 528 6.63 458 5.78 388 4.92 318 4.06 248
8.30 597 7.46 527 6.62 457 5.77 387 4.91 317 4.05 247
8.28 596 7.45 526 6.60 456 5.76 386 4.90 316 4.04 246
8.27 595 7.43 525 6.59 455 5.74 385 4.89 315 4.03 245
8.26 594 7.42 524 6.58 454 5.73 384 4.88 314 4.01 244
8.25 593 7.41 523 6.57 453 5.72 383 4.86 313 4.00 243
8.24 592 7.40 522 6.56 452 5.71 382 4.85 312 3.99 242
8.23 591 7.39 521 6.54 451 5.69 381 4.84 311 3.98 241
3.97 240 3.47 200 2.97 160 2.46 120 1.95 80 1.43 40
3.95 239 3.46 199 2.95 159 2.45 119 1.94 79 1.41 39
3.94 238 3.44 198 2.94 158 2.44 118 1.92 78 1.40 38
3.93 237 3.43 197 2.93 157 2.42 117 1.91 77 1.39 37
3.92 236 3.42 196 2.92 156 2.41 116 1.90 76 1.37 36
3.90 235 3.41 195 2.90 155 2.40 115 1.88 75 1.36 35
3.89 234 3.39 194 2.89 154 2.38 114 1.87 74 1.35 34
3.88 233 3.38 193 2.88 153 2.37 113 1.86 73 1.33 33
3.87 232 3.37 192 2.87 152 2.36 112 1.85 72 1.32 32
3.85 231 3.36 191 2.85 151 2.35 111 1.83 71 1.31 31
3.84 230 3.34 190 2.84 150 2.33 110 1.82 70 1.29 30
3.83 229 3.33 189 2.83 149 2.32 109 1.81 69 1.28 29
3.82 228 3.32 188 2.82 148 2.31 108 1.79 68 1.27 28
3.80 227 3.31 187 2.80 147 2.30 107 1.78 67 1.25 27
3.79 226 3.29 186 2.79 146 2.28 106 1.77 66 1.24 26
3.78 225 3.28 185 2.78 145 2.27 105 1.75 65 1.22 25
3.77 224 3.27 184 2.77 144 2.26 104 1.74 64 1.21 24
3.75 223 3.26 183 2.75 143 2.24 103 1.73 63 1.20 23
3.74 222 3.24 182 2.74 142 2.23 102 1.72 62 1.18 22
3.73 221 3.23 181 2.73 141 2.22 101 1.70 61 1.17 21
3.72 220 3.22 180 2.71 140 2.21 100 1.69 60 1.16 20
3.71 219 3.20 179 2.70 139 2.19 99 1.68 59 1.14 19
3.69 218 3.19 178 2.69 138 2.18 98 1.66 58 1.13 18
3.68 217 3.18 177 2.68 137 2.17 97 1.65 57 1.12 17
3.67 216 3.17 176 2.66 136 2.15 96 1.64 56 1.10 16
3.65 215 3.15 175 2.65 135 2.14 95 1.62 55 1.09 15
3.64 214 3.14 174 2.64 134 2.13 94 1.61 54 1.08 14
3.63 213 3.13 173 2.63 133 2.12 93 1.60 53 1.06 13
3.62 212 3.12 172 2.61 132 2.10 92 1.58 52 1.05 12
3.60 211 3.10 171 2.60 131 2.09 91 1.57 51 1.03 11
3.59 210 3.09 170 2.59 130 2.08 90 1.56 50 1.02 10
3.58 209 3.08 169 2.57 129 2.07 89 1.54 49 1.01 9
3.57 208 3.07 168 2.56 128 2.05 88 1.53 48 0.99 8
3.55 207 3.05 167 2.55 127 2.04 87 1.52 47 0.98 7
3.54 206 3.04 166 2.54 126 2.03 86 1.51 46 0.96 6
3.53 205 3.03 165 2.52 125 2.01 85 1.49 45 0.95 5
3.52 204 3.02 164 2.51 124 2.00 84 1.48 44 0.93 4
3.51 203 3.00 163 2.50 123 1.99 83 1.47 43 0.92 3
3.49 202 2.99 162 2.49 122 1.97 82 1.45 42 0.90 2
3.48 201 2.98 161 2.47 121 1.96 81 1.44 41 0.89 1
