82.63 1500
82.58 1499
82.52 1498
82.47 1497
82.42 1496
82.37 1495
82.32 1494
82.27 1493
82.22 1492
82.17 1491
82.12 1490
82.07 1489
82.02 1488
81.97 1487
81.92 1486
81.87 1485
81.82 1484
81.77 1483
81.72 1482
81.67 1481
81.61 1480
81.56 1479
81.51 1478
81.46 1477
81.41 1476
81.36 1475
81.31 1474
81.26 1473
81.21 1472
81.16 1471
81.11 1470
81.06 1469
81.01 1468
80.96 1467
80.91 1466
80.86 1465
80.81 1464
80.76 1463
80.70 1462
80.65 1461
80.60 1460
80.55 1459
80.50 1458
80.45 1457
80.40 1456
80.35 1455
80.30 1454
80.25 1453
80.20 1452
80.15 1451

80.10 1450
80.05 1449
80.00 1448
79.95 1447
79.90 1446
79.84 1445
79.79 1444
79.74 1443
79.69 1442
79.64 1441
79.59 1440
79.54 1439
79.49 1438
79.44 1437
79.39 1436
79.34 1435
79.29 1434
79.24 1433
79.19 1432
79.14 1431
79.09 1430
79.04 1429
78.98 1428
78.93 1427
78.88 1426
78.83 1425
78.78 1424
78.73 1423
78.68 1422
78.63 1421
78.58 1420
78.53 1419
78.48 1418
78.43 1417
78.38 1416
78.33 1415
78.28 1414
78.22 1413
78.17 1412
78.12 1411
78.07 1410
78.02 1409
77.97 1408
77.92 1407
77.87 1406
77.82 1405
77.77 1404
77.72 1403
77.67 1402
77.62 1401

77.57 1400
77.52 1399
77.47 1398
77.41 1397
77.36 1396
77.31 1395
77.26 1394
77.21 1393
77.16 1392
77.11 1391
77.06 1390
77.01 1389
76.96 1388
76.91 1387
76.86 1386
76.81 1385
76.76 1384
76.71 1383
76.65 1382
76.60 1381
76.55 1380
76.50 1379
76.45 1378
76.40 1377
76.35 1376
76.30 1375
76.25 1374
76.20 1373
76.15 1372
76.10 1371
76.05 1370
76.00 1369
75.94 1368
75.89 1367
75.84 1366
75.79 1365
75.74 1364
75.69 1363
75.64 1362
75.59 1361
75.54 1360
75.49 1359
75.44 1358
75.39 1357
75.34 1356
75.29 1355
75.23 1354
75.18 1353
75.13 1352
75.08 1351

75.03 1350
74.98 1349
74.93 1348
74.88 1347
74.83 1346
74.78 1345
74.73 1344
74.68 1343
74.63 1342
74.58 1341
74.52 1340
74.47 1339
74.42 1338
74.37 1337
74.32 1336
74.27 1335
74.22 1334
74.17 1333
74.12 1332
74.07 1331
74.02 1330
73.97 1329
73.92 1328
73.86 1327
73.81 1326
73.76 1325
73.71 1324
73.66 1323
73.61 1322
73.56 1321
73.51 1320
73.46 1319
73.41 1318
73.36 1317
73.31 1316
73.26 1315
73.20 1314
73.15 1313
73.10 1312
73.05 1311
73.00 1310
72.95 1309
72.90 1308
72.85 1307
72.80 1306
72.75 1305
72.70 1304
72.65 1303
72.59 1302
72.54 1301

72.49 1300
72.44 1299
72.39 1298
72.34 1297
72.29 1296
72.24 1295
72.19 1294
72.14 1293
72.09 1292
72.04 1291
71.99 1290
71.93 1289
71.88 1288
71.83 1287
71.78 1286
71.73 1285
71.68 1284
71.63 1283
71.58 1282
71.53 1281
71.48 1280
71.43 1279
71.38 1278
71.32 1277
71.27 1276
71.22 1275
71.17 1274
71.12 1273
71.07 1272
71.02 1271
70.97 1270
70.92 1269
70.87 1268
70.82 1267
70.77 1266
70.71 1265
70.66 1264
70.61 1263
70.56 1262
70.51 1261
70.46 1260
70.41 1259
70.36 1258
70.31 1257
70.26 1256
70.21 1255
70.15 1254
70.10 1253
70.05 1252
70.00 1251
69.95 1250
69.90 1249
69.85 1248
69.80 1247
69.75 1246
69.70 1245
69.65 1244
69.59 1243
69.54 1242
69.49 1241
69.44 1240
69.39 1239
69.34 1238
69.29 1237
69.24 1236
69.19 1235
69.14 1234
69.09 1233
69.04 1232
68.98 1231
68.93 1230
68.88 1229
68.83 1228
68.78 1227
68.73 1226
68.68 1225
68.63 1224
68.58 1223
68.53 1222
68.47 1221
68.42 1220
68.37 1219
68.32 1218
68.27 1217
68.22 1216
68.17 1215
68.12 1214
68.07 1213
68.02 1212
67.97 1211
67.91 1210
67.86 1209
67.81 1208
67.76 1207
67.71 1206
67.66 1205
67.61 1204
67.56 1203
67.51 1202
67.46 1201

67.41 1200
67.35 1199
67.30 1198
67.25 1197
67.20 1196
67.15 1195
67.10 1194
67.05 1193
67.00 1192
66.95 1191
66.90 1190
66.84 1189
66.79 1188
66.74 1187
66.69 1186
66.64 1185
66.59 1184
66.54 1183
66.49 1182
66.44 1181
66.39 1180
66.33 1179
66.28 1178
66.23 1177
66.18 1176
66.13 1175
66.08 1174
66.03 1173
65.98 1172
65.93 1171
65.88 1170
65.82 1169
65.77 1168
65.72 1167
65.67 1166
65.62 1165
65.57 1164
65.52 1163
65.47 1162
65.42 1161
65.37 1160
65.31 1159
65.26 1158
65.21 1157
65.16 1156
65.11 1155
65.06 1154
65.01 1153
64.96 1152
64.91 1151

64.85 1150
64.80 1149
64.75 1148
64.70 1147
64.65 1146
64.60 1145
64.55 1144
64.50 1143
64.45 1142
64.40 1141
64.34 1140
64.29 1139
64.24 1138
64.19 1137
64.14 1136
64.09 1135
64.04 1134
63.99 1133
63.94 1132
63.88 1131
63.83 1130
63.78 1129
63.73 1128
63.68 1127
63.63 1126
63.58 1125
63.53 1124
63.48 1123
63.43 1122
63.37 1121
63.32 1120
63.27 1119
63.22 1118
63.17 1117
63.12 1116
63.07 1115
63.02 1114
62.97 1113
62.91 1112
62.86 1111
62.81 1110
62.76 1109
62.71 1108
62.66 1107
62.61 1106
62.56 1105
62.51 1104
62.45 1103
62.40 1102
62.35 1101

62.30 1100
62.25 1099
62.20 1098
62.15 1097
62.10 1096
62.04 1095
61.99 1094
61.94 1093
61.89 1092
61.84 1091
61.79 1090
61.74 1089
61.69 1088
61.64 1087
61.58 1086
61.53 1085
61.48 1084
61.43 1083
61.38 1082
61.33 1081
61.28 1080
61.23 1079
61.18 1078
61.12 1077
61.07 1076
61.02 1075
60.97 1074
60.92 1073
60.87 1072
60.82 1071
60.77 1070
60.71 1069
60.66 1068
60.61 1067
60.56 1066
60.51 1065
60.46 1064
60.41 1063
60.36 1062
60.31 1061
60.25 1060
60.20 1059
60.15 1058
60.10 1057
60.05 1056
60.00 1055
59.95 1054
59.90 1053
59.84 1052
59.79 1051

59.74 1050
59.69 1049
59.64 1048
59.59 1047
59.54 1046
59.49 1045
59.43 1044
59.38 1043
59.33 1042
59.28 1041
59.23 1040
59.18 1039
59.13 1038
59.08 1037
59.02 1036
58.97 1035
58.92 1034
58.87 1033
58.82 1032
58.77 1031
58.72 1030
58.67 1029
58.61 1028
58.56 1027
58.51 1026
58.46 1025
58.41 1024
58.36 1023
58.31 1022
58.26 1021
58.20 1020
58.15 1019
58.10 1018
58.05 1017
58.00 1016
57.95 1015
57.90 1014
57.85 1013
57.79 1012
57.74 1011
57.69 1010
57.64 1009
57.59 1008
57.54 1007
57.49 1006
57.43 1005
57.38 1004
57.33 1003
57.28 1002
57.23 1001
57.18 1000
57.13 999
57.08 998
57.02 997
56.97 996
56.92 995
56.87 994
56.82 993
56.77 992
56.72 991
56.66 990
56.61 989
56.56 988
56.51 987
56.46 986
56.41 985
56.36 984
56.31 983
56.25 982
56.20 981
56.15 980
56.10 979
56.05 978
56.00 977
55.95 976
55.89 975
55.84 974
55.79 973
55.74 972
55.69 971
55.64 970
55.59 969
55.53 968
55.48 967
55.43 966
55.38 965
55.33 964
55.28 963
55.23 962
55.18 961
55.12 960
55.07 959
55.02 958
54.97 957
54.92 956
54.87 955
54.82 954
54.76 953
54.71 952
54.66 951

54.61 950
54.56 949
54.51 948
54.46 947
54.40 946
54.35 945
54.30 944
54.25 943
54.20 942
54.15 941
54.10 940
54.04 939
53.99 938
53.94 937
53.89 936
53.84 935
53.79 934
53.74 933
53.68 932
53.63 931
53.58 930
53.53 929
53.48 928
53.43 927
53.37 926
53.32 925
53.27 924
53.22 923
53.17 922
53.12 921
53.07 920
53.01 919
52.96 918
52.91 917
52.86 916
52.81 915
52.76 914
52.71 913
52.65 912
52.60 911
52.55 910
52.50 909
52.45 908
52.40 907
52.34 906
52.29 905
52.24 904
52.19 903
52.14 902
52.09 901

52.04 900
51.98 899
51.93 898
51.88 897
51.83 896
51.78 895
51.73 894
51.68 893
51.62 892
51.57 891
51.52 890
51.47 889
51.42 888
51.37 887
51.31 886
51.26 885
51.21 884
51.16 883
51.11 882
51.06 881
51.00 880
50.95 879
50.90 878
50.85 877
50.80 876
50.75 875
50.70 874
50.64 873
50.59 872
50.54 871
50.49 870
50.44 869
50.39 868
50.33 867
50.28 866
50.23 865
50.18 864
50.13 863
50.08 862
50.02 861
49.97 860
49.92 859
49.87 858
49.82 857
49.77 856
49.71 855
49.66 854
49.61 853
49.56 852
49.51 851

49.46 850
49.40 849
49.35 848
49.30 847
49.25 846
49.20 845
49.15 844
49.10 843
49.04 842
48.99 841
48.94 840
48.89 839
48.84 838
48.79 837
48.73 836
48.68 835
48.63 834
48.58 833
48.53 832
48.47 831
48.42 830
48.37 829
48.32 828
48.27 827
48.22 826
48.16 825
48.11 824
48.06 823
48.01 822
47.96 821
47.91 820
47.85 819
47.80 818
47.75 817
47.70 816
47.65 815
47.60 814
47.54 813
47.49 812
47.44 811
47.39 810
47.34 809
47.29 808
47.23 807
47.18 806
47.13 805
47.08 804
47.03 803
46.98 802
46.92 801

46.87 800
46.82 799
46.77 798
46.72 797
46.66 796
46.61 795
46.56 794
46.51 793
46.46 792
46.41 791
46.35 790
46.30 789
46.25 788
46.20 787
46.15 786
46.09 785
46.04 784
45.99 783
45.94 782
45.89 781
45.84 780
45.78 779
45.73 778
45.68 777
45.63 776
45.58 775
45.52 774
45.47 773
45.42 772
45.37 771
45.32 770
45.27 769
45.21 768
45.16 767
45.11 766
45.06 765
45.01 764
44.95 763
44.90 762
44.85 761
44.80 760
44.75 759
44.70 758
44.64 757
44.59 756
44.54 755
44.49 754
44.44 753
44.38 752
44.33 751
44.28 750
44.23 749
44.18 748
44.12 747
44.07 746
44.02 745
43.97 744
43.92 743
43.86 742
43.81 741
43.76 740
43.71 739
43.66 738
43.61 737
43.55 736
43.50 735
43.45 734
43.40 733
43.35 732
43.29 731
43.24 730
43.19 729
43.14 728
43.09 727
43.03 726
42.98 725
42.93 724
42.88 723
42.83 722
42.77 721
42.72 720
42.67 719
42.62 718
42.57 717
42.51 716
42.46 715
42.41 714
42.36 713
42.31 712
42.25 711
42.20 710
42.15 709
42.10 708
42.05 707
41.99 706
41.94 705
41.89 704
41.84 703
41.79 702
41.73 701

41.68 700
41.63 699
41.58 698
41.53 697
41.47 696
41.42 695
41.37 694
41.32 693
41.27 692
41.21 691
41.16 690
41.11 689
41.06 688
41.01 687
40.95 686
40.90 685
40.85 684
40.80 683
40.75 682
40.69 681
40.64 680
40.59 679
40.54 678
40.48 677
40.43 676
40.38 675
40.33 674
40.28 673
40.22 672
40.17 671
40.12 670
40.07 669
40.02 668
39.96 667
39.91 666
39.86 665
39.81 664
39.76 663
39.70 662
39.65 661
39.60 660
39.55 659
39.49 658
39.44 657
39.39 656
39.34 655
39.29 654
39.23 653
39.18 652
39.13 651

39.08 650
39.02 649
38.97 648
38.92 647
38.87 646
38.82 645
38.76 644
38.71 643
38.66 642
38.61 641
38.56 640
38.50 639
38.45 638
38.40 637
38.35 636
38.29 635
38.24 634
38.19 633
38.14 632
38.09 631
38.03 630
37.98 629
37.93 628
37.88 627
37.82 626
37.77 625
37.72 624
37.67 623
37.61 622
37.56 621
37.51 620
37.46 619
37.41 618
37.35 617
37.30 616
37.25 615
37.20 614
37.14 613
37.09 612
37.04 611
36.99 610
36.94 609
36.88 608
36.83 607
36.78 606
36.73 605
36.67 604
36.62 603
36.57 602
36.52 601

36.46 600
36.41 599
36.36 598
36.31 597
36.25 596
36.20 595
36.15 594
36.10 593
36.05 592
35.99 591
35.94 590
35.89 589
35.84 588
35.78 587
35.73 586
35.68 585
35.63 584
35.57 583
35.52 582
35.47 581
35.42 580
35.36 579
35.31 578
35.26 577
35.21 576
35.15 575
35.10 574
35.05 573
35.00 572
34.94 571
34.89 570
34.84 569
34.79 568
34.74 567
34.68 566
34.63 565
34.58 564
34.53 563
34.47 562
34.42 561
34.37 560
34.32 559
34.26 558
34.21 557
34.16 556
34.11 555
34.05 554
34.00 553
33.95 552
33.90 551

33.84 550
33.79 549
33.74 548
33.69 547
33.63 546
33.58 545
33.53 544
33.48 543
33.42 542
33.37 541
33.32 540
33.27 539
33.21 538
33.16 537
33.11 536
33.05 535
33.00 534
32.95 533
32.90 532
32.84 531
32.79 530
32.74 529
32.69 528
32.63 527
32.58 526
32.53 525
32.48 524
32.42 523
32.37 522
32.32 521
32.27 520
32.21 519
32.16 518
32.11 517
32.06 516
32.00 515
31.95 514
31.90 513
31.84 512
31.79 511
31.74 510
31.69 509
31.63 508
31.58 507
31.53 506
31.48 505
31.42 504
31.37 503
31.32 502
31.27 501
31.21 500
31.16 499
31.11 498
31.05 497
31.00 496
30.95 495
30.90 494
30.84 493
30.79 492
30.74 491
30.69 490
30.63 489
30.58 488
30.53 487
30.47 486
30.42 485
30.37 484
30.32 483
30.26 482
30.21 481
30.16 480
30.10 479
30.05 478
30.00 477
29.95 476
29.89 475
29.84 474
29.79 473
29.74 472
29.68 471
29.63 470
29.58 469
29.52 468
29.47 467
29.42 466
29.37 465
29.31 464
29.26 463
29.21 462
29.15 461
29.10 460
29.05 459
29.00 458
28.94 457
28.89 456
28.84 455
28.78 454
28.73 453
28.68 452
28.62 451

28.57 450
28.52 449
28.47 448
28.41 447
28.36 446
28.31 445
28.25 444
28.20 443
28.15 442
28.10 441
28.04 440
27.99 439
27.94 438
27.88 437
27.83 436
27.78 435
27.72 434
27.67 433
27.62 432
27.57 431
27.51 430
27.46 429
27.41 428
27.35 427
27.30 426
27.25 425
27.19 424
27.14 423
27.09 422
27.04 421
26.98 420
26.93 419
26.88 418
26.82 417
26.77 416
26.72 415
26.66 414
26.61 413
26.56 412
26.50 411
26.45 410
26.40 409
26.35 408
26.29 407
26.24 406
26.19 405
26.13 404
26.08 403
26.03 402
25.97 401

25.92 400
25.87 399
25.81 398
25.76 397
25.71 396
25.65 395
25.60 394
25.55 393
25.49 392
25.44 391
25.39 390
25.33 389
25.28 388
25.23 387
25.18 386
25.12 385
25.07 384
25.02 383
24.96 382
24.91 381
24.86 380
24.80 379
24.75 378
24.70 377
24.64 376
24.59 375
24.54 374
24.48 373
24.43 372
24.38 371
24.32 370
24.27 369
24.22 368
24.16 367
24.11 366
24.06 365
24.00 364
23.95 363
23.90 362
23.84 361
23.79 360
23.74 359
23.68 358
23.63 357
23.58 356
23.52 355
23.47 354
23.42 353
23.36 352
23.31 351

23.26 350
23.20 349
23.15 348
23.09 347
23.04 346
22.99 345
22.93 344
22.88 343
22.83 342
22.77 341
22.72 340
22.67 339
22.61 338
22.56 337
22.51 336
22.45 335
22.40 334
22.35 333
22.29 332
22.24 331
22.19 330
22.13 329
22.08 328
22.02 327
21.97 326
21.92 325
21.86 324
21.81 323
21.76 322
21.70 321
21.65 320
21.60 319
21.54 318
21.49 317
21.43 316
21.38 315
21.33 314
21.27 313
21.22 312
21.17 311
21.11 310
21.06 309
21.01 308
20.95 307
20.90 306
20.84 305
20.79 304
20.74 303
20.68 302
20.63 301

20.58 300
20.52 299
20.47 298
20.41 297
20.36 296
20.31 295
20.25 294
20.20 293
20.15 292
20.09 291
20.04 290
19.98 289
19.93 288
19.88 287
19.82 286
19.77 285
19.71 284
19.66 283
19.61 282
19.55 281
19.50 280
19.45 279
19.39 278
19.34 277
19.28 276
19.23 275
19.18 274
19.12 273
19.07 272
19.01 271
18.96 270
18.91 269
18.85 268
18.80 267
18.74 266
18.69 265
18.64 264
18.58 263
18.53 262
18.47 261
18.42 260
18.37 259
18.31 258
18.26 257
18.20 256
18.15 255
18.10 254
18.04 253
17.99 252
17.93 251
17.88 250
17.82 249
17.77 248
17.72 247
17.66 246
17.61 245
17.55 244
17.50 243
17.45 242
17.39 241
17.34 240
17.28 239
17.23 238
17.17 237
17.12 236
17.07 235
17.01 234
16.96 233
16.90 232
16.85 231
16.79 230
16.74 229
16.69 228
16.63 227
16.58 226
16.52 225
16.47 224
16.41 223
16.36 222
16.31 221
16.25 220
16.20 219
16.14 218
16.09 217
16.03 216
15.98 215
15.92 214
15.87 213
15.82 212
15.76 211
15.71 210
15.65 209
15.60 208
15.54 207
15.49 206
15.43 205
15.38 204
15.33 203
15.27 202
15.22 201

15.16 200
15.11 199
15.05 198
15.00 197
14.94 196
14.89 195
14.83 194
14.78 193
14.72 192
14.67 191
14.61 190
14.56 189
14.51 188
14.45 187
14.40 186
14.34 185
14.29 184
14.23 183
14.18 182
14.12 181
14.07 180
14.01 179
13.96 178
13.90 177
13.85 176
13.79 175
13.74 174
13.68 173
13.63 172
13.57 171
13.52 170
13.46 169
13.41 168
13.35 167
13.30 166
13.24 165
13.19 164
13.13 163
13.08 162
13.02 161
12.97 160
12.91 159
12.86 158
12.80 157
12.75 156
12.69 155
12.64 154
12.58 153
12.53 152
12.47 151

12.42 150
12.36 149
12.31 148
12.25 147
12.20 146
12.14 145
12.09 144
12.03 143
11.97 142
11.92 141
11.86 140
11.81 139
11.75 138
11.70 137
11.64 136
11.59 135
11.53 134
11.48 133
11.42 132
11.37 131
11.31 130
11.25 129
11.20 128
11.14 127
11.09 126
11.03 125
10.98 124
10.92 123
10.87 122
10.81 121
10.75 120
10.70 119
10.64 118
10.59 117
10.53 116
10.48 115
10.42 114
10.36 113
10.31 112
10.25 111
10.20 110
10.14 109
10.08 108
10.03 107
9.97 106
9.92 105
9.86 104
9.80 103
9.75 102
9.69 101

9.64 100
9.58 99
9.52 98
9.47 97
9.41 96
9.36 95
9.30 94
9.24 93
9.19 92
9.13 91
9.07 90
9.02 89
8.96 88
8.91 87
8.85 86
8.79 85
8.74 84
8.68 83
8.62 82
8.57 81
8.51 80
8.45 79
8.40 78
8.34 77
8.28 76
8.23 75
8.17 74
8.11 73
8.06 72
8.00 71
7.94 70
7.89 69
7.83 68
7.77 67
7.72 66
7.66 65
7.60 64
7.54 63
7.49 62
7.43 61
7.37 60
7.32 59
7.26 58
7.20 57
7.14 56
7.09 55
7.03 54
6.97 53
6.91 52
6.86 51

6.80 50
6.74 49
6.68 48
6.63 47
6.57 46
6.51 45
6.45 44
6.40 43
6.34 42
6.28 41
6.22 40
6.16 39
6.11 38
6.05 37
5.99 36
5.93 35
5.87 34
5.81 33
5.75 32
5.70 31
5.64 30
5.58 29
5.52 28
5.46 27
5.40 26
5.34 25
5.28 24
5.22 23
5.16 22
5.11 21
5.05 20
4.99 19
4.93 18
4.87 17
4.81 16
4.75 15
4.69 14
4.62 13
4.56 12
4.50 11
4.44 10
4.38 9
4.32 8
4.26 7
4.19 6
4.13 5
4.07 4
4.01 3
3.94 2
3.87 1
