101.58 1400 97.18 1330 92.78 1260 88.35 1190 83.91 1120 79.44 1050
101.52 1399 97.12 1329 92.72 1259 88.28 1189 83.84 1119 79.37 1049
101.45 1398 97.06 1328 92.65 1258 88.22 1188 83.78 1118 79.32 1048
101.39 1397 96.99 1327 92.59 1257 88.16 1187 83.71 1117 79.25 1047
101.33 1396 96.93 1326 92.52 1256 88.10 1186 83.65 1116 79.19 1046
101.26 1395 96.87 1325 92.46 1255 88.04 1185 83.59 1115 79.12 1045
101.20 1394 96.81 1324 92.40 1254 87.97 1184 83.52 1114 79.06 1044
101.14 1393 96.75 1323 92.33 1253 87.91 1183 83.46 1113 78.99 1043
101.07 1392 96.68 1322 92.27 1252 87.85 1182 83.39 1112 78.93 1042
101.01 1391 96.62 1321 92.21 1251 87.78 1181 83.34 1111 78.86 1041
100.94 1390 96.56 1320 92.14 1250 87.72 1180 83.27 1110 78.80 1040
100.88 1389 96.49 1319 92.08 1249 87.65 1179 83.21 1109 78.73 1039
100.82 1388 96.43 1318 92.02 1248 87.59 1178 83.14 1108 78.67 1038
100.76 1387 96.37 1317 91.96 1247 87.52 1177 83.08 1107 78.60 1037
100.70 1386 96.30 1316 91.90 1246 87.46 1176 83.02 1106 78.55 1036
100.64 1385 96.24 1315 91.83 1245 87.40 1175 82.95 1105 78.48 1035
100.57 1384 96.17 1314 91.77 1244 87.33 1174 82.89 1104 78.42 1034
100.51 1383 96.11 1313 91.70 1243 87.28 1173 82.82 1103 78.35 1033
100.45 1382 96.05 1312 91.64 1242 87.21 1172 82.76 1102 78.29 1032
100.38 1381 95.99 1311 91.58 1241 87.15 1171 82.69 1101 78.23 1031
100.32 1380 95.93 1310 91.51 1240 87.09 1170 82.63 1100 78.16 1030
100.26 1379 95.87 1309 91.45 1239 87.02 1169 82.56 1099 78.10 1029
100.19 1378 95.80 1308 91.38 1238 86.96 1168 82.51 1098 78.03 1028
100.13 1377 95.74 1307 91.32 1237 86.89 1167 82.44 1097 77.97 1027
100.07 1376 95.68 1306 91.27 1236 86.83 1166 82.38 1096 77.90 1026
100.00 1375 95.61 1305 91.20 1235 86.76 1165 82.32 1095 77.84 1025
99.95 1374 95.55 1304 91.14 1234 86.70 1164 82.25 1094 77.78 1024
99.89 1373 95.48 1303 91.07 1233 86.64 1163 82.19 1093 77.72 1023
99.82 1372 95.42 1302 91.01 1232 86.57 1162 82.12 1092 77.65 1022
99.76 1371 95.36 1301 90.95 1231 86.51 1161 82.06 1091 77.59 1021
99.70 1370 95.29 1300 90.88 1230 86.45 1160 81.99 1090 77.52 1020
99.63 1369 95.24 1299 90.82 1229 86.39 1159 81.93 1089 77.46 1019
99.57 1368 95.18 1298 90.75 1228 86.32 1158 81.86 1088 77.39 1018
99.51 1367 95.11 1297 90.69 1227 86.26 1157 81.80 1087 77.33 1017
99.44 1366 95.05 1296 90.63 1226 86.20 1156 81.74 1086 77.26 1016
99.38 1365 94.98 1295 90.56 1225 86.13 1155 81.68 1085 77.20 1015
99.31 1364 94.92 1294 90.50 1224 86.07 1154 81.62 1084 77.13 1014
99.25 1363 94.86 1293 90.44 1223 86.00 1153 81.55 1083 77.07 1013
99.20 1362 94.79 1292 90.38 1222 85.94 1152 81.49 1082 77.00 1012
99.13 1361 94.73 1291 90.32 1221 85.87 1151 81.42 1081 76.95 1011
99.07 1360 94.67 1290 90.25 1220 85.81 1150 81.36 1080 76.88 1010
99.01 1359 94.60 1289 90.19 1219 85.75 1149 81.29 1079 76.82 1009
98.94 1358 94.54 1288 90.12 1218 85.69 1148 81.23 1078 76.75 1008
98.88 1357 94.47 1287 90.06 1217 85.63 1147 81.16 1077 76.69 1007
98.82 1356 94.42 1286 90.00 1216 85.56 1146 81.10 1076 76.62 1006
98.75 1355 94.36 1285 89.93 1215 85.50 1145 81.03 1075 76.56 1005
98.69 1354 94.29 1284 89.87 1214 85.43 1144 80.97 1074 76.49 1004
98.63 1353 94.23 1283 89.80 1213 85.37 1143 80.91 1073 76.43 1003
98.56 1352 94.17 1282 89.74 1212 85.30 1142 80.85 1072 76.36 1002
98.50 1351 94.10 1281 89.69 1211 85.24 1141 80.79 1071 76.30 1001
98.44 1350 94.04 1280 89.62 1210 85.18 1140 80.72 1070 76.23 1000
98.38 1349 93.97 1279 89.56 1209 85.11 1139 80.66 1069 76.18 999
98.32 1348 93.91 1278 89.49 1208 85.05 1138 80.59 1068 76.11 998
98.25 1347 93.85 1277 89.43 1207 84.98 1137 80.53 1067 76.05 997
98.19 1346 93.78 1276 89.37 1206 84.93 1136 80.46 1066 75.98 996
98.13 1345 93.72 1275 89.30 1205 84.86 1135 80.40 1065 75.92 995
98.06 1344 93.66 1274 89.24 1204 84.80 1134 80.33 1064 75.85 994
98.00 1343 93.60 1273 89.17 1203 84.74 1133 80.27 1063 75.79 993
97.94 1342 93.54 1272 89.11 1202 84.67 1132 80.20 1062 75.72 992
97.87 1341 93.47 1271 89.04 1201 84.61 1131 80.15 1061 75.66 991
97.81 1340 93.41 1270 88.98 1200 84.54 1130 80.08 1060 75.59 990
97.75 1339 93.35 1269 88.92 1199 84.48 1129 80.02 1059 75.53 989
97.68 1338 93.28 1268 88.86 1198 84.41 1128 79.95 1058 75.46 988
97.62 1337 93.22 1267 88.80 1197 84.35 1127 79.89 1057 75.40 987
97.57 1336 93.15 1266 88.73 1196 84.28 1126 79.82 1056 75.34 986
97.50 1335 93.09 1265 88.67 1195 84.22 1125 79.76 1055 75.28 985
97.44 1334 93.03 1264 88.61 1194 84.16 1124 79.70 1054 75.21 984
97.37 1333 92.96 1263 88.54 1193 84.10 1123 79.63 1053 75.15 983
97.31 1332 92.90 1262 88.48 1192 84.04 1122 79.57 1052 75.08 982
97.25 1331 92.84 1261 88.41 1191 83.97 1121 79.50 1051 75.02 981
74.95 980 70.44 910 65.90 840 61.34 770 56.74 700 52.11 630
74.89 979 70.38 909 65.84 839 61.27 769 56.68 699 52.05 629
74.82 978 70.31 908 65.78 838 61.20 768 56.61 698 51.98 628
74.76 977 70.25 907 65.71 837 61.14 767 56.54 697 51.91 627
74.69 976 70.18 906 65.65 836 61.08 766 56.47 696 51.84 626
74.63 975 70.12 905 65.58 835 61.01 765 56.41 695 51.78 625
74.57 974 70.05 904 65.51 834 60.95 764 56.35 694 51.71 624
74.51 973 69.99 903 65.45 833 60.88 763 56.28 693 51.64 623
74.44 972 69.92 902 65.38 832 60.82 762 56.22 692 51.58 622
74.38 971 69.85 901 65.32 831 60.75 761 56.15 691 51.52 621
74.31 970 69.80 900 65.25 830 60.68 760 56.08 690 51.45 620
74.25 969 69.73 899 65.18 829 60.62 759 56.02 689 51.38 619
74.18 968 69.67 898 65.12 828 60.55 758 55.95 688 51.32 618
74.12 967 69.60 897 65.06 827 60.48 757 55.88 687 51.25 617
74.05 966 69.54 896 65.00 826 60.42 756 55.82 686 51.18 616
73.99 965 69.47 895 64.93 825 60.35 755 55.75 685 51.11 615
73.92 964 69.41 894 64.86 824 60.30 754 55.68 684 51.05 614
73.85 963 69.34 893 64.80 823 60.23 753 55.62 683 50.98 613
73.80 962 69.27 892 64.73 822 60.16 752 55.56 682 50.91 612
73.73 961 69.21 891 64.67 821 60.10 751 55.49 681 50.84 611
73.67 960 69.14 890 64.60 820 60.03 750 55.43 680 50.79 610
73.60 959 69.08 889 64.54 819 59.96 749 55.36 679 50.72 609
73.54 958 69.02 888 64.47 818 59.90 748 55.29 678 50.65 608
73.47 957 68.96 887 64.40 817 59.83 747 55.23 677 50.58 607
73.41 956 68.89 886 64.34 816 59.76 746 55.16 676 50.52 606
73.34 955 68.83 885 64.28 815 59.70 745 55.09 675 50.45 605
73.28 954 68.76 884 64.22 814 59.63 744 55.02 674 50.38 604
73.21 953 68.69 883 64.15 813 59.56 743 54.96 673 50.31 603
73.15 952 68.63 882 64.08 812 59.51 742 54.89 672 50.25 602
73.08 951 68.56 881 64.02 811 59.44 741 54.82 671 50.18 601
73.02 950 68.50 880 63.95 810 59.38 740 54.77 670 50.11 600
72.96 949 68.43 879 63.89 809 59.31 739 54.70 669 50.04 599
72.90 948 68.37 878 63.82 808 59.24 738 54.63 668 49.99 598
72.83 947 68.30 877 63.75 807 59.18 737 54.57 667 49.92 597
72.77 946 68.25 876 63.69 806 59.11 736 54.50 666 49.85 596
72.70 945 68.18 875 63.62 805 59.04 735 54.43 665 49.78 595
72.64 944 68.11 874 63.56 804 58.98 734 54.36 664 49.72 594
72.57 943 68.05 873 63.50 803 58.91 733 54.30 663 49.65 593
72.51 942 67.98 872 63.43 802 58.84 732 54.23 662 49.58 592
72.44 941 67.92 871 63.37 801 58.78 731 54.16 661 49.51 591
72.37 940 67.85 870 63.30 800 58.72 730 54.10 660 49.45 590
72.31 939 67.79 869 63.23 799 58.65 729 54.03 659 49.38 589
72.24 938 67.72 868 63.17 798 58.59 728 53.97 658 49.31 588
72.19 937 67.65 867 63.10 797 58.52 727 53.91 657 49.24 587
72.12 936 67.59 866 63.04 796 58.45 726 53.84 656 49.19 586
72.06 935 67.52 865 62.97 795 58.39 725 53.77 655 49.12 585
71.99 934 67.47 864 62.90 794 58.32 724 53.70 654 49.05 584
71.93 933 67.40 863 62.84 793 58.25 723 53.64 653 48.98 583
71.86 932 67.34 862 62.77 792 58.19 722 53.57 652 48.92 582
71.80 931 67.27 861 62.71 791 58.12 721 53.50 651 48.85 581
71.73 930 67.20 860 62.65 790 58.05 720 53.44 650 48.78 580
71.67 929 67.14 859 62.58 789 57.99 719 53.37 649 48.71 579
71.60 928 67.07 858 62.52 788 57.93 718 53.30 648 48.64 578
71.54 927 67.01 857 62.45 787 57.87 717 53.23 647 48.58 577
71.47 926 66.94 856 62.39 786 57.80 716 53.18 646 48.51 576
71.41 925 66.88 855 62.32 785 57.73 715 53.11 645 48.44 575
71.35 924 66.81 854 62.25 784 57.67 714 53.04 644 48.38 574
71.28 923 66.74 853 62.19 783 57.60 713 52.98 643 48.32 573
71.22 922 66.68 852 62.12 782 57.53 712 52.91 642 48.25 572
71.15 921 66.62 851 62.05 781 57.47 711 52.84 641 48.18 571
71.09 920 66.56 850 61.99 780 57.40 710 52.77 640 48.11 570
71.02 919 66.49 849 61.92 779 57.33 709 52.71 639 48.05 569
70.96 918 66.43 848 61.87 778 57.27 708 52.64 638 47.98 568
70.89 917 66.36 847 61.80 777 57.20 707 52.57 637 47.91 567
70.83 916 66.29 846 61.73 776 57.14 706 52.51 636 47.84 566
70.76 915 66.23 845 61.67 775 57.08 705 52.44 635 47.77 565
70.70 914 66.16 844 61.60 774 57.01 704 52.38 634 47.71 564
70.64 913 66.10 843 61.53 773 56.94 703 52.31 633 47.64 563
70.57 912 66.03 842 61.47 772 56.88 702 52.25 632 47.58 562
70.51 911 65.96 841 61.40 771 56.81 701 52.18 631 47.51 561
47.45 560 42.73 490 37.97 420 33.15 350 28.25 280 23.26 210
47.38 559 42.66 489 37.90 419 33.08 349 28.18 279 23.19 209
47.31 558 42.60 488 37.83 418 33.01 348 28.11 278 23.11 208
47.24 557 42.53 487 37.76 417 32.94 347 28.04 277 23.04 207
47.17 556 42.46 486 37.69 416 32.87 346 27.97 276 22.98 206
47.11 555 42.39 485 37.62 415 32.80 345 27.89 275 22.91 205
47.04 554 42.32 484 37.55 414 32.73 344 27.82 274 22.83 204
46.97 553 42.25 483 37.48 413 32.66 343 27.76 273 22.76 203
46.90 552 42.18 482 37.42 412 32.58 342 27.69 272 22.69 202
46.83 551 42.12 481 37.35 411 32.52 341 27.62 271 22.61 201
46.78 550 42.06 480 37.29 410 32.45 340 27.55 270 22.54 200
46.71 549 41.99 479 37.22 409 32.38 339 27.47 269 22.47 199
46.64 548 41.92 478 37.15 408 32.31 338 27.40 268 22.39 198
46.57 547 41.85 477 37.08 407 32.24 337 27.33 267 22.32 197
46.50 546 41.78 476 37.01 406 32.17 336 27.26 266 22.25 196
46.44 545 41.71 475 36.94 405 32.10 335 27.19 265 22.18 195
46.37 544 41.65 474 36.87 404 32.03 334 27.12 264 22.11 194
46.30 543 41.58 473 36.80 403 31.96 333 27.04 263 22.04 193
46.23 542 41.51 472 36.73 402 31.89 332 26.98 262 21.96 192
46.16 541 41.44 471 36.66 401 31.82 331 26.91 261 21.89 191
46.10 540 41.37 470 36.59 400 31.75 330 26.84 260 21.82 190
46.04 539 41.30 469 36.52 399 31.69 329 26.77 259 21.74 189
45.97 538 41.24 468 36.46 398 31.62 328 26.70 258 21.67 188
45.90 537 41.17 467 36.39 397 31.55 327 26.62 257 21.60 187
45.83 536 41.11 466 36.32 396 31.48 326 26.55 256 21.52 186
45.77 535 41.04 465 36.25 395 31.41 325 26.48 255 21.45 185
45.70 534 40.97 464 36.18 394 31.34 324 26.41 254 21.38 184
45.63 533 40.90 463 36.11 393 31.27 323 26.34 253 21.31 183
45.56 532 40.83 462 36.04 392 31.19 322 26.26 252 21.24 182
45.49 531 40.76 461 35.98 391 31.12 321 26.20 251 21.16 181
45.43 530 40.69 460 35.91 390 31.05 320 26.13 250 21.09 180
45.36 529 40.62 459 35.84 389 30.98 319 26.06 249 21.02 179
45.29 528 40.56 458 35.77 388 30.92 318 25.99 248 20.94 178
45.23 527 40.49 457 35.71 387 30.85 317 25.91 247 20.87 177
45.16 526 40.43 456 35.64 386 30.78 316 25.84 246 20.79 176
45.09 525 40.36 455 35.57 385 30.71 315 25.77 245 20.72 175
45.03 524 40.29 454 35.50 384 30.64 314 25.70 244 20.65 174
44.96 523 40.22 453 35.43 383 30.57 313 25.62 243 20.58 173
44.89 522 40.15 452 35.36 382 30.50 312 25.55 242 20.51 172
44.82 521 40.08 451 35.29 381 30.43 311 25.48 241 20.43 171
44.75 520 40.01 450 35.22 380 30.36 310 25.41 240 20.36 170
44.69 519 39.95 449 35.15 379 30.28 309 25.35 239 20.29 169
44.62 518 39.88 448 35.08 378 30.21 308 25.27 238 20.21 168
44.55 517 39.81 447 35.01 377 30.15 307 25.20 237 20.14 167
44.48 516 39.74 446 34.94 376 30.08 306 25.13 236 20.06 166
44.42 515 39.68 445 34.88 375 30.01 305 25.06 235 19.99 165
44.35 514 39.61 444 34.81 374 29.94 304 24.98 234 19.92 164
44.29 513 39.54 443 34.74 373 29.87 303 24.91 233 19.85 163
44.22 512 39.47 442 34.67 372 29.80 302 24.84 232 19.78 162
44.15 511 39.40 441 34.60 371 29.73 301 24.77 231 19.70 161
44.08 510 39.33 440 34.53 370 29.66 300 24.69 230 19.63 160
44.01 509 39.26 439 34.46 369 29.58 299 24.62 229 19.55 159
43.94 508 39.20 438 34.39 368 29.51 298 24.56 228 19.48 158
43.88 507 39.13 437 34.32 367 29.44 297 24.49 227 19.40 157
43.81 506 39.06 436 34.25 366 29.37 296 24.41 226 19.33 156
43.74 505 38.99 435 34.18 365 29.31 295 24.34 225 19.26 155
43.67 504 38.92 434 34.12 364 29.24 294 24.27 224 19.18 154
43.61 503 38.86 433 34.05 363 29.17 293 24.20 223 19.11 153
43.54 502 38.79 432 33.98 362 29.10 292 24.12 222 19.04 152
43.48 501 38.72 431 33.91 361 29.03 291 24.05 221 18.97 151
43.41 500 38.65 430 33.84 360 28.95 290 23.98 220 18.89 150
43.34 499 38.58 429 33.77 359 28.88 289 23.91 219 18.82 149
43.27 498 38.51 428 33.70 358 28.81 288 23.83 218 18.74 148
43.20 497 38.45 427 33.63 357 28.74 287 23.77 217 18.67 147
43.13 496 38.38 426 33.56 356 28.67 286 23.70 216 18.59 146
43.07 495 38.31 425 33.49 355 28.60 285 23.63 215 18.52 145
43.00 494 38.24 424 33.42 354 28.54 284 23.55 214 18.44 144
42.93 493 38.17 423 33.35 353 28.47 283 23.48 213 18.37 143
42.86 492 38.10 422 33.29 352 28.39 282 23.41 212 18.29 142
42.80 491 38.04 421 33.22 351 28.32 281 23.33 211 18.23 141
18.15 140 16.36 116 14.53 92 12.68 68 10.77 44 8.77 20
18.08 139 16.28 115 14.45 91 12.60 67 10.69 43 8.69 19
18.00 138 16.20 114 14.38 90 12.52 66 10.60 42 8.61 18
17.93 137 16.13 113 14.30 89 12.44 65 10.52 41 8.52 17
17.85 136 16.05 112 14.23 88 12.36 64 10.44 40 8.43 16
17.78 135 15.97 111 14.15 87 12.28 63 10.36 39 8.34 15
17.70 134 15.90 110 14.07 86 12.20 62 10.28 38 8.25 14
17.62 133 15.83 109 14.00 85 12.12 61 10.20 37 8.16 13
17.55 132 15.75 108 13.92 84 12.04 60 10.12 36 8.07 12
17.47 131 15.68 107 13.84 83 11.96 59 10.03 35 7.98 11
17.41 130 15.60 106 13.76 82 11.89 58 9.95 34 7.90 10
17.33 129 15.52 105 13.68 81 11.81 57 9.87 33 7.81 9
17.26 128 15.45 104 13.61 80 11.73 56 9.78 32 7.72 8
17.18 127 15.37 103 13.53 79 11.65 55 9.70 31 7.62 7
17.11 126 15.29 102 13.46 78 11.57 54 9.62 30 7.53 6
17.03 125 15.22 101 13.38 77 11.49 53 9.53 29 7.43 5
16.95 124 15.14 100 13.30 76 11.41 52 9.46 28 7.34 4
16.88 123 15.07 99 13.22 75 11.33 51 9.37 27 7.24 3
16.80 122 14.99 98 13.14 74 11.25 50 9.29 26 7.15 2
16.73 121 14.92 97 13.06 73 11.17 49 9.20 25 7.04 1
16.66 120 14.84 96 12.99 72 11.09 48 9.12 24
16.58 119 14.76 95 12.91 71 11.01 47 9.03 23
16.51 118 14.69 94 12.83 70 10.93 46 8.94 22
16.43 117 14.61 93 12.75 69 10.85 45 8.86 21
