94.69 1400 90.60 1330 86.49 1260 82.37 1190 78.22 1120 74.06 1050
94.64 1399 90.54 1329 86.43 1259 82.30 1189 78.16 1119 74.00 1049
94.57 1398 90.49 1328 86.37 1258 82.25 1188 78.10 1118 73.94 1048
94.52 1397 90.42 1327 86.32 1257 82.19 1187 78.04 1117 73.88 1047
94.46 1396 90.37 1326 86.25 1256 82.13 1186 77.98 1116 73.82 1046
94.40 1395 90.31 1325 86.20 1255 82.07 1185 77.93 1115 73.76 1045
94.34 1394 90.25 1324 86.14 1254 82.01 1184 77.86 1114 73.70 1044
94.29 1393 90.19 1323 86.08 1253 81.95 1183 77.81 1113 73.64 1043
94.22 1392 90.13 1322 86.02 1252 81.90 1182 77.74 1112 73.58 1042
94.17 1391 90.07 1321 85.97 1251 81.83 1181 77.69 1111 73.52 1041
94.10 1390 90.02 1320 85.90 1250 81.78 1180 77.62 1110 73.46 1040
94.05 1389 89.95 1319 85.85 1249 81.71 1179 77.57 1109 73.40 1039
93.99 1388 89.90 1318 85.78 1248 81.66 1178 77.50 1108 73.34 1038
93.93 1387 89.84 1317 85.73 1247 81.59 1177 77.45 1107 73.28 1037
93.87 1386 89.78 1316 85.67 1246 81.54 1176 77.39 1106 73.22 1036
93.82 1385 89.72 1315 85.61 1245 81.48 1175 77.33 1105 73.16 1035
93.75 1384 89.66 1314 85.55 1244 81.42 1174 77.27 1104 73.10 1034
93.70 1383 89.60 1313 85.49 1243 81.36 1173 77.21 1103 73.04 1033
93.64 1382 89.55 1312 85.43 1242 81.30 1172 77.15 1102 72.98 1032
93.58 1381 89.48 1311 85.38 1241 81.24 1171 77.09 1101 72.93 1031
93.52 1380 89.43 1310 85.31 1240 81.19 1170 77.04 1100 72.86 1030
93.47 1379 89.37 1309 85.26 1239 81.12 1169 76.97 1099 72.81 1029
93.40 1378 89.31 1308 85.19 1238 81.07 1168 76.92 1098 72.74 1028
93.35 1377 89.25 1307 85.14 1237 81.00 1167 76.85 1097 72.69 1027
93.29 1376 89.20 1306 85.08 1236 80.95 1166 76.80 1096 72.63 1026
93.23 1375 89.13 1305 85.02 1235 80.88 1165 76.74 1095 72.57 1025
93.17 1374 89.08 1304 84.96 1234 80.83 1164 76.68 1094 72.51 1024
93.12 1373 89.01 1303 84.90 1233 80.77 1163 76.62 1093 72.45 1023
93.05 1372 88.96 1302 84.84 1232 80.71 1162 76.56 1092 72.39 1022
93.00 1371 88.90 1301 84.79 1231 80.65 1161 76.50 1091 72.33 1021
92.94 1370 88.84 1300 84.72 1230 80.59 1160 76.44 1090 72.27 1020
92.88 1369 88.78 1299 84.67 1229 80.53 1159 76.38 1089 72.21 1019
92.82 1368 88.73 1298 84.60 1228 80.47 1158 76.32 1088 72.15 1018
92.77 1367 88.66 1297 84.55 1227 80.41 1157 76.26 1087 72.09 1017
92.70 1366 88.61 1296 84.49 1226 80.36 1156 76.20 1086 72.03 1016
92.65 1365 88.54 1295 84.43 1225 80.29 1155 76.14 1085 71.97 1015
92.58 1364 88.49 1294 84.37 1224 80.24 1154 76.09 1084 71.91 1014
92.53 1363 88.43 1293 84.31 1223 80.17 1153 76.02 1083 71.85 1013
92.47 1362 88.37 1292 84.25 1222 80.12 1152 75.97 1082 71.79 1012
92.41 1361 88.31 1291 84.20 1221 80.05 1151 75.90 1081 71.73 1011
92.35 1360 88.26 1290 84.13 1220 80.00 1150 75.85 1080 71.67 1010
92.30 1359 88.19 1289 84.08 1219 79.94 1149 75.78 1079 71.61 1009
92.23 1358 88.14 1288 84.01 1218 79.88 1148 75.73 1078 71.55 1008
92.18 1357 88.07 1287 83.96 1217 79.82 1147 75.66 1077 71.49 1007
92.12 1356 88.02 1286 83.90 1216 79.76 1146 75.61 1076 71.43 1006
92.06 1355 87.96 1285 83.84 1215 79.70 1145 75.54 1075 71.37 1005
92.00 1354 87.90 1284 83.78 1214 79.64 1144 75.49 1074 71.31 1004
91.95 1353 87.84 1283 83.72 1213 79.59 1143 75.42 1073 71.25 1003
91.88 1352 87.79 1282 83.66 1212 79.52 1142 75.37 1072 71.19 1002
91.83 1351 87.72 1281 83.61 1211 79.47 1141 75.31 1071 71.13 1001
91.77 1350 87.67 1280 83.54 1210 79.41 1140 75.25 1070 71.07 1000
91.71 1349 87.60 1279 83.49 1209 79.35 1139 75.19 1069 71.01 999
91.65 1348 87.55 1278 83.42 1208 79.29 1138 75.13 1068 70.95 998
91.59 1347 87.49 1277 83.37 1207 79.23 1137 75.07 1067 70.89 997
91.54 1346 87.43 1276 83.31 1206 79.17 1136 75.01 1066 70.83 996
91.48 1345 87.37 1275 83.25 1205 79.11 1135 74.95 1065 70.77 995
91.42 1344 87.31 1274 83.19 1204 79.05 1134 74.89 1064 70.71 994
91.36 1343 87.25 1273 83.13 1203 79.00 1133 74.83 1063 70.65 993
91.30 1342 87.20 1272 83.07 1202 78.93 1132 74.77 1062 70.59 992
91.24 1341 87.13 1271 83.01 1201 78.88 1131 74.71 1061 70.54 991
91.19 1340 87.08 1270 82.95 1200 78.81 1130 74.65 1060 70.47 990
91.13 1339 87.02 1269 82.90 1199 78.76 1129 74.60 1059 70.42 989
91.07 1338 86.96 1268 82.84 1198 78.69 1128 74.53 1058 70.35 988
91.01 1337 86.90 1267 82.78 1197 78.64 1127 74.48 1057 70.30 987
90.96 1336 86.84 1266 82.72 1196 78.57 1126 74.41 1056 70.23 986
90.89 1335 86.78 1265 82.66 1195 78.52 1125 74.36 1055 70.18 985
90.84 1334 86.73 1264 82.60 1194 78.46 1124 74.30 1054 70.11 984
90.77 1333 86.66 1263 82.54 1193 78.40 1123 74.24 1053 70.06 983
90.72 1332 86.61 1262 82.49 1192 78.34 1122 74.18 1052 69.99 982
90.66 1331 86.55 1261 82.42 1191 78.28 1121 74.12 1051 69.94 981
69.87 980 65.67 910 61.44 840 57.19 770 52.90 700 48.58 630
69.82 979 65.61 909 61.37 839 57.12 769 52.84 699 48.52 629
69.75 978 65.55 908 61.32 838 57.06 768 52.78 698 48.46 628
69.70 977 65.49 907 61.26 837 57.00 767 52.71 697 48.39 627
69.63 976 65.43 906 61.20 836 56.94 766 52.65 696 48.33 626
69.58 975 65.37 905 61.14 835 56.87 765 52.59 695 48.27 625
69.51 974 65.31 904 61.07 834 56.82 764 52.53 694 48.21 624
69.46 973 65.25 903 61.02 833 56.75 763 52.46 693 48.15 623
69.39 972 65.19 902 60.95 832 56.70 762 52.41 692 48.08 622
69.34 971 65.12 901 60.90 831 56.63 761 52.34 691 48.03 621
69.27 970 65.07 900 60.83 830 56.57 760 52.28 690 47.96 620
69.22 969 65.00 899 60.77 829 56.51 759 52.22 689 47.90 619
69.15 968 64.95 898 60.71 828 56.45 758 52.16 688 47.84 618
69.10 967 64.88 897 60.65 827 56.39 757 52.09 687 47.78 617
69.03 966 64.83 896 60.59 826 56.33 756 52.04 686 47.71 616
68.98 965 64.76 895 60.53 825 56.27 755 51.98 685 47.65 615
68.91 964 64.71 894 60.46 824 56.21 754 51.91 684 47.59 614
68.85 963 64.64 893 60.41 823 56.15 753 51.86 683 47.53 613
68.80 962 64.58 892 60.34 822 56.08 752 51.79 682 47.46 612
68.73 961 64.52 891 60.29 821 56.03 751 51.73 681 47.40 611
68.68 960 64.46 890 60.22 820 55.96 750 51.67 680 47.34 610
68.61 959 64.40 889 60.17 819 55.90 749 51.61 679 47.28 609
68.56 958 64.34 888 60.10 818 55.84 748 51.54 678 47.22 608
68.49 957 64.28 887 60.04 817 55.78 747 51.49 677 47.15 607
68.44 956 64.22 886 59.98 816 55.71 746 51.42 676 47.10 606
68.37 955 64.16 885 59.92 815 55.66 745 51.36 675 47.03 605
68.32 954 64.10 884 59.87 814 55.59 744 51.29 674 46.97 604
68.25 953 64.04 883 59.80 813 55.53 743 51.24 673 46.90 603
68.20 952 63.98 882 59.74 812 55.47 742 51.17 672 46.85 602
68.13 951 63.92 881 59.68 811 55.41 741 51.11 671 46.78 601
68.08 950 63.86 880 59.62 810 55.35 740 51.05 670 46.72 600
68.01 949 63.80 879 59.56 809 55.29 739 50.99 669 46.65 599
67.96 948 63.74 878 59.50 808 55.23 738 50.93 668 46.60 598
67.89 947 63.68 877 59.43 807 55.17 737 50.87 667 46.53 597
67.84 946 63.62 876 59.38 806 55.11 736 50.81 666 46.47 596
67.77 945 63.56 875 59.31 805 55.04 735 50.74 665 46.41 595
67.72 944 63.49 874 59.26 804 54.99 734 50.68 664 46.35 594
67.65 943 63.44 873 59.19 803 54.92 733 50.62 663 46.29 593
67.60 942 63.37 872 59.13 802 54.86 732 50.56 662 46.22 592
67.53 941 63.32 871 59.07 801 54.80 731 50.49 661 46.16 591
67.47 940 63.25 870 59.01 800 54.74 730 50.44 660 46.10 590
67.41 939 63.20 869 58.94 799 54.67 729 50.37 659 46.04 589
67.35 938 63.13 868 58.89 798 54.62 728 50.31 658 45.97 588
67.29 937 63.07 867 58.82 797 54.55 727 50.25 657 45.91 587
67.23 936 63.01 866 58.77 796 54.49 726 50.19 656 45.85 586
67.17 935 62.95 865 58.71 795 54.43 725 50.12 655 45.79 585
67.11 934 62.89 864 58.64 794 54.37 724 50.06 654 45.72 584
67.06 933 62.83 863 58.59 793 54.30 723 50.00 653 45.66 583
66.99 932 62.77 862 58.52 792 54.25 722 49.94 652 45.60 582
66.94 931 62.71 861 58.47 791 54.18 721 49.88 651 45.54 581
66.87 930 62.65 860 58.40 790 54.12 720 49.82 650 45.48 580
66.82 929 62.59 859 58.34 789 54.07 719 49.76 649 45.41 579
66.75 928 62.53 858 58.28 788 54.00 718 49.69 648 45.35 578
66.70 927 62.47 857 58.22 787 53.95 717 49.63 647 45.29 577
66.63 926 62.41 856 58.16 786 53.88 716 49.57 646 45.23 576
66.57 925 62.35 855 58.10 785 53.82 715 49.51 645 45.16 575
66.51 924 62.29 854 58.03 784 53.76 714 49.44 644 45.10 574
66.45 923 62.22 853 57.98 783 53.70 713 49.39 643 45.04 573
66.39 922 62.17 852 57.91 782 53.63 712 49.32 642 44.98 572
66.33 921 62.10 851 57.85 781 53.58 711 49.26 641 44.91 571
66.27 920 62.05 850 57.79 780 53.51 710 49.19 640 44.85 570
66.21 919 61.98 849 57.73 779 53.45 709 49.14 639 44.79 569
66.15 918 61.93 848 57.67 778 53.39 708 49.08 638 44.73 568
66.09 917 61.86 847 57.61 777 53.33 707 49.01 637 44.67 567
66.03 916 61.80 846 57.55 776 53.26 706 48.96 636 44.60 566
65.97 915 61.74 845 57.49 775 53.21 705 48.89 635 44.54 565
65.91 914 61.68 844 57.43 774 53.14 704 48.83 634 44.48 564
65.85 913 61.62 843 57.36 773 53.08 703 48.76 633 44.42 563
65.78 912 61.56 842 57.31 772 53.02 702 48.71 632 44.35 562
65.73 911 61.49 841 57.24 771 52.96 701 48.64 631 44.29 561
44.23 560 39.83 490 35.39 420 30.90 350 26.34 280 21.69 210
44.17 559 39.77 489 35.33 419 30.84 349 26.27 279 21.62 209
44.10 558 39.71 488 35.27 418 30.77 348 26.21 278 21.55 208
44.04 557 39.65 487 35.20 417 30.71 347 26.14 277 21.48 207
43.97 556 39.58 486 35.14 416 30.64 346 26.08 276 21.42 206
43.92 555 39.52 485 35.07 415 30.58 345 26.00 275 21.35 205
43.86 554 39.45 484 35.01 414 30.52 344 25.94 274 21.28 204
43.79 553 39.39 483 34.94 413 30.45 343 25.88 273 21.22 203
43.73 552 39.33 482 34.89 412 30.38 342 25.81 272 21.15 202
43.66 551 39.27 481 34.82 411 30.31 341 25.75 271 21.08 201
43.61 550 39.21 480 34.76 410 30.25 340 25.68 270 21.01 200
43.54 549 39.14 479 34.69 409 30.18 339 25.61 269 20.95 199
43.48 548 39.08 478 34.63 408 30.12 338 25.54 268 20.88 198
43.41 547 39.01 477 34.57 407 30.05 337 25.48 267 20.81 197
43.35 546 38.95 476 34.50 406 29.99 336 25.41 266 20.75 196
43.29 545 38.88 475 34.44 405 29.93 335 25.35 265 20.67 195
43.23 544 38.83 474 34.37 404 29.86 334 25.29 264 20.61 194
43.16 543 38.76 473 34.31 403 29.80 333 25.21 263 20.54 193
43.10 542 38.70 472 34.24 402 29.73 332 25.15 262 20.47 192
43.04 541 38.64 471 34.18 401 29.67 331 25.08 261 20.41 191
42.98 540 38.57 470 34.11 400 29.60 330 25.02 260 20.34 190
42.92 539 38.51 469 34.05 399 29.54 329 24.95 259 20.27 189
42.85 538 38.44 468 33.99 398 29.47 328 24.89 258 20.20 188
42.79 537 38.38 467 33.92 397 29.41 327 24.82 257 20.14 187
42.72 536 38.32 466 33.86 396 29.35 326 24.75 256 20.07 186
42.67 535 38.26 465 33.79 395 29.28 325 24.69 255 20.00 185
42.60 534 38.19 464 33.73 394 29.22 324 24.62 254 19.93 184
42.54 533 38.13 463 33.66 393 29.15 323 24.56 253 19.86 183
42.47 532 38.06 462 33.60 392 29.08 322 24.48 252 19.80 182
42.41 531 38.00 461 33.54 391 29.01 321 24.42 251 19.73 181
42.35 530 37.94 460 33.48 390 28.95 320 24.36 250 19.66 180
42.29 529 37.87 459 33.42 389 28.89 319 24.29 249 19.60 179
42.23 528 37.82 458 33.35 388 28.82 318 24.23 248 19.52 178
42.16 527 37.75 457 33.29 387 28.76 317 24.15 247 19.46 177
42.10 526 37.69 456 33.22 386 28.69 316 24.09 246 19.38 176
42.03 525 37.62 455 33.16 385 28.63 315 24.02 245 19.32 175
41.98 524 37.56 454 33.09 384 28.56 314 23.96 244 19.26 174
41.91 523 37.49 453 33.03 383 28.50 313 23.89 243 19.18 173
41.85 522 37.43 452 32.96 382 28.43 312 23.82 242 19.12 172
41.78 521 37.36 451 32.90 381 28.37 311 23.76 241 19.04 171
41.72 520 37.30 450 32.84 380 28.31 310 23.69 240 18.98 170
41.66 519 37.24 449 32.77 379 28.23 309 23.63 239 18.91 169
41.60 518 37.18 448 32.71 378 28.17 308 23.55 238 18.84 168
41.54 517 37.12 447 32.64 377 28.10 307 23.49 237 18.78 167
41.47 516 37.05 446 32.58 376 28.04 306 23.43 236 18.70 166
41.41 515 36.99 445 32.51 375 27.97 305 23.36 235 18.64 165
41.34 514 36.92 444 32.45 374 27.91 304 23.29 234 18.57 164
41.29 513 36.86 443 32.38 373 27.85 303 23.22 233 18.50 163
41.22 512 36.79 442 32.32 372 27.78 302 23.16 232 18.44 162
41.16 511 36.73 441 32.26 371 27.72 301 23.09 231 18.36 161
41.09 510 36.66 440 32.19 370 27.65 300 23.02 230 18.30 160
41.03 509 36.60 439 32.13 369 27.58 299 22.96 229 18.22 159
40.96 508 36.55 438 32.06 368 27.51 298 22.89 228 18.16 158
40.91 507 36.48 437 32.00 367 27.45 297 22.83 227 18.09 157
40.84 506 36.42 436 31.93 366 27.38 296 22.75 226 18.02 156
40.78 505 36.35 435 31.87 365 27.32 295 22.69 225 17.96 155
40.72 504 36.29 434 31.80 364 27.26 294 22.63 224 17.88 154
40.65 503 36.22 433 31.74 363 27.19 293 22.56 223 17.82 153
40.59 502 36.16 432 31.68 362 27.13 292 22.49 222 17.75 152
40.53 501 36.09 431 31.61 361 27.06 291 22.42 221 17.68 151
40.47 500 36.03 430 31.55 360 26.99 290 22.36 220 17.61 150
40.40 499 35.97 429 31.48 359 26.92 289 22.29 219 17.54 149
40.34 498 35.90 428 31.42 358 26.86 288 22.22 218 17.47 148
40.27 497 35.85 427 31.35 357 26.80 287 22.16 217 17.41 147
40.21 496 35.78 426 31.29 356 26.73 286 22.09 216 17.33 146
40.15 495 35.72 425 31.22 355 26.67 285 22.03 215 17.27 145
40.09 494 35.65 424 31.16 354 26.60 284 21.95 214 17.19 144
40.03 493 35.59 423 31.10 353 26.54 283 21.89 213 17.13 143
39.96 492 35.52 422 31.03 352 26.46 282 21.82 212 17.06 142
39.90 491 35.46 421 30.97 351 26.40 281 21.75 211 16.99 141
16.92 140 15.25 116 13.55 92 11.82 68 10.04 44 8.18 20
16.85 139 15.18 115 13.47 91 11.74 67 9.97 43 8.10 19
16.78 138 15.10 114 13.41 90 11.67 66 9.88 42 8.02 18
16.71 137 15.04 113 13.34 89 11.60 65 9.81 41 7.94 17
16.64 136 14.97 112 13.26 88 11.52 64 9.74 40 7.86 16
16.58 135 14.89 111 13.19 87 11.45 63 9.66 39 7.78 15
16.50 134 14.83 110 13.11 86 11.37 62 9.58 38 7.69 14
16.43 133 14.75 109 13.05 85 11.30 61 9.51 37 7.61 13
16.36 132 14.68 108 12.98 84 11.23 60 9.43 36 7.53 12
16.29 131 14.62 107 12.90 83 11.15 59 9.35 35 7.44 11
16.23 130 14.54 106 12.83 82 11.08 58 9.28 34 7.36 10
16.15 129 14.47 105 12.76 81 11.01 57 9.20 33 7.28 9
16.09 128 14.40 104 12.69 80 10.93 56 9.12 32 7.20 8
16.01 127 14.33 103 12.62 79 10.86 55 9.05 31 7.10 7
15.95 126 14.26 102 12.54 78 10.79 54 8.97 30 7.02 6
15.88 125 14.19 101 12.47 77 10.71 53 8.89 29 6.93 5
15.80 124 14.12 100 12.40 76 10.64 52 8.82 28 6.85 4
15.74 123 14.04 99 12.32 75 10.56 51 8.73 27 6.75 3
15.67 122 13.97 98 12.25 74 10.49 50 8.66 26 6.66 2
15.60 121 13.91 97 12.18 73 10.42 49 8.58 25 6.56 1
15.53 120 13.83 96 12.11 72 10.33 48 8.50 24
15.45 119 13.76 95 12.04 71 10.26 47 8.42 23
15.39 118 13.69 94 11.96 70 10.19 46 8.34 22
15.32 117 13.62 93 11.89 69 10.11 45 8.26 21
