87.79 1400 83.99 1330 80.19 1260 76.36 1190 72.52 1120 68.66 1050
87.74 1399 83.94 1329 80.13 1259 76.30 1189 72.46 1119 68.60 1049
87.68 1398 83.89 1328 80.07 1258 76.25 1188 72.41 1118 68.55 1048
87.63 1397 83.83 1327 80.02 1257 76.20 1187 72.35 1117 68.49 1047
87.58 1396 83.78 1326 79.96 1256 76.14 1186 72.30 1116 68.44 1046
87.52 1395 83.73 1325 79.91 1255 76.09 1185 72.25 1115 68.38 1045
87.47 1394 83.67 1324 79.86 1254 76.03 1184 72.19 1114 68.33 1044
87.42 1393 83.62 1323 79.80 1253 75.98 1183 72.14 1113 68.27 1043
87.36 1392 83.56 1322 79.75 1252 75.93 1182 72.08 1112 68.22 1042
87.30 1391 83.51 1321 79.70 1251 75.87 1181 72.03 1111 68.16 1041
87.24 1390 83.45 1320 79.64 1250 75.82 1180 71.97 1110 68.11 1040
87.19 1389 83.40 1319 79.59 1249 75.76 1179 71.92 1109 68.05 1039
87.14 1388 83.34 1318 79.53 1248 75.70 1178 71.86 1108 68.00 1038
87.08 1387 83.29 1317 79.48 1247 75.65 1177 71.80 1107 67.94 1037
87.03 1386 83.23 1316 79.43 1246 75.59 1176 71.75 1106 67.89 1036
86.98 1385 83.18 1315 79.37 1245 75.54 1175 71.69 1105 67.83 1035
86.92 1384 83.12 1314 79.32 1244 75.48 1174 71.64 1104 67.78 1034
86.87 1383 83.07 1313 79.26 1243 75.43 1173 71.58 1103 67.72 1033
86.82 1382 83.02 1312 79.20 1242 75.37 1172 71.53 1102 67.66 1032
86.76 1381 82.96 1311 79.15 1241 75.32 1171 71.47 1101 67.61 1031
86.71 1380 82.91 1310 79.09 1240 75.27 1170 71.42 1100 67.55 1030
86.66 1379 82.86 1309 79.04 1239 75.21 1169 71.36 1099 67.50 1029
86.60 1378 82.80 1308 78.98 1238 75.16 1168 71.31 1098 67.44 1028
86.54 1377 82.75 1307 78.93 1237 75.10 1167 71.25 1097 67.39 1027
86.49 1376 82.70 1306 78.88 1236 75.05 1166 71.20 1096 67.33 1026
86.43 1375 82.64 1305 78.82 1235 74.99 1165 71.15 1095 67.28 1025
86.38 1374 82.58 1304 78.77 1234 74.94 1164 71.09 1094 67.22 1024
86.33 1373 82.52 1303 78.71 1233 74.89 1163 71.04 1093 67.17 1023
86.27 1372 82.47 1302 78.66 1232 74.83 1162 70.98 1092 67.11 1022
86.22 1371 82.42 1301 78.61 1231 74.77 1161 70.93 1091 67.06 1021
86.17 1370 82.36 1300 78.55 1230 74.71 1160 70.87 1090 67.00 1020
86.11 1369 82.31 1299 78.50 1229 74.66 1159 70.81 1089 66.95 1019
86.06 1368 82.26 1298 78.44 1228 74.60 1158 70.75 1088 66.89 1018
86.01 1367 82.20 1297 78.38 1227 74.55 1157 70.70 1087 66.84 1017
85.95 1366 82.15 1296 78.33 1226 74.50 1156 70.64 1086 66.78 1016
85.90 1365 82.09 1295 78.27 1225 74.44 1155 70.59 1085 66.73 1015
85.84 1364 82.04 1294 78.22 1224 74.39 1154 70.54 1084 66.67 1014
85.79 1363 81.99 1293 78.16 1223 74.33 1153 70.48 1083 66.61 1013
85.73 1362 81.93 1292 78.11 1222 74.28 1152 70.43 1082 66.56 1012
85.67 1361 81.88 1291 78.06 1221 74.22 1151 70.37 1081 66.50 1011
85.62 1360 81.82 1290 78.00 1220 74.17 1150 70.32 1080 66.44 1010
85.57 1359 81.76 1289 77.95 1219 74.12 1149 70.26 1079 66.39 1009
85.51 1358 81.71 1288 77.89 1218 74.06 1148 70.21 1078 66.33 1008
85.46 1357 81.65 1287 77.84 1217 74.01 1147 70.15 1077 66.28 1007
85.41 1356 81.60 1286 77.79 1216 73.95 1146 70.10 1076 66.22 1006
85.35 1355 81.55 1285 77.73 1215 73.90 1145 70.04 1075 66.17 1005
85.30 1354 81.49 1284 77.68 1214 73.84 1144 69.99 1074 66.11 1004
85.25 1353 81.44 1283 77.62 1213 73.78 1143 69.93 1073 66.06 1003
85.19 1352 81.39 1282 77.57 1212 73.72 1142 69.88 1072 66.00 1002
85.14 1351 81.33 1281 77.51 1211 73.67 1141 69.82 1071 65.95 1001
85.09 1350 81.28 1280 77.45 1210 73.62 1140 69.76 1070 65.89 1000
85.03 1349 81.22 1279 77.40 1209 73.56 1139 69.71 1069 65.84 999
84.97 1348 81.17 1278 77.34 1208 73.51 1138 69.65 1068 65.78 998
84.91 1347 81.12 1277 77.29 1207 73.45 1137 69.60 1067 65.73 997
84.86 1346 81.06 1276 77.24 1206 73.40 1136 69.54 1066 65.67 996
84.81 1345 81.01 1275 77.18 1205 73.34 1135 69.49 1065 65.62 995
84.75 1344 80.95 1274 77.13 1204 73.29 1134 69.43 1064 65.56 994
84.70 1343 80.89 1273 77.07 1203 73.24 1133 69.38 1063 65.51 993
84.65 1342 80.84 1272 77.02 1202 73.18 1132 69.32 1062 65.45 992
84.59 1341 80.78 1271 76.96 1201 73.13 1131 69.27 1061 65.39 991
84.54 1340 80.73 1270 76.91 1200 73.07 1130 69.21 1060 65.33 990
84.49 1339 80.68 1269 76.86 1199 73.02 1129 69.16 1059 65.28 989
84.43 1338 80.62 1268 76.80 1198 72.96 1128 69.10 1058 65.22 988
84.38 1337 80.57 1267 76.75 1197 72.91 1127 69.05 1057 65.17 987
84.33 1336 80.51 1266 76.69 1196 72.85 1126 68.99 1056 65.11 986
84.27 1335 80.46 1265 76.64 1195 72.79 1125 68.94 1055 65.06 985
84.21 1334 80.41 1264 76.58 1194 72.74 1124 68.89 1054 65.00 984
84.15 1333 80.35 1263 76.52 1193 72.68 1123 68.83 1053 64.95 983
84.10 1332 80.30 1262 76.47 1192 72.63 1122 68.77 1052 64.89 982
84.05 1331 80.24 1261 76.41 1191 72.57 1121 68.71 1051 64.84 981
64.78 980 60.88 910 56.96 840 53.02 770 49.04 700 45.04 630
64.73 979 60.83 909 56.90 839 52.96 769 48.99 699 44.99 629
64.67 978 60.77 908 56.85 838 52.90 768 48.93 698 44.93 628
64.62 977 60.72 907 56.79 837 52.85 767 48.87 697 44.87 627
64.56 976 60.66 906 56.74 836 52.79 766 48.81 696 44.81 626
64.51 975 60.61 905 56.68 835 52.73 765 48.76 695 44.76 625
64.45 974 60.55 904 56.62 834 52.68 764 48.70 694 44.70 624
64.40 973 60.49 903 56.57 833 52.62 763 48.64 693 44.64 623
64.34 972 60.44 902 56.51 832 52.57 762 48.59 692 44.58 622
64.28 971 60.38 901 56.46 831 52.51 761 48.53 691 44.53 621
64.22 970 60.32 900 56.40 830 52.45 760 48.47 690 44.47 620
64.17 969 60.26 899 56.34 829 52.39 759 48.42 689 44.41 619
64.11 968 60.21 898 56.29 828 52.34 758 48.36 688 44.35 618
64.06 967 60.15 897 56.23 827 52.28 757 48.30 687 44.29 617
64.00 966 60.10 896 56.18 826 52.22 756 48.25 686 44.24 616
63.95 965 60.04 895 56.12 825 52.16 755 48.19 685 44.18 615
63.89 964 59.99 894 56.06 824 52.11 754 48.13 684 44.12 614
63.83 963 59.93 893 56.01 823 52.05 753 48.08 683 44.06 613
63.78 962 59.87 892 55.95 822 51.99 752 48.02 682 44.00 612
63.72 961 59.82 891 55.89 821 51.94 751 47.96 681 43.94 611
63.67 960 59.76 890 55.83 820 51.88 750 47.91 680 43.89 610
63.61 959 59.71 889 55.78 819 51.82 749 47.85 679 43.83 609
63.56 958 59.65 888 55.72 818 51.77 748 47.79 678 43.77 608
63.50 957 59.60 887 55.66 817 51.71 747 47.73 677 43.71 607
63.45 956 59.54 886 55.61 816 51.65 746 47.67 676 43.66 606
63.39 955 59.49 885 55.55 815 51.60 745 47.62 675 43.60 605
63.34 954 59.43 884 55.50 814 51.54 744 47.56 674 43.54 604
63.28 953 59.37 883 55.44 813 51.48 743 47.50 673 43.48 603
63.23 952 59.32 882 55.38 812 51.43 742 47.44 672 43.43 602
63.17 951 59.26 881 55.33 811 51.37 741 47.38 671 43.37 601
63.12 950 59.21 880 55.27 810 51.32 740 47.33 670 43.31 600
63.06 949 59.15 879 55.22 809 51.26 739 47.27 669 43.25 599
63.00 948 59.10 878 55.16 808 51.20 738 47.21 668 43.20 598
62.94 947 59.04 877 55.10 807 51.15 737 47.16 667 43.14 597
62.89 946 58.98 876 55.05 806 51.09 736 47.10 666 43.08 596
62.83 945 58.92 875 54.99 805 51.03 735 47.04 665 43.02 595
62.78 944 58.86 874 54.94 804 50.98 734 46.98 664 42.97 594
62.72 943 58.81 873 54.88 803 50.92 733 46.93 663 42.91 593
62.67 942 58.75 872 54.82 802 50.86 732 46.87 662 42.85 592
62.61 941 58.70 871 54.77 801 50.81 731 46.81 661 42.79 591
62.55 940 58.64 870 54.71 800 50.75 730 46.76 660 42.74 590
62.50 939 58.59 869 54.65 799 50.69 729 46.70 659 42.68 589
62.44 938 58.53 868 54.60 798 50.64 728 46.64 658 42.62 588
62.39 937 58.47 867 54.54 797 50.58 727 46.59 657 42.56 587
62.33 936 58.42 866 54.49 796 50.52 726 46.53 656 42.51 586
62.28 935 58.36 865 54.43 795 50.47 725 46.47 655 42.45 585
62.22 934 58.31 864 54.37 794 50.41 724 46.41 654 42.39 584
62.17 933 58.25 863 54.32 793 50.35 723 46.36 653 42.33 583
62.11 932 58.20 862 54.26 792 50.30 722 46.30 652 42.28 582
62.06 931 58.14 861 54.20 791 50.24 721 46.24 651 42.22 581
62.00 930 58.08 860 54.14 790 50.18 720 46.19 650 42.16 580
61.95 929 58.03 859 54.08 789 50.12 719 46.13 649 42.10 579
61.89 928 57.97 858 54.03 788 50.06 718 46.07 648 42.04 578
61.83 927 57.92 857 53.97 787 50.01 717 46.01 647 41.99 577
61.78 926 57.86 856 53.92 786 49.95 716 45.96 646 41.93 576
61.72 925 57.81 855 53.86 785 49.89 715 45.90 645 41.87 575
61.66 924 57.75 854 53.80 784 49.84 714 45.84 644 41.81 574
61.60 923 57.69 853 53.75 783 49.78 713 45.79 643 41.76 573
61.55 922 57.64 852 53.69 782 49.72 712 45.73 642 41.70 572
61.49 921 57.58 851 53.63 781 49.67 711 45.67 641 41.64 571
61.44 920 57.52 850 53.58 780 49.61 710 45.61 640 41.58 570
61.38 919 57.46 849 53.52 779 49.55 709 45.56 639 41.53 569
61.33 918 57.41 848 53.47 778 49.50 708 45.50 638 41.47 568
61.27 917 57.35 847 53.41 777 49.44 707 45.44 637 41.41 567
61.22 916 57.29 846 53.35 776 49.38 706 45.39 636 41.35 566
61.16 915 57.24 845 53.30 775 49.33 705 45.33 635 41.29 565
61.11 914 57.18 844 53.24 774 49.27 704 45.27 634 41.24 564
61.05 913 57.13 843 53.18 773 49.21 703 45.21 633 41.18 563
60.99 912 57.07 842 53.13 772 49.16 702 45.16 632 41.12 562
60.94 911 57.01 841 53.07 771 49.10 701 45.10 631 41.06 561
41.01 560 36.93 490 32.81 420 28.65 350 24.42 280 20.11 210
40.95 559 36.87 489 32.76 419 28.59 349 24.36 279 20.05 209
40.89 558 36.82 488 32.70 418 28.53 348 24.30 278 19.98 208
40.83 557 36.76 487 32.64 417 28.47 347 24.24 277 19.92 207
40.77 556 36.70 486 32.58 416 28.41 346 24.18 276 19.86 206
40.72 555 36.64 485 32.52 415 28.35 345 24.11 275 19.80 205
40.66 554 36.58 484 32.46 414 28.29 344 24.05 274 19.73 204
40.60 553 36.52 483 32.40 413 28.23 343 23.99 273 19.67 203
40.54 552 36.46 482 32.35 412 28.16 342 23.93 272 19.61 202
40.48 551 36.41 481 32.29 411 28.10 341 23.87 271 19.54 201
40.43 550 36.35 480 32.23 410 28.04 340 23.81 270 19.48 200
40.37 549 36.29 479 32.17 409 27.98 339 23.74 269 19.42 199
40.31 548 36.23 478 32.11 408 27.92 338 23.68 268 19.35 198
40.25 547 36.17 477 32.05 407 27.86 337 23.62 267 19.29 197
40.19 546 36.11 476 31.99 406 27.80 336 23.56 266 19.24 196
40.14 545 36.05 475 31.93 405 27.74 335 23.50 265 19.17 195
40.08 544 36.00 474 31.87 404 27.69 334 23.44 264 19.11 194
40.02 543 35.94 473 31.81 403 27.63 333 23.37 263 19.05 193
39.96 542 35.88 472 31.75 402 27.57 332 23.32 262 18.98 192
39.90 541 35.82 471 31.69 401 27.51 331 23.26 261 18.92 191
39.85 540 35.76 470 31.63 400 27.45 330 23.20 260 18.86 190
39.79 539 35.70 469 31.57 399 27.39 329 23.14 259 18.79 189
39.73 538 35.64 468 31.51 398 27.33 328 23.08 258 18.73 188
39.67 537 35.58 467 31.45 397 27.27 327 23.01 257 18.67 187
39.61 536 35.53 466 31.39 396 27.21 326 22.95 256 18.60 186
39.56 535 35.47 465 31.33 395 27.15 325 22.89 255 18.54 185
39.50 534 35.41 464 31.27 394 27.09 324 22.83 254 18.48 184
39.44 533 35.35 463 31.21 393 27.03 323 22.77 253 18.42 183
39.38 532 35.29 462 31.15 392 26.96 322 22.70 252 18.36 182
39.32 531 35.23 461 31.10 391 26.90 321 22.64 251 18.29 181
39.27 530 35.17 460 31.04 390 26.84 320 22.58 250 18.23 180
39.21 529 35.11 459 30.98 389 26.78 319 22.52 249 18.17 179
39.15 528 35.06 458 30.92 388 26.72 318 22.46 248 18.10 178
39.09 527 35.00 457 30.86 387 26.66 317 22.39 247 18.04 177
39.03 526 34.94 456 30.80 386 26.60 316 22.33 246 17.97 176
38.97 525 34.88 455 30.74 385 26.54 315 22.27 245 17.91 175
38.92 524 34.82 454 30.68 384 26.48 314 22.21 244 17.85 174
38.86 523 34.76 453 30.62 383 26.42 313 22.15 243 17.78 173
38.80 522 34.70 452 30.56 382 26.36 312 22.09 242 17.72 172
38.74 521 34.64 451 30.50 381 26.30 311 22.03 241 17.66 171
38.68 520 34.58 450 30.44 380 26.24 310 21.97 240 17.60 170
38.63 519 34.53 449 30.38 379 26.17 309 21.91 239 17.54 169
38.57 518 34.47 448 30.32 378 26.11 308 21.84 238 17.47 168
38.51 517 34.41 447 30.26 377 26.05 307 21.78 237 17.41 167
38.45 516 34.35 446 30.20 376 26.00 306 21.72 236 17.34 166
38.39 515 34.29 445 30.14 375 25.94 305 21.66 235 17.28 165
38.33 514 34.23 444 30.08 374 25.88 304 21.59 234 17.22 164
38.28 513 34.17 443 30.02 373 25.82 303 21.53 233 17.15 163
38.22 512 34.11 442 29.96 372 25.76 302 21.47 232 17.09 162
38.16 511 34.05 441 29.90 371 25.70 301 21.41 231 17.02 161
38.10 510 33.99 440 29.84 370 25.64 300 21.34 230 16.96 160
38.04 509 33.93 439 29.78 369 25.57 299 21.28 229 16.90 159
37.98 508 33.88 438 29.73 368 25.51 298 21.22 228 16.84 158
37.93 507 33.82 437 29.67 367 25.45 297 21.16 227 16.77 157
37.87 506 33.76 436 29.61 366 25.39 296 21.10 226 16.71 156
37.81 505 33.70 435 29.55 365 25.33 295 21.04 225 16.65 155
37.75 504 33.64 434 29.49 364 25.27 294 20.98 224 16.58 154
37.69 503 33.58 433 29.43 363 25.21 293 20.92 223 16.52 153
37.63 502 33.52 432 29.37 362 25.15 292 20.85 222 16.45 152
37.58 501 33.46 431 29.31 361 25.09 291 20.79 221 16.39 151
37.52 500 33.40 430 29.25 360 25.02 290 20.73 220 16.32 150
37.46 499 33.34 429 29.19 359 24.96 289 20.67 219 16.26 149
37.40 498 33.28 428 29.13 358 24.90 288 20.60 218 16.20 148
37.34 497 33.23 427 29.07 357 24.84 287 20.54 217 16.14 147
37.28 496 33.17 426 29.01 356 24.78 286 20.48 216 16.07 146
37.23 495 33.11 425 28.95 355 24.72 285 20.42 215 16.01 145
37.17 494 33.05 424 28.89 354 24.66 284 20.35 214 15.94 144
37.11 493 32.99 423 28.83 353 24.60 283 20.29 213 15.88 143
37.05 492 32.93 422 28.77 352 24.54 282 20.23 212 15.81 142
36.99 491 32.87 421 28.71 351 24.48 281 20.17 211 15.75 141
15.68 140 14.14 116 12.56 92 10.96 68 9.31 44 7.58 20
15.62 139 14.07 115 12.49 91 10.89 67 9.24 43 7.51 19
15.56 138 14.00 114 12.43 90 10.82 66 9.16 42 7.44 18
15.50 137 13.94 113 12.36 89 10.75 65 9.10 41 7.36 17
15.43 136 13.87 112 12.30 88 10.68 64 9.03 40 7.29 16
15.37 135 13.81 111 12.23 87 10.61 63 8.96 39 7.21 15
15.30 134 13.75 110 12.16 86 10.55 62 8.88 38 7.13 14
15.23 133 13.68 109 12.10 85 10.48 61 8.81 37 7.06 13
15.17 132 13.61 108 12.03 84 10.41 60 8.75 36 6.98 12
15.10 131 13.55 107 11.96 83 10.34 59 8.67 35 6.90 11
15.04 130 13.48 106 11.89 82 10.27 58 8.60 34 6.82 10
14.98 129 13.41 105 11.83 81 10.20 57 8.53 33 6.75 9
14.92 128 13.35 104 11.77 80 10.14 56 8.45 32 6.67 8
14.85 127 13.29 103 11.70 79 10.07 55 8.39 31 6.59 7
14.79 126 13.22 102 11.63 78 10.00 54 8.32 30 6.51 6
14.72 125 13.16 101 11.56 77 9.93 53 8.24 29 6.42 5
14.65 124 13.09 100 11.49 76 9.86 52 8.17 28 6.35 4
14.59 123 13.02 99 11.43 75 9.80 51 8.10 27 6.26 3
14.52 122 12.95 98 11.36 74 9.73 50 8.03 26 6.18 2
14.46 121 12.89 97 11.29 73 9.66 49 7.95 25 6.08 1
14.40 120 12.83 96 11.23 72 9.58 48 7.88 24
14.33 119 12.76 95 11.16 71 9.51 47 7.81 23
14.27 118 12.70 94 11.09 70 9.45 46 7.73 22
14.20 117 12.63 93 11.02 69 9.38 45 7.66 21
