83.77 1400 80.15 1330 76.52 1260 72.87 1190 69.20 1120 65.52 1050
83.72 1399 80.10 1329 76.47 1259 72.81 1189 69.14 1119 65.46 1049
83.67 1398 80.05 1328 76.41 1258 72.76 1188 69.10 1118 65.41 1048
83.62 1397 79.99 1327 76.36 1257 72.71 1187 69.04 1117 65.36 1047
83.57 1396 79.94 1326 76.30 1256 72.66 1186 68.99 1116 65.31 1046
83.51 1395 79.90 1325 76.26 1255 72.61 1185 68.94 1115 65.25 1045
83.46 1394 79.84 1324 76.21 1254 72.55 1184 68.88 1114 65.20 1044
83.41 1393 79.79 1323 76.15 1253 72.50 1183 68.84 1113 65.15 1043
83.36 1392 79.73 1322 76.10 1252 72.45 1182 68.78 1112 65.10 1042
83.31 1391 79.68 1321 76.05 1251 72.39 1181 68.73 1111 65.04 1041
83.25 1390 79.64 1320 75.99 1250 72.35 1180 68.67 1110 64.99 1040
83.20 1389 79.58 1319 75.95 1249 72.29 1179 68.62 1109 64.93 1039
83.15 1388 79.53 1318 75.89 1248 72.24 1178 68.57 1108 64.89 1038
83.10 1387 79.48 1317 75.84 1247 72.18 1177 68.52 1107 64.83 1037
83.05 1386 79.42 1316 75.79 1246 72.13 1176 68.47 1106 64.78 1036
83.00 1385 79.37 1315 75.73 1245 72.09 1175 68.41 1105 64.72 1035
82.94 1384 79.32 1314 75.69 1244 72.03 1174 68.36 1104 64.67 1034
82.89 1383 79.27 1313 75.63 1243 71.98 1173 68.31 1103 64.62 1033
82.84 1382 79.22 1312 75.58 1242 71.92 1172 68.26 1102 64.57 1032
82.79 1381 79.16 1311 75.53 1241 71.87 1171 68.20 1101 64.52 1031
82.74 1380 79.11 1310 75.47 1240 71.82 1170 68.15 1100 64.46 1030
82.69 1379 79.07 1309 75.42 1239 71.77 1169 68.09 1099 64.41 1029
82.63 1378 79.01 1308 75.37 1238 71.72 1168 68.05 1098 64.36 1028
82.58 1377 78.96 1307 75.32 1237 71.66 1167 67.99 1097 64.31 1027
82.53 1376 78.91 1306 75.27 1236 71.61 1166 67.94 1096 64.25 1026
82.48 1375 78.85 1305 75.21 1235 71.56 1165 67.89 1095 64.20 1025
82.43 1374 78.80 1304 75.16 1234 71.51 1164 67.83 1094 64.14 1024
82.38 1373 78.75 1303 75.11 1233 71.46 1163 67.78 1093 64.10 1023
82.32 1372 78.70 1302 75.06 1232 71.40 1162 67.73 1092 64.04 1022
82.27 1371 78.65 1301 75.01 1231 71.35 1161 67.68 1091 63.99 1021
82.23 1370 78.59 1300 74.95 1230 71.30 1160 67.62 1090 63.93 1020
82.17 1369 78.54 1299 74.90 1229 71.25 1159 67.57 1089 63.88 1019
82.12 1368 78.49 1298 74.85 1228 71.19 1158 67.52 1088 63.83 1018
82.07 1367 78.44 1297 74.80 1227 71.14 1157 67.47 1087 63.78 1017
82.01 1366 78.39 1296 74.75 1226 71.09 1156 67.41 1086 63.72 1016
81.96 1365 78.33 1295 74.69 1225 71.03 1155 67.36 1085 63.67 1015
81.91 1364 78.28 1294 74.64 1224 70.99 1154 67.31 1084 63.61 1014
81.86 1363 78.23 1293 74.59 1223 70.93 1153 67.26 1083 63.57 1013
81.81 1362 78.18 1292 74.54 1222 70.88 1152 67.21 1082 63.51 1012
81.75 1361 78.13 1291 74.49 1221 70.82 1151 67.15 1081 63.46 1011
81.70 1360 78.08 1290 74.43 1220 70.77 1150 67.10 1080 63.40 1010
81.66 1359 78.02 1289 74.38 1219 70.72 1149 67.04 1079 63.35 1009
81.60 1358 77.97 1288 74.32 1218 70.67 1148 66.99 1078 63.30 1008
81.55 1357 77.92 1287 74.28 1217 70.62 1147 66.94 1077 63.25 1007
81.50 1356 77.87 1286 74.23 1216 70.56 1146 66.89 1076 63.19 1006
81.44 1355 77.82 1285 74.17 1215 70.51 1145 66.83 1075 63.14 1005
81.39 1354 77.76 1284 74.12 1214 70.46 1144 66.78 1074 63.09 1004
81.35 1353 77.71 1283 74.06 1213 70.41 1143 66.73 1073 63.04 1003
81.29 1352 77.66 1282 74.02 1212 70.35 1142 66.68 1072 62.98 1002
81.24 1351 77.61 1281 73.97 1211 70.30 1141 66.63 1071 62.93 1001
81.19 1350 77.56 1280 73.91 1210 70.25 1140 66.57 1070 62.87 1000
81.13 1349 77.50 1279 73.86 1209 70.20 1139 66.52 1069 62.82 999
81.08 1348 77.45 1278 73.80 1208 70.15 1138 66.47 1068 62.77 998
81.03 1347 77.40 1277 73.75 1207 70.09 1137 66.42 1067 62.72 997
80.98 1346 77.35 1276 73.71 1206 70.04 1136 66.36 1066 62.66 996
80.93 1345 77.30 1275 73.65 1205 69.98 1135 66.31 1065 62.61 995
80.87 1344 77.24 1274 73.60 1204 69.93 1134 66.25 1064 62.56 994
80.82 1343 77.19 1273 73.54 1203 69.89 1133 66.20 1063 62.51 993
80.78 1342 77.14 1272 73.49 1202 69.83 1132 66.15 1062 62.45 992
80.72 1341 77.09 1271 73.44 1201 69.78 1131 66.10 1061 62.40 991
80.67 1340 77.04 1270 73.39 1200 69.72 1130 66.04 1060 62.34 990
80.62 1339 76.99 1269 73.34 1199 69.67 1129 65.99 1059 62.30 989
80.56 1338 76.93 1268 73.28 1198 69.62 1128 65.94 1058 62.24 988
80.51 1337 76.88 1267 73.23 1197 69.57 1127 65.89 1057 62.19 987
80.47 1336 76.83 1266 73.18 1196 69.51 1126 65.83 1056 62.13 986
80.41 1335 76.78 1265 73.13 1195 69.46 1125 65.78 1055 62.08 985
80.36 1334 76.73 1264 73.08 1194 69.41 1124 65.73 1054 62.03 984
80.30 1333 76.67 1263 73.02 1193 69.36 1123 65.68 1053 61.98 983
80.25 1332 76.62 1262 72.97 1192 69.31 1122 65.63 1052 61.92 982
80.21 1331 76.56 1261 72.92 1191 69.25 1121 65.57 1051 61.87 981
61.81 980 58.09 910 54.35 840 50.59 770 46.80 700 42.98 630
61.77 979 58.04 909 54.30 839 50.53 769 46.75 699 42.93 629
61.71 978 57.99 908 54.25 838 50.48 768 46.69 698 42.87 628
61.66 977 57.94 907 54.19 837 50.43 767 46.63 697 42.81 627
61.60 976 57.88 906 54.14 836 50.37 766 46.58 696 42.76 626
61.55 975 57.83 905 54.09 835 50.31 765 46.53 695 42.71 625
61.50 974 57.77 904 54.03 834 50.27 764 46.47 694 42.65 624
61.45 973 57.73 903 53.98 833 50.21 763 46.41 693 42.59 623
61.39 972 57.67 902 53.92 832 50.16 762 46.36 692 42.54 622
61.34 971 57.61 901 53.87 831 50.10 761 46.31 691 42.49 621
61.29 970 57.56 900 53.82 830 50.05 760 46.25 690 42.43 620
61.24 969 57.51 899 53.76 829 50.00 759 46.20 689 42.37 619
61.18 968 57.46 898 53.71 828 49.94 758 46.14 688 42.32 618
61.13 967 57.40 897 53.65 827 49.88 757 46.09 687 42.27 617
61.07 966 57.35 896 53.60 826 49.83 756 46.04 686 42.21 616
61.02 965 57.29 895 53.55 825 49.78 755 45.98 685 42.15 615
60.97 964 57.25 894 53.49 824 49.73 754 45.92 684 42.10 614
60.91 963 57.19 893 53.44 823 49.67 753 45.88 683 42.05 613
60.86 962 57.13 892 53.39 822 49.61 752 45.82 682 41.99 612
60.80 961 57.08 891 53.34 821 49.57 751 45.76 681 41.93 611
60.76 960 57.03 890 53.28 820 49.51 750 45.71 680 41.88 610
60.70 959 56.98 889 53.23 819 49.45 749 45.66 679 41.83 609
60.65 958 56.92 888 53.17 818 49.40 748 45.60 678 41.77 608
60.59 957 56.87 887 53.12 817 49.35 747 45.55 677 41.71 607
60.54 956 56.81 886 53.07 816 49.29 746 45.49 676 41.66 606
60.49 955 56.77 885 53.01 815 49.24 745 45.44 675 41.61 605
60.44 954 56.71 884 52.96 814 49.18 744 45.38 674 41.55 604
60.38 953 56.65 883 52.90 813 49.13 743 45.33 673 41.49 603
60.33 952 56.60 882 52.85 812 49.08 742 45.27 672 41.44 602
60.28 951 56.55 881 52.80 811 49.02 741 45.22 671 41.39 601
60.23 950 56.50 880 52.74 810 48.97 740 45.17 670 41.33 600
60.17 949 56.44 879 52.69 809 48.91 739 45.11 669 41.27 599
60.12 948 56.39 878 52.64 808 48.86 738 45.05 668 41.23 598
60.06 947 56.33 877 52.58 807 48.81 737 45.00 667 41.17 597
60.01 946 56.28 876 52.53 806 48.75 736 44.95 666 41.11 596
59.96 945 56.23 875 52.47 805 48.69 735 44.89 665 41.05 595
59.91 944 56.17 874 52.42 804 48.64 734 44.83 664 41.01 594
59.85 943 56.12 873 52.37 803 48.59 733 44.78 663 40.95 593
59.80 942 56.06 872 52.31 802 48.53 732 44.73 662 40.89 592
59.75 941 56.02 871 52.26 801 48.48 731 44.67 661 40.83 591
59.69 940 55.96 870 52.20 800 48.42 730 44.62 660 40.79 590
59.64 939 55.91 869 52.15 799 48.37 729 44.56 659 40.73 589
59.58 938 55.85 868 52.10 798 48.32 728 44.51 658 40.67 588
59.53 937 55.80 867 52.04 797 48.26 727 44.46 657 40.61 587
59.48 936 55.75 866 51.99 796 48.21 726 44.40 656 40.57 586
59.43 935 55.69 865 51.94 795 48.16 725 44.34 655 40.51 585
59.37 934 55.64 864 51.88 794 48.10 724 44.29 654 40.45 584
59.32 933 55.58 863 51.83 793 48.04 723 44.24 653 40.39 583
59.27 932 55.54 862 51.77 792 47.99 722 44.18 652 40.35 582
59.22 931 55.48 861 51.72 791 47.94 721 44.12 651 40.29 581
59.16 930 55.42 860 51.67 790 47.88 720 44.08 650 40.23 580
59.11 929 55.37 859 51.61 789 47.83 719 44.02 649 40.17 579
59.05 928 55.32 858 51.56 788 47.77 718 43.96 648 40.12 578
59.00 927 55.27 857 51.50 787 47.72 717 43.90 647 40.07 577
58.95 926 55.21 856 51.45 786 47.67 716 43.86 646 40.01 576
58.89 925 55.16 855 51.40 785 47.61 715 43.80 645 39.95 575
58.84 924 55.10 854 51.34 784 47.56 714 43.74 644 39.90 574
58.78 923 55.05 853 51.29 783 47.50 713 43.69 643 39.85 573
58.74 922 55.00 852 51.23 782 47.45 712 43.64 642 39.79 572
58.68 921 54.94 851 51.18 781 47.40 711 43.58 641 39.73 571
58.63 920 54.89 850 51.13 780 47.34 710 43.52 640 39.68 570
58.57 919 54.83 849 51.07 779 47.28 709 43.47 639 39.63 569
58.52 918 54.79 848 51.02 778 47.24 708 43.42 638 39.57 568
58.47 917 54.73 847 50.97 777 47.18 707 43.36 637 39.51 567
58.42 916 54.67 846 50.91 776 47.12 706 43.31 636 39.46 566
58.36 915 54.62 845 50.86 775 47.07 705 43.25 635 39.40 565
58.31 914 54.57 844 50.80 774 47.02 704 43.20 634 39.35 564
58.26 913 54.52 843 50.75 773 46.96 703 43.14 633 39.29 563
58.20 912 54.46 842 50.70 772 46.91 702 43.09 632 39.24 562
58.15 911 54.40 841 50.64 771 46.85 701 43.03 631 39.18 561
39.13 560 35.24 490 31.31 420 27.34 350 23.30 280 19.19 210
39.07 559 35.18 489 31.26 419 27.28 349 23.24 279 19.13 209
39.02 558 35.13 488 31.20 418 27.22 348 23.18 278 19.06 208
38.96 557 35.08 487 31.14 417 27.17 347 23.13 277 19.01 207
38.90 556 35.02 486 31.08 416 27.11 346 23.07 276 18.95 206
38.85 555 34.96 485 31.03 415 27.05 345 23.01 275 18.89 205
38.80 554 34.90 484 30.97 414 27.00 344 22.95 274 18.83 204
38.74 553 34.85 483 30.91 413 26.94 343 22.89 273 18.77 203
38.68 552 34.79 482 30.87 412 26.87 342 22.83 272 18.71 202
38.63 551 34.74 481 30.81 411 26.82 341 22.78 271 18.65 201
38.58 550 34.68 480 30.75 410 26.76 340 22.72 270 18.59 200
38.52 549 34.63 479 30.69 409 26.70 339 22.66 269 18.53 199
38.46 548 34.57 478 30.64 408 26.65 338 22.60 268 18.47 198
38.41 547 34.51 477 30.58 407 26.59 337 22.54 267 18.41 197
38.35 546 34.46 476 30.52 406 26.53 336 22.48 266 18.35 196
38.30 545 34.40 475 30.47 405 26.48 335 22.43 265 18.29 195
38.24 544 34.35 474 30.41 404 26.42 334 22.37 264 18.23 194
38.19 543 34.29 473 30.35 403 26.36 333 22.31 263 18.18 193
38.13 542 34.24 472 30.29 402 26.30 332 22.25 262 18.11 192
38.07 541 34.18 471 30.24 401 26.25 331 22.19 261 18.05 191
38.02 540 34.12 470 30.18 400 26.19 330 22.13 260 18.00 190
37.97 539 34.07 469 30.12 399 26.13 329 22.08 259 17.93 189
37.91 538 34.01 468 30.07 398 26.08 328 22.02 258 17.87 188
37.85 537 33.95 467 30.01 397 26.02 327 21.95 257 17.82 187
37.80 536 33.90 466 29.95 396 25.96 326 21.90 256 17.75 186
37.75 535 33.85 465 29.90 395 25.90 325 21.84 255 17.70 185
37.69 534 33.79 464 29.84 394 25.85 324 21.78 254 17.63 184
37.63 533 33.73 463 29.78 393 25.79 323 21.73 253 17.57 183
37.58 532 33.67 462 29.72 392 25.73 322 21.66 252 17.52 182
37.52 531 33.62 461 29.68 391 25.67 321 21.60 251 17.45 181
37.47 530 33.56 460 29.62 390 25.61 320 21.55 250 17.39 180
37.41 529 33.50 459 29.56 389 25.55 319 21.49 249 17.34 179
37.36 528 33.46 458 29.50 388 25.50 318 21.43 248 17.27 178
37.30 527 33.40 457 29.45 387 25.44 317 21.37 247 17.21 177
37.24 526 33.34 456 29.39 386 25.38 316 21.31 246 17.15 176
37.19 525 33.28 455 29.33 385 25.33 315 21.25 245 17.09 175
37.14 524 33.23 454 29.28 384 25.27 314 21.20 244 17.04 174
37.08 523 33.17 453 29.22 383 25.21 313 21.13 243 16.97 173
37.02 522 33.11 452 29.16 382 25.16 312 21.08 242 16.91 172
36.97 521 33.06 451 29.11 381 25.10 311 21.02 241 16.85 171
36.91 520 33.00 450 29.05 380 25.04 310 20.96 240 16.79 170
36.86 519 32.95 449 28.99 379 24.98 309 20.90 239 16.73 169
36.80 518 32.89 448 28.93 378 24.92 308 20.84 238 16.67 168
36.75 517 32.84 447 28.88 377 24.86 307 20.78 237 16.61 167
36.69 516 32.78 446 28.82 376 24.81 306 20.72 236 16.55 166
36.63 515 32.72 445 28.76 375 24.75 305 20.67 235 16.49 165
36.57 514 32.67 444 28.71 374 24.69 304 20.60 234 16.43 164
36.53 513 32.61 443 28.65 373 24.63 303 20.55 233 16.37 163
36.47 512 32.55 442 28.59 372 24.58 302 20.49 232 16.31 162
36.41 511 32.49 441 28.54 371 24.52 301 20.43 231 16.25 161
36.35 510 32.44 440 28.48 370 24.46 300 20.37 230 16.19 160
36.30 509 32.38 439 28.42 369 24.40 299 20.31 229 16.12 159
36.24 508 32.33 438 28.36 368 24.34 298 20.25 228 16.07 158
36.19 507 32.27 437 28.31 367 24.28 297 20.20 227 16.00 157
36.13 506 32.22 436 28.25 366 24.23 296 20.13 226 15.94 156
36.08 505 32.16 435 28.19 365 24.17 295 20.07 225 15.89 155
36.02 504 32.10 434 28.14 364 24.11 294 20.02 224 15.82 154
35.96 503 32.05 433 28.08 363 24.06 293 19.96 223 15.76 153
35.91 502 31.99 432 28.02 362 24.00 292 19.89 222 15.70 152
35.86 501 31.93 431 27.97 361 23.94 291 19.84 221 15.64 151
35.80 500 31.88 430 27.91 360 23.88 290 19.78 220 15.58 150
35.74 499 31.82 429 27.85 359 23.82 289 19.72 219 15.52 149
35.69 498 31.76 428 27.79 358 23.76 288 19.66 218 15.46 148
35.63 497 31.71 427 27.74 357 23.71 287 19.60 217 15.40 147
35.57 496 31.66 426 27.68 356 23.65 286 19.54 216 15.33 146
35.52 495 31.60 425 27.62 355 23.59 285 19.49 215 15.28 145
35.47 494 31.54 424 27.57 354 23.53 284 19.42 214 15.21 144
35.41 493 31.48 423 27.51 353 23.48 283 19.36 213 15.15 143
35.35 492 31.43 422 27.45 352 23.41 282 19.31 212 15.09 142
35.30 491 31.37 421 27.40 351 23.36 281 19.24 211 15.03 141
14.97 140 13.49 116 11.99 92 10.45 68 8.88 44 7.24 20
14.91 139 13.43 115 11.92 91 10.39 67 8.82 43 7.16 19
14.84 138 13.36 114 11.86 90 10.32 66 8.74 42 7.10 18
14.79 137 13.31 113 11.80 89 10.26 65 8.68 41 7.03 17
14.72 136 13.24 112 11.73 88 10.19 64 8.61 40 6.95 16
14.67 135 13.17 111 11.67 87 10.13 63 8.55 39 6.88 15
14.60 134 13.12 110 11.60 86 10.06 62 8.48 38 6.81 14
14.54 133 13.05 109 11.55 85 10.00 61 8.41 37 6.73 13
14.48 132 12.99 108 11.48 84 9.93 60 8.35 36 6.66 12
14.41 131 12.93 107 11.42 83 9.87 59 8.27 35 6.59 11
14.36 130 12.87 106 11.35 82 9.80 58 8.21 34 6.51 10
14.29 129 12.80 105 11.29 81 9.74 57 8.14 33 6.44 9
14.23 128 12.74 104 11.23 80 9.67 56 8.07 32 6.37 8
14.17 127 12.68 103 11.16 79 9.61 55 8.00 31 6.28 7
14.11 126 12.61 102 11.10 78 9.54 54 7.94 30 6.21 6
14.05 125 12.56 101 11.03 77 9.48 53 7.86 29 6.13 5
13.98 124 12.49 100 10.97 76 9.41 52 7.80 28 6.06 4
13.92 123 12.43 99 10.90 75 9.35 51 7.73 27 5.98 3
13.86 122 12.36 98 10.84 74 9.28 50 7.66 26 5.89 2
13.80 121 12.30 97 10.77 73 9.22 49 7.59 25 5.80 1
13.74 120 12.24 96 10.72 72 9.14 48 7.52 24
13.67 119 12.17 95 10.65 71 9.08 47 7.45 23
13.61 118 12.12 94 10.58 70 9.01 46 7.38 22
13.55 117 12.05 93 10.52 69 8.95 45 7.31 21
