76.87 1400 73.55 1330 70.21 1260 66.87 1190 63.50 1120 60.12 1050
76.83 1399 73.50 1329 70.17 1259 66.81 1189 63.45 1119 60.07 1049
76.78 1398 73.46 1328 70.12 1258 66.77 1188 63.41 1118 60.03 1048
76.73 1397 73.41 1327 70.07 1257 66.72 1187 63.35 1117 59.98 1047
76.69 1396 73.36 1326 70.02 1256 66.67 1186 63.31 1116 59.93 1046
76.63 1395 73.32 1325 69.98 1255 66.63 1185 63.26 1115 59.88 1045
76.59 1394 73.26 1324 69.93 1254 66.57 1184 63.21 1114 59.83 1044
76.54 1393 73.22 1323 69.88 1253 66.53 1183 63.17 1113 59.78 1043
76.49 1392 73.17 1322 69.83 1252 66.48 1182 63.11 1112 59.74 1042
76.45 1391 73.12 1321 69.79 1251 66.43 1181 63.07 1111 59.68 1041
76.40 1390 73.08 1320 69.74 1250 66.39 1180 63.02 1110 59.64 1040
76.35 1389 73.02 1319 69.69 1249 66.34 1179 62.97 1109 59.59 1039
76.31 1388 72.98 1318 69.64 1248 66.29 1178 62.92 1108 59.54 1038
76.25 1387 72.93 1317 69.59 1247 66.24 1177 62.87 1107 59.49 1037
76.21 1386 72.88 1316 69.55 1246 66.19 1176 62.83 1106 59.44 1036
76.16 1385 72.84 1315 69.50 1245 66.15 1175 62.78 1105 59.39 1035
76.11 1384 72.79 1314 69.45 1244 66.10 1174 62.73 1104 59.35 1034
76.07 1383 72.74 1313 69.40 1243 66.05 1173 62.68 1103 59.29 1033
76.02 1382 72.70 1312 69.35 1242 66.00 1172 62.64 1102 59.25 1032
75.97 1381 72.64 1311 69.31 1241 65.95 1171 62.58 1101 59.21 1031
75.92 1380 72.60 1310 69.26 1240 65.91 1170 62.54 1100 59.15 1030
75.88 1379 72.55 1309 69.21 1239 65.86 1169 62.49 1099 59.11 1029
75.83 1378 72.50 1308 69.16 1238 65.81 1168 62.44 1098 59.06 1028
75.78 1377 72.46 1307 69.12 1237 65.76 1167 62.39 1097 59.01 1027
75.74 1376 72.41 1306 69.07 1236 65.72 1166 62.34 1096 58.96 1026
75.69 1375 72.36 1305 69.02 1235 65.66 1165 62.30 1095 58.91 1025
75.64 1374 72.31 1304 68.97 1234 65.62 1164 62.25 1094 58.86 1024
75.60 1373 72.26 1303 68.92 1233 65.57 1163 62.20 1093 58.82 1023
75.54 1372 72.22 1302 68.88 1232 65.52 1162 62.15 1092 58.76 1022
75.50 1371 72.17 1301 68.83 1231 65.48 1161 62.11 1091 58.72 1021
75.45 1370 72.12 1300 68.78 1230 65.42 1160 62.05 1090 58.67 1020
75.40 1369 72.08 1299 68.73 1229 65.38 1159 62.01 1089 58.62 1019
75.36 1368 72.03 1298 68.68 1228 65.33 1158 61.96 1088 58.57 1018
75.31 1367 71.98 1297 68.64 1227 65.28 1157 61.91 1087 58.53 1017
75.26 1366 71.93 1296 68.59 1226 65.24 1156 61.86 1086 58.47 1016
75.21 1365 71.88 1295 68.54 1225 65.18 1155 61.81 1085 58.43 1015
75.16 1364 71.84 1294 68.50 1224 65.14 1154 61.77 1084 58.38 1014
75.12 1363 71.79 1293 68.44 1223 65.09 1153 61.72 1083 58.33 1013
75.07 1362 71.74 1292 68.40 1222 65.04 1152 61.67 1082 58.28 1012
75.02 1361 71.69 1291 68.35 1221 64.99 1151 61.62 1081 58.23 1011
74.98 1360 71.65 1290 68.30 1220 64.95 1150 61.57 1080 58.18 1010
74.93 1359 71.60 1289 68.26 1219 64.90 1149 61.52 1079 58.14 1009
74.88 1358 71.55 1288 68.20 1218 64.85 1148 61.48 1078 58.08 1008
74.83 1357 71.50 1287 68.16 1217 64.80 1147 61.43 1077 58.04 1007
74.79 1356 71.45 1286 68.11 1216 64.75 1146 61.38 1076 57.99 1006
74.74 1355 71.41 1285 68.06 1215 64.71 1145 61.33 1075 57.94 1005
74.69 1354 71.36 1284 68.02 1214 64.65 1144 61.28 1074 57.89 1004
74.65 1353 71.31 1283 67.96 1213 64.61 1143 61.23 1073 57.85 1003
74.59 1352 71.27 1282 67.92 1212 64.56 1142 61.19 1072 57.79 1002
74.55 1351 71.22 1281 67.87 1211 64.51 1141 61.14 1071 57.75 1001
74.50 1350 71.17 1280 67.82 1210 64.47 1140 61.09 1070 57.70 1000
74.45 1349 71.12 1279 67.78 1209 64.41 1139 61.04 1069 57.65 999
74.41 1348 71.07 1278 67.73 1208 64.37 1138 60.99 1068 57.60 998
74.35 1347 71.03 1277 67.68 1207 64.32 1137 60.95 1067 57.55 997
74.31 1346 70.98 1276 67.64 1206 64.27 1136 60.89 1066 57.50 996
74.27 1345 70.93 1275 67.58 1205 64.22 1135 60.85 1065 57.46 995
74.21 1344 70.88 1274 67.54 1204 64.18 1134 60.80 1064 57.40 994
74.17 1343 70.83 1273 67.49 1203 64.13 1133 60.75 1063 57.36 993
74.12 1342 70.79 1272 67.44 1202 64.08 1132 60.70 1062 57.31 992
74.07 1341 70.74 1271 67.39 1201 64.03 1131 60.66 1061 57.26 991
74.03 1340 70.69 1270 67.34 1200 63.98 1130 60.60 1060 57.21 990
73.98 1339 70.65 1269 67.30 1199 63.94 1129 60.56 1059 57.16 989
73.93 1338 70.60 1268 67.25 1198 63.88 1128 60.51 1058 57.11 988
73.88 1337 70.55 1267 67.20 1197 63.84 1127 60.46 1057 57.07 987
73.84 1336 70.50 1266 67.15 1196 63.79 1126 60.41 1056 57.02 986
73.79 1335 70.45 1265 67.11 1195 63.74 1125 60.36 1055 56.97 985
73.74 1334 70.41 1264 67.06 1194 63.70 1124 60.32 1054 56.92 984
73.69 1333 70.36 1263 67.01 1193 63.64 1123 60.27 1053 56.87 983
73.64 1332 70.31 1262 66.96 1192 63.60 1122 60.22 1052 56.82 982
73.60 1331 70.26 1261 66.91 1191 63.55 1121 60.17 1051 56.78 981
56.72 980 53.31 910 49.88 840 46.43 770 42.94 700 39.44 630
56.68 979 53.26 909 49.83 839 46.37 769 42.90 699 39.39 629
56.63 978 53.21 908 49.78 838 46.32 768 42.85 698 39.34 628
56.58 977 53.17 907 49.73 837 46.28 767 42.79 697 39.29 627
56.53 976 53.11 906 49.68 836 46.22 766 42.74 696 39.24 626
56.48 975 53.07 905 49.63 835 46.17 765 42.70 695 39.19 625
56.43 974 53.02 904 49.58 834 46.13 764 42.64 694 39.14 624
56.39 973 52.97 903 49.53 833 46.07 763 42.59 693 39.09 623
56.34 972 52.92 902 49.48 832 46.03 762 42.55 692 39.03 622
56.29 971 52.87 901 49.44 831 45.98 761 42.49 691 38.99 621
56.24 970 52.82 900 49.38 830 45.92 760 42.44 690 38.94 620
56.19 969 52.77 899 49.33 829 45.88 759 42.40 689 38.88 619
56.14 968 52.73 898 49.29 828 45.83 758 42.34 688 38.84 618
56.10 967 52.67 897 49.24 827 45.77 757 42.29 687 38.79 617
56.04 966 52.63 896 49.19 826 45.73 756 42.25 686 38.73 616
56.00 965 52.58 895 49.14 825 45.68 755 42.19 685 38.68 615
55.95 964 52.53 894 49.09 824 45.63 754 42.14 684 38.64 614
55.89 963 52.48 893 49.04 823 45.58 753 42.10 683 38.58 613
55.85 962 52.43 892 48.99 822 45.53 752 42.05 682 38.53 612
55.80 961 52.38 891 48.94 821 45.48 751 41.99 681 38.48 611
55.75 960 52.33 890 48.89 820 45.43 750 41.95 680 38.44 610
55.70 959 52.28 889 48.85 819 45.38 749 41.90 679 38.38 609
55.66 958 52.23 888 48.79 818 45.33 748 41.84 678 38.33 608
55.60 957 52.19 887 48.74 817 45.28 747 41.80 677 38.28 607
55.56 956 52.14 886 48.70 816 45.23 746 41.75 676 38.23 606
55.51 955 52.09 885 48.64 815 45.18 745 41.69 675 38.18 605
55.46 954 52.04 884 48.60 814 45.13 744 41.64 674 38.13 604
55.41 953 51.99 883 48.55 813 45.08 743 41.60 673 38.08 603
55.36 952 51.94 882 48.50 812 45.03 742 41.54 672 38.03 602
55.31 951 51.89 881 48.45 811 44.98 741 41.49 671 37.98 601
55.27 950 51.84 880 48.40 810 44.94 740 41.45 670 37.93 600
55.21 949 51.79 879 48.35 809 44.89 739 41.40 669 37.87 599
55.17 948 51.75 878 48.30 808 44.83 738 41.34 668 37.83 598
55.12 947 51.69 877 48.25 807 44.79 737 41.30 667 37.78 597
55.07 946 51.65 876 48.20 806 44.74 736 41.25 666 37.73 596
55.02 945 51.60 875 48.15 805 44.68 735 41.19 665 37.67 595
54.98 944 51.54 874 48.11 804 44.64 734 41.14 664 37.63 594
54.92 943 51.50 873 48.05 803 44.59 733 41.10 663 37.58 593
54.88 942 51.45 872 48.00 802 44.53 732 41.04 662 37.52 592
54.83 941 51.40 871 47.96 801 44.49 731 40.99 661 37.47 591
54.77 940 51.35 870 47.90 800 44.44 730 40.95 660 37.43 590
54.73 939 51.31 869 47.85 799 44.38 729 40.89 659 37.37 589
54.68 938 51.25 868 47.81 798 44.34 728 40.84 658 37.32 588
54.63 937 51.20 867 47.76 797 44.29 727 40.80 657 37.27 587
54.58 936 51.16 866 47.71 796 44.24 726 40.74 656 37.22 586
54.53 935 51.10 865 47.66 795 44.19 725 40.69 655 37.17 585
54.48 934 51.06 864 47.61 794 44.14 724 40.64 654 37.12 584
54.44 933 51.01 863 47.56 793 44.09 723 40.60 653 37.07 583
54.38 932 50.96 862 47.51 792 44.04 722 40.54 652 37.02 582
54.34 931 50.91 861 47.46 791 43.99 721 40.49 651 36.97 581
54.29 930 50.86 860 47.41 790 43.94 720 40.45 650 36.92 580
54.24 929 50.81 859 47.36 789 43.89 719 40.39 649 36.87 579
54.19 928 50.76 858 47.31 788 43.84 718 40.34 648 36.81 578
54.15 927 50.72 857 47.26 787 43.79 717 40.29 647 36.77 577
54.09 926 50.66 856 47.22 786 43.74 716 40.24 646 36.72 576
54.04 925 50.62 855 47.16 785 43.69 715 40.19 645 36.66 575
54.00 924 50.57 854 47.11 784 43.64 714 40.14 644 36.61 574
53.94 923 50.51 853 47.07 783 43.59 713 40.09 643 36.57 573
53.90 922 50.47 852 47.02 782 43.54 712 40.04 642 36.51 572
53.85 921 50.42 851 46.96 781 43.50 711 39.99 641 36.46 571
53.80 920 50.37 850 46.92 780 43.44 710 39.94 640 36.41 570
53.75 919 50.32 849 46.87 779 43.39 709 39.89 639 36.37 569
53.70 918 50.27 848 46.82 778 43.35 708 39.84 638 36.31 568
53.65 917 50.22 847 46.77 777 43.29 707 39.79 637 36.26 567
53.61 916 50.17 846 46.72 776 43.24 706 39.74 636 36.21 566
53.56 915 50.12 845 46.67 775 43.20 705 39.69 635 36.16 565
53.51 914 50.07 844 46.62 774 43.14 704 39.64 634 36.11 564
53.46 913 50.03 843 46.57 773 43.09 703 39.59 633 36.06 563
53.41 912 49.98 842 46.52 772 43.05 702 39.54 632 36.01 562
53.36 911 49.92 841 46.47 771 42.99 701 39.49 631 35.95 561
35.91 560 32.34 490 28.73 420 25.09 350 21.38 280 17.61 210
35.86 559 32.28 489 28.68 419 25.03 349 21.33 279 17.55 209
35.80 558 32.24 488 28.63 418 24.98 348 21.28 278 17.49 208
35.75 557 32.19 487 28.58 417 24.93 347 21.22 277 17.44 207
35.70 556 32.14 486 28.53 416 24.88 346 21.17 276 17.39 206
35.66 555 32.08 485 28.47 415 24.83 345 21.11 275 17.34 205
35.60 554 32.03 484 28.42 414 24.77 344 21.06 274 17.28 204
35.55 553 31.98 483 28.37 413 24.72 343 21.01 273 17.22 203
35.50 552 31.93 482 28.32 412 24.66 342 20.95 272 17.17 202
35.45 551 31.88 481 28.27 411 24.61 341 20.90 271 17.11 201
35.40 550 31.83 480 28.22 410 24.56 340 20.85 270 17.06 200
35.35 549 31.78 479 28.17 409 24.50 339 20.79 269 17.01 199
35.30 548 31.72 478 28.11 408 24.45 338 20.74 268 16.95 198
35.24 547 31.67 477 28.06 407 24.40 337 20.69 267 16.90 197
35.19 546 31.62 476 28.01 406 24.35 336 20.63 266 16.84 196
35.15 545 31.57 475 27.96 405 24.29 335 20.58 265 16.78 195
35.09 544 31.52 474 27.90 404 24.24 334 20.53 264 16.73 194
35.04 543 31.47 473 27.85 403 24.19 333 20.47 263 16.68 193
34.99 542 31.42 472 27.80 402 24.14 332 20.42 262 16.62 192
34.94 541 31.37 471 27.75 401 24.09 331 20.36 261 16.57 191
34.89 540 31.31 470 27.70 400 24.03 330 20.31 260 16.51 190
34.84 539 31.26 469 27.64 399 23.98 329 20.26 259 16.45 189
34.79 538 31.21 468 27.59 398 23.93 328 20.21 258 16.40 188
34.74 537 31.16 467 27.54 397 23.88 327 20.15 257 16.35 187
34.68 536 31.11 466 27.49 396 23.82 326 20.09 256 16.29 186
34.64 535 31.06 465 27.43 395 23.77 325 20.04 255 16.24 185
34.59 534 31.01 464 27.38 394 23.72 324 19.99 254 16.18 184
34.53 533 30.95 463 27.33 393 23.67 323 19.94 253 16.13 183
34.48 532 30.90 462 27.28 392 23.61 322 19.88 252 16.07 182
34.43 531 30.85 461 27.23 391 23.56 321 19.83 251 16.01 181
34.38 530 30.80 460 27.18 390 23.50 320 19.77 250 15.96 180
34.33 529 30.74 459 27.13 389 23.45 319 19.72 249 15.91 179
34.28 528 30.70 458 27.08 388 23.40 318 19.67 248 15.85 178
34.23 527 30.65 457 27.02 387 23.35 317 19.61 247 15.80 177
34.18 526 30.60 456 26.97 386 23.29 316 19.56 246 15.74 176
34.12 525 30.54 455 26.92 385 23.24 315 19.50 245 15.69 175
34.08 524 30.49 454 26.87 384 23.19 314 19.45 244 15.63 174
34.03 523 30.44 453 26.81 383 23.14 313 19.39 243 15.57 173
33.97 522 30.39 452 26.76 382 23.08 312 19.34 242 15.52 172
33.92 521 30.33 451 26.71 381 23.03 311 19.29 241 15.46 171
33.87 520 30.28 450 26.66 380 22.98 310 19.24 240 15.41 170
33.82 519 30.24 449 26.60 379 22.92 309 19.18 239 15.36 169
33.77 518 30.18 448 26.55 378 22.87 308 19.12 238 15.30 168
33.72 517 30.13 447 26.50 377 22.82 307 19.07 237 15.24 167
33.67 516 30.08 446 26.45 376 22.76 306 19.02 236 15.18 166
33.61 515 30.03 445 26.40 375 22.71 305 18.97 235 15.13 165
33.56 514 29.98 444 26.34 374 22.66 304 18.91 234 15.08 164
33.52 513 29.92 443 26.29 373 22.61 303 18.85 233 15.02 163
33.47 512 29.87 442 26.24 372 22.55 302 18.80 232 14.97 162
33.41 511 29.82 441 26.19 371 22.50 301 18.75 231 14.91 161
33.36 510 29.77 440 26.13 370 22.45 300 18.69 230 14.86 160
33.31 509 29.71 439 26.08 369 22.39 299 18.64 229 14.80 159
33.26 508 29.67 438 26.03 368 22.34 298 18.58 228 14.74 158
33.21 507 29.62 437 25.98 367 22.28 297 18.53 227 14.68 157
33.16 506 29.56 436 25.92 366 22.23 296 18.47 226 14.63 156
33.11 505 29.51 435 25.87 365 22.18 295 18.42 225 14.58 155
33.05 504 29.46 434 25.82 364 22.13 294 18.37 224 14.52 154
33.00 503 29.41 433 25.77 363 22.08 293 18.32 223 14.47 153
32.95 502 29.35 432 25.72 362 22.02 292 18.26 222 14.41 152
32.90 501 29.30 431 25.66 361 21.97 291 18.20 221 14.35 151
32.85 500 29.25 430 25.61 360 21.91 290 18.15 220 14.29 150
32.80 499 29.20 429 25.56 359 21.86 289 18.10 219 14.24 149
32.75 498 29.15 428 25.51 358 21.81 288 18.04 218 14.18 148
32.70 497 29.10 427 25.45 357 21.75 287 17.99 217 14.13 147
32.64 496 29.05 426 25.40 356 21.70 286 17.93 216 14.07 146
32.60 495 29.00 425 25.35 355 21.65 285 17.88 215 14.02 145
32.55 494 28.94 424 25.30 354 21.60 284 17.82 214 13.96 144
32.49 493 28.89 423 25.24 353 21.54 283 17.77 213 13.91 143
32.44 492 28.84 422 25.19 352 21.48 282 17.72 212 13.85 142
32.39 491 28.79 421 25.14 351 21.43 281 17.66 211 13.79 141
13.73 140 12.38 116 11.00 92 9.59 68 8.15 44 6.64 20
13.68 139 12.32 115 10.94 91 9.53 67 8.09 43 6.57 19
13.62 138 12.26 114 10.89 90 9.47 66 8.02 42 6.51 18
13.57 137 12.21 113 10.83 89 9.41 65 7.96 41 6.45 17
13.51 136 12.15 112 10.77 88 9.35 64 7.90 40 6.38 16
13.46 135 12.09 111 10.71 87 9.29 63 7.85 39 6.31 15
13.40 134 12.04 110 10.65 86 9.24 62 7.78 38 6.25 14
13.34 133 11.98 109 10.60 85 9.18 61 7.72 37 6.18 13
13.29 132 11.92 108 10.54 84 9.12 60 7.66 36 6.11 12
13.23 131 11.87 107 10.48 83 9.06 59 7.59 35 6.04 11
13.17 130 11.81 106 10.42 82 9.00 58 7.53 34 5.98 10
13.11 129 11.75 105 10.36 81 8.94 57 7.47 33 5.91 9
13.06 128 11.69 104 10.30 80 8.88 56 7.40 32 5.84 8
13.00 127 11.63 103 10.24 79 8.82 55 7.34 31 5.77 7
12.95 126 11.57 102 10.18 78 8.76 54 7.28 30 5.70 6
12.89 125 11.52 101 10.12 77 8.70 53 7.22 29 5.63 5
12.83 124 11.46 100 10.06 76 8.64 52 7.16 28 5.56 4
12.78 123 11.40 99 10.00 75 8.58 51 7.09 27 5.48 3
12.72 122 11.34 98 9.95 74 8.52 50 7.03 26 5.41 2
12.67 121 11.29 97 9.89 73 8.46 49 6.96 25 5.33 1
12.61 120 11.23 96 9.83 72 8.39 48 6.90 24
12.55 119 11.17 95 9.77 71 8.33 47 6.84 23
12.49 118 11.12 94 9.71 70 8.27 46 6.77 22
12.43 117 11.06 93 9.65 69 8.21 45 6.71 21
