72.74 1400 69.59 1330 66.44 1260 63.27 1190 60.09 1120 56.89 1050
72.70 1399 69.55 1329 66.40 1259 63.22 1189 60.04 1119 56.84 1049
72.65 1398 69.51 1328 66.35 1258 63.18 1188 60.00 1118 56.80 1048
72.61 1397 69.46 1327 66.31 1257 63.14 1187 59.95 1117 56.75 1047
72.57 1396 69.42 1326 66.26 1256 63.09 1186 59.91 1116 56.71 1046
72.52 1395 69.38 1325 66.21 1255 63.05 1185 59.86 1115 56.66 1045
72.47 1394 69.33 1324 66.17 1254 63.00 1184 59.81 1114 56.62 1044
72.43 1393 69.28 1323 66.12 1253 62.95 1183 59.77 1113 56.57 1043
72.38 1392 69.23 1322 66.08 1252 62.91 1182 59.72 1112 56.53 1042
72.34 1391 69.19 1321 66.04 1251 62.86 1181 59.68 1111 56.48 1041
72.29 1390 69.15 1320 65.99 1250 62.82 1180 59.63 1110 56.43 1040
72.25 1389 69.10 1319 65.95 1249 62.77 1179 59.59 1109 56.38 1039
72.20 1388 69.06 1318 65.90 1248 62.73 1178 59.54 1108 56.34 1038
72.15 1387 69.01 1317 65.85 1247 62.68 1177 59.50 1107 56.29 1037
72.11 1386 68.97 1316 65.81 1246 62.64 1176 59.45 1106 56.25 1036
72.07 1385 68.92 1315 65.76 1245 62.59 1175 59.40 1105 56.20 1035
72.02 1384 68.87 1314 65.72 1244 62.54 1174 59.36 1104 56.16 1034
71.98 1383 68.83 1313 65.67 1243 62.50 1173 59.31 1103 56.11 1033
71.94 1382 68.79 1312 65.63 1242 62.45 1172 59.27 1102 56.07 1032
71.89 1381 68.74 1311 65.58 1241 62.41 1171 59.22 1101 56.02 1031
71.84 1380 68.70 1310 65.54 1240 62.37 1170 59.18 1100 55.97 1030
71.80 1379 68.65 1309 65.49 1239 62.32 1169 59.13 1099 55.93 1029
71.75 1378 68.60 1308 65.44 1238 62.28 1168 59.09 1098 55.88 1028
71.71 1377 68.56 1307 65.40 1237 62.23 1167 59.04 1097 55.84 1027
71.67 1376 68.52 1306 65.36 1236 62.18 1166 58.99 1096 55.79 1026
71.62 1375 68.47 1305 65.31 1235 62.13 1165 58.95 1095 55.75 1025
71.58 1374 68.43 1304 65.27 1234 62.09 1164 58.90 1094 55.70 1024
71.53 1373 68.38 1303 65.22 1233 62.05 1163 58.86 1093 55.66 1023
71.48 1372 68.34 1302 65.17 1232 62.00 1162 58.81 1092 55.61 1022
71.44 1371 68.29 1301 65.13 1231 61.96 1161 58.77 1091 55.56 1021
71.40 1370 68.24 1300 65.08 1230 61.91 1160 58.72 1090 55.51 1020
71.35 1369 68.20 1299 65.04 1229 61.86 1159 58.68 1089 55.47 1019
71.31 1368 68.16 1298 64.99 1228 61.82 1158 58.63 1088 55.42 1018
71.26 1367 68.11 1297 64.95 1227 61.77 1157 58.58 1087 55.38 1017
71.21 1366 68.07 1296 64.91 1226 61.73 1156 58.53 1086 55.33 1016
71.17 1365 68.02 1295 64.86 1225 61.68 1155 58.49 1085 55.29 1015
71.12 1364 67.98 1294 64.81 1224 61.64 1154 58.45 1084 55.24 1014
71.08 1363 67.93 1293 64.76 1223 61.59 1153 58.40 1083 55.20 1013
71.04 1362 67.88 1292 64.72 1222 61.55 1152 58.36 1082 55.15 1012
70.99 1361 67.84 1291 64.68 1221 61.50 1151 58.31 1081 55.10 1011
70.95 1360 67.80 1290 64.63 1220 61.45 1150 58.27 1080 55.05 1010
70.90 1359 67.75 1289 64.59 1219 61.41 1149 58.22 1079 55.01 1009
70.85 1358 67.71 1288 64.54 1218 61.36 1148 58.17 1078 54.96 1008
70.81 1357 67.66 1287 64.50 1217 61.32 1147 58.12 1077 54.92 1007
70.77 1356 67.61 1286 64.45 1216 61.27 1146 58.08 1076 54.87 1006
70.72 1355 67.57 1285 64.40 1215 61.23 1145 58.03 1075 54.83 1005
70.68 1354 67.52 1284 64.36 1214 61.18 1144 57.99 1074 54.78 1004
70.63 1353 67.48 1283 64.31 1213 61.14 1143 57.94 1073 54.74 1003
70.58 1352 67.44 1282 64.27 1212 61.09 1142 57.90 1072 54.69 1002
70.54 1351 67.39 1281 64.23 1211 61.04 1141 57.86 1071 54.64 1001
70.50 1350 67.35 1280 64.18 1210 61.00 1140 57.81 1070 54.59 1000
70.45 1349 67.30 1279 64.14 1209 60.95 1139 57.76 1069 54.55 999
70.41 1348 67.25 1278 64.09 1208 60.91 1138 57.71 1068 54.50 998
70.36 1347 67.21 1277 64.04 1207 60.86 1137 57.67 1067 54.46 997
70.32 1346 67.16 1276 64.00 1206 60.82 1136 57.62 1066 54.41 996
70.27 1345 67.12 1275 63.95 1205 60.77 1135 57.58 1065 54.37 995
70.22 1344 67.07 1274 63.91 1204 60.73 1134 57.53 1064 54.32 994
70.18 1343 67.03 1273 63.86 1203 60.68 1133 57.49 1063 54.28 993
70.14 1342 66.99 1272 63.82 1202 60.63 1132 57.44 1062 54.23 992
70.09 1341 66.94 1271 63.77 1201 60.59 1131 57.40 1061 54.18 991
70.05 1340 66.89 1270 63.72 1200 60.54 1130 57.35 1060 54.14 990
70.01 1339 66.85 1269 63.68 1199 60.50 1129 57.30 1059 54.09 989
69.96 1338 66.80 1268 63.63 1198 60.45 1128 57.25 1058 54.04 988
69.91 1337 66.76 1267 63.59 1197 60.41 1127 57.21 1057 54.00 987
69.87 1336 66.71 1266 63.54 1196 60.36 1126 57.16 1056 53.95 986
69.82 1335 66.67 1265 63.50 1195 60.32 1125 57.12 1055 53.91 985
69.78 1334 66.62 1264 63.46 1194 60.27 1124 57.08 1054 53.86 984
69.73 1333 66.58 1263 63.41 1193 60.22 1123 57.03 1053 53.82 983
69.69 1332 66.53 1262 63.36 1192 60.18 1122 56.99 1052 53.77 982
69.64 1331 66.48 1261 63.31 1191 60.13 1121 56.94 1051 53.72 981
53.68 980 50.44 910 47.20 840 43.93 770 40.63 700 37.32 630
53.63 979 50.40 909 47.15 839 43.88 769 40.59 699 37.28 629
53.58 978 50.35 908 47.11 838 43.83 768 40.54 698 37.23 628
53.54 977 50.31 907 47.06 837 43.79 767 40.49 697 37.18 627
53.49 976 50.26 906 47.01 836 43.74 766 40.44 696 37.13 626
53.45 975 50.22 905 46.96 835 43.69 765 40.40 695 37.08 625
53.40 974 50.17 904 46.91 834 43.65 764 40.35 694 37.03 624
53.36 973 50.13 903 46.87 833 43.60 763 40.30 693 36.99 623
53.31 972 50.08 902 46.82 832 43.56 762 40.26 692 36.94 622
53.27 971 50.03 901 46.78 831 43.51 761 40.21 691 36.89 621
53.22 970 49.98 900 46.73 830 43.46 760 40.16 690 36.84 620
53.17 969 49.93 899 46.68 829 43.41 759 40.12 689 36.79 619
53.12 968 49.89 898 46.64 828 43.36 758 40.07 688 36.75 618
53.08 967 49.84 897 46.59 827 43.31 757 40.02 687 36.70 617
53.03 966 49.80 896 46.55 826 43.27 756 39.98 686 36.65 616
52.99 965 49.75 895 46.50 825 43.22 755 39.93 685 36.60 615
52.94 964 49.71 894 46.45 824 43.18 754 39.88 684 36.56 614
52.89 963 49.66 893 46.41 823 43.13 753 39.84 683 36.51 613
52.85 962 49.61 892 46.36 822 43.08 752 39.79 682 36.46 612
52.80 961 49.57 891 46.31 821 43.04 751 39.74 681 36.41 611
52.76 960 49.52 890 46.26 820 42.99 750 39.69 680 36.37 610
52.71 959 49.47 889 46.22 819 42.94 749 39.64 679 36.32 609
52.66 958 49.43 888 46.17 818 42.90 748 39.59 678 36.27 608
52.61 957 49.38 887 46.12 817 42.85 747 39.55 677 36.22 607
52.57 956 49.33 886 46.08 816 42.80 746 39.50 676 36.18 606
52.52 955 49.29 885 46.03 815 42.76 745 39.45 675 36.13 605
52.48 954 49.24 884 45.99 814 42.71 744 39.40 674 36.08 604
52.43 953 49.19 883 45.94 813 42.66 743 39.36 673 36.03 603
52.39 952 49.15 882 45.89 812 42.61 742 39.31 672 35.99 602
52.34 951 49.10 881 45.85 811 42.57 741 39.26 671 35.94 601
52.30 950 49.06 880 45.80 810 42.52 740 39.22 670 35.89 600
52.25 949 49.01 879 45.75 809 42.47 739 39.17 669 35.84 599
52.20 948 48.97 878 45.71 808 42.42 738 39.12 668 35.80 598
52.15 947 48.92 877 45.66 807 42.38 737 39.08 667 35.75 597
52.11 946 48.87 876 45.61 806 42.33 736 39.03 666 35.70 596
52.06 945 48.82 875 45.56 805 42.28 735 38.98 665 35.65 595
52.02 944 48.77 874 45.52 804 42.24 734 38.93 664 35.61 594
51.97 943 48.73 873 45.47 803 42.19 733 38.89 663 35.56 593
51.93 942 48.68 872 45.42 802 42.14 732 38.84 662 35.51 592
51.88 941 48.64 871 45.38 801 42.10 731 38.79 661 35.46 591
51.83 940 48.59 870 45.33 800 42.05 730 38.75 660 35.42 590
51.79 939 48.55 869 45.28 799 42.00 729 38.70 659 35.37 589
51.74 938 48.50 868 45.24 798 41.96 728 38.65 658 35.32 588
51.70 937 48.45 867 45.19 797 41.91 727 38.60 657 35.27 587
51.65 936 48.41 866 45.15 796 41.86 726 38.56 656 35.22 586
51.60 935 48.36 865 45.10 795 41.82 725 38.51 655 35.17 585
51.55 934 48.31 864 45.05 794 41.77 724 38.46 654 35.13 584
51.51 933 48.27 863 45.00 793 41.72 723 38.41 653 35.08 583
51.46 932 48.22 862 44.96 792 41.67 722 38.36 652 35.03 582
51.42 931 48.17 861 44.91 791 41.62 721 38.31 651 34.98 581
51.37 930 48.12 860 44.86 790 41.58 720 38.27 650 34.93 580
51.33 929 48.08 859 44.81 789 41.53 719 38.22 649 34.88 579
51.28 928 48.03 858 44.77 788 41.48 718 38.17 648 34.84 578
51.24 927 47.99 857 44.72 787 41.44 717 38.12 647 34.79 577
51.19 926 47.94 856 44.68 786 41.39 716 38.08 646 34.74 576
51.14 925 47.90 855 44.63 785 41.34 715 38.03 645 34.69 575
51.09 924 47.85 854 44.58 784 41.30 714 37.98 644 34.64 574
51.04 923 47.80 853 44.54 783 41.25 713 37.94 643 34.60 573
51.00 922 47.76 852 44.49 782 41.20 712 37.89 642 34.55 572
50.95 921 47.71 851 44.44 781 41.16 711 37.84 641 34.50 571
50.91 920 47.66 850 44.40 780 41.11 710 37.79 640 34.45 570
50.86 919 47.61 849 44.35 779 41.06 709 37.75 639 34.41 569
50.82 918 47.57 848 44.30 778 41.02 708 37.70 638 34.36 568
50.77 917 47.52 847 44.26 777 40.97 707 37.65 637 34.31 567
50.73 916 47.47 846 44.21 776 40.92 706 37.61 636 34.26 566
50.68 915 47.43 845 44.16 775 40.87 705 37.56 635 34.21 565
50.63 914 47.38 844 44.11 774 40.83 704 37.51 634 34.17 564
50.58 913 47.34 843 44.06 773 40.78 703 37.46 633 34.12 563
50.54 912 47.29 842 44.02 772 40.73 702 37.42 632 34.07 562
50.49 911 47.24 841 43.97 771 40.68 701 37.37 631 34.02 561
33.98 560 30.60 490 27.19 420 23.74 350 20.23 280 16.66 210
33.93 559 30.55 489 27.14 419 23.69 349 20.18 279 16.61 209
33.88 558 30.51 488 27.09 418 23.64 348 20.13 278 16.55 208
33.83 557 30.46 487 27.04 417 23.59 347 20.08 277 16.50 207
33.78 556 30.41 486 26.99 416 23.54 346 20.03 276 16.45 206
33.74 555 30.36 485 26.94 415 23.49 345 19.98 275 16.41 205
33.69 554 30.31 484 26.89 414 23.44 344 19.93 274 16.35 204
33.64 553 30.26 483 26.84 413 23.39 343 19.88 273 16.30 203
33.59 552 30.21 482 26.80 412 23.34 342 19.83 272 16.25 202
33.54 551 30.17 481 26.75 411 23.29 341 19.78 271 16.19 201
33.50 550 30.12 480 26.70 410 23.24 340 19.73 270 16.14 200
33.45 549 30.07 479 26.65 409 23.19 339 19.67 269 16.09 199
33.40 548 30.02 478 26.60 408 23.14 338 19.62 268 16.04 198
33.35 547 29.97 477 26.55 407 23.09 337 19.57 267 15.99 197
33.30 546 29.92 476 26.50 406 23.04 336 19.52 266 15.94 196
33.26 545 29.87 475 26.45 405 22.99 335 19.47 265 15.88 195
33.21 544 29.83 474 26.41 404 22.94 334 19.43 264 15.83 194
33.16 543 29.78 473 26.36 403 22.89 333 19.37 263 15.78 193
33.11 542 29.73 472 26.31 402 22.84 332 19.32 262 15.73 192
33.06 541 29.68 471 26.26 401 22.79 331 19.27 261 15.68 191
33.02 540 29.63 470 26.21 400 22.74 330 19.22 260 15.63 190
32.97 539 29.58 469 26.16 399 22.69 329 19.17 259 15.57 189
32.92 538 29.53 468 26.11 398 22.64 328 19.12 258 15.52 188
32.87 537 29.48 467 26.06 397 22.59 327 19.06 257 15.47 187
32.82 536 29.44 466 26.01 396 22.54 326 19.01 256 15.42 186
32.78 535 29.39 465 25.96 395 22.49 325 18.97 255 15.37 185
32.73 534 29.34 464 25.91 394 22.44 324 18.92 254 15.31 184
32.68 533 29.29 463 25.86 393 22.40 323 18.87 253 15.26 183
32.63 532 29.24 462 25.81 392 22.34 322 18.81 252 15.21 182
32.58 531 29.19 461 25.77 391 22.29 321 18.76 251 15.15 181
32.54 530 29.14 460 25.72 390 22.24 320 18.71 250 15.10 180
32.49 529 29.09 459 25.67 389 22.19 319 18.66 249 15.05 179
32.44 528 29.05 458 25.62 388 22.14 318 18.61 248 15.00 178
32.39 527 29.00 457 25.57 387 22.09 317 18.56 247 14.95 177
32.34 526 28.95 456 25.52 386 22.04 316 18.51 246 14.89 176
32.29 525 28.90 455 25.47 385 21.99 315 18.46 245 14.84 175
32.25 524 28.85 454 25.42 384 21.94 314 18.41 244 14.79 174
32.20 523 28.80 453 25.37 383 21.89 313 18.35 243 14.74 173
32.15 522 28.75 452 25.32 382 21.84 312 18.30 242 14.69 172
32.10 521 28.70 451 25.27 381 21.79 311 18.25 241 14.63 171
32.05 520 28.65 450 25.22 380 21.74 310 18.20 240 14.58 170
32.01 519 28.61 449 25.17 379 21.69 309 18.15 239 14.53 169
31.96 518 28.56 448 25.13 378 21.64 308 18.10 238 14.47 168
31.91 517 28.51 447 25.08 377 21.59 307 18.05 237 14.43 167
31.86 516 28.46 446 25.03 376 21.54 306 18.00 236 14.37 166
31.81 515 28.41 445 24.98 375 21.49 305 17.95 235 14.32 165
31.76 514 28.36 444 24.93 374 21.44 304 17.89 234 14.27 164
31.72 513 28.31 443 24.88 373 21.39 303 17.84 233 14.21 163
31.67 512 28.27 442 24.83 372 21.34 302 17.79 232 14.16 162
31.62 511 28.22 441 24.78 371 21.29 301 17.74 231 14.11 161
31.57 510 28.17 440 24.73 370 21.24 300 17.69 230 14.06 160
31.52 509 28.12 439 24.68 369 21.19 299 17.64 229 14.00 159
31.47 508 28.07 438 24.63 368 21.14 298 17.59 228 13.95 158
31.43 507 28.02 437 24.58 367 21.09 297 17.54 227 13.89 157
31.38 506 27.98 436 24.53 366 21.04 296 17.48 226 13.85 156
31.33 505 27.93 435 24.48 365 20.99 295 17.43 225 13.80 155
31.28 504 27.88 434 24.43 364 20.94 294 17.38 224 13.74 154
31.23 503 27.83 433 24.38 363 20.89 293 17.33 223 13.69 153
31.18 502 27.78 432 24.33 362 20.84 292 17.28 222 13.63 152
31.14 501 27.73 431 24.28 361 20.79 291 17.23 221 13.58 151
31.09 500 27.68 430 24.23 360 20.73 290 17.18 220 13.53 150
31.04 499 27.63 429 24.18 359 20.68 289 17.13 219 13.48 149
30.99 498 27.58 428 24.14 358 20.63 288 17.07 218 13.42 148
30.94 497 27.54 427 24.09 357 20.58 287 17.02 217 13.37 147
30.89 496 27.49 426 24.04 356 20.54 286 16.97 216 13.31 146
30.85 495 27.44 425 23.99 355 20.49 285 16.92 215 13.27 145
30.80 494 27.39 424 23.94 354 20.44 284 16.86 214 13.21 144
30.75 493 27.34 423 23.89 353 20.39 283 16.82 213 13.16 143
30.70 492 27.29 422 23.84 352 20.33 282 16.77 212 13.10 142
30.65 491 27.24 421 23.79 351 20.28 281 16.71 211 13.05 141
13.00 140 11.72 116 10.41 92 9.08 68 7.71 44 6.29 20
12.95 139 11.66 115 10.35 91 9.02 67 7.66 43 6.22 19
12.89 138 11.60 114 10.30 90 8.97 66 7.59 42 6.16 18
12.84 137 11.55 113 10.25 89 8.91 65 7.54 41 6.10 17
12.78 136 11.50 112 10.19 88 8.85 64 7.48 40 6.04 16
12.73 135 11.44 111 10.13 87 8.80 63 7.42 39 5.97 15
12.68 134 11.39 110 10.08 86 8.74 62 7.36 38 5.91 14
12.62 133 11.33 109 10.03 85 8.68 61 7.30 37 5.85 13
12.57 132 11.28 108 9.97 84 8.63 60 7.25 36 5.78 12
12.52 131 11.23 107 9.91 83 8.57 59 7.18 35 5.72 11
12.47 130 11.17 106 9.86 82 8.51 58 7.13 34 5.66 10
12.41 129 11.12 105 9.80 81 8.46 57 7.07 33 5.59 9
12.36 128 11.07 104 9.75 80 8.40 56 7.01 32 5.53 8
12.30 127 11.01 103 9.69 79 8.34 55 6.95 31 5.46 7
12.25 126 10.95 102 9.64 78 8.29 54 6.89 30 5.39 6
12.20 125 10.90 101 9.58 77 8.23 53 6.83 29 5.32 5
12.14 124 10.85 100 9.52 76 8.17 52 6.77 28 5.26 4
12.09 123 10.79 99 9.47 75 8.12 51 6.71 27 5.19 3
12.03 122 10.73 98 9.41 74 8.06 50 6.65 26 5.12 2
11.99 121 10.68 97 9.35 73 8.00 49 6.59 25 5.04 1
11.93 120 10.63 96 9.30 72 7.94 48 6.53 24
11.87 119 10.57 95 9.25 71 7.88 47 6.47 23
11.82 118 10.52 94 9.19 70 7.83 46 6.41 22
11.77 117 10.46 93 9.14 69 7.77 45 6.35 21
