65.85 1400 63.00 1330 60.15 1260 57.28 1190 54.40 1120 51.50 1050
65.81 1399 62.96 1329 60.11 1259 57.23 1189 54.35 1119 51.46 1049
65.77 1398 62.92 1328 60.06 1258 57.19 1188 54.31 1118 51.42 1048
65.73 1397 62.88 1327 60.02 1257 57.16 1187 54.27 1117 51.38 1047
65.69 1396 62.84 1326 59.98 1256 57.11 1186 54.23 1116 51.34 1046
65.65 1395 62.80 1325 59.94 1255 57.07 1185 54.19 1115 51.29 1045
65.61 1394 62.76 1324 59.90 1254 57.03 1184 54.15 1114 51.25 1044
65.57 1393 62.72 1323 59.86 1253 56.99 1183 54.11 1113 51.21 1043
65.52 1392 62.67 1322 59.82 1252 56.95 1182 54.06 1112 51.17 1042
65.49 1391 62.64 1321 59.78 1251 56.91 1181 54.03 1111 51.13 1041
65.44 1390 62.60 1320 59.74 1250 56.87 1180 53.98 1110 51.09 1040
65.40 1389 62.55 1319 59.70 1249 56.82 1179 53.94 1109 51.04 1039
65.36 1388 62.51 1318 59.65 1248 56.78 1178 53.90 1108 51.00 1038
65.32 1387 62.48 1317 59.61 1247 56.74 1177 53.86 1107 50.96 1037
65.28 1386 62.43 1316 59.58 1246 56.70 1176 53.82 1106 50.92 1036
65.24 1385 62.39 1315 59.53 1245 56.66 1175 53.78 1105 50.88 1035
65.20 1384 62.35 1314 59.49 1244 56.62 1174 53.74 1104 50.84 1034
65.16 1383 62.31 1313 59.45 1243 56.58 1173 53.69 1103 50.79 1033
65.12 1382 62.27 1312 59.41 1242 56.54 1172 53.65 1102 50.75 1032
65.08 1381 62.23 1311 59.37 1241 56.50 1171 53.61 1101 50.72 1031
65.04 1380 62.19 1310 59.33 1240 56.46 1170 53.57 1100 50.67 1030
65.00 1379 62.15 1309 59.29 1239 56.41 1169 53.53 1099 50.63 1029
64.95 1378 62.10 1308 59.24 1238 56.38 1168 53.49 1098 50.59 1028
64.92 1377 62.07 1307 59.20 1237 56.33 1167 53.44 1097 50.55 1027
64.88 1376 62.03 1306 59.17 1236 56.29 1166 53.40 1096 50.50 1026
64.83 1375 61.98 1305 59.12 1235 56.25 1165 53.37 1095 50.47 1025
64.79 1374 61.94 1304 59.08 1234 56.21 1164 53.32 1094 50.42 1024
64.76 1373 61.90 1303 59.04 1233 56.17 1163 53.28 1093 50.38 1023
64.71 1372 61.86 1302 59.00 1232 56.13 1162 53.24 1092 50.34 1022
64.67 1371 61.82 1301 58.96 1231 56.09 1161 53.20 1091 50.30 1021
64.63 1370 61.78 1300 58.92 1230 56.04 1160 53.15 1090 50.25 1020
64.59 1369 61.74 1299 58.88 1229 56.00 1159 53.12 1089 50.22 1019
64.55 1368 61.70 1298 58.83 1228 55.96 1158 53.07 1088 50.17 1018
64.51 1367 61.66 1297 58.80 1227 55.92 1157 53.03 1087 50.13 1017
64.47 1366 61.62 1296 58.76 1226 55.88 1156 52.99 1086 50.09 1016
64.43 1365 61.57 1295 58.71 1225 55.84 1155 52.95 1085 50.05 1015
64.38 1364 61.54 1294 58.67 1224 55.80 1154 52.91 1084 50.00 1014
64.35 1363 61.50 1293 58.63 1223 55.75 1153 52.87 1083 49.97 1013
64.31 1362 61.45 1292 58.59 1222 55.72 1152 52.83 1082 49.92 1012
64.26 1361 61.41 1291 58.55 1221 55.67 1151 52.78 1081 49.88 1011
64.22 1360 61.38 1290 58.51 1220 55.63 1150 52.75 1080 49.84 1010
64.19 1359 61.33 1289 58.47 1219 55.59 1149 52.70 1079 49.80 1009
64.14 1358 61.29 1288 58.42 1218 55.55 1148 52.66 1078 49.76 1008
64.10 1357 61.25 1287 58.39 1217 55.51 1147 52.62 1077 49.72 1007
64.06 1356 61.21 1286 58.35 1216 55.47 1146 52.58 1076 49.67 1006
64.02 1355 61.17 1285 58.30 1215 55.43 1145 52.53 1075 49.63 1005
63.98 1354 61.13 1284 58.26 1214 55.38 1144 52.50 1074 49.59 1004
63.94 1353 61.09 1283 58.22 1213 55.34 1143 52.45 1073 49.55 1003
63.90 1352 61.05 1282 58.18 1212 55.30 1142 52.41 1072 49.51 1002
63.86 1351 61.00 1281 58.14 1211 55.26 1141 52.37 1071 49.47 1001
63.82 1350 60.97 1280 58.10 1210 55.22 1140 52.33 1070 49.42 1000
63.78 1349 60.92 1279 58.06 1209 55.18 1139 52.29 1069 49.38 999
63.74 1348 60.88 1278 58.01 1208 55.14 1138 52.25 1068 49.34 998
63.69 1347 60.84 1277 57.98 1207 55.09 1137 52.21 1067 49.30 997
63.65 1346 60.80 1276 57.94 1206 55.06 1136 52.16 1066 49.26 996
63.62 1345 60.76 1275 57.89 1205 55.01 1135 52.12 1065 49.22 995
63.57 1344 60.72 1274 57.85 1204 54.97 1134 52.08 1064 49.17 994
63.53 1343 60.68 1273 57.81 1203 54.93 1133 52.04 1063 49.13 993
63.49 1342 60.64 1272 57.77 1202 54.89 1132 52.00 1062 49.09 992
63.45 1341 60.59 1271 57.73 1201 54.85 1131 51.96 1061 49.05 991
63.41 1340 60.56 1270 57.69 1200 54.81 1130 51.91 1060 49.01 990
63.37 1339 60.52 1269 57.65 1199 54.77 1129 51.87 1059 48.97 989
63.33 1338 60.47 1268 57.60 1198 54.72 1128 51.83 1058 48.92 988
63.29 1337 60.43 1267 57.57 1197 54.68 1127 51.79 1057 48.88 987
63.25 1336 60.39 1266 57.52 1196 54.64 1126 51.75 1056 48.84 986
63.21 1335 60.35 1265 57.48 1195 54.60 1125 51.71 1055 48.80 985
63.17 1334 60.31 1264 57.44 1194 54.56 1124 51.67 1054 48.76 984
63.12 1333 60.27 1263 57.40 1193 54.52 1123 51.62 1053 48.72 983
63.08 1332 60.23 1262 57.36 1192 54.48 1122 51.59 1052 48.67 982
63.05 1331 60.18 1261 57.32 1191 54.44 1121 51.54 1051 48.63 981
48.59 980 45.66 910 42.73 840 39.77 770 36.78 700 33.78 630
48.55 979 45.63 909 42.68 839 39.72 769 36.75 699 33.74 629
48.51 978 45.58 908 42.64 838 39.68 768 36.70 698 33.70 628
48.47 977 45.54 907 42.60 837 39.64 767 36.66 697 33.65 627
48.42 976 45.50 906 42.56 836 39.60 766 36.61 696 33.61 626
48.39 975 45.46 905 42.51 835 39.55 765 36.57 695 33.57 625
48.34 974 45.41 904 42.47 834 39.51 764 36.53 694 33.53 624
48.30 973 45.38 903 42.43 833 39.47 763 36.48 693 33.48 623
48.26 972 45.33 902 42.39 832 39.43 762 36.45 692 33.44 622
48.22 971 45.29 901 42.35 831 39.38 761 36.40 691 33.40 621
48.17 970 45.25 900 42.30 830 39.34 760 36.36 690 33.35 620
48.14 969 45.20 899 42.26 829 39.30 759 36.32 689 33.31 619
48.09 968 45.17 898 42.22 828 39.26 758 36.27 688 33.27 618
48.05 967 45.12 897 42.18 827 39.21 757 36.23 687 33.23 617
48.01 966 45.08 896 42.14 826 39.17 756 36.19 686 33.18 616
47.97 965 45.04 895 42.09 825 39.13 755 36.14 685 33.14 615
47.92 964 45.00 894 42.05 824 39.09 754 36.10 684 33.10 614
47.88 963 44.95 893 42.01 823 39.04 753 36.06 683 33.05 613
47.84 962 44.91 892 41.96 822 39.00 752 36.02 682 33.01 612
47.80 961 44.87 891 41.93 821 38.96 751 35.97 681 32.96 611
47.76 960 44.83 890 41.88 820 38.92 750 35.93 680 32.92 610
47.71 959 44.79 889 41.84 819 38.87 749 35.89 679 32.88 609
47.67 958 44.74 888 41.80 818 38.83 748 35.84 678 32.83 608
47.63 957 44.70 887 41.75 817 38.79 747 35.81 677 32.79 607
47.59 956 44.66 886 41.71 816 38.74 746 35.76 676 32.75 606
47.55 955 44.62 885 41.67 815 38.71 745 35.72 675 32.71 605
47.51 954 44.58 884 41.63 814 38.66 744 35.67 674 32.66 604
47.46 953 44.53 883 41.59 813 38.62 743 35.63 673 32.62 603
47.42 952 44.49 882 41.54 812 38.58 742 35.59 672 32.58 602
47.38 951 44.45 881 41.50 811 38.53 741 35.54 671 32.53 601
47.34 950 44.41 880 41.46 810 38.49 740 35.50 670 32.49 600
47.30 949 44.36 879 41.42 809 38.45 739 35.46 669 32.44 599
47.26 948 44.33 878 41.38 808 38.40 738 35.41 668 32.41 598
47.21 947 44.28 877 41.33 807 38.37 737 35.38 667 32.36 597
47.18 946 44.24 876 41.29 806 38.32 736 35.33 666 32.32 596
47.13 945 44.20 875 41.25 805 38.28 735 35.29 665 32.27 595
47.09 944 44.15 874 41.21 804 38.24 734 35.24 664 32.23 594
47.05 943 44.12 873 41.16 803 38.19 733 35.20 663 32.19 593
47.01 942 44.07 872 41.12 802 38.15 732 35.16 662 32.14 592
46.96 941 44.03 871 41.08 801 38.11 731 35.11 661 32.10 591
46.92 940 43.99 870 41.04 800 38.07 730 35.08 660 32.06 590
46.88 939 43.95 869 40.99 799 38.02 729 35.03 659 32.02 589
46.84 938 43.90 868 40.95 798 37.98 728 34.99 658 31.97 588
46.80 937 43.86 867 40.91 797 37.94 727 34.95 657 31.93 587
46.75 936 43.82 866 40.87 796 37.89 726 34.90 656 31.89 586
46.71 935 43.78 865 40.82 795 37.85 725 34.86 655 31.84 585
46.67 934 43.74 864 40.78 794 37.81 724 34.81 654 31.80 584
46.63 933 43.69 863 40.74 793 37.76 723 34.77 653 31.75 583
46.59 932 43.65 862 40.70 792 37.73 722 34.73 652 31.71 582
46.55 931 43.61 861 40.66 791 37.68 721 34.68 651 31.67 581
46.50 930 43.56 860 40.61 790 37.64 720 34.65 650 31.62 580
46.46 929 43.53 859 40.57 789 37.60 719 34.60 649 31.58 579
46.42 928 43.48 858 40.53 788 37.55 718 34.56 648 31.54 578
46.38 927 43.44 857 40.49 787 37.51 717 34.51 647 31.50 577
46.34 926 43.40 856 40.45 786 37.47 716 34.47 646 31.45 576
46.29 925 43.36 855 40.40 785 37.42 715 34.43 645 31.41 575
46.25 924 43.31 854 40.36 784 37.39 714 34.38 644 31.36 574
46.21 923 43.27 853 40.32 783 37.34 713 34.35 643 31.32 573
46.17 922 43.23 852 40.27 782 37.30 712 34.30 642 31.28 572
46.13 921 43.19 851 40.23 781 37.26 711 34.26 641 31.23 571
46.09 920 43.15 850 40.19 780 37.21 710 34.21 640 31.19 570
46.04 919 43.10 849 40.15 779 37.17 709 34.17 639 31.15 569
46.00 918 43.07 848 40.11 778 37.13 708 34.13 638 31.11 568
45.96 917 43.02 847 40.06 777 37.09 707 34.08 637 31.06 567
45.92 916 42.98 846 40.02 776 37.04 706 34.04 636 31.02 566
45.88 915 42.94 845 39.98 775 37.00 705 34.00 635 30.97 565
45.84 914 42.89 844 39.93 774 36.96 704 33.96 634 30.93 564
45.79 913 42.85 843 39.89 773 36.91 703 33.91 633 30.89 563
45.75 912 42.81 842 39.85 772 36.87 702 33.87 632 30.84 562
45.71 911 42.76 841 39.81 771 36.83 701 33.83 631 30.80 561
30.76 560 27.70 490 24.61 420 21.49 350 18.31 280 15.08 210
30.72 559 27.66 489 24.57 419 21.45 349 18.27 279 15.04 209
30.67 558 27.62 488 24.52 418 21.40 348 18.23 278 14.99 208
30.63 557 27.57 487 24.48 417 21.36 347 18.18 277 14.94 207
30.58 556 27.53 486 24.44 416 21.31 346 18.14 276 14.90 206
30.54 555 27.48 485 24.39 415 21.27 345 18.08 275 14.85 205
30.50 554 27.44 484 24.35 414 21.22 344 18.04 274 14.80 204
30.45 553 27.39 483 24.30 413 21.18 343 17.99 273 14.76 203
30.41 552 27.35 482 24.26 412 21.13 342 17.95 272 14.71 202
30.36 551 27.31 481 24.22 411 21.08 341 17.91 271 14.66 201
30.33 550 27.26 480 24.17 410 21.04 340 17.86 270 14.61 200
30.28 549 27.22 479 24.13 409 20.99 339 17.81 269 14.57 199
30.24 548 27.18 478 24.08 408 20.95 338 17.76 268 14.52 198
30.19 547 27.13 477 24.04 407 20.90 337 17.72 267 14.47 197
30.15 546 27.09 476 23.99 406 20.86 336 17.67 266 14.43 196
30.11 545 27.04 475 23.95 405 20.81 335 17.63 265 14.38 195
30.06 544 27.00 474 23.90 404 20.77 334 17.59 264 14.33 194
30.02 543 26.96 473 23.86 403 20.72 333 17.53 263 14.29 193
29.97 542 26.91 472 23.81 402 20.68 332 17.49 262 14.24 192
29.93 541 26.87 471 23.77 401 20.63 331 17.44 261 14.19 191
29.89 540 26.82 470 23.72 400 20.59 330 17.40 260 14.15 190
29.84 539 26.78 469 23.68 399 20.54 329 17.35 259 14.10 189
29.80 538 26.73 468 23.63 398 20.50 328 17.31 258 14.05 188
29.76 537 26.69 467 23.59 397 20.45 327 17.26 257 14.01 187
29.71 536 26.65 466 23.55 396 20.41 326 17.21 256 13.96 186
29.67 535 26.61 465 23.50 395 20.36 325 17.17 255 13.91 185
29.63 534 26.56 464 23.46 394 20.32 324 17.12 254 13.86 184
29.58 533 26.52 463 23.41 393 20.27 323 17.08 253 13.81 183
29.54 532 26.47 462 23.37 392 20.22 322 17.03 252 13.77 182
29.49 531 26.43 461 23.33 391 20.18 321 16.98 251 13.72 181
29.45 530 26.38 460 23.28 390 20.13 320 16.94 250 13.67 180
29.41 529 26.34 459 23.24 389 20.09 319 16.89 249 13.63 179
29.36 528 26.30 458 23.19 388 20.04 318 16.85 248 13.58 178
29.32 527 26.25 457 23.15 387 20.00 317 16.80 247 13.53 177
29.28 526 26.21 456 23.10 386 19.95 316 16.75 246 13.48 176
29.23 525 26.16 455 23.06 385 19.91 315 16.71 245 13.44 175
29.19 524 26.12 454 23.01 384 19.86 314 16.66 244 13.39 174
29.15 523 26.07 453 22.97 383 19.82 313 16.61 243 13.34 173
29.10 522 26.03 452 22.92 382 19.77 312 16.57 242 13.30 172
29.06 521 25.98 451 22.88 381 19.73 311 16.52 241 13.24 171
29.01 520 25.94 450 22.83 380 19.68 310 16.48 240 13.20 170
28.97 519 25.90 449 22.79 379 19.63 309 16.43 239 13.15 169
28.93 518 25.86 448 22.75 378 19.59 308 16.38 238 13.10 168
28.88 517 25.81 447 22.70 377 19.54 307 16.34 237 13.06 167
28.84 516 25.77 446 22.66 376 19.50 306 16.29 236 13.01 166
28.80 515 25.72 445 22.61 375 19.45 305 16.25 235 12.96 165
28.75 514 25.68 444 22.57 374 19.41 304 16.20 234 12.92 164
28.71 513 25.63 443 22.52 373 19.36 303 16.15 233 12.87 163
28.67 512 25.59 442 22.48 372 19.32 302 16.11 232 12.82 162
28.62 511 25.54 441 22.43 371 19.28 301 16.06 231 12.77 161
28.58 510 25.50 440 22.39 370 19.23 300 16.01 230 12.73 160
28.53 509 25.45 439 22.34 369 19.18 299 15.97 229 12.67 159
28.49 508 25.41 438 22.30 368 19.13 298 15.92 228 12.63 158
28.45 507 25.37 437 22.25 367 19.09 297 15.88 227 12.58 157
28.40 506 25.33 436 22.21 366 19.04 296 15.82 226 12.53 156
28.36 505 25.28 435 22.16 365 19.00 295 15.78 225 12.49 155
28.31 504 25.24 434 22.12 364 18.96 294 15.73 224 12.44 154
28.27 503 25.19 433 22.07 363 18.91 293 15.69 223 12.39 153
28.23 502 25.15 432 22.03 362 18.87 292 15.64 222 12.34 152
28.19 501 25.10 431 21.98 361 18.82 291 15.59 221 12.30 151
28.14 500 25.06 430 21.94 360 18.77 290 15.55 220 12.25 150
28.10 499 25.01 429 21.89 359 18.72 289 15.50 219 12.20 149
28.05 498 24.97 428 21.85 358 18.68 288 15.45 218 12.15 148
28.01 497 24.93 427 21.80 357 18.63 287 15.41 217 12.10 147
27.96 496 24.88 426 21.76 356 18.59 286 15.36 216 12.05 146
27.92 495 24.84 425 21.71 355 18.55 285 15.32 215 12.01 145
27.88 494 24.79 424 21.67 354 18.50 284 15.27 214 11.96 144
27.83 493 24.75 423 21.62 353 18.46 283 15.22 213 11.91 143
27.79 492 24.70 422 21.58 352 18.40 282 15.18 212 11.86 142
27.75 491 24.66 421 21.54 351 18.36 281 15.13 211 11.82 141
11.77 140 10.61 116 9.42 92 8.22 68 6.98 44 5.69 20
11.72 139 10.56 115 9.37 91 8.17 67 6.93 43 5.63 19
11.67 138 10.50 114 9.33 90 8.12 66 6.87 42 5.58 18
11.62 137 10.46 113 9.28 89 8.07 65 6.82 41 5.52 17
11.57 136 10.41 112 9.22 88 8.01 64 6.77 40 5.47 16
11.53 135 10.36 111 9.17 87 7.96 63 6.72 39 5.41 15
11.48 134 10.31 110 9.12 86 7.91 62 6.66 38 5.35 14
11.43 133 10.26 109 9.08 85 7.86 61 6.61 37 5.29 13
11.38 132 10.21 108 9.03 84 7.81 60 6.56 36 5.24 12
11.33 131 10.17 107 8.97 83 7.76 59 6.50 35 5.18 11
11.29 130 10.11 106 8.92 82 7.71 58 6.45 34 5.12 10
11.23 129 10.06 105 8.87 81 7.66 57 6.40 33 5.06 9
11.19 128 10.02 104 8.83 80 7.60 56 6.34 32 5.00 8
11.14 127 9.97 103 8.78 79 7.55 55 6.29 31 4.94 7
11.09 126 9.92 102 8.72 78 7.50 54 6.24 30 4.88 6
11.04 125 9.87 101 8.67 77 7.45 53 6.18 29 4.82 5
10.99 124 9.82 100 8.62 76 7.40 52 6.13 28 4.76 4
10.95 123 9.77 99 8.57 75 7.35 51 6.07 27 4.70 3
10.89 122 9.72 98 8.52 74 7.30 50 6.02 26 4.63 2
10.85 121 9.67 97 8.47 73 7.25 49 5.97 25 4.56 1
10.80 120 9.62 96 8.42 72 7.19 48 5.91 24
10.75 119 9.57 95 8.37 71 7.14 47 5.86 23
10.70 118 9.52 94 8.32 70 7.09 46 5.80 22
10.65 117 9.47 93 8.27 69 7.03 45 5.75 21
