61.22 1400 58.57 1330 55.92 1260 53.25 1190 50.57 1120 47.88 1050
61.19 1399 58.54 1329 55.88 1259 53.21 1189 50.53 1119 47.84 1049
61.14 1398 58.50 1328 55.84 1258 53.17 1188 50.50 1118 47.81 1048
61.11 1397 58.46 1327 55.81 1257 53.14 1187 50.45 1117 47.76 1047
61.07 1396 58.42 1326 55.76 1256 53.10 1186 50.42 1116 47.73 1046
61.03 1395 58.39 1325 55.73 1255 53.06 1185 50.38 1115 47.69 1045
61.00 1394 58.35 1324 55.69 1254 53.02 1184 50.34 1114 47.65 1044
60.96 1393 58.31 1323 55.65 1253 52.98 1183 50.31 1113 47.61 1043
60.92 1392 58.27 1322 55.61 1252 52.95 1182 50.26 1112 47.57 1042
60.88 1391 58.23 1321 55.58 1251 52.91 1181 50.23 1111 47.53 1041
60.84 1390 58.20 1320 55.54 1250 52.87 1180 50.19 1110 47.50 1040
60.80 1389 58.16 1319 55.50 1249 52.83 1179 50.15 1109 47.45 1039
60.77 1388 58.12 1318 55.46 1248 52.79 1178 50.11 1108 47.42 1038
60.73 1387 58.08 1317 55.42 1247 52.75 1177 50.07 1107 47.38 1037
60.69 1386 58.04 1316 55.39 1246 52.72 1176 50.04 1106 47.34 1036
60.66 1385 58.01 1315 55.35 1245 52.68 1175 50.00 1105 47.30 1035
60.61 1384 57.97 1314 55.31 1244 52.64 1174 49.96 1104 47.26 1034
60.58 1383 57.93 1313 55.27 1243 52.60 1173 49.92 1103 47.22 1033
60.54 1382 57.89 1312 55.23 1242 52.56 1172 49.88 1102 47.19 1032
60.50 1381 57.85 1311 55.20 1241 52.53 1171 49.84 1101 47.15 1031
60.47 1380 57.82 1310 55.16 1240 52.49 1170 49.81 1100 47.11 1030
60.43 1379 57.78 1309 55.12 1239 52.45 1169 49.76 1099 47.07 1029
60.39 1378 57.74 1308 55.08 1238 52.41 1168 49.73 1098 47.03 1028
60.35 1377 57.70 1307 55.04 1237 52.37 1167 49.69 1097 47.00 1027
60.32 1376 57.67 1306 55.01 1236 52.34 1166 49.65 1096 46.95 1026
60.28 1375 57.63 1305 54.97 1235 52.29 1165 49.62 1095 46.92 1025
60.24 1374 57.59 1304 54.93 1234 52.26 1164 49.57 1094 46.88 1024
60.20 1373 57.55 1303 54.89 1233 52.22 1163 49.54 1093 46.84 1023
60.16 1372 57.51 1302 54.85 1232 52.18 1162 49.50 1092 46.80 1022
60.13 1371 57.48 1301 54.82 1231 52.14 1161 49.46 1091 46.76 1021
60.09 1370 57.44 1300 54.78 1230 52.10 1160 49.42 1090 46.72 1020
60.05 1369 57.40 1299 54.74 1229 52.07 1159 49.38 1089 46.69 1019
60.01 1368 57.36 1298 54.70 1228 52.03 1158 49.34 1088 46.65 1018
59.98 1367 57.32 1297 54.66 1227 51.99 1157 49.31 1087 46.61 1017
59.94 1366 57.29 1296 54.63 1226 51.95 1156 49.26 1086 46.57 1016
59.90 1365 57.25 1295 54.59 1225 51.91 1155 49.23 1085 46.53 1015
59.86 1364 57.21 1294 54.55 1224 51.88 1154 49.19 1084 46.49 1014
59.82 1363 57.17 1293 54.51 1223 51.84 1153 49.15 1083 46.45 1013
59.79 1362 57.13 1292 54.47 1222 51.80 1152 49.12 1082 46.41 1012
59.75 1361 57.10 1291 54.44 1221 51.76 1151 49.07 1081 46.38 1011
59.71 1360 57.06 1290 54.39 1220 51.72 1150 49.04 1080 46.34 1010
59.67 1359 57.02 1289 54.36 1219 51.69 1149 49.00 1079 46.30 1009
59.63 1358 56.98 1288 54.32 1218 51.64 1148 48.96 1078 46.26 1008
59.60 1357 56.94 1287 54.28 1217 51.61 1147 48.92 1077 46.22 1007
59.56 1356 56.91 1286 54.25 1216 51.57 1146 48.88 1076 46.18 1006
59.52 1355 56.87 1285 54.20 1215 51.53 1145 48.84 1075 46.15 1005
59.48 1354 56.83 1284 54.17 1214 51.49 1144 48.81 1074 46.10 1004
59.45 1353 56.79 1283 54.13 1213 51.45 1143 48.76 1073 46.07 1003
59.41 1352 56.76 1282 54.09 1212 51.41 1142 48.73 1072 46.03 1002
59.37 1351 56.72 1281 54.06 1211 51.38 1141 48.69 1071 45.99 1001
59.33 1350 56.68 1280 54.01 1210 51.34 1140 48.65 1070 45.95 1000
59.29 1349 56.64 1279 53.98 1209 51.30 1139 48.62 1069 45.91 999
59.26 1348 56.60 1278 53.94 1208 51.26 1138 48.57 1068 45.87 998
59.22 1347 56.57 1277 53.90 1207 51.22 1137 48.54 1067 45.84 997
59.18 1346 56.53 1276 53.86 1206 51.19 1136 48.50 1066 45.79 996
59.14 1345 56.49 1275 53.82 1205 51.14 1135 48.46 1065 45.76 995
59.10 1344 56.45 1274 53.79 1204 51.11 1134 48.42 1064 45.72 994
59.07 1343 56.41 1273 53.75 1203 51.07 1133 48.38 1063 45.68 993
59.03 1342 56.38 1272 53.71 1202 51.03 1132 48.34 1062 45.64 992
58.99 1341 56.33 1271 53.67 1201 51.00 1131 48.31 1061 45.60 991
58.95 1340 56.30 1270 53.63 1200 50.95 1130 48.26 1060 45.56 990
58.92 1339 56.26 1269 53.60 1199 50.92 1129 48.23 1059 45.53 989
58.88 1338 56.22 1268 53.56 1198 50.88 1128 48.19 1058 45.48 988
58.84 1337 56.19 1267 53.52 1197 50.84 1127 48.15 1057 45.45 987
58.81 1336 56.14 1266 53.48 1196 50.80 1126 48.11 1056 45.41 986
58.76 1335 56.11 1265 53.44 1195 50.76 1125 48.07 1055 45.37 985
58.73 1334 56.07 1264 53.41 1194 50.73 1124 48.04 1054 45.33 984
58.69 1333 56.03 1263 53.36 1193 50.69 1123 48.00 1053 45.29 983
58.65 1332 56.00 1262 53.33 1192 50.65 1122 47.96 1052 45.25 982
58.61 1331 55.95 1261 53.29 1191 50.61 1121 47.92 1051 45.22 981
45.17 980 42.45 910 39.72 840 36.97 770 34.20 700 31.41 630
45.14 979 42.42 909 39.68 839 36.93 769 34.16 699 31.37 629
45.10 978 42.38 908 39.65 838 36.89 768 34.12 698 31.33 628
45.06 977 42.34 907 39.60 837 36.85 767 34.08 697 31.29 627
45.02 976 42.30 906 39.57 836 36.81 766 34.04 696 31.25 626
44.98 975 42.26 905 39.53 835 36.77 765 34.00 695 31.21 625
44.94 974 42.22 904 39.48 834 36.73 764 33.96 694 31.17 624
44.91 973 42.19 903 39.45 833 36.69 763 33.92 693 31.13 623
44.87 972 42.15 902 39.41 832 36.66 762 33.88 692 31.09 622
44.83 971 42.10 901 39.37 831 36.62 761 33.84 691 31.05 621
44.79 970 42.07 900 39.33 830 36.57 760 33.80 690 31.01 620
44.75 969 42.03 899 39.29 829 36.54 759 33.76 689 30.97 619
44.71 968 41.99 898 39.25 828 36.50 758 33.72 688 30.93 618
44.67 967 41.95 897 39.21 827 36.46 757 33.68 687 30.89 617
44.63 966 41.91 896 39.18 826 36.42 756 33.65 686 30.85 616
44.60 965 41.87 895 39.13 825 36.38 755 33.60 685 30.81 615
44.56 964 41.84 894 39.09 824 36.34 754 33.56 684 30.77 614
44.51 963 41.79 893 39.06 823 36.30 753 33.53 683 30.73 613
44.48 962 41.75 892 39.01 822 36.26 752 33.49 682 30.69 612
44.44 961 41.72 891 38.98 821 36.22 751 33.44 681 30.65 611
44.40 960 41.68 890 38.94 820 36.18 750 33.41 680 30.61 610
44.36 959 41.64 889 38.90 819 36.14 749 33.37 679 30.57 609
44.32 958 41.60 888 38.86 818 36.10 748 33.32 678 30.53 608
44.28 957 41.56 887 38.82 817 36.06 747 33.29 677 30.49 607
44.25 956 41.52 886 38.78 816 36.02 746 33.25 676 30.45 606
44.20 955 41.48 885 38.74 815 35.99 745 33.21 675 30.41 605
44.17 954 41.44 884 38.71 814 35.94 744 33.16 674 30.37 604
44.13 953 41.40 883 38.66 813 35.90 743 33.13 673 30.32 603
44.09 952 41.37 882 38.62 812 35.87 742 33.09 672 30.29 602
44.05 951 41.32 881 38.59 811 35.82 741 33.04 671 30.25 601
44.01 950 41.29 880 38.54 810 35.79 740 33.01 670 30.21 600
43.97 949 41.25 879 38.51 809 35.75 739 32.97 669 30.16 599
43.94 948 41.21 878 38.47 808 35.71 738 32.93 668 30.13 598
43.90 947 41.17 877 38.43 807 35.67 737 32.89 667 30.09 597
43.86 946 41.13 876 38.39 806 35.63 736 32.85 666 30.04 596
43.82 945 41.09 875 38.35 805 35.59 735 32.81 665 30.00 595
43.78 944 41.05 874 38.31 804 35.55 734 32.76 664 29.97 594
43.74 943 41.01 873 38.27 803 35.51 733 32.73 663 29.93 593
43.70 942 40.97 872 38.23 802 35.47 732 32.69 662 29.88 592
43.66 941 40.94 871 38.19 801 35.43 731 32.65 661 29.84 591
43.62 940 40.90 870 38.15 800 35.39 730 32.61 660 29.81 590
43.59 939 40.86 869 38.11 799 35.35 729 32.57 659 29.77 589
43.54 938 40.82 868 38.07 798 35.31 728 32.53 658 29.72 588
43.51 937 40.78 867 38.03 797 35.27 727 32.49 657 29.68 587
43.47 936 40.74 866 38.00 796 35.23 726 32.45 656 29.65 586
43.43 935 40.70 865 37.96 795 35.19 725 32.41 655 29.60 585
43.39 934 40.66 864 37.91 794 35.15 724 32.37 654 29.56 584
43.35 933 40.62 863 37.88 793 35.11 723 32.33 653 29.52 583
43.31 932 40.59 862 37.84 792 35.07 722 32.29 652 29.49 582
43.28 931 40.54 861 37.80 791 35.03 721 32.25 651 29.44 581
43.23 930 40.50 860 37.76 790 34.99 720 32.21 650 29.40 580
43.20 929 40.47 859 37.72 789 34.96 719 32.17 649 29.36 579
43.16 928 40.43 858 37.68 788 34.91 718 32.13 648 29.32 578
43.12 927 40.39 857 37.64 787 34.88 717 32.09 647 29.28 577
43.08 926 40.35 856 37.60 786 34.84 716 32.05 646 29.24 576
43.04 925 40.31 855 37.56 785 34.79 715 32.01 645 29.20 575
43.00 924 40.27 854 37.52 784 34.76 714 31.97 644 29.16 574
42.96 923 40.23 853 37.48 783 34.72 713 31.93 643 29.12 573
42.93 922 40.19 852 37.44 782 34.68 712 31.89 642 29.08 572
42.88 921 40.15 851 37.40 781 34.64 711 31.85 641 29.04 571
42.85 920 40.12 850 37.37 780 34.60 710 31.81 640 29.00 570
42.81 919 40.07 849 37.32 779 34.56 709 31.77 639 28.96 569
42.77 918 40.04 848 37.29 778 34.52 708 31.73 638 28.92 568
42.73 917 40.00 847 37.25 777 34.48 707 31.69 637 28.88 567
42.69 916 39.96 846 37.21 776 34.44 706 31.65 636 28.84 566
42.65 915 39.92 845 37.17 775 34.40 705 31.61 635 28.79 565
42.62 914 39.88 844 37.13 774 34.36 704 31.57 634 28.76 564
42.57 913 39.84 843 37.09 773 34.32 703 31.53 633 28.72 563
42.53 912 39.80 842 37.05 772 34.28 702 31.49 632 28.68 562
42.50 911 39.76 841 37.01 771 34.24 701 31.45 631 28.63 561
28.60 560 25.75 490 22.88 420 19.98 350 17.03 280 14.02 210
28.56 559 25.71 489 22.84 419 19.94 349 16.99 279 13.98 209
28.52 558 25.68 488 22.80 418 19.90 348 16.94 278 13.93 208
28.47 557 25.63 487 22.76 417 19.86 347 16.90 277 13.89 207
28.43 556 25.59 486 22.72 416 19.81 346 16.86 276 13.85 206
28.40 555 25.55 485 22.68 415 19.77 345 16.81 275 13.81 205
28.35 554 25.51 484 22.63 414 19.73 344 16.77 274 13.76 204
28.31 553 25.47 483 22.59 413 19.69 343 16.73 273 13.72 203
28.27 552 25.43 482 22.56 412 19.64 342 16.69 272 13.68 202
28.23 551 25.39 481 22.52 411 19.60 341 16.65 271 13.63 201
28.19 550 25.35 480 22.47 410 19.56 340 16.61 270 13.59 200
28.15 549 25.31 479 22.43 409 19.52 339 16.56 269 13.55 199
28.11 548 25.27 478 22.39 408 19.47 338 16.52 268 13.50 198
28.07 547 25.22 477 22.35 407 19.43 337 16.47 267 13.46 197
28.03 546 25.18 476 22.31 406 19.39 336 16.43 266 13.41 196
27.99 545 25.14 475 22.27 405 19.35 335 16.39 265 13.37 195
27.95 544 25.10 474 22.22 404 19.31 334 16.35 264 13.33 194
27.91 543 25.06 473 22.18 403 19.27 333 16.30 263 13.28 193
27.87 542 25.02 472 22.14 402 19.22 332 16.26 262 13.24 192
27.82 541 24.98 471 22.10 401 19.18 331 16.22 261 13.19 191
27.79 540 24.94 470 22.06 400 19.14 330 16.18 260 13.15 190
27.75 539 24.90 469 22.02 399 19.10 329 16.13 259 13.11 189
27.71 538 24.85 468 21.97 398 19.06 328 16.09 258 13.06 188
27.66 537 24.81 467 21.93 397 19.02 327 16.05 257 13.02 187
27.62 536 24.78 466 21.89 396 18.97 326 16.00 256 12.97 186
27.59 535 24.74 465 21.85 395 18.93 325 15.96 255 12.93 185
27.55 534 24.69 464 21.81 394 18.89 324 15.92 254 12.89 184
27.50 533 24.65 463 21.77 393 18.85 323 15.88 253 12.84 183
27.46 532 24.61 462 21.72 392 18.80 322 15.83 252 12.80 182
27.42 531 24.57 461 21.69 391 18.76 321 15.79 251 12.75 181
27.38 530 24.53 460 21.65 390 18.72 320 15.75 250 12.71 180
27.34 529 24.49 459 21.60 389 18.68 319 15.71 249 12.67 179
27.30 528 24.45 458 21.56 388 18.63 318 15.66 248 12.62 178
27.26 527 24.41 457 21.52 387 18.59 317 15.62 247 12.58 177
27.22 526 24.37 456 21.48 386 18.55 316 15.58 246 12.53 176
27.18 525 24.32 455 21.44 385 18.51 315 15.53 245 12.49 175
27.14 524 24.28 454 21.40 384 18.47 314 15.49 244 12.45 174
27.10 523 24.24 453 21.35 383 18.43 313 15.44 243 12.40 173
27.06 522 24.20 452 21.31 382 18.38 312 15.40 242 12.36 172
27.02 521 24.16 451 21.27 381 18.34 311 15.36 241 12.31 171
26.97 520 24.12 450 21.23 380 18.30 310 15.32 240 12.27 170
26.94 519 24.08 449 21.19 379 18.25 309 15.28 239 12.23 169
26.90 518 24.04 448 21.15 378 18.21 308 15.23 238 12.18 168
26.85 517 24.00 447 21.10 377 18.17 307 15.19 237 12.14 167
26.81 516 23.96 446 21.06 376 18.13 306 15.15 236 12.09 166
26.77 515 23.91 445 21.02 375 18.09 305 15.11 235 12.05 165
26.73 514 23.87 444 20.98 374 18.05 304 15.06 234 12.01 164
26.69 513 23.83 443 20.94 373 18.00 303 15.02 233 11.96 163
26.65 512 23.79 442 20.90 372 17.96 302 14.97 232 11.92 162
26.61 511 23.75 441 20.85 371 17.92 301 14.93 231 11.87 161
26.57 510 23.71 440 20.81 370 17.88 300 14.89 230 11.83 160
26.53 509 23.66 439 20.77 369 17.83 299 14.84 229 11.78 159
26.49 508 23.63 438 20.73 368 17.79 298 14.80 228 11.74 158
26.45 507 23.59 437 20.69 367 17.75 297 14.76 227 11.69 157
26.41 506 23.55 436 20.65 366 17.71 296 14.71 226 11.65 156
26.37 505 23.50 435 20.60 365 17.66 295 14.67 225 11.61 155
26.32 504 23.46 434 20.56 364 17.62 294 14.63 224 11.56 154
26.28 503 23.42 433 20.52 363 17.58 293 14.59 223 11.52 153
26.24 502 23.38 432 20.48 362 17.54 292 14.54 222 11.47 152
26.21 501 23.34 431 20.44 361 17.50 291 14.50 221 11.43 151
26.16 500 23.30 430 20.40 360 17.45 290 14.46 220 11.39 150
26.12 499 23.25 429 20.35 359 17.41 289 14.41 219 11.34 149
26.08 498 23.21 428 20.31 358 17.37 288 14.37 218 11.30 148
26.04 497 23.18 427 20.27 357 17.33 287 14.33 217 11.25 147
26.00 496 23.13 426 20.23 356 17.28 286 14.28 216 11.21 146
25.96 495 23.09 425 20.19 355 17.24 285 14.24 215 11.17 145
25.92 494 23.05 424 20.15 354 17.20 284 14.19 214 11.12 144
25.88 493 23.01 423 20.10 353 17.16 283 14.15 213 11.08 143
25.84 492 22.97 422 20.06 352 17.11 282 14.11 212 11.03 142
25.80 491 22.93 421 20.02 351 17.07 281 14.06 211 10.99 141
10.94 140 9.86 116 8.76 92 7.64 68 6.49 44 5.29 20
10.90 139 9.81 115 8.71 91 7.59 67 6.45 43 5.24 19
10.85 138 9.77 114 8.67 90 7.55 66 6.39 42 5.19 18
10.81 137 9.72 113 8.62 89 7.50 65 6.34 41 5.14 17
10.76 136 9.68 112 8.58 88 7.45 64 6.30 40 5.08 16
10.72 135 9.63 111 8.53 87 7.40 63 6.25 39 5.03 15
10.67 134 9.59 110 8.48 86 7.36 62 6.20 38 4.97 14
10.62 133 9.54 109 8.44 85 7.31 61 6.15 37 4.92 13
10.58 132 9.49 108 8.39 84 7.26 60 6.10 36 4.87 12
10.53 131 9.45 107 8.34 83 7.21 59 6.05 35 4.81 11
10.49 130 9.40 106 8.30 82 7.17 58 6.00 34 4.76 10
10.44 129 9.36 105 8.25 81 7.12 57 5.95 33 4.71 9
10.40 128 9.31 104 8.21 80 7.07 56 5.90 32 4.65 8
10.36 127 9.27 103 8.16 79 7.02 55 5.85 31 4.59 7
10.31 126 9.22 102 8.11 78 6.97 54 5.80 30 4.54 6
10.27 125 9.18 101 8.06 77 6.93 53 5.75 29 4.48 5
10.22 124 9.13 100 8.02 76 6.88 52 5.70 28 4.43 4
10.18 123 9.08 99 7.97 75 6.83 51 5.65 27 4.37 3
10.13 122 9.03 98 7.92 74 6.78 50 5.60 26 4.31 2
10.09 121 8.99 97 7.87 73 6.74 49 5.55 25 4.24 1
10.04 120 8.94 96 7.83 72 6.68 48 5.50 24
9.99 119 8.90 95 7.78 71 6.64 47 5.45 23
9.95 118 8.86 94 7.74 70 6.59 46 5.39 22
9.90 117 8.81 93 7.69 69 6.54 45 5.34 21
