54.33 1400 51.98 1330 49.62 1260 47.26 1190 44.88 1120 42.49 1050
54.30 1399 51.95 1329 49.59 1259 47.22 1189 44.84 1119 42.46 1049
54.26 1398 51.92 1328 49.56 1258 47.19 1188 44.81 1118 42.43 1048
54.23 1397 51.88 1327 49.52 1257 47.16 1187 44.78 1117 42.39 1047
54.20 1396 51.85 1326 49.49 1256 47.12 1186 44.74 1116 42.36 1046
54.16 1395 51.82 1325 49.46 1255 47.09 1185 44.71 1115 42.32 1045
54.13 1394 51.78 1324 49.42 1254 47.05 1184 44.68 1114 42.29 1044
54.10 1393 51.75 1323 49.39 1253 47.02 1183 44.64 1113 42.25 1043
54.06 1392 51.71 1322 49.36 1252 46.99 1182 44.61 1112 42.22 1042
54.03 1391 51.68 1321 49.32 1251 46.95 1181 44.58 1111 42.18 1041
53.99 1390 51.65 1320 49.29 1250 46.92 1180 44.54 1110 42.15 1040
53.96 1389 51.61 1319 49.25 1249 46.88 1179 44.51 1109 42.11 1039
53.93 1388 51.58 1318 49.22 1248 46.85 1178 44.47 1108 42.08 1038
53.89 1387 51.55 1317 49.19 1247 46.81 1177 44.44 1107 42.04 1037
53.86 1386 51.51 1316 49.15 1246 46.78 1176 44.41 1106 42.01 1036
53.83 1385 51.48 1315 49.12 1245 46.75 1175 44.37 1105 41.98 1035
53.79 1384 51.44 1314 49.09 1244 46.71 1174 44.34 1104 41.94 1034
53.76 1383 51.41 1313 49.05 1243 46.68 1173 44.30 1103 41.91 1033
53.73 1382 51.38 1312 49.02 1242 46.65 1172 44.27 1102 41.88 1032
53.69 1381 51.34 1311 48.99 1241 46.61 1171 44.23 1101 41.84 1031
53.66 1380 51.31 1310 48.95 1240 46.58 1170 44.20 1100 41.81 1030
53.63 1379 51.28 1309 48.92 1239 46.55 1169 44.16 1099 41.78 1029
53.59 1378 51.24 1308 48.88 1238 46.51 1168 44.13 1098 41.74 1028
53.56 1377 51.21 1307 48.85 1237 46.48 1167 44.09 1097 41.71 1027
53.53 1376 51.18 1306 48.82 1236 46.44 1166 44.06 1096 41.67 1026
53.49 1375 51.14 1305 48.78 1235 46.41 1165 44.03 1095 41.64 1025
53.46 1374 51.11 1304 48.75 1234 46.38 1164 43.99 1094 41.60 1024
53.43 1373 51.07 1303 48.71 1233 46.34 1163 43.96 1093 41.57 1023
53.39 1372 51.04 1302 48.68 1232 46.31 1162 43.93 1092 41.53 1022
53.36 1371 51.01 1301 48.65 1231 46.28 1161 43.89 1091 41.50 1021
53.33 1370 50.97 1300 48.61 1230 46.24 1160 43.86 1090 41.46 1020
53.29 1369 50.94 1299 48.58 1229 46.21 1159 43.82 1089 41.43 1019
53.26 1368 50.91 1298 48.54 1228 46.17 1158 43.79 1088 41.40 1018
53.23 1367 50.87 1297 48.51 1227 46.14 1157 43.76 1087 41.36 1017
53.19 1366 50.84 1296 48.48 1226 46.11 1156 43.72 1086 41.33 1016
53.16 1365 50.80 1295 48.44 1225 46.07 1155 43.69 1085 41.29 1015
53.12 1364 50.77 1294 48.41 1224 46.04 1154 43.66 1084 41.26 1014
53.09 1363 50.74 1293 48.37 1223 46.00 1153 43.62 1083 41.23 1013
53.06 1362 50.70 1292 48.34 1222 45.97 1152 43.59 1082 41.19 1012
53.02 1361 50.67 1291 48.31 1221 45.93 1151 43.55 1081 41.16 1011
52.99 1360 50.64 1290 48.27 1220 45.90 1150 43.52 1080 41.12 1010
52.96 1359 50.60 1289 48.24 1219 45.87 1149 43.48 1079 41.09 1009
52.92 1358 50.57 1288 48.20 1218 45.83 1148 43.45 1078 41.05 1008
52.89 1357 50.53 1287 48.17 1217 45.80 1147 43.41 1077 41.02 1007
52.86 1356 50.50 1286 48.14 1216 45.76 1146 43.38 1076 40.98 1006
52.82 1355 50.47 1285 48.10 1215 45.73 1145 43.34 1075 40.95 1005
52.79 1354 50.43 1284 48.07 1214 45.69 1144 43.31 1074 40.91 1004
52.76 1353 50.40 1283 48.03 1213 45.66 1143 43.28 1073 40.88 1003
52.72 1352 50.37 1282 48.00 1212 45.63 1142 43.24 1072 40.85 1002
52.69 1351 50.33 1281 47.97 1211 45.59 1141 43.21 1071 40.81 1001
52.66 1350 50.30 1280 47.93 1210 45.56 1140 43.18 1070 40.78 1000
52.62 1349 50.26 1279 47.90 1209 45.53 1139 43.14 1069 40.75 999
52.59 1348 50.23 1278 47.87 1208 45.49 1138 43.11 1068 40.71 998
52.55 1347 50.20 1277 47.83 1207 45.46 1137 43.07 1067 40.68 997
52.52 1346 50.16 1276 47.80 1206 45.43 1136 43.04 1066 40.64 996
52.49 1345 50.13 1275 47.77 1205 45.39 1135 43.01 1065 40.61 995
52.45 1344 50.09 1274 47.73 1204 45.36 1134 42.97 1064 40.57 994
52.42 1343 50.06 1273 47.70 1203 45.33 1133 42.94 1063 40.54 993
52.39 1342 50.03 1272 47.67 1202 45.29 1132 42.90 1062 40.50 992
52.35 1341 49.99 1271 47.63 1201 45.26 1131 42.87 1061 40.47 991
52.32 1340 49.96 1270 47.60 1200 45.22 1130 42.83 1060 40.43 990
52.29 1339 49.93 1269 47.56 1199 45.19 1129 42.80 1059 40.40 989
52.25 1338 49.89 1268 47.53 1198 45.15 1128 42.76 1058 40.37 988
52.22 1337 49.86 1267 47.50 1197 45.12 1127 42.73 1057 40.33 987
52.19 1336 49.83 1266 47.46 1196 45.08 1126 42.69 1056 40.30 986
52.15 1335 49.79 1265 47.43 1195 45.05 1125 42.66 1055 40.26 985
52.12 1334 49.76 1264 47.40 1194 45.02 1124 42.63 1054 40.23 984
52.08 1333 49.73 1263 47.36 1193 44.98 1123 42.59 1053 40.20 983
52.05 1332 49.69 1262 47.33 1192 44.95 1122 42.56 1052 40.16 982
52.02 1331 49.66 1261 47.29 1191 44.91 1121 42.53 1051 40.13 981
40.09 980 37.68 910 35.25 840 32.81 770 30.35 700 27.87 630
40.06 979 37.64 909 35.22 839 32.77 769 30.32 699 27.84 629
40.02 978 37.61 908 35.18 838 32.74 768 30.28 698 27.80 628
39.99 977 37.58 907 35.15 837 32.71 767 30.24 697 27.77 627
39.95 976 37.54 906 35.11 836 32.67 766 30.21 696 27.73 626
39.92 975 37.51 905 35.08 835 32.63 765 30.18 695 27.70 625
39.88 974 37.47 904 35.04 834 32.60 764 30.14 694 27.66 624
39.85 973 37.44 903 35.01 833 32.56 763 30.10 693 27.62 623
39.82 972 37.40 902 34.97 832 32.53 762 30.07 692 27.59 622
39.78 971 37.37 901 34.94 831 32.49 761 30.03 691 27.56 621
39.75 970 37.33 900 34.90 830 32.46 760 30.00 690 27.52 620
39.72 969 37.30 899 34.87 829 32.43 759 29.96 689 27.48 619
39.68 968 37.26 898 34.83 828 32.39 758 29.93 688 27.45 618
39.65 967 37.23 897 34.80 827 32.35 757 29.89 687 27.41 617
39.61 966 37.20 896 34.77 826 32.32 756 29.86 686 27.38 616
39.58 965 37.16 895 34.73 825 32.28 755 29.82 685 27.34 615
39.54 964 37.13 894 34.69 824 32.25 754 29.79 684 27.31 614
39.50 963 37.09 893 34.66 823 32.22 753 29.75 683 27.27 613
39.47 962 37.05 892 34.62 822 32.18 752 29.72 682 27.23 612
39.44 961 37.02 891 34.59 821 32.15 751 29.68 681 27.20 611
39.40 960 36.98 890 34.55 820 32.11 750 29.65 680 27.17 610
39.37 959 36.95 889 34.52 819 32.07 749 29.61 679 27.13 609
39.34 958 36.92 888 34.49 818 32.04 748 29.57 678 27.09 608
39.30 957 36.88 887 34.45 817 32.00 747 29.54 677 27.05 607
39.27 956 36.85 886 34.42 816 31.97 746 29.51 676 27.02 606
39.23 955 36.82 885 34.38 815 31.94 745 29.47 675 26.99 605
39.20 954 36.78 884 34.35 814 31.90 744 29.43 674 26.95 604
39.16 953 36.74 883 34.31 813 31.86 743 29.40 673 26.91 603
39.13 952 36.71 882 34.28 812 31.83 742 29.36 672 26.88 602
39.09 951 36.67 881 34.24 811 31.79 741 29.33 671 26.84 601
39.06 950 36.64 880 34.21 810 31.76 740 29.29 670 26.81 600
39.02 949 36.60 879 34.17 809 31.72 739 29.26 669 26.77 599
38.99 948 36.57 878 34.14 808 31.69 738 29.22 668 26.74 598
38.95 947 36.54 877 34.10 807 31.66 737 29.19 667 26.70 597
38.92 946 36.50 876 34.07 806 31.62 736 29.15 666 26.66 596
38.89 945 36.47 875 34.03 805 31.58 735 29.11 665 26.63 595
38.85 944 36.43 874 34.00 804 31.55 734 29.08 664 26.59 594
38.82 943 36.40 873 33.96 803 31.51 733 29.05 663 26.56 593
38.79 942 36.36 872 33.93 802 31.48 732 29.01 662 26.52 592
38.75 941 36.33 871 33.89 801 31.44 731 28.97 661 26.48 591
38.71 940 36.29 870 33.86 800 31.41 730 28.94 660 26.45 590
38.68 939 36.26 869 33.82 799 31.37 729 28.90 659 26.42 589
38.64 938 36.22 868 33.79 798 31.34 728 28.87 658 26.38 588
38.61 937 36.19 867 33.75 797 31.30 727 28.83 657 26.34 587
38.57 936 36.16 866 33.72 796 31.26 726 28.80 656 26.31 586
38.54 935 36.12 865 33.68 795 31.23 725 28.76 655 26.27 585
38.51 934 36.09 864 33.65 794 31.20 724 28.72 654 26.24 584
38.47 933 36.05 863 33.61 793 31.16 723 28.69 653 26.20 583
38.44 932 36.02 862 33.58 792 31.13 722 28.65 652 26.17 582
38.41 931 35.98 861 33.55 791 31.09 721 28.62 651 26.13 581
38.37 930 35.94 860 33.51 790 31.05 720 28.59 650 26.09 580
38.34 929 35.91 859 33.47 789 31.02 719 28.55 649 26.06 579
38.30 928 35.88 858 33.44 788 30.98 718 28.51 648 26.02 578
38.27 927 35.84 857 33.40 787 30.95 717 28.48 647 25.99 577
38.23 926 35.81 856 33.37 786 30.92 716 28.44 646 25.95 576
38.19 925 35.78 855 33.33 785 30.88 715 28.41 645 25.91 575
38.16 924 35.74 854 33.30 784 30.85 714 28.37 644 25.88 574
38.13 923 35.70 853 33.27 783 30.81 713 28.34 643 25.84 573
38.09 922 35.67 852 33.23 782 30.77 712 28.30 642 25.81 572
38.06 921 35.63 851 33.19 781 30.74 711 28.26 641 25.77 571
38.03 920 35.60 850 33.16 780 30.70 710 28.23 640 25.73 570
37.99 919 35.56 849 33.12 779 30.67 709 28.20 639 25.70 569
37.96 918 35.53 848 33.09 778 30.64 708 28.16 638 25.67 568
37.92 917 35.50 847 33.05 777 30.60 707 28.12 637 25.63 567
37.89 916 35.46 846 33.02 776 30.56 706 28.09 636 25.59 566
37.85 915 35.43 845 32.99 775 30.53 705 28.05 635 25.55 565
37.82 914 35.39 844 32.95 774 30.49 704 28.02 634 25.52 564
37.78 913 35.36 843 32.91 773 30.46 703 27.98 633 25.49 563
37.75 912 35.32 842 32.88 772 30.42 702 27.95 632 25.45 562
37.71 911 35.28 841 32.84 771 30.39 701 27.91 631 25.41 561
25.38 560 22.86 490 20.31 420 17.73 350 15.11 280 12.44 210
25.34 559 22.82 489 20.27 419 17.69 349 15.07 279 12.41 209
25.31 558 22.79 488 20.24 418 17.66 348 15.04 278 12.37 208
25.27 557 22.75 487 20.20 417 17.62 347 15.00 277 12.33 207
25.23 556 22.71 486 20.16 416 17.58 346 14.96 276 12.29 206
25.20 555 22.68 485 20.12 415 17.55 345 14.92 275 12.25 205
25.16 554 22.64 484 20.09 414 17.51 344 14.88 274 12.21 204
25.13 553 22.60 483 20.05 413 17.47 343 14.85 273 12.17 203
25.09 552 22.56 482 20.02 412 17.43 342 14.81 272 12.14 202
25.05 551 22.53 481 19.98 411 17.39 341 14.77 271 12.10 201
25.02 550 22.50 480 19.94 410 17.36 340 14.74 270 12.06 200
24.98 549 22.46 479 19.91 409 17.32 339 14.69 269 12.02 199
24.95 548 22.42 478 19.87 408 17.28 338 14.66 268 11.98 198
24.91 547 22.39 477 19.83 407 17.25 337 14.62 267 11.94 197
24.87 546 22.35 476 19.80 406 17.21 336 14.58 266 11.91 196
24.84 545 22.31 475 19.76 405 17.17 335 14.55 265 11.86 195
24.80 544 22.28 474 19.72 404 17.13 334 14.51 264 11.83 194
24.77 543 22.24 473 19.69 403 17.10 333 14.47 263 11.79 193
24.73 542 22.21 472 19.65 402 17.06 332 14.43 262 11.75 192
24.69 541 22.17 471 19.61 401 17.02 331 14.39 261 11.71 191
24.66 540 22.13 470 19.58 400 16.99 330 14.36 260 11.67 190
24.62 539 22.09 469 19.54 399 16.95 329 14.32 259 11.63 189
24.59 538 22.06 468 19.50 398 16.91 328 14.28 258 11.59 188
24.55 537 22.02 467 19.46 397 16.88 327 14.24 257 11.56 187
24.51 536 21.99 466 19.43 396 16.84 326 14.20 256 11.51 186
24.48 535 21.95 465 19.39 395 16.80 325 14.17 255 11.48 185
24.45 534 21.91 464 19.35 394 16.76 324 14.13 254 11.44 184
24.41 533 21.88 463 19.32 393 16.73 323 14.09 253 11.40 183
24.37 532 21.84 462 19.28 392 16.69 322 14.05 252 11.36 182
24.33 531 21.80 461 19.25 391 16.65 321 14.01 251 11.32 181
24.30 530 21.77 460 19.21 390 16.61 320 13.98 250 11.28 180
24.27 529 21.73 459 19.17 389 16.57 319 13.94 249 11.25 179
24.23 528 21.70 458 19.14 388 16.54 318 13.90 248 11.20 178
24.19 527 21.66 457 19.10 387 16.50 317 13.86 247 11.17 177
24.15 526 21.62 456 19.06 386 16.46 316 13.82 246 11.12 176
24.12 525 21.59 455 19.03 385 16.43 315 13.79 245 11.09 175
24.09 524 21.55 454 18.99 384 16.39 314 13.75 244 11.05 174
24.05 523 21.51 453 18.95 383 16.35 313 13.71 243 11.01 173
24.01 522 21.48 452 18.91 382 16.32 312 13.67 242 10.97 172
23.97 521 21.44 451 18.88 381 16.28 311 13.63 241 10.93 171
23.94 520 21.40 450 18.84 380 16.24 310 13.60 240 10.89 170
23.91 519 21.37 449 18.80 379 16.20 309 13.56 239 10.85 169
23.87 518 21.33 448 18.77 378 16.16 308 13.52 238 10.81 168
23.83 517 21.30 447 18.73 377 16.13 307 13.48 237 10.78 167
23.80 516 21.26 446 18.69 376 16.09 306 13.44 236 10.73 166
23.76 515 21.22 445 18.66 375 16.05 305 13.41 235 10.70 165
23.72 514 21.19 444 18.62 374 16.01 304 13.36 234 10.66 164
23.69 513 21.15 443 18.58 373 15.98 303 13.33 233 10.62 163
23.65 512 21.11 442 18.55 372 15.94 302 13.29 232 10.58 162
23.62 511 21.08 441 18.51 371 15.90 301 13.25 231 10.54 161
23.58 510 21.04 440 18.47 370 15.87 300 13.21 230 10.50 160
23.54 509 21.00 439 18.43 369 15.82 299 13.17 229 10.46 159
23.50 508 20.97 438 18.40 368 15.79 298 13.14 228 10.42 158
23.47 507 20.93 437 18.36 367 15.75 297 13.10 227 10.38 157
23.44 506 20.90 436 18.32 366 15.71 296 13.06 226 10.34 156
23.40 505 20.86 435 18.29 365 15.68 295 13.02 225 10.31 155
23.36 504 20.82 434 18.25 364 15.64 294 12.98 224 10.26 154
23.33 503 20.78 433 18.21 363 15.60 293 12.95 223 10.23 153
23.29 502 20.75 432 18.18 362 15.57 292 12.90 222 10.18 152
23.26 501 20.71 431 18.14 361 15.53 291 12.87 221 10.15 151
23.22 500 20.67 430 18.10 360 15.49 290 12.83 220 10.10 150
23.18 499 20.64 429 18.06 359 15.45 289 12.79 219 10.07 149
23.15 498 20.60 428 18.03 358 15.41 288 12.75 218 10.03 148
23.11 497 20.57 427 17.99 357 15.38 287 12.71 217 9.99 147
23.07 496 20.53 426 17.95 356 15.34 286 12.68 216 9.95 146
23.04 495 20.49 425 17.92 355 15.30 285 12.64 215 9.91 145
23.00 494 20.46 424 17.88 354 15.26 284 12.60 214 9.87 144
22.97 493 20.42 423 17.84 353 15.23 283 12.56 213 9.83 143
22.93 492 20.38 422 17.81 352 15.19 282 12.52 212 9.79 142
22.89 491 20.35 421 17.77 351 15.15 281 12.48 211 9.75 141
9.71 140 8.75 116 7.77 92 6.78 68 5.76 44 4.70 20
9.67 139 8.71 115 7.73 91 6.74 67 5.72 43 4.65 19
9.63 138 8.67 114 7.70 90 6.70 66 5.67 42 4.61 18
9.59 137 8.63 113 7.65 89 6.66 65 5.63 41 4.56 17
9.55 136 8.59 112 7.61 88 6.61 64 5.59 40 4.51 16
9.51 135 8.55 111 7.57 87 6.57 63 5.55 39 4.46 15
9.47 134 8.51 110 7.53 86 6.53 62 5.50 38 4.42 14
9.43 133 8.47 109 7.49 85 6.49 61 5.46 37 4.37 13
9.39 132 8.42 108 7.45 84 6.44 60 5.41 36 4.32 12
9.35 131 8.39 107 7.41 83 6.40 59 5.37 35 4.27 11
9.31 130 8.35 106 7.36 82 6.36 58 5.32 34 4.23 10
9.27 129 8.30 105 7.32 81 6.32 57 5.28 33 4.18 9
9.23 128 8.27 104 7.28 80 6.27 56 5.23 32 4.13 8
9.19 127 8.22 103 7.24 79 6.23 55 5.19 31 4.08 7
9.15 126 8.18 102 7.20 78 6.19 54 5.15 30 4.03 6
9.11 125 8.14 101 7.16 77 6.15 53 5.10 29 3.98 5
9.07 124 8.10 100 7.11 76 6.11 52 5.06 28 3.93 4
9.03 123 8.06 99 7.07 75 6.06 51 5.01 27 3.88 3
8.99 122 8.02 98 7.03 74 6.02 50 4.97 26 3.82 2
8.95 121 7.98 97 6.99 73 5.98 49 4.92 25 3.77 1
8.91 120 7.94 96 6.95 72 5.93 48 4.88 24
8.87 119 7.90 95 6.91 71 5.89 47 4.83 23
8.83 118 7.86 94 6.87 70 5.85 46 4.79 22
8.79 117 7.82 93 6.82 69 5.80 45 4.74 21
