49.09 1400 46.97 1330 44.84 1260 42.70 1190 40.55 1120 38.40 1050
49.06 1399 46.94 1329 44.81 1259 42.67 1189 40.52 1119 38.36 1049
49.03 1398 46.91 1328 44.78 1258 42.64 1188 40.49 1118 38.34 1048
49.00 1397 46.88 1327 44.75 1257 42.61 1187 40.46 1117 38.30 1047
48.97 1396 46.85 1326 44.72 1256 42.58 1186 40.43 1116 38.27 1046
48.94 1395 46.82 1325 44.69 1255 42.55 1185 40.40 1115 38.24 1045
48.91 1394 46.79 1324 44.66 1254 42.52 1184 40.37 1114 38.21 1044
48.88 1393 46.76 1323 44.63 1253 42.49 1183 40.34 1113 38.18 1043
48.85 1392 46.73 1322 44.60 1252 42.46 1182 40.31 1112 38.15 1042
48.82 1391 46.70 1321 44.57 1251 42.43 1181 40.28 1111 38.12 1041
48.79 1390 46.67 1320 44.54 1250 42.40 1180 40.24 1110 38.09 1040
48.76 1389 46.64 1319 44.51 1249 42.36 1179 40.22 1109 38.05 1039
48.73 1388 46.61 1318 44.47 1248 42.34 1178 40.18 1108 38.03 1038
48.70 1387 46.58 1317 44.44 1247 42.30 1177 40.15 1107 37.99 1037
48.67 1386 46.54 1316 44.42 1246 42.27 1176 40.13 1106 37.96 1036
48.64 1385 46.52 1315 44.38 1245 42.24 1175 40.09 1105 37.93 1035
48.61 1384 46.48 1314 44.35 1244 42.21 1174 40.06 1104 37.90 1034
48.58 1383 46.45 1313 44.32 1243 42.18 1173 40.03 1103 37.87 1033
48.55 1382 46.43 1312 44.29 1242 42.15 1172 40.00 1102 37.84 1032
48.52 1381 46.39 1311 44.26 1241 42.12 1171 39.97 1101 37.81 1031
48.49 1380 46.36 1310 44.23 1240 42.09 1170 39.94 1100 37.78 1030
48.46 1379 46.33 1309 44.20 1239 42.06 1169 39.91 1099 37.75 1029
48.43 1378 46.30 1308 44.17 1238 42.03 1168 39.88 1098 37.72 1028
48.40 1377 46.27 1307 44.14 1237 42.00 1167 39.84 1097 37.69 1027
48.37 1376 46.24 1306 44.11 1236 41.97 1166 39.82 1096 37.65 1026
48.33 1375 46.21 1305 44.08 1235 41.93 1165 39.79 1095 37.62 1025
48.31 1374 46.18 1304 44.05 1234 41.91 1164 39.75 1094 37.59 1024
48.28 1373 46.15 1303 44.02 1233 41.88 1163 39.72 1093 37.56 1023
48.24 1372 46.12 1302 43.99 1232 41.84 1162 39.69 1092 37.53 1022
48.22 1371 46.09 1301 43.96 1231 41.81 1161 39.66 1091 37.50 1021
48.19 1370 46.06 1300 43.92 1230 41.78 1160 39.63 1090 37.47 1020
48.15 1369 46.03 1299 43.90 1229 41.75 1159 39.60 1089 37.44 1019
48.12 1368 46.00 1298 43.86 1228 41.72 1158 39.57 1088 37.40 1018
48.10 1367 45.97 1297 43.83 1227 41.69 1157 39.54 1087 37.38 1017
48.06 1366 45.94 1296 43.81 1226 41.66 1156 39.50 1086 37.34 1016
48.03 1365 45.91 1295 43.77 1225 41.63 1155 39.48 1085 37.31 1015
48.00 1364 45.88 1294 43.74 1224 41.60 1154 39.45 1084 37.28 1014
47.97 1363 45.85 1293 43.71 1223 41.57 1153 39.41 1083 37.25 1013
47.94 1362 45.81 1292 43.68 1222 41.54 1152 39.39 1082 37.22 1012
47.91 1361 45.79 1291 43.65 1221 41.50 1151 39.35 1081 37.19 1011
47.88 1360 45.76 1290 43.62 1220 41.48 1150 39.32 1080 37.16 1010
47.85 1359 45.72 1289 43.59 1219 41.45 1149 39.29 1079 37.13 1009
47.82 1358 45.70 1288 43.56 1218 41.41 1148 39.26 1078 37.09 1008
47.79 1357 45.66 1287 43.53 1217 41.39 1147 39.23 1077 37.07 1007
47.76 1356 45.63 1286 43.50 1216 41.35 1146 39.20 1076 37.03 1006
47.73 1355 45.60 1285 43.47 1215 41.32 1145 39.17 1075 37.00 1005
47.70 1354 45.57 1284 43.44 1214 41.29 1144 39.14 1074 36.97 1004
47.67 1353 45.54 1283 43.40 1213 41.26 1143 39.10 1073 36.94 1003
47.64 1352 45.51 1282 43.38 1212 41.23 1142 39.08 1072 36.91 1002
47.61 1351 45.48 1281 43.35 1211 41.20 1141 39.05 1071 36.88 1001
47.58 1350 45.45 1280 43.31 1210 41.17 1140 39.01 1070 36.85 1000
47.55 1349 45.42 1279 43.28 1209 41.14 1139 38.98 1069 36.82 999
47.52 1348 45.39 1278 43.25 1208 41.11 1138 38.95 1068 36.78 998
47.48 1347 45.36 1277 43.22 1207 41.08 1137 38.92 1067 36.76 997
47.46 1346 45.33 1276 43.19 1206 41.05 1136 38.89 1066 36.72 996
47.43 1345 45.30 1275 43.16 1205 41.01 1135 38.86 1065 36.69 995
47.39 1344 45.27 1274 43.13 1204 40.98 1134 38.83 1064 36.66 994
47.37 1343 45.24 1273 43.10 1203 40.96 1133 38.80 1063 36.63 993
47.34 1342 45.21 1272 43.07 1202 40.92 1132 38.77 1062 36.60 992
47.30 1341 45.17 1271 43.04 1201 40.89 1131 38.74 1061 36.57 991
47.27 1340 45.15 1270 43.01 1200 40.86 1130 38.70 1060 36.54 990
47.25 1339 45.12 1269 42.98 1199 40.83 1129 38.67 1059 36.51 989
47.21 1338 45.08 1268 42.95 1198 40.80 1128 38.64 1058 36.47 988
47.18 1337 45.06 1267 42.92 1197 40.77 1127 38.61 1057 36.45 987
47.16 1336 45.02 1266 42.88 1196 40.74 1126 38.58 1056 36.41 986
47.12 1335 44.99 1265 42.86 1195 40.71 1125 38.55 1055 36.38 985
47.09 1334 44.96 1264 42.83 1194 40.68 1124 38.52 1054 36.35 984
47.06 1333 44.93 1263 42.79 1193 40.65 1123 38.49 1053 36.32 983
47.03 1332 44.90 1262 42.76 1192 40.62 1122 38.46 1052 36.29 982
47.00 1331 44.87 1261 42.73 1191 40.58 1121 38.43 1051 36.26 981
36.23 980 34.04 910 31.85 840 29.65 770 27.42 700 25.19 630
36.20 979 34.02 909 31.82 839 29.62 769 27.40 699 25.16 629
36.16 978 33.98 908 31.79 838 29.58 768 27.36 698 25.12 628
36.14 977 33.95 907 31.76 837 29.55 767 27.33 697 25.09 627
36.10 976 33.92 906 31.73 836 29.52 766 27.30 696 25.06 626
36.07 975 33.89 905 31.70 835 29.49 765 27.27 695 25.03 625
36.04 974 33.86 904 31.66 834 29.46 764 27.23 694 25.00 624
36.01 973 33.83 903 31.63 833 29.42 763 27.20 693 24.96 623
35.98 972 33.80 902 31.60 832 29.40 762 27.17 692 24.93 622
35.95 971 33.76 901 31.57 831 29.36 761 27.14 691 24.90 621
35.92 970 33.73 900 31.54 830 29.33 760 27.11 690 24.87 620
35.89 969 33.70 899 31.51 829 29.30 759 27.08 689 24.83 619
35.85 968 33.67 898 31.48 828 29.27 758 27.04 688 24.80 618
35.82 967 33.64 897 31.44 827 29.23 757 27.01 687 24.77 617
35.79 966 33.61 896 31.41 826 29.21 756 26.98 686 24.74 616
35.76 965 33.58 895 31.38 825 29.17 755 26.95 685 24.70 615
35.73 964 33.55 894 31.35 824 29.14 754 26.91 684 24.68 614
35.70 963 33.51 893 31.32 823 29.11 753 26.89 683 24.64 613
35.67 962 33.48 892 31.29 822 29.08 752 26.85 682 24.61 612
35.63 961 33.45 891 31.26 821 29.05 751 26.82 681 24.58 611
35.61 960 33.42 890 31.22 820 29.01 750 26.79 680 24.55 610
35.57 959 33.39 889 31.20 819 28.98 749 26.76 679 24.51 609
35.54 958 33.36 888 31.16 818 28.95 748 26.72 678 24.48 608
35.51 957 33.33 887 31.13 817 28.92 747 26.69 677 24.45 607
35.48 956 33.30 886 31.10 816 28.89 746 26.66 676 24.42 606
35.45 955 33.27 885 31.07 815 28.86 745 26.63 675 24.38 605
35.42 954 33.23 884 31.04 814 28.82 744 26.59 674 24.35 604
35.39 953 33.20 883 31.00 813 28.79 743 26.57 673 24.32 603
35.36 952 33.17 882 30.97 812 28.76 742 26.53 672 24.29 602
35.32 951 33.14 881 30.94 811 28.73 741 26.50 671 24.26 601
35.30 950 33.11 880 30.91 810 28.70 740 26.47 670 24.22 600
35.26 949 33.08 879 30.88 809 28.67 739 26.44 669 24.19 599
35.23 948 33.05 878 30.85 808 28.63 738 26.40 668 24.16 598
35.20 947 33.01 877 30.81 807 28.60 737 26.37 667 24.13 597
35.17 946 32.99 876 30.78 806 28.57 736 26.34 666 24.09 596
35.14 945 32.95 875 30.75 805 28.54 735 26.31 665 24.06 595
35.11 944 32.92 874 30.72 804 28.51 734 26.27 664 24.03 594
35.08 943 32.89 873 30.69 803 28.47 733 26.25 663 24.00 593
35.05 942 32.86 872 30.66 802 28.44 732 26.21 662 23.96 592
35.01 941 32.83 871 30.63 801 28.41 731 26.18 661 23.93 591
34.98 940 32.79 870 30.59 800 28.38 730 26.15 660 23.90 590
34.95 939 32.77 869 30.56 799 28.35 729 26.12 659 23.87 589
34.92 938 32.73 868 30.53 798 28.32 728 26.08 658 23.84 588
34.89 937 32.70 867 30.50 797 28.28 727 26.06 657 23.80 587
34.86 936 32.67 866 30.47 796 28.25 726 26.02 656 23.77 586
34.83 935 32.64 865 30.44 795 28.22 725 25.99 655 23.74 585
34.79 934 32.61 864 30.40 794 28.19 724 25.95 654 23.71 584
34.77 933 32.57 863 30.37 793 28.16 723 25.93 653 23.67 583
34.73 932 32.55 862 30.34 792 28.13 722 25.89 652 23.64 582
34.70 931 32.51 861 30.31 791 28.09 721 25.86 651 23.61 581
34.67 930 32.48 860 30.28 790 28.06 720 25.83 650 23.58 580
34.64 929 32.45 859 30.25 789 28.03 719 25.80 649 23.54 579
34.61 928 32.42 858 30.22 788 28.00 718 25.76 648 23.51 578
34.58 927 32.39 857 30.18 787 27.97 717 25.73 647 23.48 577
34.55 926 32.36 856 30.15 786 27.94 716 25.70 646 23.45 576
34.51 925 32.33 855 30.12 785 27.90 715 25.67 645 23.42 575
34.48 924 32.29 854 30.09 784 27.87 714 25.64 644 23.38 574
34.45 923 32.26 853 30.06 783 27.84 713 25.61 643 23.35 573
34.42 922 32.23 852 30.03 782 27.81 712 25.57 642 23.32 572
34.39 921 32.20 851 29.99 781 27.78 711 25.54 641 23.29 571
34.36 920 32.17 850 29.96 780 27.74 710 25.51 640 23.25 570
34.33 919 32.14 849 29.93 779 27.71 709 25.48 639 23.22 569
34.30 918 32.11 848 29.90 778 27.68 708 25.44 638 23.19 568
34.26 917 32.07 847 29.87 777 27.65 707 25.41 637 23.16 567
34.24 916 32.04 846 29.84 776 27.62 706 25.38 636 23.12 566
34.20 915 32.01 845 29.81 775 27.59 705 25.35 635 23.09 565
34.17 914 31.98 844 29.77 774 27.55 704 25.32 634 23.06 564
34.14 913 31.95 843 29.74 773 27.52 703 25.28 633 23.03 563
34.11 912 31.92 842 29.71 772 27.49 702 25.25 632 23.00 562
34.08 911 31.88 841 29.68 771 27.46 701 25.22 631 22.96 561
22.93 560 20.65 490 18.35 420 16.02 350 13.66 280 11.24 210
22.90 559 20.62 489 18.32 419 15.99 349 13.62 279 11.21 209
22.87 558 20.59 488 18.28 418 15.96 348 13.59 278 11.17 208
22.83 557 20.56 487 18.25 417 15.92 347 13.56 277 11.14 207
22.80 556 20.52 486 18.22 416 15.89 346 13.52 276 11.11 206
22.77 555 20.49 485 18.18 415 15.86 345 13.48 275 11.07 205
22.74 554 20.46 484 18.15 414 15.82 344 13.45 274 11.03 204
22.70 553 20.42 483 18.12 413 15.79 343 13.42 273 11.00 203
22.67 552 20.39 482 18.09 412 15.75 342 13.38 272 10.97 202
22.64 551 20.36 481 18.06 411 15.72 341 13.35 271 10.93 201
22.61 550 20.33 480 18.02 410 15.68 340 13.32 270 10.90 200
22.58 549 20.29 479 17.99 409 15.65 339 13.28 269 10.86 199
22.54 548 20.26 478 17.96 408 15.62 338 13.24 268 10.82 198
22.51 547 20.23 477 17.92 407 15.58 337 13.21 267 10.79 197
22.48 546 20.19 476 17.89 406 15.55 336 13.18 266 10.76 196
22.45 545 20.16 475 17.86 405 15.52 335 13.14 265 10.72 195
22.41 544 20.13 474 17.82 404 15.48 334 13.11 264 10.69 194
22.38 543 20.10 473 17.79 403 15.45 333 13.07 263 10.65 193
22.35 542 20.07 472 17.76 402 15.42 332 13.04 262 10.61 192
22.31 541 20.03 471 17.72 401 15.38 331 13.01 261 10.58 191
22.28 540 20.00 470 17.69 400 15.35 330 12.97 260 10.55 190
22.25 539 19.96 469 17.65 399 15.32 329 12.94 259 10.51 189
22.22 538 19.93 468 17.62 398 15.28 328 12.91 258 10.48 188
22.18 537 19.90 467 17.59 397 15.25 327 12.87 257 10.44 187
22.15 536 19.87 466 17.55 396 15.22 326 12.83 256 10.40 186
22.12 535 19.84 465 17.52 395 15.18 325 12.80 255 10.37 185
22.09 534 19.80 464 17.49 394 15.15 324 12.77 254 10.33 184
22.06 533 19.77 463 17.45 393 15.12 323 12.73 253 10.30 183
22.02 532 19.74 462 17.42 392 15.08 322 12.70 252 10.27 182
21.99 531 19.70 461 17.39 391 15.04 321 12.66 251 10.23 181
21.96 530 19.67 460 17.36 390 15.01 320 12.63 250 10.19 180
21.93 529 19.64 459 17.33 389 14.98 319 12.60 249 10.16 179
21.89 528 19.61 458 17.29 388 14.94 318 12.56 248 10.12 178
21.86 527 19.57 457 17.26 387 14.91 317 12.52 247 10.09 177
21.83 526 19.54 456 17.23 386 14.88 316 12.49 246 10.05 176
21.79 525 19.51 455 17.19 385 14.84 315 12.46 245 10.02 175
21.76 524 19.47 454 17.16 384 14.81 314 12.42 244 9.98 174
21.73 523 19.44 453 17.13 383 14.78 313 12.39 243 9.95 173
21.70 522 19.41 452 17.09 382 14.74 312 12.35 242 9.91 172
21.66 521 19.37 451 17.06 381 14.71 311 12.32 241 9.88 171
21.63 520 19.34 450 17.02 380 14.68 310 12.29 240 9.84 170
21.60 519 19.31 449 16.99 379 14.64 309 12.25 239 9.81 169
21.57 518 19.28 448 16.96 378 14.61 308 12.21 238 9.77 168
21.54 517 19.24 447 16.92 377 14.57 307 12.18 237 9.74 167
21.50 516 19.21 446 16.89 376 14.54 306 12.15 236 9.70 166
21.47 515 19.18 445 16.86 375 14.50 305 12.11 235 9.67 165
21.43 514 19.14 444 16.82 374 14.47 304 12.08 234 9.63 164
21.41 513 19.11 443 16.79 373 14.44 303 12.04 233 9.59 163
21.37 512 19.08 442 16.76 372 14.40 302 12.01 232 9.56 162
21.34 511 19.04 441 16.72 371 14.37 301 11.98 231 9.52 161
21.31 510 19.01 440 16.69 370 14.34 300 11.94 230 9.49 160
21.27 509 18.98 439 16.66 369 14.30 299 11.90 229 9.45 159
21.24 508 18.95 438 16.62 368 14.27 298 11.87 228 9.42 158
21.21 507 18.91 437 16.59 367 14.23 297 11.84 227 9.38 157
21.18 506 18.88 436 16.56 366 14.20 296 11.80 226 9.35 156
21.14 505 18.85 435 16.52 365 14.17 295 11.77 225 9.31 155
21.11 504 18.81 434 16.49 364 14.13 294 11.73 224 9.27 154
21.08 503 18.78 433 16.46 363 14.10 293 11.70 223 9.24 153
21.04 502 18.75 432 16.42 362 14.07 292 11.66 222 9.20 152
21.01 501 18.71 431 16.39 361 14.03 291 11.63 221 9.17 151
20.98 500 18.68 430 16.36 360 13.99 290 11.59 220 9.13 150
20.95 499 18.65 429 16.32 359 13.96 289 11.56 219 9.10 149
20.91 498 18.61 428 16.29 358 13.93 288 11.52 218 9.06 148
20.88 497 18.59 427 16.26 357 13.89 287 11.49 217 9.03 147
20.85 496 18.55 426 16.22 356 13.86 286 11.45 216 8.99 146
20.82 495 18.52 425 16.19 355 13.83 285 11.42 215 8.95 145
20.79 494 18.49 424 16.16 354 13.79 284 11.38 214 8.92 144
20.75 493 18.45 423 16.12 353 13.76 283 11.35 213 8.88 143
20.72 492 18.42 422 16.09 352 13.72 282 11.32 212 8.84 142
20.69 491 18.39 421 16.06 351 13.69 281 11.28 211 8.81 141
8.77 140 7.91 116 7.03 92 6.13 68 5.21 44 4.24 20
8.74 139 7.87 115 6.99 91 6.09 67 5.17 43 4.20 19
8.70 138 7.83 114 6.95 90 6.05 66 5.13 42 4.16 18
8.67 137 7.80 113 6.92 89 6.01 65 5.09 41 4.12 17
8.63 136 7.76 112 6.88 88 5.98 64 5.05 40 4.08 16
8.60 135 7.72 111 6.84 87 5.94 63 5.01 39 4.03 15
8.56 134 7.69 110 6.80 86 5.90 62 4.97 38 3.99 14
8.52 133 7.65 109 6.77 85 5.86 61 4.93 37 3.95 13
8.49 132 7.61 108 6.73 84 5.82 60 4.89 36 3.90 12
8.45 131 7.58 107 6.69 83 5.78 59 4.85 35 3.86 11
8.41 130 7.54 106 6.65 82 5.75 58 4.81 34 3.82 10
8.38 129 7.50 105 6.62 81 5.71 57 4.77 33 3.78 9
8.34 128 7.47 104 6.58 80 5.67 56 4.73 32 3.73 8
8.30 127 7.43 103 6.54 79 5.63 55 4.69 31 3.68 7
8.27 126 7.39 102 6.51 78 5.59 54 4.65 30 3.64 6
8.23 125 7.36 101 6.47 77 5.56 53 4.61 29 3.59 5
8.20 124 7.32 100 6.43 76 5.52 52 4.57 28 3.55 4
8.16 123 7.28 99 6.39 75 5.48 51 4.53 27 3.50 3
8.12 122 7.25 98 6.35 74 5.44 50 4.49 26 3.46 2
8.09 121 7.21 97 6.31 73 5.40 49 4.45 25 3.40 1
8.05 120 7.17 96 6.28 72 5.36 48 4.41 24
8.01 119 7.14 95 6.24 71 5.32 47 4.37 23
7.98 118 7.10 94 6.20 70 5.28 46 4.32 22
7.94 117 7.06 93 6.17 69 5.25 45 4.29 21
