42.19 1400 40.37 1330 38.54 1260 36.70 1190 34.86 1120 33.00 1050
42.17 1399 40.34 1329 38.52 1259 36.67 1189 34.83 1119 32.97 1049
42.14 1398 40.32 1328 38.49 1258 36.65 1188 34.80 1118 32.95 1048
42.12 1397 40.29 1327 38.46 1257 36.62 1187 34.77 1117 32.92 1047
42.09 1396 40.27 1326 38.43 1256 36.60 1186 34.75 1116 32.90 1046
42.06 1395 40.24 1325 38.41 1255 36.57 1185 34.72 1115 32.87 1045
42.04 1394 40.21 1324 38.38 1254 36.54 1184 34.70 1114 32.84 1044
42.01 1393 40.19 1323 38.36 1253 36.52 1183 34.67 1113 32.81 1043
41.99 1392 40.16 1322 38.33 1252 36.49 1182 34.64 1112 32.79 1042
41.96 1391 40.14 1321 38.31 1251 36.46 1181 34.62 1111 32.76 1041
41.93 1390 40.11 1320 38.28 1250 36.44 1180 34.59 1110 32.74 1040
41.91 1389 40.08 1319 38.25 1249 36.41 1179 34.56 1109 32.71 1039
41.88 1388 40.06 1318 38.22 1248 36.39 1178 34.54 1108 32.68 1038
41.85 1387 40.03 1317 38.20 1247 36.36 1177 34.51 1107 32.65 1037
41.83 1386 40.00 1316 38.17 1246 36.33 1176 34.49 1106 32.63 1036
41.80 1385 39.98 1315 38.15 1245 36.31 1175 34.46 1105 32.60 1035
41.78 1384 39.95 1314 38.12 1244 36.28 1174 34.43 1104 32.58 1034
41.75 1383 39.93 1313 38.09 1243 36.25 1173 34.40 1103 32.55 1033
41.73 1382 39.90 1312 38.07 1242 36.23 1172 34.38 1102 32.52 1032
41.70 1381 39.87 1311 38.04 1241 36.20 1171 34.35 1101 32.50 1031
41.67 1380 39.85 1310 38.01 1240 36.18 1170 34.33 1100 32.47 1030
41.65 1379 39.82 1309 37.99 1239 36.15 1169 34.30 1099 32.44 1029
41.62 1378 39.79 1308 37.96 1238 36.12 1168 34.27 1098 32.42 1028
41.60 1377 39.77 1307 37.94 1237 36.09 1167 34.24 1097 32.39 1027
41.57 1376 39.75 1306 37.91 1236 36.07 1166 34.22 1096 32.36 1026
41.54 1375 39.72 1305 37.88 1235 36.04 1165 34.20 1095 32.34 1025
41.52 1374 39.69 1304 37.86 1234 36.02 1164 34.17 1094 32.31 1024
41.49 1373 39.66 1303 37.83 1233 35.99 1163 34.14 1093 32.28 1023
41.46 1372 39.64 1302 37.81 1232 35.96 1162 34.11 1092 32.26 1022
41.44 1371 39.61 1301 37.78 1231 35.94 1161 34.09 1091 32.23 1021
41.42 1370 39.59 1300 37.75 1230 35.91 1160 34.06 1090 32.20 1020
41.39 1369 39.56 1299 37.73 1229 35.89 1159 34.04 1089 32.18 1019
41.36 1368 39.54 1298 37.70 1228 35.86 1158 34.01 1088 32.15 1018
41.34 1367 39.51 1297 37.67 1227 35.83 1157 33.98 1087 32.12 1017
41.31 1366 39.48 1296 37.65 1226 35.81 1156 33.95 1086 32.10 1016
41.28 1365 39.45 1295 37.62 1225 35.78 1155 33.93 1085 32.07 1015
41.26 1364 39.43 1294 37.60 1224 35.75 1154 33.90 1084 32.04 1014
41.23 1363 39.41 1293 37.57 1223 35.73 1153 33.88 1083 32.02 1013
41.21 1362 39.38 1292 37.54 1222 35.70 1152 33.85 1082 31.99 1012
41.18 1361 39.35 1291 37.52 1221 35.67 1151 33.82 1081 31.96 1011
41.15 1360 39.33 1290 37.49 1220 35.65 1150 33.80 1080 31.94 1010
41.13 1359 39.30 1289 37.47 1219 35.62 1149 33.77 1079 31.91 1009
41.10 1358 39.27 1288 37.44 1218 35.59 1148 33.74 1078 31.88 1008
41.07 1357 39.25 1287 37.41 1217 35.57 1147 33.72 1077 31.86 1007
41.05 1356 39.22 1286 37.39 1216 35.54 1146 33.69 1076 31.83 1006
41.02 1355 39.20 1285 37.36 1215 35.52 1145 33.66 1075 31.80 1005
41.00 1354 39.17 1284 37.33 1214 35.49 1144 33.64 1074 31.78 1004
40.97 1353 39.14 1283 37.31 1213 35.46 1143 33.61 1073 31.75 1003
40.94 1352 39.12 1282 37.28 1212 35.43 1142 33.58 1072 31.72 1002
40.92 1351 39.09 1281 37.26 1211 35.41 1141 33.56 1071 31.70 1001
40.89 1350 39.06 1280 37.23 1210 35.39 1140 33.53 1070 31.67 1000
40.87 1349 39.04 1279 37.20 1209 35.36 1139 33.51 1069 31.64 999
40.84 1348 39.01 1278 37.17 1208 35.33 1138 33.48 1068 31.62 998
40.81 1347 38.99 1277 37.15 1207 35.30 1137 33.45 1067 31.59 997
40.79 1346 38.96 1276 37.12 1206 35.28 1136 33.42 1066 31.56 996
40.76 1345 38.93 1275 37.10 1205 35.25 1135 33.40 1065 31.54 995
40.73 1344 38.90 1274 37.07 1204 35.23 1134 33.37 1064 31.51 994
40.71 1343 38.88 1273 37.04 1203 35.20 1133 33.35 1063 31.48 993
40.69 1342 38.86 1272 37.02 1202 35.17 1132 33.32 1062 31.46 992
40.66 1341 38.83 1271 36.99 1201 35.15 1131 33.29 1061 31.43 991
40.63 1340 38.80 1270 36.96 1200 35.12 1130 33.26 1060 31.40 990
40.61 1339 38.78 1269 36.94 1199 35.09 1129 33.24 1059 31.38 989
40.58 1338 38.75 1268 36.91 1198 35.07 1128 33.21 1058 31.35 988
40.55 1337 38.72 1267 36.89 1197 35.04 1127 33.19 1057 31.32 987
40.53 1336 38.70 1266 36.86 1196 35.01 1126 33.16 1056 31.30 986
40.50 1335 38.67 1265 36.83 1195 34.99 1125 33.13 1055 31.27 985
40.48 1334 38.65 1264 36.81 1194 34.96 1124 33.11 1054 31.24 984
40.45 1333 38.62 1263 36.78 1193 34.93 1123 33.08 1053 31.22 983
40.42 1332 38.59 1262 36.76 1192 34.91 1122 33.06 1052 31.19 982
40.40 1331 38.56 1261 36.73 1191 34.88 1121 33.03 1051 31.16 981
31.14 980 29.26 910 27.38 840 25.48 770 23.57 700 21.65 630
31.11 979 29.24 909 27.35 839 25.45 769 23.55 699 21.62 629
31.08 978 29.21 908 27.32 838 25.43 768 23.52 698 21.59 628
31.06 977 29.18 907 27.30 837 25.40 767 23.49 697 21.57 627
31.03 976 29.15 906 27.27 836 25.37 766 23.46 696 21.54 626
31.00 975 29.13 905 27.24 835 25.34 765 23.44 695 21.51 625
30.98 974 29.10 904 27.21 834 25.32 764 23.41 694 21.48 624
30.95 973 29.08 903 27.19 833 25.29 763 23.38 693 21.45 623
30.92 972 29.05 902 27.16 832 25.27 762 23.35 692 21.43 622
30.90 971 29.02 901 27.14 831 25.24 761 23.33 691 21.40 621
30.87 970 28.99 900 27.11 830 25.21 760 23.30 690 21.37 620
30.84 969 28.97 899 27.08 829 25.18 759 23.27 689 21.34 619
30.82 968 28.94 898 27.05 828 25.15 758 23.24 688 21.32 618
30.79 967 28.91 897 27.03 827 25.13 757 23.21 687 21.29 617
30.76 966 28.89 896 27.00 826 25.10 756 23.19 686 21.26 616
30.74 965 28.86 895 26.97 825 25.07 755 23.16 685 21.23 615
30.71 964 28.83 894 26.94 824 25.05 754 23.13 684 21.21 614
30.68 963 28.81 893 26.92 823 25.02 753 23.11 683 21.18 613
30.66 962 28.78 892 26.89 822 24.99 752 23.08 682 21.15 612
30.63 961 28.75 891 26.87 821 24.97 751 23.05 681 21.12 611
30.60 960 28.72 890 26.84 820 24.94 750 23.03 680 21.10 610
30.57 959 28.70 889 26.81 819 24.91 749 23.00 679 21.07 609
30.55 958 28.67 888 26.78 818 24.88 748 22.97 678 21.04 608
30.52 957 28.65 887 26.75 817 24.86 747 22.94 677 21.01 607
30.50 956 28.62 886 26.73 816 24.83 746 22.92 676 20.99 606
30.47 955 28.59 885 26.70 815 24.80 745 22.89 675 20.96 605
30.44 954 28.56 884 26.68 814 24.77 744 22.86 674 20.93 604
30.41 953 28.53 883 26.65 813 24.74 743 22.83 673 20.90 603
30.39 952 28.51 882 26.62 812 24.72 742 22.80 672 20.88 602
30.36 951 28.48 881 26.59 811 24.69 741 22.78 671 20.85 601
30.34 950 28.46 880 26.57 810 24.67 740 22.75 670 20.82 600
30.31 949 28.43 879 26.54 809 24.64 739 22.72 669 20.79 599
30.28 948 28.40 878 26.51 808 24.61 738 22.69 668 20.77 598
30.25 947 28.37 877 26.48 807 24.58 737 22.67 667 20.74 597
30.23 946 28.35 876 26.46 806 24.56 736 22.64 666 20.71 596
30.20 945 28.32 875 26.43 805 24.53 735 22.61 665 20.68 595
30.18 944 28.29 874 26.41 804 24.50 734 22.58 664 20.65 594
30.15 943 28.27 873 26.38 803 24.47 733 22.56 663 20.63 593
30.12 942 28.24 872 26.35 802 24.45 732 22.53 662 20.60 592
30.09 941 28.21 871 26.32 801 24.42 731 22.50 661 20.57 591
30.06 940 28.19 870 26.30 800 24.39 730 22.48 660 20.54 590
30.04 939 28.16 869 26.27 799 24.36 729 22.45 659 20.52 589
30.01 938 28.13 868 26.24 798 24.34 728 22.42 658 20.49 588
29.99 937 28.10 867 26.21 797 24.31 727 22.39 657 20.46 587
29.96 936 28.08 866 26.19 796 24.28 726 22.37 656 20.43 586
29.93 935 28.05 865 26.16 795 24.26 725 22.34 655 20.40 585
29.90 934 28.03 864 26.13 794 24.23 724 22.31 654 20.38 584
29.88 933 28.00 863 26.11 793 24.20 723 22.28 653 20.35 583
29.85 932 27.97 862 26.08 792 24.17 722 22.25 652 20.32 582
29.83 931 27.94 861 26.05 791 24.15 721 22.23 651 20.29 581
29.80 930 27.92 860 26.02 790 24.12 720 22.20 650 20.27 580
29.77 929 27.89 859 26.00 789 24.09 719 22.17 649 20.24 579
29.74 928 27.86 858 25.97 788 24.06 718 22.14 648 20.21 578
29.72 927 27.84 857 25.94 787 24.04 717 22.12 647 20.18 577
29.69 926 27.81 856 25.92 786 24.01 716 22.09 646 20.15 576
29.66 925 27.78 855 25.89 785 23.98 715 22.06 645 20.13 575
29.64 924 27.76 854 25.86 784 23.96 714 22.03 644 20.10 574
29.61 923 27.73 853 25.84 783 23.93 713 22.01 643 20.07 573
29.58 922 27.70 852 25.81 782 23.90 712 21.98 642 20.04 572
29.56 921 27.67 851 25.78 781 23.87 711 21.95 641 20.01 571
29.53 920 27.65 850 25.75 780 23.85 710 21.92 640 19.99 570
29.50 919 27.62 849 25.72 779 23.82 709 21.90 639 19.96 569
29.48 918 27.60 848 25.70 778 23.79 708 21.87 638 19.93 568
29.45 917 27.57 847 25.67 777 23.76 707 21.84 637 19.90 567
29.42 916 27.54 846 25.64 776 23.74 706 21.82 636 19.88 566
29.40 915 27.51 845 25.62 775 23.71 705 21.79 635 19.85 565
29.37 914 27.48 844 25.59 774 23.68 704 21.76 634 19.82 564
29.34 913 27.46 843 25.56 773 23.65 703 21.73 633 19.79 563
29.31 912 27.43 842 25.54 772 23.63 702 21.70 632 19.76 562
29.29 911 27.40 841 25.51 771 23.60 701 21.68 631 19.74 561
19.71 560 17.75 490 15.77 420 13.77 350 11.74 280 9.67 210
19.68 559 17.72 489 15.74 419 13.74 349 11.71 279 9.64 209
19.65 558 17.70 488 15.72 418 13.71 348 11.68 278 9.60 208
19.63 557 17.67 487 15.69 417 13.69 347 11.65 277 9.58 207
19.60 556 17.64 486 15.66 416 13.66 346 11.62 276 9.55 206
19.57 555 17.61 485 15.63 415 13.63 345 11.59 275 9.52 205
19.54 554 17.58 484 15.60 414 13.60 344 11.56 274 9.48 204
19.51 553 17.55 483 15.57 413 13.57 343 11.53 273 9.46 203
19.49 552 17.52 482 15.55 412 13.54 342 11.50 272 9.43 202
19.46 551 17.50 481 15.52 411 13.51 341 11.47 271 9.39 201
19.43 550 17.47 480 15.49 410 13.48 340 11.45 270 9.37 200
19.40 549 17.44 479 15.46 409 13.45 339 11.41 269 9.34 199
19.37 548 17.41 478 15.43 408 13.42 338 11.38 268 9.30 198
19.35 547 17.39 477 15.40 407 13.39 337 11.36 267 9.28 197
19.32 546 17.36 476 15.38 406 13.37 336 11.33 266 9.25 196
19.29 545 17.33 475 15.35 405 13.34 335 11.30 265 9.21 195
19.26 544 17.30 474 15.32 404 13.31 334 11.27 264 9.19 194
19.24 543 17.27 473 15.29 403 13.28 333 11.24 263 9.16 193
19.21 542 17.25 472 15.26 402 13.25 332 11.21 262 9.12 192
19.18 541 17.22 471 15.23 401 13.22 331 11.18 261 9.10 191
19.15 540 17.19 470 15.20 400 13.19 330 11.15 260 9.07 190
19.12 539 17.16 469 15.17 399 13.16 329 11.12 259 9.03 189
19.10 538 17.13 468 15.15 398 13.14 328 11.09 258 9.00 188
19.07 537 17.10 467 15.12 397 13.11 327 11.06 257 8.98 187
19.04 536 17.08 466 15.09 396 13.08 326 11.03 256 8.94 186
19.01 535 17.05 465 15.06 395 13.05 325 11.00 255 8.91 185
18.99 534 17.02 464 15.03 394 13.02 324 10.97 254 8.88 184
18.96 533 16.99 463 15.00 393 12.99 323 10.95 253 8.85 183
18.93 532 16.96 462 14.97 392 12.96 322 10.91 252 8.82 182
18.90 531 16.93 461 14.95 391 12.93 321 10.88 251 8.79 181
18.87 530 16.91 460 14.92 390 12.90 320 10.85 250 8.76 180
18.85 529 16.88 459 14.89 389 12.87 319 10.83 249 8.73 179
18.82 528 16.85 458 14.86 388 12.84 318 10.80 248 8.70 178
18.79 527 16.82 457 14.83 387 12.82 317 10.76 247 8.67 177
18.76 526 16.79 456 14.81 386 12.79 316 10.74 246 8.64 176
18.73 525 16.77 455 14.78 385 12.76 315 10.71 245 8.61 175
18.71 524 16.74 454 14.75 384 12.73 314 10.68 244 8.58 174
18.68 523 16.71 453 14.72 383 12.70 313 10.65 243 8.55 173
18.65 522 16.68 452 14.69 382 12.67 312 10.62 242 8.52 172
18.62 521 16.65 451 14.66 381 12.64 311 10.59 241 8.49 171
18.59 520 16.62 450 14.63 380 12.61 310 10.56 240 8.46 170
18.57 519 16.60 449 14.60 379 12.58 309 10.53 239 8.43 169
18.54 518 16.57 448 14.58 378 12.55 308 10.50 238 8.40 168
18.51 517 16.54 447 14.55 377 12.52 307 10.47 237 8.37 167
18.48 516 16.51 446 14.52 376 12.50 306 10.44 236 8.34 166
18.45 515 16.48 445 14.49 375 12.47 305 10.41 235 8.31 165
18.42 514 16.45 444 14.46 374 12.44 304 10.38 234 8.28 164
18.40 513 16.43 443 14.43 373 12.41 303 10.35 233 8.25 163
18.37 512 16.40 442 14.40 372 12.38 302 10.32 232 8.22 162
18.34 511 16.37 441 14.37 371 12.35 301 10.29 231 8.18 161
18.31 510 16.34 440 14.35 370 12.32 300 10.26 230 8.16 160
18.28 509 16.31 439 14.32 369 12.29 299 10.23 229 8.12 159
18.26 508 16.29 438 14.29 368 12.26 298 10.20 228 8.09 158
18.23 507 16.26 437 14.26 367 12.23 297 10.17 227 8.06 157
18.20 506 16.23 436 14.23 366 12.20 296 10.14 226 8.03 156
18.17 505 16.20 435 14.20 365 12.18 295 10.11 225 8.00 155
18.14 504 16.17 434 14.17 364 12.15 294 10.08 224 7.97 154
18.12 503 16.14 433 14.14 363 12.12 293 10.06 223 7.94 153
18.09 502 16.11 432 14.12 362 12.09 292 10.02 222 7.91 152
18.06 501 16.09 431 14.09 361 12.06 291 9.99 221 7.88 151
18.03 500 16.06 430 14.06 360 12.03 290 9.96 220 7.85 150
18.00 499 16.03 429 14.03 359 12.00 289 9.94 219 7.82 149
17.98 498 16.00 428 14.00 358 11.97 288 9.90 218 7.79 148
17.95 497 15.97 427 13.97 357 11.94 287 9.87 217 7.76 147
17.92 496 15.95 426 13.94 356 11.91 286 9.85 216 7.73 146
17.89 495 15.92 425 13.92 355 11.88 285 9.82 215 7.70 145
17.87 494 15.89 424 13.89 354 11.86 284 9.78 214 7.66 144
17.84 493 15.86 423 13.86 353 11.83 283 9.76 213 7.63 143
17.81 492 15.83 422 13.83 352 11.79 282 9.73 212 7.60 142
17.78 491 15.80 421 13.80 351 11.77 281 9.69 211 7.57 141
7.54 140 6.80 116 6.04 92 5.27 68 4.48 44 3.65 20
7.51 139 6.77 115 6.01 91 5.24 67 4.44 43 3.61 19
7.48 138 6.73 114 5.98 90 5.20 66 4.41 42 3.58 18
7.45 137 6.70 113 5.94 89 5.17 65 4.37 41 3.54 17
7.42 136 6.67 112 5.91 88 5.14 64 4.34 40 3.50 16
7.39 135 6.64 111 5.88 87 5.10 63 4.31 39 3.47 15
7.36 134 6.61 110 5.85 86 5.07 62 4.27 38 3.43 14
7.32 133 6.58 109 5.82 85 5.04 61 4.24 37 3.39 13
7.29 132 6.54 108 5.78 84 5.01 60 4.21 36 3.36 12
7.26 131 6.51 107 5.75 83 4.97 59 4.17 35 3.32 11
7.23 130 6.48 106 5.72 82 4.94 58 4.14 34 3.28 10
7.20 129 6.45 105 5.69 81 4.91 57 4.10 33 3.25 9
7.17 128 6.42 104 5.66 80 4.87 56 4.07 32 3.21 8
7.14 127 6.39 103 5.62 79 4.84 55 4.03 31 3.17 7
7.11 126 6.35 102 5.59 78 4.81 54 4.00 30 3.13 6
7.08 125 6.33 101 5.56 77 4.78 53 3.96 29 3.09 5
7.04 124 6.29 100 5.53 76 4.74 52 3.93 28 3.05 4
7.02 123 6.26 99 5.49 75 4.71 51 3.89 27 3.01 3
6.98 122 6.23 98 5.46 74 4.68 50 3.86 26 2.97 2
6.95 121 6.20 97 5.43 73 4.64 49 3.82 25 2.93 1
6.92 120 6.17 96 5.40 72 4.61 48 3.79 24
6.89 119 6.13 95 5.37 71 4.57 47 3.75 23
6.86 118 6.10 94 5.33 70 4.54 46 3.72 22
6.83 117 6.07 93 5.30 69 4.51 45 3.68 21
