35.30 1400 33.78 1330 32.25 1260 30.71 1190 29.16 1120 27.61 1050
35.28 1399 33.76 1329 32.23 1259 30.68 1189 29.14 1119 27.59 1049
35.26 1398 33.74 1328 32.20 1258 30.66 1188 29.12 1118 27.57 1048
35.24 1397 33.71 1327 32.18 1257 30.64 1187 29.10 1117 27.54 1047
35.22 1396 33.69 1326 32.16 1256 30.62 1186 29.07 1116 27.52 1046
35.19 1395 33.67 1325 32.14 1255 30.60 1185 29.05 1115 27.50 1045
35.17 1394 33.65 1324 32.12 1254 30.57 1184 29.03 1114 27.48 1044
35.15 1393 33.63 1323 32.09 1253 30.55 1183 29.01 1113 27.45 1043
35.13 1392 33.60 1322 32.07 1252 30.53 1182 28.99 1112 27.43 1042
35.11 1391 33.58 1321 32.05 1251 30.51 1181 28.96 1111 27.41 1041
35.08 1390 33.56 1320 32.03 1250 30.49 1180 28.94 1110 27.39 1040
35.06 1389 33.54 1319 32.01 1249 30.46 1179 28.92 1109 27.37 1039
35.04 1388 33.52 1318 31.98 1248 30.44 1178 28.90 1108 27.34 1038
35.02 1387 33.50 1317 31.96 1247 30.42 1177 28.88 1107 27.32 1037
35.00 1386 33.47 1316 31.94 1246 30.40 1176 28.85 1106 27.30 1036
34.98 1385 33.45 1315 31.92 1245 30.38 1175 28.83 1105 27.28 1035
34.95 1384 33.43 1314 31.90 1244 30.35 1174 28.81 1104 27.26 1034
34.93 1383 33.41 1313 31.87 1243 30.33 1173 28.79 1103 27.23 1033
34.91 1382 33.39 1312 31.85 1242 30.31 1172 28.77 1102 27.21 1032
34.89 1381 33.36 1311 31.83 1241 30.29 1171 28.74 1101 27.19 1031
34.87 1380 33.34 1310 31.81 1240 30.27 1170 28.72 1100 27.17 1030
34.85 1379 33.32 1309 31.79 1239 30.24 1169 28.70 1099 27.15 1029
34.82 1378 33.30 1308 31.76 1238 30.22 1168 28.68 1098 27.12 1028
34.80 1377 33.28 1307 31.74 1237 30.20 1167 28.65 1097 27.10 1027
34.78 1376 33.25 1306 31.72 1236 30.18 1166 28.63 1096 27.08 1026
34.76 1375 33.23 1305 31.70 1235 30.16 1165 28.61 1095 27.06 1025
34.74 1374 33.21 1304 31.68 1234 30.14 1164 28.59 1094 27.03 1024
34.72 1373 33.19 1303 31.65 1233 30.11 1163 28.57 1093 27.01 1023
34.69 1372 33.17 1302 31.63 1232 30.09 1162 28.54 1092 26.99 1022
34.67 1371 33.14 1301 31.61 1231 30.07 1161 28.52 1091 26.97 1021
34.65 1370 33.12 1300 31.59 1230 30.05 1160 28.50 1090 26.94 1020
34.63 1369 33.10 1299 31.57 1229 30.03 1159 28.48 1089 26.92 1019
34.61 1368 33.08 1298 31.54 1228 30.00 1158 28.45 1088 26.90 1018
34.59 1367 33.06 1297 31.52 1227 29.98 1157 28.43 1087 26.88 1017
34.56 1366 33.04 1296 31.50 1226 29.96 1156 28.41 1086 26.85 1016
34.54 1365 33.01 1295 31.48 1225 29.94 1155 28.39 1085 26.83 1015
34.52 1364 32.99 1294 31.46 1224 29.92 1154 28.37 1084 26.81 1014
34.50 1363 32.97 1293 31.43 1223 29.89 1153 28.34 1083 26.79 1013
34.48 1362 32.95 1292 31.41 1222 29.87 1152 28.32 1082 26.76 1012
34.45 1361 32.93 1291 31.39 1221 29.85 1151 28.30 1081 26.74 1011
34.43 1360 32.90 1290 31.37 1220 29.83 1150 28.28 1080 26.72 1010
34.41 1359 32.88 1289 31.35 1219 29.81 1149 28.25 1079 26.70 1009
34.39 1358 32.86 1288 31.32 1218 29.78 1148 28.23 1078 26.68 1008
34.37 1357 32.84 1287 31.30 1217 29.76 1147 28.21 1077 26.65 1007
34.35 1356 32.82 1286 31.28 1216 29.74 1146 28.19 1076 26.63 1006
34.32 1355 32.79 1285 31.26 1215 29.72 1145 28.17 1075 26.61 1005
34.30 1354 32.77 1284 31.24 1214 29.69 1144 28.14 1074 26.59 1004
34.28 1353 32.75 1283 31.21 1213 29.67 1143 28.12 1073 26.57 1003
34.26 1352 32.73 1282 31.19 1212 29.65 1142 28.10 1072 26.54 1002
34.24 1351 32.71 1281 31.17 1211 29.63 1141 28.08 1071 26.52 1001
34.22 1350 32.69 1280 31.15 1210 29.61 1140 28.06 1070 26.50 1000
34.19 1349 32.66 1279 31.13 1209 29.58 1139 28.03 1069 26.48 999
34.17 1348 32.64 1278 31.10 1208 29.56 1138 28.01 1068 26.45 998
34.15 1347 32.62 1277 31.08 1207 29.54 1137 27.99 1067 26.43 997
34.13 1346 32.60 1276 31.06 1206 29.52 1136 27.97 1066 26.41 996
34.11 1345 32.58 1275 31.04 1205 29.49 1135 27.95 1065 26.39 995
34.08 1344 32.55 1274 31.02 1204 29.47 1134 27.92 1064 26.36 994
34.06 1343 32.53 1273 30.99 1203 29.45 1133 27.90 1063 26.34 993
34.04 1342 32.51 1272 30.97 1202 29.43 1132 27.88 1062 26.32 992
34.02 1341 32.49 1271 30.95 1201 29.41 1131 27.86 1061 26.30 991
34.00 1340 32.47 1270 30.93 1200 29.38 1130 27.83 1060 26.27 990
33.98 1339 32.44 1269 30.91 1199 29.36 1129 27.81 1059 26.25 989
33.95 1338 32.42 1268 30.88 1198 29.34 1128 27.79 1058 26.23 988
33.93 1337 32.40 1267 30.86 1197 29.32 1127 27.77 1057 26.21 987
33.91 1336 32.38 1266 30.84 1196 29.29 1126 27.74 1056 26.18 986
33.89 1335 32.36 1265 30.82 1195 29.27 1125 27.72 1055 26.16 985
33.87 1334 32.34 1264 30.80 1194 29.25 1124 27.70 1054 26.14 984
33.84 1333 32.31 1263 30.77 1193 29.23 1123 27.68 1053 26.12 983
33.82 1332 32.29 1262 30.75 1192 29.21 1122 27.66 1052 26.10 982
33.80 1331 32.27 1261 30.73 1191 29.18 1121 27.63 1051 26.07 981
26.05 980 24.48 910 22.91 840 21.32 770 19.72 700 18.11 630
26.03 979 24.46 909 22.88 839 21.30 769 19.70 699 18.09 629
26.01 978 24.44 908 22.86 838 21.27 768 19.68 698 18.07 628
25.99 977 24.42 907 22.84 837 21.25 767 19.65 697 18.04 627
25.96 976 24.39 906 22.82 836 21.23 766 19.63 696 18.02 626
25.94 975 24.37 905 22.79 835 21.20 765 19.61 695 18.00 625
25.92 974 24.35 904 22.77 834 21.18 764 19.58 694 17.98 624
25.90 973 24.33 903 22.75 833 21.16 763 19.56 693 17.95 623
25.87 972 24.30 902 22.73 832 21.14 762 19.54 692 17.93 622
25.85 971 24.28 901 22.70 831 21.12 761 19.52 691 17.91 621
25.83 970 24.26 900 22.68 830 21.09 760 19.49 690 17.88 620
25.81 969 24.24 899 22.66 829 21.07 759 19.47 689 17.86 619
25.78 968 24.21 898 22.64 828 21.05 758 19.45 688 17.84 618
25.76 967 24.19 897 22.61 827 21.02 757 19.42 687 17.81 617
25.74 966 24.17 896 22.59 826 21.00 756 19.40 686 17.79 616
25.72 965 24.15 895 22.57 825 20.98 755 19.38 685 17.77 615
25.69 964 24.13 894 22.54 824 20.96 754 19.35 684 17.75 614
25.67 963 24.10 893 22.52 823 20.93 753 19.33 683 17.72 613
25.65 962 24.08 892 22.50 822 20.91 752 19.31 682 17.70 612
25.63 961 24.06 891 22.48 821 20.89 751 19.29 681 17.67 611
25.60 960 24.03 890 22.45 820 20.87 750 19.27 680 17.65 610
25.58 959 24.01 889 22.43 819 20.84 749 19.24 679 17.63 609
25.56 958 23.99 888 22.41 818 20.82 748 19.22 678 17.60 608
25.54 957 23.97 887 22.39 817 20.80 747 19.20 677 17.58 607
25.52 956 23.94 886 22.36 816 20.77 746 19.17 676 17.56 606
25.49 955 23.92 885 22.34 815 20.75 745 19.15 675 17.54 605
25.47 954 23.90 884 22.32 814 20.73 744 19.13 674 17.51 604
25.45 953 23.87 883 22.30 813 20.70 743 19.10 673 17.49 603
25.43 952 23.85 882 22.27 812 20.68 742 19.08 672 17.47 602
25.40 951 23.83 881 22.25 811 20.66 741 19.06 671 17.44 601
25.38 950 23.81 880 22.23 810 20.64 740 19.04 670 17.42 600
25.36 949 23.79 879 22.21 809 20.61 739 19.01 669 17.40 599
25.34 948 23.77 878 22.18 808 20.59 738 18.99 668 17.37 598
25.31 947 23.74 877 22.16 807 20.57 737 18.97 667 17.35 597
25.29 946 23.72 876 22.14 806 20.55 736 18.94 666 17.33 596
25.27 945 23.70 875 22.11 805 20.52 735 18.92 665 17.30 595
25.25 944 23.67 874 22.09 804 20.50 734 18.90 664 17.28 594
25.22 943 23.65 873 22.07 803 20.48 733 18.87 663 17.26 593
25.20 942 23.63 872 22.05 802 20.45 732 18.85 662 17.23 592
25.18 941 23.61 871 22.03 801 20.43 731 18.83 661 17.21 591
25.16 940 23.58 870 22.00 800 20.41 730 18.81 660 17.19 590
25.13 939 23.56 869 21.98 799 20.38 729 18.78 659 17.17 589
25.11 938 23.54 868 21.96 798 20.36 728 18.76 658 17.14 588
25.09 937 23.51 867 21.93 797 20.34 727 18.74 657 17.12 587
25.07 936 23.49 866 21.91 796 20.32 726 18.71 656 17.10 586
25.05 935 23.47 865 21.89 795 20.30 725 18.69 655 17.07 585
25.02 934 23.45 864 21.86 794 20.27 724 18.67 654 17.05 584
25.00 933 23.43 863 21.84 793 20.25 723 18.64 653 17.02 583
24.98 932 23.40 862 21.82 792 20.23 722 18.62 652 17.00 582
24.96 931 23.38 861 21.80 791 20.20 721 18.60 651 16.98 581
24.93 930 23.36 860 21.77 790 20.18 720 18.58 650 16.96 580
24.91 929 23.34 859 21.75 789 20.16 719 18.55 649 16.93 579
24.89 928 23.31 858 21.73 788 20.13 718 18.53 648 16.91 578
24.87 927 23.29 857 21.71 787 20.11 717 18.50 647 16.89 577
24.84 926 23.27 856 21.69 786 20.09 716 18.48 646 16.86 576
24.82 925 23.25 855 21.66 785 20.07 715 18.46 645 16.84 575
24.80 924 23.22 854 21.64 784 20.04 714 18.44 644 16.82 574
24.77 923 23.20 853 21.62 783 20.02 713 18.41 643 16.79 573
24.75 922 23.18 852 21.59 782 20.00 712 18.39 642 16.77 572
24.73 921 23.15 851 21.57 781 19.98 711 18.37 641 16.75 571
24.71 920 23.13 850 21.55 780 19.95 710 18.34 640 16.72 570
24.68 919 23.11 849 21.52 779 19.93 709 18.32 639 16.70 569
24.66 918 23.09 848 21.50 778 19.91 708 18.30 638 16.68 568
24.64 917 23.07 847 21.48 777 19.88 707 18.27 637 16.65 567
24.62 916 23.04 846 21.46 776 19.86 706 18.25 636 16.63 566
24.60 915 23.02 845 21.43 775 19.84 705 18.23 635 16.61 565
24.58 914 23.00 844 21.41 774 19.81 704 18.21 634 16.59 564
24.55 913 22.98 843 21.39 773 19.79 703 18.18 633 16.56 563
24.53 912 22.95 842 21.37 772 19.77 702 18.16 632 16.54 562
24.51 911 22.93 841 21.34 771 19.75 701 18.14 631 16.51 561
16.49 560 14.85 490 13.20 420 11.52 350 9.82 280 8.09 210
16.47 559 14.83 489 13.17 419 11.50 349 9.80 279 8.06 209
16.44 558 14.81 488 13.15 418 11.47 348 9.77 278 8.04 208
16.42 557 14.78 487 13.13 417 11.45 347 9.75 277 8.01 207
16.40 556 14.76 486 13.10 416 11.43 346 9.72 276 7.99 206
16.38 555 14.74 485 13.08 415 11.40 345 9.70 275 7.96 205
16.35 554 14.71 484 13.05 414 11.38 344 9.67 274 7.94 204
16.33 553 14.69 483 13.03 413 11.35 343 9.65 273 7.91 203
16.30 552 14.66 482 13.01 412 11.33 342 9.63 272 7.89 202
16.28 551 14.64 481 12.99 411 11.30 341 9.60 271 7.86 201
16.26 550 14.62 480 12.96 410 11.28 340 9.58 270 7.84 200
16.24 549 14.59 479 12.94 409 11.26 339 9.55 269 7.81 199
16.21 548 14.57 478 12.91 408 11.23 338 9.53 268 7.79 198
16.19 547 14.55 477 12.89 407 11.21 337 9.50 267 7.76 197
16.16 546 14.52 476 12.86 406 11.18 336 9.48 266 7.74 196
16.14 545 14.50 475 12.84 405 11.16 335 9.45 265 7.71 195
16.12 544 14.48 474 12.82 404 11.14 334 9.43 264 7.69 194
16.09 543 14.45 473 12.79 403 11.11 333 9.40 263 7.66 193
16.07 542 14.43 472 12.77 402 11.09 332 9.38 262 7.63 192
16.05 541 14.41 471 12.74 401 11.06 331 9.35 261 7.61 191
16.03 540 14.38 470 12.72 400 11.04 330 9.33 260 7.59 190
16.00 539 14.36 469 12.70 399 11.02 329 9.31 259 7.56 189
15.98 538 14.33 468 12.67 398 10.99 328 9.28 258 7.53 188
15.95 537 14.31 467 12.65 397 10.97 327 9.25 257 7.51 187
15.93 536 14.29 466 12.62 396 10.94 326 9.23 256 7.48 186
15.91 535 14.27 465 12.60 395 10.92 325 9.21 255 7.46 185
15.89 534 14.24 464 12.58 394 10.89 324 9.18 254 7.43 184
15.86 533 14.22 463 12.55 393 10.87 323 9.16 253 7.41 183
15.84 532 14.19 462 12.53 392 10.84 322 9.13 252 7.38 182
15.81 531 14.17 461 12.51 391 10.82 321 9.11 251 7.36 181
15.79 530 14.15 460 12.48 390 10.80 320 9.08 250 7.33 180
15.77 529 14.12 459 12.46 389 10.77 319 9.06 249 7.31 179
15.74 528 14.10 458 12.44 388 10.75 318 9.03 248 7.28 178
15.72 527 14.08 457 12.41 387 10.72 317 9.01 247 7.26 177
15.70 526 14.05 456 12.39 386 10.70 316 8.98 246 7.23 176
15.67 525 14.03 455 12.36 385 10.68 315 8.96 245 7.21 175
15.65 524 14.00 454 12.34 384 10.65 314 8.94 244 7.18 174
15.63 523 13.98 453 12.32 383 10.63 313 8.91 243 7.15 173
15.60 522 13.96 452 12.29 382 10.60 312 8.88 242 7.13 172
15.58 521 13.93 451 12.27 381 10.58 311 8.86 241 7.10 171
15.56 520 13.91 450 12.24 380 10.56 310 8.84 240 7.08 170
15.54 519 13.89 449 12.22 379 10.53 309 8.81 239 7.05 169
15.51 518 13.86 448 12.20 378 10.50 308 8.78 238 7.03 168
15.49 517 13.84 447 12.17 377 10.48 307 8.76 237 7.00 167
15.46 516 13.82 446 12.15 376 10.46 306 8.74 236 6.98 166
15.44 515 13.79 445 12.12 375 10.43 305 8.71 235 6.95 165
15.41 514 13.77 444 12.10 374 10.41 304 8.68 234 6.93 164
15.39 513 13.74 443 12.08 373 10.38 303 8.66 233 6.90 163
15.37 512 13.72 442 12.05 372 10.36 302 8.64 232 6.88 162
15.35 511 13.70 441 12.03 371 10.34 301 8.61 231 6.85 161
15.32 510 13.67 440 12.00 370 10.31 300 8.59 230 6.82 160
15.30 509 13.65 439 11.98 369 10.28 299 8.56 229 6.80 159
15.27 508 13.63 438 11.96 368 10.26 298 8.54 228 6.77 158
15.25 507 13.60 437 11.93 367 10.24 297 8.51 227 6.75 157
15.23 506 13.58 436 11.91 366 10.21 296 8.49 226 6.72 156
15.21 505 13.55 435 11.88 365 10.19 295 8.46 225 6.70 155
15.18 504 13.53 434 11.86 364 10.16 294 8.44 224 6.67 154
15.16 503 13.51 433 11.84 363 10.14 293 8.41 223 6.65 153
15.13 502 13.48 432 11.81 362 10.12 292 8.39 222 6.62 152
15.11 501 13.46 431 11.79 361 10.09 291 8.36 221 6.59 151
15.09 500 13.43 430 11.76 360 10.06 290 8.34 220 6.57 150
15.06 499 13.41 429 11.74 359 10.04 289 8.31 219 6.54 149
15.04 498 13.39 428 11.72 358 10.02 288 8.29 218 6.52 148
15.02 497 13.37 427 11.69 357 9.99 287 8.26 217 6.49 147
14.99 496 13.34 426 11.67 356 9.97 286 8.24 216 6.46 146
14.97 495 13.32 425 11.64 355 9.94 285 8.21 215 6.44 145
14.95 494 13.29 424 11.62 354 9.92 284 8.19 214 6.41 144
14.92 493 13.27 423 11.60 353 9.90 283 8.16 213 6.39 143
14.90 492 13.25 422 11.57 352 9.87 282 8.14 212 6.36 142
14.88 491 13.22 421 11.55 351 9.84 281 8.11 211 6.34 141
6.31 140 5.69 116 5.05 92 4.41 68 3.75 44 3.05 20
6.29 139 5.66 115 5.03 91 4.38 67 3.72 43 3.02 19
6.26 138 5.63 114 5.00 90 4.35 66 3.69 42 2.99 18
6.23 137 5.61 113 4.97 89 4.33 65 3.66 41 2.96 17
6.21 136 5.58 112 4.95 88 4.30 64 3.63 40 2.93 16
6.18 135 5.55 111 4.92 87 4.27 63 3.61 39 2.90 15
6.16 134 5.53 110 4.89 86 4.24 62 3.57 38 2.87 14
6.13 133 5.50 109 4.87 85 4.22 61 3.55 37 2.84 13
6.10 132 5.48 108 4.84 84 4.19 60 3.52 36 2.81 12
6.08 131 5.45 107 4.81 83 4.16 59 3.49 35 2.78 11
6.05 130 5.42 106 4.79 82 4.13 58 3.46 34 2.75 10
6.02 129 5.40 105 4.76 81 4.11 57 3.43 33 2.72 9
6.00 128 5.37 104 4.73 80 4.08 56 3.40 32 2.69 8
5.97 127 5.35 103 4.71 79 4.05 55 3.38 31 2.65 7
5.95 126 5.32 102 4.68 78 4.02 54 3.35 30 2.62 6
5.92 125 5.29 101 4.65 77 4.00 53 3.32 29 2.59 5
5.89 124 5.27 100 4.62 76 3.97 52 3.29 28 2.56 4
5.87 123 5.24 99 4.60 75 3.94 51 3.26 27 2.52 3
5.84 122 5.21 98 4.57 74 3.91 50 3.23 26 2.49 2
5.82 121 5.19 97 4.54 73 3.89 49 3.20 25 2.45 1
5.79 120 5.16 96 4.52 72 3.86 48 3.17 24
5.76 119 5.13 95 4.49 71 3.83 47 3.14 23
5.74 118 5.11 94 4.46 70 3.80 46 3.11 22
5.71 117 5.08 93 4.44 69 3.77 45 3.08 21
