102.85 1400
102.79 1399
102.72 1398
102.66 1397
102.60 1396
102.53 1395
102.47 1394
102.41 1393
102.34 1392
102.28 1391
102.21 1390
102.15 1389
102.09 1388
102.02 1387
101.96 1386
101.90 1385
101.83 1384
101.77 1383
101.71 1382
101.64 1381
101.58 1380
101.52 1379
101.45 1378
101.39 1377
101.33 1376
101.26 1375
101.20 1374
101.14 1373
101.07 1372
101.01 1371
100.95 1370
100.88 1369
100.82 1368
100.76 1367
100.69 1366
100.63 1365
100.56 1364
100.50 1363
100.44 1362
100.37 1361
100.31 1360
100.25 1359
100.18 1358
100.12 1357
100.06 1356
99.99 1355
99.93 1354
99.87 1353
99.80 1352
99.74 1351

99.68 1350
99.61 1349
99.55 1348
99.48 1347
99.42 1346
99.36 1345
99.29 1344
99.23 1343
99.17 1342
99.10 1341
99.04 1340
98.98 1339
98.91 1338
98.85 1337
98.79 1336
98.72 1335
98.66 1334
98.59 1333
98.53 1332
98.47 1331
98.40 1330
98.34 1329
98.28 1328
98.21 1327
98.15 1326
98.09 1325
98.02 1324
97.96 1323
97.89 1322
97.83 1321
97.77 1320
97.70 1319
97.64 1318
97.58 1317
97.51 1316
97.45 1315
97.38 1314
97.32 1313
97.26 1312
97.19 1311
97.13 1310
97.07 1309
97.00 1308
96.94 1307
96.88 1306
96.81 1305
96.75 1304
96.68 1303
96.62 1302
96.56 1301

96.49 1300
96.43 1299
96.37 1298
96.30 1297
96.24 1296
96.17 1295
96.11 1294
96.05 1293
95.98 1292
95.92 1291
95.86 1290
95.79 1289
95.73 1288
95.66 1287
95.60 1286
95.54 1285
95.47 1284
95.41 1283
95.35 1282
95.28 1281
95.22 1280
95.15 1279
95.09 1278
95.03 1277
94.96 1276
94.90 1275
94.83 1274
94.77 1273
94.71 1272
94.64 1271
94.58 1270
94.52 1269
94.45 1268
94.39 1267
94.32 1266
94.26 1265
94.20 1264
94.13 1263
94.07 1262
94.00 1261
93.94 1260
93.88 1259
93.81 1258
93.75 1257
93.68 1256
93.62 1255
93.56 1254
93.49 1253
93.43 1252
93.37 1251

93.30 1250
93.24 1249
93.17 1248
93.11 1247
93.05 1246
92.98 1245
92.92 1244
92.85 1243
92.79 1242
92.73 1241
92.66 1240
92.60 1239
92.53 1238
92.47 1237
92.41 1236
92.34 1235
92.28 1234
92.21 1233
92.15 1232
92.09 1231
92.02 1230
91.96 1229
91.89 1228
91.83 1227
91.77 1226
91.70 1225
91.64 1224
91.57 1223
91.51 1222
91.45 1221
91.38 1220
91.32 1219
91.25 1218
91.19 1217
91.13 1216
91.06 1215
91.00 1214
90.93 1213
90.87 1212
90.81 1211
90.74 1210
90.68 1209
90.61 1208
90.55 1207
90.49 1206
90.42 1205
90.36 1204
90.29 1203
90.23 1202
90.16 1201

90.10 1200
90.04 1199
89.97 1198
89.91 1197
89.84 1196
89.78 1195
89.72 1194
89.65 1193
89.59 1192
89.52 1191
89.46 1190
89.39 1189
89.33 1188
89.27 1187
89.20 1186
89.14 1185
89.07 1184
89.01 1183
88.95 1182
88.88 1181
88.82 1180
88.75 1179
88.69 1178
88.62 1177
88.56 1176
88.50 1175
88.43 1174
88.37 1173
88.30 1172
88.24 1171
88.18 1170
88.11 1169
88.05 1168
87.98 1167
87.92 1166
87.85 1165
87.79 1164
87.73 1163
87.66 1162
87.60 1161
87.53 1160
87.47 1159
87.40 1158
87.34 1157
87.28 1156
87.21 1155
87.15 1154
87.08 1153
87.02 1152
86.95 1151
86.89 1150
86.83 1149
86.76 1148
86.70 1147
86.63 1146
86.57 1145
86.50 1144
86.44 1143
86.37 1142
86.31 1141
86.25 1140
86.18 1139
86.12 1138
86.05 1137
85.99 1136
85.92 1135
85.86 1134
85.80 1133
85.73 1132
85.67 1131
85.60 1130
85.54 1129
85.47 1128
85.41 1127
85.34 1126
85.28 1125
85.22 1124
85.15 1123
85.09 1122
85.02 1121
84.96 1120
84.89 1119
84.83 1118
84.76 1117
84.70 1116
84.64 1115
84.57 1114
84.51 1113
84.44 1112
84.38 1111
84.31 1110
84.25 1109
84.18 1108
84.12 1107
84.06 1106
83.99 1105
83.93 1104
83.86 1103
83.80 1102
83.73 1101

83.67 1100
83.60 1099
83.54 1098
83.47 1097
83.41 1096
83.35 1095
83.28 1094
83.22 1093
83.15 1092
83.09 1091
83.02 1090
82.96 1089
82.89 1088
82.83 1087
82.76 1086
82.70 1085
82.64 1084
82.57 1083
82.51 1082
82.44 1081
82.38 1080
82.31 1079
82.25 1078
82.18 1077
82.12 1076
82.05 1075
81.99 1074
81.92 1073
81.86 1072
81.80 1071
81.73 1070
81.67 1069
81.60 1068
81.54 1067
81.47 1066
81.41 1065
81.34 1064
81.28 1063
81.21 1062
81.15 1061
81.08 1060
81.02 1059
80.95 1058
80.89 1057
80.82 1056
80.76 1055
80.70 1054
80.63 1053
80.57 1052
80.50 1051

80.44 1050
80.37 1049
80.31 1048
80.24 1047
80.18 1046
80.11 1045
80.05 1044
79.98 1043
79.92 1042
79.85 1041
79.79 1040
79.72 1039
79.66 1038
79.59 1037
79.53 1036
79.46 1035
79.40 1034
79.33 1033
79.27 1032
79.21 1031
79.14 1030
79.08 1029
79.01 1028
78.95 1027
78.88 1026
78.82 1025
78.75 1024
78.69 1023
78.62 1022
78.56 1021
78.49 1020
78.43 1019
78.36 1018
78.30 1017
78.23 1016
78.17 1015
78.10 1014
78.04 1013
77.97 1012
77.91 1011
77.84 1010
77.78 1009
77.71 1008
77.65 1007
77.58 1006
77.52 1005
77.45 1004
77.39 1003
77.32 1002
77.26 1001

77.19 1000
77.13 999
77.06 998
77.00 997
76.93 996
76.87 995
76.80 994
76.74 993
76.67 992
76.61 991
76.54 990
76.48 989
76.41 988
76.35 987
76.28 986
76.22 985
76.15 984
76.09 983
76.02 982
75.96 981
75.89 980
75.83 979
75.76 978
75.70 977
75.63 976
75.57 975
75.50 974
75.44 973
75.37 972
75.31 971
75.24 970
75.18 969
75.11 968
75.05 967
74.98 966
74.92 965
74.85 964
74.78 963
74.72 962
74.65 961
74.59 960
74.52 959
74.46 958
74.39 957
74.33 956
74.26 955
74.20 954
74.13 953
74.07 952
74.00 951

73.94 950
73.87 949
73.81 948
73.74 947
73.68 946
73.61 945
73.55 944
73.48 943
73.42 942
73.35 941
73.28 940
73.22 939
73.15 938
73.09 937
73.02 936
72.96 935
72.89 934
72.83 933
72.76 932
72.70 931
72.63 930
72.57 929
72.50 928
72.44 927
72.37 926
72.30 925
72.24 924
72.17 923
72.11 922
72.04 921
71.98 920
71.91 919
71.85 918
71.78 917
71.72 916
71.65 915
71.59 914
71.52 913
71.45 912
71.39 911
71.32 910
71.26 909
71.19 908
71.13 907
71.06 906
71.00 905
70.93 904
70.87 903
70.80 902
70.73 901
70.67 900
70.60 899
70.54 898
70.47 897
70.41 896
70.34 895
70.28 894
70.21 893
70.14 892
70.08 891
70.01 890
69.95 889
69.88 888
69.82 887
69.75 886
69.69 885
69.62 884
69.55 883
69.49 882
69.42 881
69.36 880
69.29 879
69.23 878
69.16 877
69.10 876
69.03 875
68.96 874
68.90 873
68.83 872
68.77 871
68.70 870
68.64 869
68.57 868
68.50 867
68.44 866
68.37 865
68.31 864
68.24 863
68.18 862
68.11 861
68.04 860
67.98 859
67.91 858
67.85 857
67.78 856
67.72 855
67.65 854
67.58 853
67.52 852
67.45 851

67.39 850
67.32 849
67.26 848
67.19 847
67.12 846
67.06 845
66.99 844
66.93 843
66.86 842
66.79 841
66.73 840
66.66 839
66.60 838
66.53 837
66.47 836
66.40 835
66.33 834
66.27 833
66.20 832
66.14 831
66.07 830
66.00 829
65.94 828
65.87 827
65.81 826
65.74 825
65.67 824
65.61 823
65.54 822
65.48 821
65.41 820
65.35 819
65.28 818
65.21 817
65.15 816
65.08 815
65.02 814
64.95 813
64.88 812
64.82 811
64.75 810
64.69 809
64.62 808
64.55 807
64.49 806
64.42 805
64.36 804
64.29 803
64.22 802
64.16 801

64.09 800
64.02 799
63.96 798
63.89 797
63.83 796
63.76 795
63.69 794
63.63 793
63.56 792
63.50 791
63.43 790
63.36 789
63.30 788
63.23 787
63.17 786
63.10 785
63.03 784
62.97 783
62.90 782
62.83 781
62.77 780
62.70 779
62.64 778
62.57 777
62.50 776
62.44 775
62.37 774
62.30 773
62.24 772
62.17 771
62.11 770
62.04 769
61.97 768
61.91 767
61.84 766
61.77 765
61.71 764
61.64 763
61.58 762
61.51 761
61.44 760
61.38 759
61.31 758
61.24 757
61.18 756
61.11 755
61.05 754
60.98 753
60.91 752
60.85 751

60.78 750
60.71 749
60.65 748
60.58 747
60.51 746
60.45 745
60.38 744
60.31 743
60.25 742
60.18 741
60.12 740
60.05 739
59.98 738
59.92 737
59.85 736
59.78 735
59.72 734
59.65 733
59.58 732
59.52 731
59.45 730
59.38 729
59.32 728
59.25 727
59.18 726
59.12 725
59.05 724
58.98 723
58.92 722
58.85 721
58.78 720
58.72 719
58.65 718
58.59 717
58.52 716
58.45 715
58.39 714
58.32 713
58.25 712
58.19 711
58.12 710
58.05 709
57.99 708
57.92 707
57.85 706
57.79 705
57.72 704
57.65 703
57.59 702
57.52 701

57.45 700
57.39 699
57.32 698
57.25 697
57.18 696
57.12 695
57.05 694
56.98 693
56.92 692
56.85 691
56.78 690
56.72 689
56.65 688
56.58 687
56.52 686
56.45 685
56.38 684
56.32 683
56.25 682
56.18 681
56.12 680
56.05 679
55.98 678
55.92 677
55.85 676
55.78 675
55.71 674
55.65 673
55.58 672
55.51 671
55.45 670
55.38 669
55.31 668
55.25 667
55.18 666
55.11 665
55.04 664
54.98 663
54.91 662
54.84 661
54.78 660
54.71 659
54.64 658
54.58 657
54.51 656
54.44 655
54.37 654
54.31 653
54.24 652
54.17 651
54.11 650
54.04 649
53.97 648
53.90 647
53.84 646
53.77 645
53.70 644
53.64 643
53.57 642
53.50 641
53.43 640
53.37 639
53.30 638
53.23 637
53.17 636
53.10 635
53.03 634
52.96 633
52.90 632
52.83 631
52.76 630
52.70 629
52.63 628
52.56 627
52.49 626
52.43 625
52.36 624
52.29 623
52.22 622
52.16 621
52.09 620
52.02 619
51.96 618
51.89 617
51.82 616
51.75 615
51.69 614
51.62 613
51.55 612
51.48 611
51.42 610
51.35 609
51.28 608
51.21 607
51.15 606
51.08 605
51.01 604
50.94 603
50.88 602
50.81 601

50.74 600
50.67 599
50.61 598
50.54 597
50.47 596
50.40 595
50.34 594
50.27 593
50.20 592
50.13 591
50.07 590
50.00 589
49.93 588
49.86 587
49.80 586
49.73 585
49.66 584
49.59 583
49.53 582
49.46 581
49.39 580
49.32 579
49.25 578
49.19 577
49.12 576
49.05 575
48.98 574
48.92 573
48.85 572
48.78 571
48.71 570
48.65 569
48.58 568
48.51 567
48.44 566
48.37 565
48.31 564
48.24 563
48.17 562
48.10 561
48.04 560
47.97 559
47.90 558
47.83 557
47.76 556
47.70 555
47.63 554
47.56 553
47.49 552
47.42 551

47.36 550
47.29 549
47.22 548
47.15 547
47.08 546
47.02 545
46.95 544
46.88 543
46.81 542
46.74 541
46.68 540
46.61 539
46.54 538
46.47 537
46.40 536
46.34 535
46.27 534
46.20 533
46.13 532
46.06 531
46.00 530
45.93 529
45.86 528
45.79 527
45.72 526
45.65 525
45.59 524
45.52 523
45.45 522
45.38 521
45.31 520
45.25 519
45.18 518
45.11 517
45.04 516
44.97 515
44.90 514
44.84 513
44.77 512
44.70 511
44.63 510
44.56 509
44.49 508
44.43 507
44.36 506
44.29 505
44.22 504
44.15 503
44.08 502
44.02 501

43.95 500
43.88 499
43.81 498
43.74 497
43.67 496
43.61 495
43.54 494
43.47 493
43.40 492
43.33 491
43.26 490
43.19 489
43.13 488
43.06 487
42.99 486
42.92 485
42.85 484
42.78 483
42.71 482
42.65 481
42.58 480
42.51 479
42.44 478
42.37 477
42.30 476
42.23 475
42.17 474
42.10 473
42.03 472
41.96 471
41.89 470
41.82 469
41.75 468
41.68 467
41.62 466
41.55 465
41.48 464
41.41 463
41.34 462
41.27 461
41.20 460
41.13 459
41.07 458
41.00 457
40.93 456
40.86 455
40.79 454
40.72 453
40.65 452
40.58 451

40.51 450
40.45 449
40.38 448
40.31 447
40.24 446
40.17 445
40.10 444
40.03 443
39.96 442
39.89 441
39.82 440
39.75 439
39.69 438
39.62 437
39.55 436
39.48 435
39.41 434
39.34 433
39.27 432
39.20 431
39.13 430
39.06 429
38.99 428
38.93 427
38.86 426
38.79 425
38.72 424
38.65 423
38.58 422
38.51 421
38.44 420
38.37 419
38.30 418
38.23 417
38.16 416
38.09 415
38.02 414
37.95 413
37.89 412
37.82 411
37.75 410
37.68 409
37.61 408
37.54 407
37.47 406
37.40 405
37.33 404
37.26 403
37.19 402
37.12 401
37.05 400
36.98 399
36.91 398
36.84 397
36.77 396
36.70 395
36.63 394
36.56 393
36.49 392
36.43 391
36.36 390
36.29 389
36.22 388
36.15 387
36.08 386
36.01 385
35.94 384
35.87 383
35.80 382
35.73 381
35.66 380
35.59 379
35.52 378
35.45 377
35.38 376
35.31 375
35.24 374
35.17 373
35.10 372
35.03 371
34.96 370
34.89 369
34.82 368
34.75 367
34.68 366
34.61 365
34.54 364
34.47 363
34.40 362
34.33 361
34.26 360
34.19 359
34.12 358
34.05 357
33.98 356
33.91 355
33.84 354
33.77 353
33.70 352
33.63 351

33.56 350
33.49 349
33.42 348
33.35 347
33.28 346
33.21 345
33.14 344
33.07 343
32.99 342
32.92 341
32.85 340
32.78 339
32.71 338
32.64 337
32.57 336
32.50 335
32.43 334
32.36 333
32.29 332
32.22 331
32.15 330
32.08 329
32.01 328
31.94 327
31.87 326
31.80 325
31.73 324
31.66 323
31.58 322
31.51 321
31.44 320
31.37 319
31.30 318
31.23 317
31.16 316
31.09 315
31.02 314
30.95 313
30.88 312
30.81 311
30.74 310
30.66 309
30.59 308
30.52 307
30.45 306
30.38 305
30.31 304
30.24 303
30.17 302
30.10 301

30.03 300
29.95 299
29.88 298
29.81 297
29.74 296
29.67 295
29.60 294
29.53 293
29.46 292
29.39 291
29.31 290
29.24 289
29.17 288
29.10 287
29.03 286
28.96 285
28.89 284
28.82 283
28.74 282
28.67 281
28.60 280
28.53 279
28.46 278
28.39 277
28.32 276
28.24 275
28.17 274
28.10 273
28.03 272
27.96 271
27.89 270
27.81 269
27.74 268
27.67 267
27.60 266
27.53 265
27.46 264
27.38 263
27.31 262
27.24 261
27.17 260
27.10 259
27.03 258
26.95 257
26.88 256
26.81 255
26.74 254
26.67 253
26.59 252
26.52 251

26.45 250
26.38 249
26.31 248
26.23 247
26.16 246
26.09 245
26.02 244
25.94 243
25.87 242
25.80 241
25.73 240
25.66 239
25.58 238
25.51 237
25.44 236
25.37 235
25.29 234
25.22 233
25.15 232
25.08 231
25.00 230
24.93 229
24.86 228
24.79 227
24.71 226
24.64 225
24.57 224
24.50 223
24.42 222
24.35 221
24.28 220
24.21 219
24.13 218
24.06 217
23.99 216
23.92 215
23.84 214
23.77 213
23.70 212
23.62 211
23.55 210
23.48 209
23.40 208
23.33 207
23.26 206
23.19 205
23.11 204
23.04 203
22.97 202
22.89 201

22.82 200
22.75 199
22.67 198
22.60 197
22.53 196
22.45 195
22.38 194
22.31 193
22.23 192
22.16 191
22.09 190
22.01 189
21.94 188
21.87 187
21.79 186
21.72 185
21.64 184
21.57 183
21.50 182
21.42 181
21.35 180
21.28 179
21.20 178
21.13 177
21.05 176
20.98 175
20.91 174
20.83 173
20.76 172
20.68 171
20.61 170
20.54 169
20.46 168
20.39 167
20.31 166
20.24 165
20.17 164
20.09 163
20.02 162
19.94 161
19.87 160
19.79 159
19.72 158
19.64 157
19.57 156
19.50 155
19.42 154
19.35 153
19.27 152
19.20 151
19.12 150
19.05 149
18.97 148
18.90 147
18.82 146
18.75 145
18.67 144
18.60 143
18.52 142
18.45 141
18.37 140
18.30 139
18.22 138
18.15 137
18.07 136
18.00 135
17.92 134
17.84 133
17.77 132
17.69 131
17.62 130
17.54 129
17.47 128
17.39 127
17.32 126
17.24 125
17.16 124
17.09 123
17.01 122
16.94 121

16.86 120
16.78 119
16.71 118
16.63 117
16.56 116
16.48 115
16.40 114
16.33 113
16.25 112
16.17 111
16.10 110
16.02 109
15.94 108
15.87 107
15.79 106
15.71 105
15.64 104
15.56 103
15.48 102
15.41 101
15.33 100
15.25 99
15.17 98
15.10 97
15.02 96
14.94 95
14.87 94
14.79 93
14.71 92
14.63 91

14.56 90
14.48 89
14.40 88
14.32 87
14.24 86
14.17 85
14.09 84
14.01 83
13.93 82
13.85 81
13.78 80
13.70 79
13.62 78
13.54 77
13.46 76
13.38 75
13.30 74
13.22 73
13.15 72
13.07 71
12.99 70
12.91 69
12.83 68
12.75 67
12.67 66
12.59 65
12.51 64
12.43 63
12.35 62
12.27 61

12.19 60
12.11 59
12.03 58
11.95 57
11.87 56
11.79 55
11.71 54
11.63 53
11.55 52
11.47 51
11.39 50
11.31 49
11.22 48
11.14 47
11.06 46
10.98 45
10.90 44
10.82 43
10.73 42
10.65 41
10.57 40
10.49 39
10.40 38
10.32 37
10.24 36
10.15 35
10.07 34
9.99 33
9.90 32
9.82 31

9.74 30
9.65 29
9.57 28
9.48 27
9.40 26
9.31 25
9.23 24
9.14 23
9.05 22
8.97 21
8.88 20
8.79 19
8.71 18
8.62 17
8.53 16
8.44 15
8.35 14
8.26 13
8.17 12
8.08 11
7.99 10
7.90 9
7.81 8
7.71 7
7.62 6
7.52 5
7.43 4
7.33 3
7.23 2
7.12 1
